#!ascii label  , from subject 3367 vox2ras=TkReg
1800
53258  -35.001  -23.112  42.812 0.0000000000
77204  -40.893  -1.319  30.158 0.0000000000
65030  -40.574  -11.856  32.148 0.0000000000
44677  -2.967  -33.218  40.552 0.0000000000
43444  -22.221  -30.621  41.954 0.0000000000
49032  -4.942  -28.227  41.345 0.0000000000
50029  -4.561  -26.658  49.371 0.0000000000
72098  -45.595  -5.746  28.488 0.0000000000
51265  -7.316  -26.297  33.080 0.0000000000
38051  -3.912  -38.177  48.975 0.0000000000
55368  -35.827  -22.184  36.371 0.0000000000
51169  -30.480  -24.610  41.408 0.0000000000
47929  -29.237  -27.466  43.819 0.0000000000
81339  -41.468  2.942  27.616 0.0000000000
69946  -43.087  -8.493  30.824 0.0000000000
44683  -16.886  -29.541  40.522 0.0000000000
54327  -3.300  -23.508  35.505 0.0000000000
46888  -8.839  -30.147  43.475 0.0000000000
46947  -9.493  -29.963  38.441 0.0000000000
44759  -5.213  -33.432  36.317 0.0000000000
41119  -10.709  -33.711  51.148 0.0000000000
41103  -7.278  -34.216  53.415 0.0000000000
62813  -38.266  -14.010  35.484 0.0000000000
45745  -26.986  -29.745  45.542 0.0000000000
45857  -24.316  -29.706  39.539 0.0000000000
50066  -4.026  -26.561  45.944 0.0000000000
45722  -6.959  -31.662  48.037 0.0000000000
77254  -46.071  -2.010  26.662 0.0000000000
43380  -12.659  -31.503  47.549 0.0000000000
45777  -14.328  -29.899  43.845 0.0000000000
49094  -6.240  -27.982  36.935 0.0000000000
48062  -10.151  -29.589  32.663 0.0000000000
50006  -7.091  -27.965  53.437 0.0000000000
44552  -5.697  -32.856  50.679 0.0000000000
42280  -3.052  -35.044  45.340 0.0000000000
55308  -36.271  -22.028  41.735 0.0000000000
51162  -34.940  -23.677  39.818 0.0000000000
53292  -36.819  -23.292  39.158 0.0000000000
51147  -33.189  -24.126  42.599 0.0000000000
51183  -33.172  -24.486  39.432 0.0000000000
51139  -31.697  -24.635  44.022 0.0000000000
79344  -39.820  0.532  29.124 0.0000000000
76154  -42.282  -2.536  26.154 0.0000000000
77238  -39.306  -1.250  27.673 0.0000000000
80360  -39.445  1.956  26.460 0.0000000000
67071  -41.464  -10.309  31.686 0.0000000000
62865  -37.796  -13.332  31.927 0.0000000000
65045  -38.687  -11.793  30.537 0.0000000000
68007  -40.084  -10.075  30.042 0.0000000000
45786  -5.941  -31.790  42.701 0.0000000000
45820  -6.028  -31.393  40.223 0.0000000000
45842  -4.561  -33.613  38.959 0.0000000000
41271  -4.146  -34.788  36.448 0.0000000000
41218  -3.077  -35.249  38.218 0.0000000000
40065  -9.917  -34.647  48.665 0.0000000000
39031  -8.827  -35.616  50.899 0.0000000000
62800  -37.728  -15.187  37.470 0.0000000000
57530  -36.480  -19.809  37.547 0.0000000000
58627  -35.457  -20.222  36.071 0.0000000000
59694  -36.068  -18.116  37.388 0.0000000000
61758  -36.452  -15.183  36.214 0.0000000000
48957  -28.673  -26.951  47.026 0.0000000000
49060  -27.598  -26.730  41.140 0.0000000000
45813  -26.643  -28.633  41.765 0.0000000000
82382  -44.012  3.715  23.571 0.0000000000
84567  -45.556  5.182  22.768 0.0000000000
50048  -3.983  -26.586  47.814 0.0000000000
47911  -5.125  -28.967  47.306 0.0000000000
47886  -5.584  -29.243  48.959 0.0000000000
74165  -46.427  -4.771  26.995 0.0000000000
72107  -42.437  -6.541  26.893 0.0000000000
70005  -44.104  -6.813  25.348 0.0000000000
72135  -44.854  -5.971  24.193 0.0000000000
44553  -13.663  -31.289  50.123 0.0000000000
45712  -14.177  -30.156  48.669 0.0000000000
51165  -3.052  -25.826  40.488 0.0000000000
51188  -2.572  -25.971  38.249 0.0000000000
49055  -5.531  -28.153  39.455 0.0000000000
45924  -7.945  -31.568  34.910 0.0000000000
48000  -9.854  -29.885  35.687 0.0000000000
47069  -8.276  -31.393  32.282 0.0000000000
48911  -8.797  -27.692  54.541 0.0000000000
39017  -5.066  -36.509  51.541 0.0000000000
43360  -5.793  -33.647  52.102 0.0000000000
41127  -3.757  -35.389  49.728 0.0000000000
42274  -4.598  -35.165  47.422 0.0000000000
40070  -3.280  -36.632  47.411 0.0000000000
55355  -37.052  -21.367  38.409 0.0000000000
50046  -30.100  -26.676  46.480 0.0000000000
50064  -30.572  -25.885  45.393 0.0000000000
49039  -29.483  -26.113  42.731 0.0000000000
82366  -43.787  4.219  25.935 0.0000000000
82371  -41.426  3.332  24.810 0.0000000000
71018  -44.538  -6.721  30.160 0.0000000000
71014  -40.505  -8.157  29.434 0.0000000000
44730  -21.222  -30.168  39.435 0.0000000000
44685  -19.354  -30.179  40.957 0.0000000000
50177  -4.096  -25.684  34.144 0.0000000000
49014  -7.618  -28.040  43.445 0.0000000000
50103  -8.891  -26.970  40.789 0.0000000000
47945  -9.412  -29.641  41.152 0.0000000000
45868  -7.127  -31.559  37.203 0.0000000000
45920  -5.661  -32.685  33.930 0.0000000000
44536  -11.289  -31.504  52.895 0.0000000000
44525  -9.230  -31.366  54.220 0.0000000000
41112  -9.020  -34.450  52.538 0.0000000000
39020  -7.140  -36.585  51.789 0.0000000000
63958  -39.287  -13.235  33.262 0.0000000000
61772  -37.009  -14.305  34.365 0.0000000000
44620  -24.715  -30.614  43.663 0.0000000000
46879  -28.415  -28.449  44.901 0.0000000000
44645  -25.940  -30.180  42.824 0.0000000000
44688  -23.047  -30.411  40.910 0.0000000000
51150  -3.300  -25.510  42.874 0.0000000000
53241  -3.911  -24.731  45.216 0.0000000000
49010  -3.851  -27.303  43.687 0.0000000000
48994  -7.005  -28.695  45.424 0.0000000000
45751  -7.378  -31.188  45.642 0.0000000000
45772  -5.058  -32.460  43.910 0.0000000000
77220  -43.528  -2.057  28.890 0.0000000000
76201  -45.189  -2.626  23.942 0.0000000000
43363  -12.785  -31.207  51.327 0.0000000000
42266  -12.052  -32.603  49.283 0.0000000000
41135  -10.561  -33.944  46.965 0.0000000000
44628  -18.369  -30.156  42.904 0.0000000000
45755  -17.616  -29.793  44.765 0.0000000000
45740  -16.091  -29.512  46.369 0.0000000000
44601  -13.152  -30.607  46.193 0.0000000000
42285  -11.528  -32.635  45.038 0.0000000000
56433  -4.617  -22.638  37.771 0.0000000000
51212  -2.993  -25.883  36.222 0.0000000000
50181  -6.470  -26.883  34.903 0.0000000000
50133  -8.693  -26.845  38.279 0.0000000000
50166  -9.387  -27.082  36.198 0.0000000000
51268  -10.066  -26.971  33.918 0.0000000000
50018  -5.477  -27.911  51.669 0.0000000000
45674  -6.959  -31.339  53.553 0.0000000000
46830  -5.591  -30.471  52.319 0.0000000000
47876  -5.435  -29.293  50.988 0.0000000000
44556  -6.212  -32.610  49.212 0.0000000000
44582  -4.579  -33.886  45.481 0.0000000000
43420  -2.654  -34.010  42.614 0.0000000000
36908  -2.646  -39.560  46.259 0.0000000000
38106  -2.967  -38.817  43.842 0.0000000000
41181  -3.364  -35.925  39.626 0.0000000000
54266  -35.593  -22.919  42.343 0.0000000000
55297  -34.834  -21.918  42.968 0.0000000000
52236  -35.353  -23.307  41.638 0.0000000000
53286  -35.952  -23.186  41.095 0.0000000000
52225  -34.135  -23.192  42.577 0.0000000000
51155  -34.493  -23.717  40.744 0.0000000000
53248  -33.881  -22.900  43.218 0.0000000000
52224  -33.465  -23.543  42.879 0.0000000000
78311  -40.121  -0.930  29.636 0.0000000000
76137  -41.873  -2.436  28.171 0.0000000000
76143  -41.104  -2.392  27.600 0.0000000000
77228  -40.375  -1.826  28.701 0.0000000000
78310  -39.672  -0.516  29.002 0.0000000000
66085  -41.054  -10.914  31.872 0.0000000000
67048  -42.583  -10.256  32.758 0.0000000000
66067  -42.169  -10.857  33.055 0.0000000000
63972  -37.635  -12.996  31.088 0.0000000000
65037  -40.114  -11.908  31.432 0.0000000000
66095  -40.257  -11.267  30.899 0.0000000000
45818  -4.465  -32.814  40.863 0.0000000000
45819  -5.237  -32.246  40.557 0.0000000000
44699  -3.862  -33.768  39.947 0.0000000000
42327  -3.279  -34.731  38.366 0.0000000000
42316  -3.208  -34.606  39.110 0.0000000000
40081  -9.879  -35.064  46.920 0.0000000000
39061  -8.828  -35.747  47.905 0.0000000000
58606  -36.873  -18.879  38.258 0.0000000000
58613  -36.205  -19.225  37.199 0.0000000000
60737  -36.926  -17.449  37.999 0.0000000000
60736  -36.858  -16.696  37.718 0.0000000000
82375  -45.173  3.911  24.659 0.0000000000
83501  -44.505  4.071  22.796 0.0000000000
84559  -46.494  5.221  23.686 0.0000000000
50040  -4.113  -26.544  48.385 0.0000000000
48961  -4.958  -27.461  48.609 0.0000000000
48953  -5.141  -27.715  49.336 0.0000000000
73153  -46.460  -5.186  27.910 0.0000000000
75150  -47.620  -3.430  28.527 0.0000000000
72109  -44.356  -6.209  27.397 0.0000000000
72120  -43.970  -6.364  26.413 0.0000000000
71039  -45.188  -6.273  26.878 0.0000000000
71057  -45.240  -6.272  26.366 0.0000000000
45693  -14.737  -29.836  49.703 0.0000000000
45703  -15.537  -29.408  48.938 0.0000000000
43408  -22.738  -30.669  43.770 0.0000000000
43425  -21.449  -30.975  42.904 0.0000000000
50241  -5.847  -25.612  32.723 0.0000000000
50093  -3.157  -26.693  41.285 0.0000000000
49041  -3.845  -28.041  39.918 0.0000000000
49042  -4.746  -28.098  40.246 0.0000000000
45940  -7.173  -32.100  33.741 0.0000000000
45941  -7.879  -31.691  33.992 0.0000000000
45969  -6.815  -32.227  31.826 0.0000000000
51054  -9.875  -26.962  54.628 0.0000000000
48921  -10.747  -28.270  54.816 0.0000000000
38035  -4.909  -36.301  50.037 0.0000000000
40052  -3.996  -36.012  51.173 0.0000000000
39036  -3.892  -37.053  49.126 0.0000000000
40063  -3.525  -36.548  48.059 0.0000000000
39058  -3.537  -37.956  47.843 0.0000000000
54305  -37.042  -22.279  40.017 0.0000000000
53297  -37.030  -22.953  38.788 0.0000000000
55348  -37.341  -21.430  39.155 0.0000000000
56417  -37.568  -19.972  39.380 0.0000000000
51152  -31.422  -24.929  42.993 0.0000000000
50085  -30.803  -25.535  43.789 0.0000000000
50099  -29.941  -25.534  42.485 0.0000000000
50107  -29.338  -25.692  41.406 0.0000000000
82356  -42.009  3.397  26.814 0.0000000000
81342  -40.325  2.451  26.605 0.0000000000
81347  -40.240  2.837  25.592 0.0000000000
81343  -41.199  2.958  26.695 0.0000000000
82365  -42.625  3.803  25.825 0.0000000000
70999  -44.330  -7.493  30.733 0.0000000000
71000  -45.144  -7.151  30.687 0.0000000000
69948  -44.713  -7.876  31.184 0.0000000000
68982  -41.483  -9.576  30.803 0.0000000000
68980  -40.233  -9.184  29.729 0.0000000000
69962  -42.026  -8.596  30.392 0.0000000000
71016  -42.562  -7.417  29.907 0.0000000000
54334  -3.427  -23.364  34.655 0.0000000000
53335  -3.293  -24.201  33.823 0.0000000000
53321  -3.028  -24.074  34.881 0.0000000000
49007  -8.894  -28.402  43.689 0.0000000000
49016  -9.240  -28.504  42.787 0.0000000000
46894  -8.951  -30.189  42.463 0.0000000000
45844  -5.986  -32.270  38.236 0.0000000000
45835  -6.957  -30.952  38.795 0.0000000000
45867  -6.297  -31.958  37.158 0.0000000000
45888  -6.025  -32.087  36.106 0.0000000000
44772  -5.200  -33.234  35.261 0.0000000000
43528  -4.569  -34.034  35.292 0.0000000000
42250  -10.726  -32.745  52.311 0.0000000000
42243  -10.202  -32.867  52.756 0.0000000000
41114  -9.795  -33.954  52.272 0.0000000000
38046  -8.024  -36.278  50.142 0.0000000000
39026  -8.088  -36.373  51.333 0.0000000000
38039  -7.222  -36.775  50.481 0.0000000000
38038  -6.209  -36.846  50.643 0.0000000000
62820  -38.956  -13.348  34.265 0.0000000000
61759  -37.265  -14.745  36.230 0.0000000000
61766  -37.070  -14.562  35.364 0.0000000000
62818  -37.768  -14.238  34.883 0.0000000000
62828  -38.297  -13.608  34.059 0.0000000000
45732  -26.605  -29.581  46.100 0.0000000000
44608  -24.513  -30.596  44.534 0.0000000000
44621  -25.503  -30.325  44.129 0.0000000000
47916  -29.930  -27.475  45.144 0.0000000000
47896  -29.670  -27.485  45.876 0.0000000000
46880  -28.809  -27.795  44.749 0.0000000000
45837  -25.318  -29.222  40.322 0.0000000000
45812  -26.415  -29.241  41.935 0.0000000000
44691  -25.089  -29.717  40.872 0.0000000000
44665  -24.060  -30.565  41.648 0.0000000000
44712  -23.898  -30.317  40.262 0.0000000000
44732  -22.645  -30.240  39.616 0.0000000000
51117  -3.844  -26.121  46.652 0.0000000000
51125  -3.762  -26.068  45.634 0.0000000000
51133  -3.421  -25.972  44.675 0.0000000000
49001  -4.060  -27.297  45.250 0.0000000000
49003  -5.238  -28.558  44.550 0.0000000000
48992  -4.960  -28.778  45.664 0.0000000000
46863  -6.979  -30.446  48.086 0.0000000000
47901  -7.252  -29.785  46.719 0.0000000000
45737  -7.253  -31.187  46.635 0.0000000000
45762  -6.701  -31.694  44.772 0.0000000000
45750  -6.592  -31.728  45.838 0.0000000000
77242  -45.543  -1.807  27.134 0.0000000000
78303  -44.242  -1.048  30.762 0.0000000000
77222  -46.110  -1.169  29.349 0.0000000000
74173  -45.798  -3.862  25.297 0.0000000000
74189  -45.430  -4.830  24.217 0.0000000000
76173  -45.463  -2.358  25.587 0.0000000000
77241  -44.711  -1.948  26.730 0.0000000000
44548  -13.640  -29.999  51.805 0.0000000000
44563  -13.482  -31.390  48.864 0.0000000000
43369  -13.093  -31.790  49.883 0.0000000000
43374  -12.211  -32.423  48.156 0.0000000000
42270  -11.315  -33.363  48.256 0.0000000000
42279  -11.695  -32.837  47.064 0.0000000000
44684  -18.183  -29.606  40.762 0.0000000000
44641  -19.047  -30.198  42.529 0.0000000000
44660  -17.548  -29.625  41.437 0.0000000000
45791  -15.661  -29.804  42.861 0.0000000000
45779  -16.661  -29.875  43.393 0.0000000000
45766  -16.569  -29.710  44.282 0.0000000000
45754  -16.465  -29.640  45.271 0.0000000000
45753  -15.054  -29.441  45.673 0.0000000000
45752  -13.794  -29.787  45.900 0.0000000000
44627  -13.459  -30.487  44.170 0.0000000000
42288  -11.486  -32.608  43.967 0.0000000000
56418  -4.047  -22.350  39.191 0.0000000000
49066  -3.805  -28.253  37.738 0.0000000000
51200  -2.575  -25.950  37.199 0.0000000000
49079  -3.905  -28.159  36.680 0.0000000000
49104  -4.919  -27.570  35.582 0.0000000000
49106  -6.372  -27.897  36.019 0.0000000000
49058  -10.266  -27.943  39.785 0.0000000000
51189  -8.947  -26.669  39.450 0.0000000000
47967  -10.297  -28.556  38.389 0.0000000000
48022  -10.300  -29.378  34.868 0.0000000000
49108  -10.598  -28.129  36.139 0.0000000000
49137  -10.524  -28.795  34.216 0.0000000000
51244  -9.706  -27.075  34.655 0.0000000000
49155  -10.460  -28.673  33.257 0.0000000000
50225  -10.577  -27.572  32.914 0.0000000000
51063  -5.927  -27.391  52.475 0.0000000000
43346  -7.889  -32.956  53.830 0.0000000000
45676  -8.159  -31.124  54.344 0.0000000000
43345  -7.069  -33.114  53.784 0.0000000000
43359  -5.723  -33.387  51.613 0.0000000000
44539  -5.718  -31.946  52.193 0.0000000000
45689  -5.776  -31.395  51.655 0.0000000000
47871  -5.461  -29.514  51.685 0.0000000000
45692  -5.779  -31.560  51.136 0.0000000000
46849  -5.602  -30.467  50.008 0.0000000000
44555  -5.595  -33.336  49.566 0.0000000000
42277  -3.715  -35.381  46.062 0.0000000000
43382  -4.594  -34.482  46.184 0.0000000000
43390  -3.678  -34.615  45.629 0.0000000000
43401  -3.848  -33.865  44.741 0.0000000000
42283  -2.977  -34.988  44.232 0.0000000000
35607  -2.681  -40.616  44.910 0.0000000000
36921  -2.578  -39.657  45.286 0.0000000000
55324  -37.366  -21.645  40.754 0.0000000000
51186  -35.424  -24.210  38.810 0.0000000000
52264  -36.353  -24.010  38.440 0.0000000000
51175  -35.849  -23.751  39.150 0.0000000000
53289  -36.724  -22.938  40.248 0.0000000000
51159  -32.388  -24.508  41.591 0.0000000000
51160  -33.395  -24.244  40.845 0.0000000000
51172  -34.079  -24.218  39.696 0.0000000000
51140  -32.465  -24.217  43.485 0.0000000000
80353  -40.421  1.990  28.196 0.0000000000
76151  -39.579  -1.704  26.605 0.0000000000
78324  -38.439  -0.323  27.056 0.0000000000
80359  -38.568  1.405  26.343 0.0000000000
78317  -38.790  0.005  27.795 0.0000000000
79351  -39.267  0.451  28.298 0.0000000000
68971  -42.621  -9.381  31.262 0.0000000000
68957  -44.247  -8.711  31.926 0.0000000000
67987  -42.779  -9.625  31.753 0.0000000000
67976  -44.174  -9.501  32.997 0.0000000000
61802  -36.254  -14.234  32.243 0.0000000000
62863  -36.753  -13.552  31.021 0.0000000000
63981  -37.046  -13.340  29.769 0.0000000000
65054  -37.449  -12.767  29.267 0.0000000000
66122  -38.050  -11.043  29.341 0.0000000000
66106  -38.751  -11.052  30.067 0.0000000000
67076  -40.679  -10.753  31.029 0.0000000000
45787  -7.059  -31.449  42.496 0.0000000000
45788  -8.086  -30.815  42.406 0.0000000000
45806  -6.103  -31.741  41.478 0.0000000000
45833  -5.432  -32.186  39.350 0.0000000000
44745  -4.729  -33.763  37.665 0.0000000000
44770  -4.494  -33.965  36.746 0.0000000000
43509  -4.156  -34.695  37.044 0.0000000000
42359  -3.766  -35.003  37.255 0.0000000000
41124  -10.398  -34.365  49.967 0.0000000000
40055  -9.408  -34.596  51.442 0.0000000000
40061  -9.445  -35.093  49.284 0.0000000000
62807  -38.138  -14.376  36.110 0.0000000000
57539  -36.125  -20.744  37.010 0.0000000000
56469  -35.486  -21.972  35.723 0.0000000000
57538  -36.023  -20.245  36.793 0.0000000000
58618  -35.817  -19.190  36.838 0.0000000000
59703  -35.476  -18.613  36.757 0.0000000000
60735  -36.359  -16.867  37.452 0.0000000000
61750  -37.079  -15.236  37.043 0.0000000000
47906  -28.117  -28.681  46.398 0.0000000000
47938  -28.326  -27.236  42.368 0.0000000000
46895  -27.750  -28.374  42.502 0.0000000000
46922  -26.755  -27.903  41.551 0.0000000000
46950  -25.689  -28.458  40.177 0.0000000000
83509  -43.541  4.163  21.755 0.0000000000
84572  -43.987  4.882  21.385 0.0000000000
84581  -44.505  5.778  21.135 0.0000000000
85568  -45.628  6.572  20.594 0.0000000000
50056  -3.879  -26.623  46.998 0.0000000000
48981  -4.712  -28.677  46.485 0.0000000000
47910  -5.088  -28.206  47.742 0.0000000000
47898  -5.493  -28.894  48.177 0.0000000000
46862  -6.281  -30.232  48.466 0.0000000000
76159  -46.446  -2.628  26.568 0.0000000000
76146  -47.298  -2.809  27.746 0.0000000000
71063  -43.143  -7.770  24.919 0.0000000000
70024  -44.009  -7.863  24.735 0.0000000000
70032  -44.426  -8.073  24.179 0.0000000000
70025  -44.255  -7.111  24.963 0.0000000000
73166  -45.671  -5.642  25.595 0.0000000000
44551  -14.093  -30.265  51.102 0.0000000000
45690  -14.840  -29.585  50.539 0.0000000000
44564  -13.892  -30.822  49.095 0.0000000000
44572  -13.277  -31.075  48.166 0.0000000000
44657  -14.003  -30.270  41.864 0.0000000000
44626  -12.811  -31.188  43.712 0.0000000000
54296  -3.454  -23.399  40.400 0.0000000000
53294  -3.700  -24.329  39.098 0.0000000000
51176  -2.760  -25.944  39.337 0.0000000000
49053  -3.782  -28.202  38.817 0.0000000000
49068  -5.478  -28.248  38.493 0.0000000000
45870  -8.286  -30.830  36.766 0.0000000000
47986  -9.913  -29.656  36.683 0.0000000000
47002  -9.175  -30.454  35.615 0.0000000000
47040  -9.080  -30.780  33.854 0.0000000000
47057  -8.921  -30.685  32.773 0.0000000000
53142  -9.390  -25.721  54.423 0.0000000000
52115  -8.531  -26.660  54.555 0.0000000000
50000  -7.651  -27.695  54.058 0.0000000000
40039  -5.893  -35.545  52.304 0.0000000000
42245  -6.039  -34.250  52.761 0.0000000000
41116  -5.402  -35.066  52.089 0.0000000000
41120  -4.498  -35.137  51.177 0.0000000000
42259  -4.079  -34.482  50.021 0.0000000000
43370  -4.885  -34.430  49.542 0.0000000000
42264  -3.983  -34.746  49.021 0.0000000000
41133  -3.790  -36.120  47.481 0.0000000000
41139  -3.278  -36.038  45.898 0.0000000000
54329  -36.311  -22.941  36.434 0.0000000000
52273  -36.637  -23.941  37.987 0.0000000000
54316  -36.860  -22.995  37.646 0.0000000000
54322  -36.469  -22.043  37.263 0.0000000000
56444  -36.876  -20.278  38.294 0.0000000000
57525  -37.199  -19.285  38.700 0.0000000000
48999  -30.118  -27.018  44.990 0.0000000000
50072  -31.122  -25.159  44.524 0.0000000000
49009  -30.420  -26.170  44.255 0.0000000000
47930  -29.604  -26.898  43.552 0.0000000000
49037  -28.607  -26.617  42.142 0.0000000000
81362  -40.533  3.167  23.883 0.0000000000
82381  -42.845  3.497  23.668 0.0000000000
82373  -43.342  3.730  24.725 0.0000000000
72083  -45.371  -5.931  29.381 0.0000000000
72085  -46.589  -5.684  29.509 0.0000000000
72073  -46.310  -6.267  30.267 0.0000000000
68011  -38.652  -10.023  29.276 0.0000000000
72093  -41.853  -6.458  28.072 0.0000000000
72095  -43.864  -6.190  28.294 0.0000000000
44687  -21.324  -30.477  40.720 0.0000000000
43461  -21.006  -30.693  41.794 0.0000000000
44707  -19.929  -30.074  40.144 0.0000000000
44706  -18.798  -29.672  39.997 0.0000000000
51286  -4.274  -25.283  32.877 0.0000000000
50222  -5.291  -25.731  33.455 0.0000000000
49023  -6.374  -28.360  42.520 0.0000000000
49033  -6.018  -28.325  41.469 0.0000000000
49035  -7.599  -27.877  42.157 0.0000000000
49036  -9.847  -28.315  41.239 0.0000000000
46920  -9.529  -29.458  39.933 0.0000000000
46904  -7.520  -30.571  40.212 0.0000000000
46918  -8.199  -30.396  39.806 0.0000000000
46945  -7.942  -30.715  38.016 0.0000000000
45890  -7.552  -31.388  36.365 0.0000000000
46813  -10.840  -29.527  53.841 0.0000000000
44527  -10.408  -31.486  53.258 0.0000000000
43348  -9.614  -32.818  53.315 0.0000000000
41105  -8.457  -34.366  53.058 0.0000000000
40050  -8.873  -35.075  51.869 0.0000000000
40042  -8.226  -35.711  52.226 0.0000000000
40041  -7.390  -35.676  52.512 0.0000000000
39019  -6.341  -36.418  51.692 0.0000000000
38036  -5.391  -36.677  50.367 0.0000000000
36856  -4.192  -38.610  49.054 0.0000000000
63959  -40.198  -12.546  32.899 0.0000000000
65016  -41.206  -12.164  33.551 0.0000000000
65001  -40.654  -12.405  33.851 0.0000000000
57558  -35.254  -21.771  35.156 0.0000000000
61784  -35.966  -14.941  32.934 0.0000000000
63966  -38.774  -13.254  32.708 0.0000000000
43399  -24.094  -30.709  43.816 0.0000000000
43418  -23.526  -30.742  42.855 0.0000000000
50039  -29.537  -26.570  46.750 0.0000000000
47907  -28.517  -28.175  45.992 0.0000000000
45746  -27.630  -29.334  45.368 0.0000000000
45783  -28.029  -29.033  43.059 0.0000000000
45782  -27.117  -29.604  43.426 0.0000000000
44633  -26.258  -30.117  43.671 0.0000000000
44632  -25.380  -30.486  43.291 0.0000000000
43429  -23.857  -30.753  42.094 0.0000000000
43463  -22.273  -30.427  41.310 0.0000000000
44709  -21.708  -30.377  40.194 0.0000000000
85569  -46.560  6.762  20.447 0.0000000000
85576  -46.812  6.657  19.450 0.0000000000
85585  -47.891  6.533  18.472 0.0000000000
51157  -3.202  -25.526  41.769 0.0000000000
50087  -3.375  -26.408  42.755 0.0000000000
53250  -3.761  -24.579  44.174 0.0000000000
51141  -3.369  -25.810  43.715 0.0000000000
49021  -4.243  -28.035  42.362 0.0000000000
49012  -5.745  -28.413  43.507 0.0000000000
49005  -7.361  -28.358  44.341 0.0000000000
48995  -8.036  -28.579  45.011 0.0000000000
47918  -5.861  -28.992  46.136 0.0000000000
47914  -7.570  -29.529  46.027 0.0000000000
46881  -8.219  -30.588  44.502 0.0000000000
45774  -6.819  -31.516  43.681 0.0000000000
45785  -4.982  -32.231  42.884 0.0000000000
45804  -3.997  -32.380  41.898 0.0000000000
77219  -42.243  -2.053  29.480 0.0000000000
71086  -45.645  -7.191  22.891 0.0000000000
73187  -45.547  -5.460  22.349 0.0000000000
75195  -44.593  -3.260  22.521 0.0000000000
76172  -44.244  -2.236  24.830 0.0000000000
77230  -43.853  -2.185  27.434 0.0000000000
44543  -11.814  -31.357  52.589 0.0000000000
42255  -11.534  -32.426  51.558 0.0000000000
44550  -13.573  -31.018  50.846 0.0000000000
43365  -12.563  -32.072  50.516 0.0000000000
42260  -11.458  -33.203  49.772 0.0000000000
41134  -10.278  -34.536  47.425 0.0000000000
43441  -20.412  -30.682  42.790 0.0000000000
44642  -19.869  -30.426  42.925 0.0000000000
44617  -19.173  -30.464  43.917 0.0000000000
45793  -17.729  -30.024  42.704 0.0000000000
44616  -18.460  -30.175  43.558 0.0000000000
44603  -19.102  -30.476  44.657 0.0000000000
45741  -17.805  -29.574  45.797 0.0000000000
45726  -17.061  -29.394  46.992 0.0000000000
45714  -16.331  -29.394  48.024 0.0000000000
45725  -15.559  -29.512  47.458 0.0000000000
44586  -13.775  -30.340  47.876 0.0000000000
43385  -12.555  -31.289  46.560 0.0000000000
44614  -12.910  -31.113  44.497 0.0000000000
43392  -12.094  -32.000  45.769 0.0000000000
42282  -11.523  -32.694  46.097 0.0000000000
42281  -10.975  -33.294  45.437 0.0000000000
56447  -4.469  -22.830  36.296 0.0000000000
53298  -3.757  -24.486  38.081 0.0000000000
53302  -3.501  -24.444  37.051 0.0000000000
53309  -3.032  -24.223  36.037 0.0000000000
51225  -3.048  -25.841  35.181 0.0000000000
50179  -5.159  -26.407  34.628 0.0000000000
50201  -7.127  -26.854  33.783 0.0000000000
50110  -7.126  -27.565  39.735 0.0000000000
50119  -6.889  -27.564  38.839 0.0000000000
50132  -7.466  -27.363  37.850 0.0000000000
49096  -10.462  -28.035  37.189 0.0000000000
50149  -9.511  -26.990  37.308 0.0000000000
50147  -7.578  -27.412  36.680 0.0000000000
50164  -7.358  -27.413  35.713 0.0000000000
50202  -7.896  -26.914  34.086 0.0000000000
51266  -8.107  -26.374  33.352 0.0000000000
51291  -10.100  -26.478  32.492 0.0000000000
46811  -9.291  -29.895  54.225 0.0000000000
47843  -7.901  -29.432  54.112 0.0000000000
48927  -6.945  -28.925  53.544 0.0000000000
44529  -6.007  -32.298  53.169 0.0000000000
46824  -5.756  -30.669  53.101 0.0000000000
48933  -6.275  -29.075  52.816 0.0000000000
50009  -5.541  -28.605  51.986 0.0000000000
48945  -5.394  -28.509  51.262 0.0000000000
48949  -5.198  -27.899  50.205 0.0000000000
47880  -5.378  -29.086  50.062 0.0000000000
46850  -5.866  -30.847  49.583 0.0000000000
45721  -6.622  -32.331  48.225 0.0000000000
44560  -5.265  -34.001  48.694 0.0000000000
44570  -5.554  -33.745  47.059 0.0000000000
44584  -5.590  -33.043  46.674 0.0000000000
45760  -4.954  -32.690  44.863 0.0000000000
44625  -3.639  -33.074  43.497 0.0000000000
44635  -2.815  -33.318  42.126 0.0000000000
36868  -3.813  -39.416  49.075 0.0000000000
35568  -3.384  -40.362  47.608 0.0000000000
36881  -3.258  -39.128  47.860 0.0000000000
38080  -2.799  -38.605  46.462 0.0000000000
39081  -2.770  -37.810  45.757 0.0000000000
40114  -3.018  -37.157  44.173 0.0000000000
40134  -3.339  -37.791  43.248 0.0000000000
41145  -2.865  -36.042  43.617 0.0000000000
41153  -2.938  -35.905  42.390 0.0000000000
41166  -3.182  -35.677  41.219 0.0000000000
42308  -3.046  -34.470  39.995 0.0000000000
41196  -3.313  -35.856  38.752 0.0000000000
40218  -3.768  -36.440  37.497 0.0000000000
53259  -35.421  -23.061  42.496 0.0000000000
54265  -35.375  -22.722  42.656 0.0000000000
54255  -34.935  -22.923  42.989 0.0000000000
53268  -35.263  -23.199  42.243 0.0000000000
53269  -35.628  -23.019  42.067 0.0000000000
53267  -34.736  -23.212  42.590 0.0000000000
52235  -34.725  -23.381  41.990 0.0000000000
53249  -34.450  -22.853  42.905 0.0000000000
53257  -34.001  -22.946  42.803 0.0000000000
54254  -34.504  -22.643  43.041 0.0000000000
78300  -40.602  -0.886  30.320 0.0000000000
77218  -41.340  -1.966  29.317 0.0000000000
76136  -41.062  -2.207  28.609 0.0000000000
77217  -40.680  -1.490  29.631 0.0000000000
66075  -40.878  -11.724  32.335 0.0000000000
66076  -41.110  -11.170  32.206 0.0000000000
66065  -41.065  -11.933  32.553 0.0000000000
65029  -40.228  -12.132  31.962 0.0000000000
63974  -39.537  -12.290  31.731 0.0000000000
65038  -40.447  -11.795  31.804 0.0000000000
66084  -40.600  -11.445  31.665 0.0000000000
44678  -3.679  -32.959  40.806 0.0000000000
44700  -4.165  -33.309  40.392 0.0000000000
43474  -3.060  -33.901  39.836 0.0000000000
40080  -9.270  -35.436  46.422 0.0000000000
59687  -37.056  -17.785  38.311 0.0000000000
50033  -4.279  -26.566  48.821 0.0000000000
48960  -4.496  -26.952  48.729 0.0000000000
48952  -4.778  -27.094  49.291 0.0000000000
72112  -45.768  -5.746  27.433 0.0000000000
72099  -46.161  -5.535  28.610 0.0000000000
72110  -44.965  -6.207  27.437 0.0000000000
72111  -45.364  -5.967  27.609 0.0000000000
71040  -45.447  -6.117  27.079 0.0000000000
45695  -17.493  -29.032  49.348 0.0000000000
45704  -16.933  -29.226  48.728 0.0000000000
43426  -22.169  -30.747  42.655 0.0000000000
43416  -22.079  -30.812  43.357 0.0000000000
43443  -21.527  -30.743  42.184 0.0000000000
51287  -6.327  -25.796  32.850 0.0000000000
51309  -6.253  -25.482  32.167 0.0000000000
49031  -3.995  -27.983  41.091 0.0000000000
45957  -7.060  -32.245  32.766 0.0000000000
48922  -11.376  -28.244  54.987 0.0000000000
38042  -4.622  -37.260  49.435 0.0000000000
39029  -4.373  -36.459  49.753 0.0000000000
39035  -3.551  -36.984  48.499 0.0000000000
39046  -3.650  -37.678  48.466 0.0000000000
55325  -37.387  -21.504  40.392 0.0000000000
55338  -37.343  -21.467  39.857 0.0000000000
56406  -37.730  -20.813  40.304 0.0000000000
56416  -37.616  -20.569  39.709 0.0000000000
51158  -31.120  -24.755  42.334 0.0000000000
51151  -31.030  -25.005  42.976 0.0000000000
81338  -40.794  2.448  27.519 0.0000000000
70998  -43.748  -7.822  30.784 0.0000000000
69947  -43.951  -8.017  31.148 0.0000000000
69945  -42.505  -8.800  30.695 0.0000000000
69963  -42.857  -8.006  30.335 0.0000000000
56456  -4.362  -22.678  35.194 0.0000000000
55367  -3.889  -23.035  34.872 0.0000000000
47924  -8.930  -29.283  44.058 0.0000000000
47927  -9.202  -29.310  43.150 0.0000000000
45789  -8.626  -30.540  42.918 0.0000000000
45865  -5.141  -33.385  37.584 0.0000000000
45866  -5.587  -32.840  37.088 0.0000000000
45887  -5.649  -32.736  35.751 0.0000000000
44771  -4.703  -33.843  35.857 0.0000000000
42254  -10.901  -33.001  51.802 0.0000000000
42253  -10.201  -33.608  52.180 0.0000000000
41118  -10.017  -34.070  51.812 0.0000000000
38045  -7.372  -36.739  49.704 0.0000000000
62819  -38.418  -13.677  34.741 0.0000000000
63938  -39.098  -13.084  34.596 0.0000000000
63937  -38.530  -13.455  35.154 0.0000000000
54336  -36.144  -22.766  35.841 0.0000000000
46869  -27.332  -29.311  46.469 0.0000000000
45744  -26.602  -29.791  45.720 0.0000000000
44596  -26.146  -30.075  45.438 0.0000000000
44610  -26.482  -30.064  45.120 0.0000000000
47925  -29.383  -27.522  44.552 0.0000000000
47922  -29.460  -27.520  44.920 0.0000000000
46886  -28.821  -27.921  44.128 0.0000000000
45836  -24.915  -29.486  40.075 0.0000000000
44714  -24.978  -29.540  40.314 0.0000000000
44713  -24.623  -29.841  40.170 0.0000000000
44734  -24.131  -30.052  39.721 0.0000000000
44733  -23.401  -30.195  39.697 0.0000000000
45856  -23.695  -29.885  39.350 0.0000000000
50073  -3.650  -26.608  44.849 0.0000000000
48991  -4.368  -28.042  45.937 0.0000000000
46864  -7.272  -30.412  47.204 0.0000000000
45723  -7.197  -31.155  47.501 0.0000000000
45736  -6.748  -31.865  46.909 0.0000000000
77232  -45.772  -1.561  28.206 0.0000000000
77243  -46.348  -1.755  27.436 0.0000000000
76175  -46.202  -2.989  25.977 0.0000000000
75169  -45.771  -3.463  25.280 0.0000000000
76158  -45.787  -2.310  26.070 0.0000000000
77253  -45.391  -2.127  26.112 0.0000000000
43375  -12.716  -31.905  48.431 0.0000000000
43379  -12.264  -32.330  47.658 0.0000000000
44661  -18.714  -29.949  41.700 0.0000000000
45790  -14.605  -29.918  42.974 0.0000000000
45778  -15.392  -29.653  43.755 0.0000000000
46890  -14.807  -29.616  44.001 0.0000000000
45765  -15.386  -29.564  44.652 0.0000000000
46883  -14.797  -29.543  44.505 0.0000000000
45764  -14.226  -29.720  44.756 0.0000000000
49080  -4.677  -28.198  37.169 0.0000000000
49065  -3.135  -27.816  37.223 0.0000000000
49092  -4.745  -28.061  36.231 0.0000000000
49093  -5.504  -28.036  36.610 0.0000000000
49070  -10.094  -28.812  39.247 0.0000000000
49071  -10.263  -28.252  38.979 0.0000000000
47966  -10.055  -29.147  38.691 0.0000000000
48044  -10.232  -29.524  33.802 0.0000000000
50203  -10.522  -27.894  34.113 0.0000000000
52118  -7.372  -26.683  53.798 0.0000000000
50011  -6.600  -27.841  52.847 0.0000000000
42239  -7.488  -33.789  53.711 0.0000000000
42238  -6.872  -33.930  53.371 0.0000000000
43364  -5.475  -33.672  50.976 0.0000000000
44549  -5.785  -32.529  51.346 0.0000000000
45699  -5.875  -31.733  50.427 0.0000000000
43400  -3.261  -34.056  44.703 0.0000000000
34300  -2.801  -41.614  44.493 0.0000000000
55315  -36.905  -21.782  41.103 0.0000000000
51174  -35.467  -23.905  39.200 0.0000000000
51187  -35.920  -23.961  38.759 0.0000000000
51163  -35.567  -23.580  39.728 0.0000000000
54284  -36.370  -22.479  41.249 0.0000000000
53287  -36.364  -22.967  40.756 0.0000000000
54294  -36.798  -22.313  40.549 0.0000000000
51153  -32.723  -24.479  42.161 0.0000000000
51161  -34.218  -23.921  40.215 0.0000000000
51173  -34.839  -24.056  39.355 0.0000000000
51185  -34.775  -24.418  38.942 0.0000000000
52233  -33.134  -23.990  42.991 0.0000000000
80352  -39.866  1.370  28.368 0.0000000000
76170  -42.508  -2.410  25.141 0.0000000000
76185  -42.769  -2.227  24.205 0.0000000000
77239  -39.863  -1.767  27.898 0.0000000000
76152  -40.120  -1.895  26.954 0.0000000000
77250  -39.629  -1.623  27.349 0.0000000000
77249  -39.216  -1.553  26.866 0.0000000000
77237  -38.786  -1.041  27.210 0.0000000000
78325  -38.899  -0.652  27.604 0.0000000000
68000  -42.149  -9.853  31.548 0.0000000000
67072  -42.022  -10.074  31.782 0.0000000000
67964  -43.374  -9.828  33.266 0.0000000000
62852  -36.823  -13.662  31.854 0.0000000000
62864  -37.372  -13.257  31.349 0.0000000000
63983  -38.235  -12.379  30.773 0.0000000000
63982  -37.412  -13.031  30.279 0.0000000000
65044  -37.910  -12.338  30.137 0.0000000000
63991  -37.225  -13.147  29.517 0.0000000000
66093  -38.139  -11.806  29.905 0.0000000000
65055  -39.146  -11.354  30.481 0.0000000000
67070  -40.830  -10.848  31.530 0.0000000000
67077  -41.111  -10.365  31.401 0.0000000000
68009  -41.100  -10.113  31.088 0.0000000000
45832  -4.633  -33.148  39.738 0.0000000000
45843  -5.085  -33.158  38.385 0.0000000000
44722  -4.591  -33.805  38.388 0.0000000000
44757  -4.403  -34.325  37.339 0.0000000000
44744  -4.420  -34.243  38.053 0.0000000000
42340  -3.253  -34.895  37.766 0.0000000000
41240  -3.298  -35.180  37.435 0.0000000000
40229  -3.767  -35.576  37.169 0.0000000000
41128  -10.464  -34.406  49.048 0.0000000000
40062  -9.869  -34.668  49.601 0.0000000000
62806  -37.697  -14.849  36.909 0.0000000000
57529  -36.259  -19.779  37.149 0.0000000000
59695  -36.522  -18.036  37.778 0.0000000000
58612  -36.049  -18.921  37.149 0.0000000000
60745  -35.711  -16.836  36.903 0.0000000000
61743  -37.353  -15.757  37.698 0.0000000000
47893  -28.092  -28.058  46.805 0.0000000000
48968  -28.593  -27.395  46.723 0.0000000000
47948  -27.545  -27.273  41.755 0.0000000000
47959  -27.176  -27.131  41.341 0.0000000000
82396  -43.255  3.636  22.503 0.0000000000
82397  -43.933  3.790  22.793 0.0000000000
83502  -45.288  4.491  23.063 0.0000000000
83510  -44.353  4.592  22.011 0.0000000000
84566  -44.903  4.702  22.465 0.0000000000
84573  -44.744  5.363  21.747 0.0000000000
84574  -45.350  5.610  22.166 0.0000000000
48979  -4.174  -27.098  47.395 0.0000000000
47897  -5.301  -28.165  48.422 0.0000000000
47887  -5.808  -29.660  48.523 0.0000000000
75163  -46.382  -4.398  26.561 0.0000000000
75162  -46.668  -3.921  27.148 0.0000000000
71055  -44.173  -6.464  26.018 0.0000000000
71053  -42.936  -7.408  25.423 0.0000000000
70003  -43.573  -7.522  25.101 0.0000000000
70004  -43.817  -7.281  25.166 0.0000000000
72122  -45.749  -5.839  26.342 0.0000000000
72129  -45.777  -5.763  25.991 0.0000000000
73161  -46.051  -5.451  26.372 0.0000000000
75171  -46.218  -4.611  26.120 0.0000000000
45702  -14.395  -30.006  49.083 0.0000000000
44573  -13.773  -30.626  48.541 0.0000000000
52248  -3.034  -24.825  40.801 0.0000000000
52252  -3.027  -24.984  39.750 0.0000000000
49040  -3.108  -27.777  39.454 0.0000000000
49054  -4.659  -28.196  39.193 0.0000000000
45911  -7.960  -31.179  35.663 0.0000000000
46977  -8.611  -30.609  36.352 0.0000000000
47022  -8.403  -31.144  35.120 0.0000000000
45958  -7.787  -31.851  33.013 0.0000000000
47056  -8.427  -31.255  33.360 0.0000000000
49995  -9.674  -27.322  54.573 0.0000000000
52117  -9.559  -26.543  54.562 0.0000000000
49994  -8.948  -27.320  54.631 0.0000000000
50001  -8.076  -27.255  54.359 0.0000000000
48910  -8.358  -27.938  54.418 0.0000000000
40047  -5.409  -36.141  52.020 0.0000000000
40038  -5.487  -35.581  52.122 0.0000000000
40046  -4.906  -35.896  51.979 0.0000000000
40056  -3.815  -36.056  50.266 0.0000000000
41123  -3.804  -35.198  50.653 0.0000000000
42256  -4.629  -34.511  50.705 0.0000000000
41130  -4.046  -36.002  48.194 0.0000000000
41136  -3.496  -36.072  46.750 0.0000000000
40079  -3.050  -36.725  46.675 0.0000000000
54335  -36.446  -23.367  35.653 0.0000000000
53314  -36.369  -23.421  36.505 0.0000000000
52265  -36.649  -23.704  38.610 0.0000000000
54312  -37.106  -22.219  38.614 0.0000000000
53301  -37.077  -22.840  38.189 0.0000000000
54317  -36.871  -22.238  37.804 0.0000000000
54321  -36.483  -22.663  37.155 0.0000000000
55357  -36.632  -21.411  37.685 0.0000000000
56432  -37.298  -19.857  38.907 0.0000000000
48988  -30.196  -26.999  45.362 0.0000000000
48989  -30.215  -26.420  45.126 0.0000000000
51124  -32.096  -24.348  44.528 0.0000000000
51131  -31.637  -24.731  44.570 0.0000000000
50084  -30.567  -25.833  43.693 0.0000000000
49019  -30.513  -26.060  43.985 0.0000000000
49018  -30.345  -26.342  43.869 0.0000000000
49028  -29.253  -26.476  42.881 0.0000000000
47939  -28.681  -26.847  42.469 0.0000000000
49038  -29.106  -26.282  42.348 0.0000000000
50106  -29.008  -26.234  40.917 0.0000000000
80355  -38.977  1.408  26.943 0.0000000000
81348  -40.930  3.023  25.710 0.0000000000
81354  -40.709  3.156  24.794 0.0000000000
82379  -41.141  3.287  24.088 0.0000000000
82380  -41.835  3.421  23.859 0.0000000000
82367  -44.875  4.106  25.366 0.0000000000
72082  -44.823  -6.058  29.351 0.0000000000
71019  -45.104  -6.351  30.067 0.0000000000
71001  -46.000  -7.173  31.045 0.0000000000
68945  -44.240  -9.124  32.385 0.0000000000
68958  -44.931  -8.702  32.153 0.0000000000
67079  -38.682  -10.608  29.622 0.0000000000
67087  -38.029  -10.720  29.032 0.0000000000
68012  -39.297  -10.232  29.732 0.0000000000
69960  -40.326  -8.668  29.544 0.0000000000
71026  -40.407  -7.420  28.783 0.0000000000
71027  -41.265  -6.779  28.831 0.0000000000
72081  -44.139  -6.340  29.350 0.0000000000
72080  -43.234  -6.561  29.260 0.0000000000
72096  -44.606  -6.030  28.368 0.0000000000
44708  -20.869  -30.355  40.138 0.0000000000
44728  -19.377  -29.627  39.261 0.0000000000
54351  -3.392  -23.407  33.090 0.0000000000
52317  -3.369  -24.872  33.636 0.0000000000
50196  -4.159  -25.472  33.455 0.0000000000
50221  -4.781  -25.571  33.413 0.0000000000
50197  -4.519  -25.630  33.844 0.0000000000
49024  -7.248  -28.127  42.647 0.0000000000
49025  -7.861  -27.786  42.676 0.0000000000
47932  -9.436  -29.107  42.216 0.0000000000
50090  -9.355  -28.120  42.190 0.0000000000
47937  -9.640  -29.090  41.554 0.0000000000
47946  -9.808  -29.091  40.508 0.0000000000
46919  -9.066  -29.912  40.291 0.0000000000
45807  -7.179  -30.945  41.144 0.0000000000
45808  -7.920  -30.608  41.587 0.0000000000
45821  -6.783  -30.806  39.796 0.0000000000
45845  -6.651  -31.511  38.095 0.0000000000
46917  -7.515  -30.698  39.344 0.0000000000
46932  -7.586  -30.813  38.525 0.0000000000
46933  -8.147  -30.598  38.856 0.0000000000
45847  -7.792  -30.897  37.684 0.0000000000
45869  -7.910  -31.122  37.167 0.0000000000
45908  -5.904  -32.120  35.078 0.0000000000
45909  -6.588  -32.006  35.371 0.0000000000
42375  -4.096  -34.614  36.464 0.0000000000
43527  -4.383  -34.384  35.909 0.0000000000
42390  -4.274  -34.612  35.869 0.0000000000
45677  -10.916  -31.245  53.173 0.0000000000
44535  -10.581  -31.878  52.970 0.0000000000
42248  -9.535  -33.898  52.838 0.0000000000
42242  -9.855  -33.265  52.945 0.0000000000
42241  -9.156  -33.774  53.168 0.0000000000
41106  -8.926  -34.318  52.811 0.0000000000
40054  -9.107  -35.190  51.195 0.0000000000
39028  -8.724  -35.610  51.524 0.0000000000
39021  -8.055  -36.336  51.728 0.0000000000
40048  -8.320  -36.097  52.000 0.0000000000
39016  -8.112  -36.200  52.041 0.0000000000
39015  -7.692  -36.258  52.153 0.0000000000
39014  -6.882  -36.253  52.241 0.0000000000
36853  -5.786  -37.366  49.918 0.0000000000
38037  -5.967  -36.856  50.580 0.0000000000
36852  -5.409  -37.397  49.620 0.0000000000
38043  -5.130  -37.235  49.566 0.0000000000
63949  -40.029  -12.667  33.522 0.0000000000
65015  -40.736  -12.444  33.208 0.0000000000
57549  -35.379  -20.845  35.894 0.0000000000
57548  -34.988  -20.713  35.506 0.0000000000
61771  -36.174  -14.696  33.940 0.0000000000
61785  -36.807  -14.193  33.247 0.0000000000
62842  -38.744  -13.484  33.637 0.0000000000
62841  -38.394  -13.471  33.280 0.0000000000
43409  -23.502  -30.676  43.486 0.0000000000
43410  -24.112  -30.682  43.229 0.0000000000
46876  -28.787  -27.750  45.033 0.0000000000
47908  -29.010  -27.538  45.523 0.0000000000
46875  -28.315  -28.547  45.319 0.0000000000
46871  -28.426  -28.362  45.634 0.0000000000
45747  -28.051  -28.968  44.995 0.0000000000
46907  -27.214  -28.210  42.187 0.0000000000
45796  -27.909  -28.674  42.706 0.0000000000
45795  -27.262  -28.988  42.488 0.0000000000
44667  -25.693  -29.826  41.801 0.0000000000
45794  -26.484  -29.644  42.614 0.0000000000
45781  -26.476  -29.950  43.140 0.0000000000
44634  -26.820  -29.856  44.146 0.0000000000
44644  -25.186  -30.508  42.447 0.0000000000
44689  -23.581  -30.393  41.008 0.0000000000
43447  -23.705  -30.693  41.809 0.0000000000
43465  -23.243  -30.511  41.308 0.0000000000
43446  -23.347  -30.674  41.756 0.0000000000
43464  -22.813  -30.454  41.211 0.0000000000
43478  -22.291  -30.355  40.711 0.0000000000
44710  -22.380  -30.372  40.153 0.0000000000
45854  -22.229  -30.063  38.987 0.0000000000
44731  -21.947  -30.267  39.508 0.0000000000
85561  -46.413  6.571  21.470 0.0000000000
85577  -47.713  6.641  19.370 0.0000000000
85571  -48.201  7.024  20.201 0.0000000000
53270  -3.455  -23.944  42.611 0.0000000000
52237  -3.333  -24.675  42.525 0.0000000000
50081  -3.463  -26.416  43.948 0.0000000000
49011  -4.691  -28.171  43.560 0.0000000000
48993  -5.939  -28.762  45.358 0.0000000000
49004  -6.326  -28.504  44.466 0.0000000000
47917  -5.208  -29.100  46.505 0.0000000000
47912  -5.966  -29.270  46.962 0.0000000000
46873  -7.526  -30.399  46.327 0.0000000000
46877  -7.943  -30.347  45.426 0.0000000000
45763  -7.573  -31.177  44.626 0.0000000000
45761  -5.645  -31.904  44.933 0.0000000000
45773  -5.783  -31.818  43.844 0.0000000000
45784  -4.183  -32.574  43.120 0.0000000000
77206  -42.881  -1.520  30.274 0.0000000000
78302  -43.559  -1.239  30.633 0.0000000000
66053  -41.801  -11.634  34.083 0.0000000000
70033  -44.608  -7.324  24.200 0.0000000000
70040  -45.030  -7.387  23.653 0.0000000000
72142  -45.056  -6.085  23.875 0.0000000000
74188  -45.240  -3.804  23.887 0.0000000000
74197  -45.365  -4.772  23.028 0.0000000000
74187  -45.085  -3.702  23.476 0.0000000000
74196  -44.960  -3.893  23.070 0.0000000000
76200  -44.886  -2.624  23.404 0.0000000000
76199  -44.049  -2.299  23.289 0.0000000000
76187  -44.619  -2.242  24.204 0.0000000000
76131  -42.454  -2.328  28.697 0.0000000000
44544  -12.773  -30.508  52.334 0.0000000000
43357  -12.229  -31.347  51.998 0.0000000000
43361  -11.389  -32.304  51.813 0.0000000000
43362  -12.165  -32.019  51.477 0.0000000000
44554  -14.165  -30.538  50.314 0.0000000000
42267  -12.700  -32.129  49.493 0.0000000000
42262  -12.768  -32.062  49.820 0.0000000000
42261  -12.239  -32.499  50.069 0.0000000000
42265  -11.444  -33.305  48.984 0.0000000000
42275  -11.170  -33.393  47.450 0.0000000000
41132  -10.794  -34.040  47.883 0.0000000000
41137  -10.185  -34.548  46.417 0.0000000000
44686  -20.571  -30.539  41.119 0.0000000000
44663  -20.606  -30.607  41.864 0.0000000000
44662  -19.950  -30.451  42.052 0.0000000000
44629  -19.164  -30.375  43.230 0.0000000000
44630  -19.875  -30.457  43.569 0.0000000000
44639  -16.999  -29.677  41.888 0.0000000000
45792  -16.815  -29.856  42.530 0.0000000000
45767  -17.638  -29.855  43.885 0.0000000000
45780  -17.652  -30.046  43.146 0.0000000000
44602  -18.465  -30.127  44.307 0.0000000000
44587  -18.437  -30.065  45.015 0.0000000000
45739  -14.352  -29.608  46.988 0.0000000000
45738  -13.525  -30.003  46.645 0.0000000000
44585  -13.176  -30.494  47.255 0.0000000000
44637  -12.789  -31.290  42.581 0.0000000000
43412  -12.147  -32.059  43.335 0.0000000000
43402  -12.238  -31.757  44.591 0.0000000000
56434  -4.947  -22.084  37.661 0.0000000000
56448  -4.874  -22.388  36.525 0.0000000000
55356  -4.395  -23.337  37.040 0.0000000000
52259  -2.969  -25.065  38.682 0.0000000000
53295  -4.147  -24.122  38.460 0.0000000000
50130  -2.938  -26.845  36.739 0.0000000000
52274  -2.915  -25.084  36.628 0.0000000000
52284  -2.886  -25.016  35.567 0.0000000000
50146  -3.336  -26.623  35.846 0.0000000000
49119  -5.636  -27.162  35.422 0.0000000000
49118  -5.131  -26.951  35.133 0.0000000000
50180  -5.732  -26.567  34.793 0.0000000000
50094  -7.687  -27.588  41.137 0.0000000000
49044  -6.633  -28.016  40.562 0.0000000000
50101  -7.413  -27.593  40.590 0.0000000000
51202  -9.269  -26.717  38.916 0.0000000000
50120  -7.769  -27.255  38.947 0.0000000000
47987  -10.381  -28.886  36.897 0.0000000000
50185  -10.066  -27.503  35.228 0.0000000000
50167  -10.134  -27.462  36.608 0.0000000000
50148  -8.517  -27.105  37.022 0.0000000000
50165  -8.407  -27.143  35.926 0.0000000000
51243  -9.305  -26.673  34.401 0.0000000000
51242  -8.572  -26.521  34.073 0.0000000000
51267  -9.249  -26.414  33.459 0.0000000000
51072  -5.307  -26.921  51.134 0.0000000000
45669  -9.665  -30.649  53.990 0.0000000000
46812  -10.081  -29.756  53.994 0.0000000000
45668  -9.010  -30.727  54.436 0.0000000000
45675  -7.686  -31.106  54.085 0.0000000000
46809  -8.105  -30.309  54.348 0.0000000000
46818  -7.656  -30.189  54.133 0.0000000000
47852  -7.263  -29.514  53.905 0.0000000000
47851  -6.564  -29.910  53.675 0.0000000000
43353  -5.944  -33.384  52.559 0.0000000000
44541  -5.915  -32.928  52.948 0.0000000000
45682  -5.691  -31.262  52.466 0.0000000000
45683  -5.628  -31.244  52.889 0.0000000000
46823  -5.593  -30.553  52.767 0.0000000000
47859  -5.827  -29.997  53.057 0.0000000000
47858  -5.615  -29.784  52.593 0.0000000000
48932  -5.633  -29.074  52.271 0.0000000000
47866  -5.484  -29.678  52.139 0.0000000000
45700  -6.051  -31.761  49.807 0.0000000000
45701  -6.294  -31.591  49.365 0.0000000000
45710  -6.585  -31.745  48.909 0.0000000000
44562  -6.426  -32.703  48.611 0.0000000000
43372  -4.809  -34.447  48.688 0.0000000000
43373  -5.208  -34.582  48.136 0.0000000000
43383  -5.223  -34.224  46.572 0.0000000000
44583  -5.190  -33.758  46.073 0.0000000000
44600  -5.367  -33.128  45.848 0.0000000000
45748  -5.219  -32.877  45.467 0.0000000000
44599  -4.846  -33.279  45.320 0.0000000000
44611  -3.190  -33.489  43.900 0.0000000000
44624  -2.912  -33.318  43.114 0.0000000000
44636  -3.380  -32.828  42.562 0.0000000000
35556  -3.822  -40.317  48.792 0.0000000000
35592  -2.877  -40.556  45.940 0.0000000000
35580  -3.332  -40.943  46.663 0.0000000000
35579  -2.961  -40.207  46.874 0.0000000000
36895  -3.226  -39.695  47.800 0.0000000000
36894  -3.022  -39.510  47.215 0.0000000000
38071  -3.229  -38.424  47.359 0.0000000000
38098  -2.833  -38.801  44.663 0.0000000000
38089  -2.741  -38.724  45.561 0.0000000000
39096  -3.076  -37.948  44.930 0.0000000000
40098  -2.842  -37.161  45.134 0.0000000000
39111  -3.050  -38.090  44.109 0.0000000000
40133  -3.225  -37.247  42.863 0.0000000000
41167  -3.328  -35.993  40.387 0.0000000000
42300  -2.913  -34.641  40.966 0.0000000000
41180  -3.244  -35.279  40.249 0.0000000000
41195  -3.183  -35.173  39.283 0.0000000000
54275  -35.836  -22.673  41.947 0.0000000000
55307  -35.764  -22.063  42.294 0.0000000000
55298  -35.278  -22.104  42.711 0.0000000000
51156  -35.133  -23.560  40.404 0.0000000000
52245  -35.536  -23.471  40.307 0.0000000000
52243  -35.676  -23.320  41.153 0.0000000000
53279  -35.968  -22.933  41.482 0.0000000000
52234  -33.766  -23.520  42.501 0.0000000000
51154  -33.692  -24.004  41.376 0.0000000000
51148  -34.126  -23.686  41.760 0.0000000000
51149  -34.795  -23.596  41.177 0.0000000000
53247  -33.342  -23.089  43.996 0.0000000000
53256  -33.559  -23.099  43.305 0.0000000000
54243  -33.877  -22.727  43.528 0.0000000000
78299  -39.906  -0.238  29.845 0.0000000000
76144  -42.068  -2.543  27.204 0.0000000000
76135  -40.633  -2.091  28.470 0.0000000000
77227  -39.654  -1.286  28.489 0.0000000000
78318  -39.229  -0.570  28.182 0.0000000000
77216  -40.008  -1.294  29.161 0.0000000000
67060  -41.524  -10.508  32.017 0.0000000000
67047  -41.792  -10.781  32.448 0.0000000000
63973  -38.320  -12.830  31.628 0.0000000000
65036  -39.123  -12.087  31.190 0.0000000000
65046  -39.709  -11.598  30.893 0.0000000000
66083  -40.257  -11.561  31.217 0.0000000000
45805  -5.143  -32.328  41.747 0.0000000000
45831  -4.391  -33.771  39.425 0.0000000000
44721  -4.272  -34.183  38.877 0.0000000000
43487  -3.601  -34.448  39.086 0.0000000000
40072  -9.878  -34.826  47.819 0.0000000000
40064  -9.471  -35.199  48.308 0.0000000000
40071  -9.452  -35.422  47.385 0.0000000000
39072  -8.750  -35.895  46.921 0.0000000000
58614  -36.639  -18.628  37.862 0.0000000000
60727  -37.211  -16.379  37.897 0.0000000000
51098  -29.014  -25.965  47.381 0.0000000000
47970  -26.336  -27.478  40.352 0.0000000000
82383  -44.813  3.789  24.046 0.0000000000
83490  -44.745  3.880  23.551 0.0000000000
83491  -45.495  4.113  23.886 0.0000000000
83485  -47.099  4.810  24.926 0.0000000000
48971  -4.277  -26.961  48.156 0.0000000000
47885  -5.361  -28.433  49.188 0.0000000000
73159  -46.478  -5.036  27.446 0.0000000000
75161  -46.900  -4.416  27.723 0.0000000000
74157  -46.787  -4.792  27.870 0.0000000000
74158  -47.039  -4.756  28.238 0.0000000000
72108  -43.511  -6.242  27.187 0.0000000000
72119  -43.219  -6.699  26.161 0.0000000000
72121  -44.585  -6.334  26.767 0.0000000000
71056  -44.759  -6.422  26.152 0.0000000000
70006  -44.481  -6.501  25.749 0.0000000000
73160  -46.223  -5.347  27.022 0.0000000000
45694  -16.084  -29.096  49.871 0.0000000000
45713  -15.034  -29.651  48.358 0.0000000000
51307  -5.062  -25.121  32.502 0.0000000000
51328  -5.142  -24.841  32.070 0.0000000000
51308  -5.514  -25.270  32.334 0.0000000000
49030  -3.333  -27.564  40.631 0.0000000000
45970  -7.519  -31.908  31.976 0.0000000000
49996  -10.454  -27.390  54.861 0.0000000000
48920  -10.018  -28.264  54.459 0.0000000000
39025  -4.803  -36.270  50.850 0.0000000000
40053  -4.704  -36.127  51.426 0.0000000000
39024  -4.337  -36.268  50.477 0.0000000000
40060  -4.034  -36.193  49.413 0.0000000000
41126  -4.037  -35.694  48.911 0.0000000000
40059  -3.861  -36.431  48.695 0.0000000000
39045  -3.360  -37.164  47.966 0.0000000000
53293  -36.914  -23.077  39.411 0.0000000000
54309  -37.118  -22.271  39.324 0.0000000000
56431  -37.396  -20.580  38.961 0.0000000000
51184  -34.011  -24.457  39.139 0.0000000000
51146  -31.916  -24.683  43.366 0.0000000000
50080  -31.236  -25.133  44.019 0.0000000000
51145  -31.341  -25.025  43.534 0.0000000000
50091  -30.660  -25.512  43.249 0.0000000000
50098  -29.505  -25.768  42.066 0.0000000000
50108  -29.725  -25.354  41.929 0.0000000000
82357  -42.873  3.815  26.994 0.0000000000
80361  -39.840  1.947  27.074 0.0000000000
81341  -39.918  2.459  26.060 0.0000000000
82372  -42.298  3.539  24.751 0.0000000000
82364  -41.709  3.409  25.763 0.0000000000
69949  -45.345  -7.768  31.279 0.0000000000
68981  -40.882  -9.387  30.303 0.0000000000
69961  -40.880  -8.612  29.886 0.0000000000
71015  -41.329  -7.543  29.672 0.0000000000
71017  -43.584  -7.318  30.238 0.0000000000
45852  -20.788  -29.788  38.727 0.0000000000
54342  -3.455  -23.430  33.948 0.0000000000
51241  -3.466  -25.528  34.330 0.0000000000
49006  -8.280  -28.002  44.056 0.0000000000
49015  -8.157  -27.801  43.298 0.0000000000
50075  -8.749  -28.043  43.555 0.0000000000
47928  -9.373  -29.048  42.658 0.0000000000
47936  -9.304  -29.647  41.903 0.0000000000
45834  -6.173  -31.358  39.064 0.0000000000
45889  -6.780  -31.800  36.295 0.0000000000
45907  -5.565  -32.586  34.717 0.0000000000
44787  -5.294  -33.104  34.161 0.0000000000
44786  -4.842  -33.658  34.837 0.0000000000
43351  -11.124  -31.871  52.658 0.0000000000
43350  -10.650  -32.309  52.666 0.0000000000
43355  -10.640  -32.566  52.515 0.0000000000
42249  -10.175  -33.290  52.505 0.0000000000
41113  -9.294  -34.256  52.356 0.0000000000
39030  -8.440  -35.915  50.543 0.0000000000
39027  -8.420  -36.108  51.253 0.0000000000
38040  -7.905  -36.435  50.783 0.0000000000
38034  -7.729  -36.534  51.197 0.0000000000
38033  -7.167  -36.692  51.190 0.0000000000
38032  -6.478  -36.638  51.109 0.0000000000
36855  -6.713  -36.908  50.570 0.0000000000
36854  -6.240  -37.157  50.211 0.0000000000
63948  -39.422  -13.152  33.940 0.0000000000
63939  -39.942  -12.683  34.185 0.0000000000
58626  -35.174  -19.865  35.878 0.0000000000
62827  -37.600  -13.754  33.831 0.0000000000
62829  -38.885  -13.460  33.963 0.0000000000
45743  -26.055  -29.891  45.733 0.0000000000
44609  -25.741  -30.252  44.904 0.0000000000
48978  -30.204  -27.339  45.792 0.0000000000
47909  -29.812  -27.479  45.441 0.0000000000
46885  -28.479  -28.561  44.364 0.0000000000
45823  -25.906  -28.982  41.120 0.0000000000
45822  -25.450  -29.357  40.834 0.0000000000
44666  -24.829  -30.343  41.648 0.0000000000
44690  -24.348  -30.204  40.939 0.0000000000
44711  -23.068  -30.359  40.320 0.0000000000
45855  -22.951  -29.995  39.164 0.0000000000
83519  -43.309  4.840  20.715 0.0000000000
52208  -3.808  -25.445  45.411 0.0000000000
52216  -3.579  -25.299  44.435 0.0000000000
49002  -4.321  -28.191  44.770 0.0000000000
47899  -6.044  -29.618  47.887 0.0000000000
47900  -6.805  -29.717  47.301 0.0000000000
77231  -44.728  -1.790  27.889 0.0000000000
77207  -44.050  -1.590  30.022 0.0000000000
77221  -44.873  -1.538  29.068 0.0000000000
77208  -45.085  -1.296  30.090 0.0000000000
74190  -45.566  -5.009  24.818 0.0000000000
73180  -45.193  -5.503  23.867 0.0000000000
74181  -45.549  -3.793  24.785 0.0000000000
74180  -45.390  -3.613  24.392 0.0000000000
76188  -45.266  -2.526  24.595 0.0000000000
77274  -45.036  -2.259  24.747 0.0000000000
77265  -45.106  -2.269  25.224 0.0000000000
44547  -13.276  -30.688  51.524 0.0000000000
44558  -13.617  -31.425  49.483 0.0000000000
43371  -13.105  -31.833  49.197 0.0000000000
42272  -12.542  -32.209  48.892 0.0000000000
42271  -11.979  -32.604  48.572 0.0000000000
42276  -11.729  -32.780  47.882 0.0000000000
42278  -11.024  -33.327  46.489 0.0000000000
44640  -17.928  -29.886  42.266 0.0000000000
45810  -15.456  -29.703  42.140 0.0000000000
44615  -13.298  -30.688  45.135 0.0000000000
42287  -11.131  -33.339  43.425 0.0000000000
42284  -11.020  -33.305  44.414 0.0000000000
55349  -4.321  -23.088  38.385 0.0000000000
49052  -2.996  -27.916  38.327 0.0000000000
50118  -2.771  -26.939  37.777 0.0000000000
49078  -3.483  -27.510  36.271 0.0000000000
49090  -3.908  -27.073  35.588 0.0000000000
49091  -4.138  -27.804  35.786 0.0000000000
49105  -5.530  -27.797  35.868 0.0000000000
49120  -6.147  -27.372  35.616 0.0000000000
51167  -9.286  -26.960  40.548 0.0000000000
50112  -8.583  -26.904  40.011 0.0000000000
50113  -9.790  -27.114  39.832 0.0000000000
50122  -9.846  -26.940  39.077 0.0000000000
50134  -9.675  -26.949  38.276 0.0000000000
48021  -9.697  -30.214  34.568 0.0000000000
48001  -10.407  -29.114  35.889 0.0000000000
49121  -10.478  -28.450  35.069 0.0000000000
50184  -9.255  -27.040  35.205 0.0000000000
43347  -8.776  -32.868  53.583 0.0000000000
44524  -8.785  -31.210  54.443 0.0000000000
44532  -8.428  -31.780  54.212 0.0000000000
44531  -7.469  -32.127  53.802 0.0000000000
44530  -6.680  -32.277  53.438 0.0000000000
43352  -5.842  -32.799  52.150 0.0000000000
44546  -5.795  -32.222  51.821 0.0000000000
45686  -5.782  -31.265  52.049 0.0000000000
46835  -5.579  -30.434  51.922 0.0000000000
46841  -5.574  -30.421  51.442 0.0000000000
46848  -5.575  -30.418  50.756 0.0000000000
43376  -4.618  -35.074  46.930 0.0000000000
43377  -4.573  -34.664  47.439 0.0000000000
43381  -4.316  -35.006  46.397 0.0000000000
43391  -3.994  -34.151  45.204 0.0000000000
44598  -4.291  -33.637  44.930 0.0000000000
43411  -2.823  -34.009  43.658 0.0000000000
34291  -3.201  -41.508  45.346 0.0000000000
36934  -2.681  -39.652  44.307 0.0000000000
40151  -2.965  -36.836  41.498 0.0000000000
51198  -35.316  -24.430  38.326 0.0000000000
51211  -35.747  -24.329  37.754 0.0000000000
51199  -35.896  -24.238  38.360 0.0000000000
52249  -36.251  -23.502  39.403 0.0000000000
52246  -35.994  -23.350  40.278 0.0000000000
52250  -36.646  -23.255  39.796 0.0000000000
52251  -36.886  -23.212  39.690 0.0000000000
54304  -36.890  -22.660  40.177 0.0000000000
54295  -37.080  -21.892  40.416 0.0000000000
51170  -32.146  -24.539  40.792 0.0000000000
51171  -33.242  -24.410  40.215 0.0000000000
51197  -34.645  -24.583  38.375 0.0000000000
51132  -32.164  -24.232  44.069 0.0000000000
52215  -33.095  -23.444  43.667 0.0000000000
52223  -32.791  -23.856  43.577 0.0000000000
81335  -41.006  2.519  28.211 0.0000000000
76153  -41.215  -2.434  26.515 0.0000000000
76168  -40.405  -2.160  25.734 0.0000000000
76167  -39.340  -1.769  26.014 0.0000000000
79354  -38.674  0.732  27.250 0.0000000000
79355  -39.016  0.791  27.785 0.0000000000
80356  -39.386  1.370  27.526 0.0000000000
80357  -40.155  1.919  27.574 0.0000000000
68970  -42.299  -9.160  30.869 0.0000000000
69929  -43.664  -8.426  31.280 0.0000000000
68956  -43.435  -8.865  31.534 0.0000000000
68944  -43.574  -9.130  32.033 0.0000000000
67061  -42.290  -10.144  32.117 0.0000000000
67975  -43.253  -9.578  32.454 0.0000000000
62879  -37.099  -13.365  30.652 0.0000000000
65053  -37.127  -13.233  28.836 0.0000000000
65069  -37.404  -12.297  28.661 0.0000000000
66105  -37.807  -11.715  29.285 0.0000000000
65056  -39.634  -11.258  30.544 0.0000000000
67075  -40.220  -10.758  30.477 0.0000000000
68008  -40.685  -10.145  30.688 0.0000000000
56457  -4.720  -22.338  35.487 0.0000000000
45776  -8.439  -30.734  43.267 0.0000000000
44746  -5.087  -33.522  37.109 0.0000000000
44758  -4.708  -33.845  36.823 0.0000000000
43496  -3.868  -34.712  37.957 0.0000000000
41257  -4.062  -34.892  36.960 0.0000000000
41258  -4.211  -35.347  36.731 0.0000000000
41122  -10.883  -33.822  50.317 0.0000000000
41121  -10.232  -34.278  50.918 0.0000000000
40058  -9.663  -34.683  50.589 0.0000000000
40057  -9.308  -35.131  50.302 0.0000000000
39048  -8.855  -35.524  48.928 0.0000000000
39037  -8.362  -35.941  49.577 0.0000000000
38053  -7.811  -36.449  49.129 0.0000000000
63928  -38.394  -13.722  35.858 0.0000000000
56462  -35.969  -21.453  36.894 0.0000000000
56461  -35.730  -21.269  36.487 0.0000000000
58619  -35.729  -19.947  36.425 0.0000000000
59711  -35.126  -18.990  36.289 0.0000000000
59702  -34.994  -18.135  36.454 0.0000000000
61749  -36.640  -15.788  37.170 0.0000000000
46870  -28.006  -29.063  45.991 0.0000000000
46897  -28.702  -27.788  42.992 0.0000000000
46892  -28.775  -27.887  43.356 0.0000000000
46908  -27.770  -27.817  42.312 0.0000000000
46923  -27.299  -27.751  42.031 0.0000000000
46921  -26.242  -28.374  41.119 0.0000000000
47957  -26.229  -27.784  40.421 0.0000000000
46937  -25.994  -28.297  40.601 0.0000000000
45838  -25.670  -28.835  40.547 0.0000000000
46936  -25.581  -28.764  40.279 0.0000000000
45858  -24.863  -29.354  39.783 0.0000000000
45881  -24.505  -29.442  39.447 0.0000000000
83500  -43.831  3.895  22.440 0.0000000000
84580  -43.957  5.617  20.741 0.0000000000
85566  -44.048  6.128  20.233 0.0000000000
85559  -44.809  5.863  21.307 0.0000000000
85560  -45.430  6.081  21.641 0.0000000000
48990  -4.296  -27.150  46.406 0.0000000000
48980  -4.539  -27.964  47.028 0.0000000000
48972  -4.785  -27.496  47.855 0.0000000000
77255  -46.546  -1.983  26.972 0.0000000000
77244  -47.031  -1.822  27.413 0.0000000000
76139  -47.850  -2.565  28.515 0.0000000000
72118  -42.693  -6.907  26.034 0.0000000000
70002  -42.300  -7.656  25.269 0.0000000000
71065  -44.606  -6.594  24.922 0.0000000000
70026  -44.758  -6.479  25.426 0.0000000000
71073  -44.944  -6.153  24.993 0.0000000000
72136  -45.073  -5.904  24.750 0.0000000000
73174  -45.850  -5.161  25.543 0.0000000000
75170  -46.191  -3.743  25.919 0.0000000000
45687  -14.763  -29.277  51.488 0.0000000000
44559  -14.040  -30.750  49.637 0.0000000000
44682  -15.596  -29.768  40.396 0.0000000000
44659  -16.423  -29.657  41.252 0.0000000000
44658  -15.318  -29.823  41.325 0.0000000000
45809  -14.885  -29.764  42.450 0.0000000000
44638  -13.650  -30.546  43.177 0.0000000000
56407  -3.651  -22.236  40.097 0.0000000000
55339  -3.663  -22.875  39.560 0.0000000000
54306  -3.638  -23.618  39.582 0.0000000000
50100  -3.001  -26.857  40.015 0.0000000000
50109  -2.731  -26.979  38.875 0.0000000000
49067  -4.639  -28.367  38.169 0.0000000000
49081  -5.479  -28.208  37.540 0.0000000000
46961  -9.324  -30.093  37.460 0.0000000000
47976  -10.011  -29.504  37.670 0.0000000000
46978  -9.210  -30.191  36.503 0.0000000000
47039  -8.479  -31.239  34.333 0.0000000000
47023  -8.942  -30.819  34.869 0.0000000000
48043  -9.641  -30.186  33.304 0.0000000000
48061  -9.603  -30.347  32.214 0.0000000000
52121  -9.102  -26.082  54.629 0.0000000000
52120  -8.360  -26.150  54.391 0.0000000000
51053  -8.104  -26.686  54.336 0.0000000000
51052  -7.667  -26.950  54.117 0.0000000000
51051  -7.340  -27.383  53.813 0.0000000000
41108  -6.111  -35.050  52.968 0.0000000000
42246  -6.438  -34.414  53.050 0.0000000000
41107  -5.719  -35.001  52.505 0.0000000000
42244  -5.783  -34.306  52.318 0.0000000000
40045  -4.669  -35.677  51.451 0.0000000000
41115  -5.056  -35.106  51.617 0.0000000000
42252  -5.532  -34.331  51.820 0.0000000000
42251  -5.271  -34.407  51.233 0.0000000000
43367  -5.314  -34.134  50.281 0.0000000000
42269  -4.465  -34.967  48.140 0.0000000000
42268  -4.255  -35.548  47.751 0.0000000000
42273  -4.172  -35.588  46.890 0.0000000000
52272  -36.249  -24.171  37.869 0.0000000000
53304  -36.402  -23.483  37.156 0.0000000000
53300  -36.918  -23.456  38.184 0.0000000000
55361  -36.140  -22.253  36.854 0.0000000000
55369  -35.953  -21.905  36.826 0.0000000000
56453  -36.377  -20.892  37.401 0.0000000000
56445  -37.118  -19.796  38.650 0.0000000000
57524  -36.811  -19.555  38.215 0.0000000000
50047  -30.522  -26.309  46.163 0.0000000000
47923  -29.941  -27.388  44.814 0.0000000000
50065  -31.059  -25.212  44.965 0.0000000000
50079  -30.631  -25.636  44.410 0.0000000000
50071  -30.489  -25.686  44.931 0.0000000000
49000  -30.265  -26.335  44.742 0.0000000000
47926  -29.927  -27.216  44.217 0.0000000000
47934  -28.879  -27.228  42.944 0.0000000000
49048  -28.856  -26.320  41.845 0.0000000000
49047  -28.488  -26.555  41.498 0.0000000000
81346  -39.630  2.519  25.500 0.0000000000
81353  -39.982  3.034  24.706 0.0000000000
81361  -39.793  2.937  23.757 0.0000000000
82374  -44.367  3.850  24.702 0.0000000000
72084  -45.937  -5.900  29.437 0.0000000000
72072  -45.644  -6.401  30.226 0.0000000000
69930  -44.188  -8.340  31.513 0.0000000000
69931  -44.920  -8.291  31.642 0.0000000000
72079  -42.159  -6.620  29.131 0.0000000000
72094  -42.872  -6.263  28.163 0.0000000000
43462  -21.546  -30.543  41.404 0.0000000000
44705  -17.495  -29.453  39.739 0.0000000000
44704  -16.054  -29.616  39.424 0.0000000000
53350  -3.386  -24.225  32.922 0.0000000000
50239  -5.130  -25.466  32.906 0.0000000000
50240  -5.403  -25.539  32.871 0.0000000000
50223  -5.908  -25.906  33.334 0.0000000000
49022  -5.280  -28.327  42.458 0.0000000000
49034  -7.155  -28.012  41.585 0.0000000000
50095  -8.105  -27.540  41.691 0.0000000000
50088  -8.532  -27.737  42.655 0.0000000000
50096  -9.025  -27.461  41.736 0.0000000000
50104  -9.662  -27.417  40.725 0.0000000000
49045  -10.131  -28.099  40.398 0.0000000000
47956  -9.848  -29.149  39.579 0.0000000000
46935  -9.478  -29.670  39.353 0.0000000000
46893  -8.401  -30.436  41.780 0.0000000000
46905  -8.178  -30.451  40.907 0.0000000000
46934  -8.857  -30.188  39.166 0.0000000000
46946  -8.733  -30.434  38.207 0.0000000000
46960  -8.504  -30.618  37.253 0.0000000000
45891  -8.112  -30.938  36.314 0.0000000000
45910  -7.370  -31.732  35.574 0.0000000000
45923  -7.261  -31.991  34.684 0.0000000000
45939  -6.493  -32.373  33.529 0.0000000000
45670  -10.565  -30.587  53.519 0.0000000000
44526  -9.875  -31.407  53.631 0.0000000000
43349  -10.119  -32.529  52.962 0.0000000000
44534  -9.954  -32.034  53.201 0.0000000000
44533  -9.399  -32.118  53.832 0.0000000000
42240  -8.259  -33.774  53.591 0.0000000000
41104  -7.720  -34.325  53.332 0.0000000000
40051  -9.340  -34.502  51.819 0.0000000000
41117  -9.538  -34.526  51.774 0.0000000000
40044  -8.885  -34.736  52.206 0.0000000000
39022  -8.575  -35.801  51.725 0.0000000000
40049  -8.530  -35.793  51.967 0.0000000000
40043  -8.722  -35.132  52.112 0.0000000000
41111  -8.608  -34.816  52.459 0.0000000000
41110  -7.908  -34.956  52.725 0.0000000000
41109  -7.006  -34.776  52.992 0.0000000000
40040  -6.548  -35.578  52.528 0.0000000000
39013  -6.105  -36.020  51.990 0.0000000000
39018  -5.578  -36.448  51.698 0.0000000000
38031  -5.835  -36.508  51.164 0.0000000000
38030  -5.354  -36.534  51.335 0.0000000000
63968  -40.390  -12.264  32.394 0.0000000000
65024  -40.859  -12.159  32.629 0.0000000000
56475  -35.557  -22.240  34.981 0.0000000000
57557  -34.815  -21.285  34.733 0.0000000000
61803  -36.973  -13.852  32.528 0.0000000000
62853  -37.407  -13.505  32.221 0.0000000000
62840  -37.498  -13.590  32.972 0.0000000000
62854  -38.036  -13.387  32.478 0.0000000000
63967  -39.568  -12.592  32.410 0.0000000000
44595  -25.148  -30.119  45.336 0.0000000000
44607  -23.680  -30.714  44.700 0.0000000000
43398  -23.476  -30.679  44.200 0.0000000000
43417  -22.848  -30.770  43.093 0.0000000000
43427  -22.883  -30.775  42.429 0.0000000000
50038  -29.087  -26.510  47.039 0.0000000000
48970  -29.805  -27.324  46.250 0.0000000000
48969  -29.014  -27.222  46.292 0.0000000000
47894  -28.546  -27.827  46.359 0.0000000000
45756  -26.966  -29.874  44.990 0.0000000000
46891  -28.494  -28.533  43.588 0.0000000000
45770  -28.045  -29.246  43.894 0.0000000000
45758  -28.030  -29.130  44.614 0.0000000000
45769  -27.350  -29.588  44.355 0.0000000000
45768  -27.045  -29.802  44.727 0.0000000000
44622  -26.484  -30.077  44.581 0.0000000000
44631  -24.645  -30.680  42.934 0.0000000000
44643  -24.436  -30.647  42.260 0.0000000000
43419  -24.026  -30.711  42.628 0.0000000000
43428  -23.454  -30.777  42.270 0.0000000000
43445  -22.844  -30.659  41.812 0.0000000000
43477  -21.841  -30.368  40.848 0.0000000000
85574  -45.031  6.526  19.696 0.0000000000
85575  -45.888  6.725  19.571 0.0000000000
85583  -46.147  6.457  18.491 0.0000000000
52244  -3.175  -24.581  41.623 0.0000000000
49020  -3.532  -27.428  41.972 0.0000000000
52226  -3.450  -25.032  43.504 0.0000000000
49013  -6.778  -28.324  43.496 0.0000000000
48996  -8.565  -28.654  44.373 0.0000000000
46882  -8.669  -30.008  44.336 0.0000000000
47919  -6.415  -28.904  45.840 0.0000000000
47913  -6.830  -29.146  46.369 0.0000000000
48982  -7.300  -29.018  45.917 0.0000000000
47920  -8.114  -29.388  45.396 0.0000000000
46878  -8.384  -29.934  44.954 0.0000000000
46887  -8.442  -30.564  43.857 0.0000000000
45775  -7.911  -31.161  43.572 0.0000000000
44655  -3.150  -32.866  41.517 0.0000000000
77205  -41.514  -1.423  30.362 0.0000000000
77195  -42.188  -1.197  30.878 0.0000000000
73150  -46.886  -5.225  28.766 0.0000000000
66066  -41.484  -11.679  32.905 0.0000000000
66054  -42.306  -11.003  33.835 0.0000000000
71078  -45.582  -7.721  22.945 0.0000000000
71085  -45.408  -7.321  22.084 0.0000000000
73188  -45.623  -5.715  23.186 0.0000000000
72149  -45.657  -6.628  22.999 0.0000000000
72148  -45.575  -6.258  22.177 0.0000000000
74209  -45.426  -4.976  22.102 0.0000000000
74208  -44.746  -4.310  21.872 0.0000000000
75194  -43.975  -2.759  21.901 0.0000000000
76186  -43.725  -2.212  24.112 0.0000000000
76155  -43.349  -2.392  25.800 0.0000000000
77252  -44.585  -2.165  25.636 0.0000000000
77251  -44.004  -2.248  25.794 0.0000000000
76145  -43.098  -2.503  26.821 0.0000000000
76138  -42.848  -2.504  27.902 0.0000000000
44542  -11.359  -31.723  52.665 0.0000000000
43356  -11.231  -32.067  52.292 0.0000000000
43366  -12.967  -31.503  50.624 0.0000000000
42258  -11.804  -32.533  51.027 0.0000000000
42257  -11.327  -33.135  50.689 0.0000000000
41125  -10.936  -33.904  49.426 0.0000000000
41131  -10.413  -34.468  48.264 0.0000000000
41129  -10.893  -33.988  48.648 0.0000000000
43442  -20.818  -30.818  42.406 0.0000000000
43424  -20.857  -30.991  43.160 0.0000000000
43423  -20.432  -30.629  43.339 0.0000000000
44604  -19.726  -30.587  44.930 0.0000000000
44588  -18.957  -30.199  45.461 0.0000000000
45742  -18.664  -29.862  46.013 0.0000000000
45715  -17.758  -29.350  47.699 0.0000000000
45724  -14.415  -29.941  48.022 0.0000000000
43403  -12.786  -31.272  44.929 0.0000000000
43393  -12.646  -31.277  45.533 0.0000000000
43384  -12.208  -32.198  46.783 0.0000000000
41141  -10.509  -33.858  44.839 0.0000000000
41138  -10.517  -33.913  45.897 0.0000000000
55360  -3.937  -23.193  35.896 0.0000000000
54310  -4.159  -23.659  38.759 0.0000000000
54314  -4.257  -23.891  37.689 0.0000000000
52266  -2.916  -25.110  37.648 0.0000000000
54320  -3.697  -23.741  36.500 0.0000000000
50162  -4.313  -26.576  35.114 0.0000000000
50178  -4.571  -26.249  34.657 0.0000000000
50199  -5.591  -26.076  34.097 0.0000000000
50200  -6.271  -26.384  34.049 0.0000000000
50224  -6.673  -26.192  33.289 0.0000000000
49043  -5.702  -28.183  40.444 0.0000000000
49056  -6.365  -28.006  39.617 0.0000000000
50111  -7.900  -27.218  39.860 0.0000000000
49069  -6.219  -28.021  38.735 0.0000000000
49082  -6.270  -28.009  37.838 0.0000000000
49095  -6.860  -27.702  37.228 0.0000000000
47977  -10.334  -28.718  37.818 0.0000000000
49084  -10.376  -28.038  38.087 0.0000000000
50150  -10.116  -27.427  37.656 0.0000000000
49107  -6.920  -27.861  36.471 0.0000000000
50163  -6.737  -27.354  35.418 0.0000000000
50183  -8.319  -27.021  34.847 0.0000000000
50182  -7.322  -27.107  34.757 0.0000000000
51290  -8.866  -26.000  32.491 0.0000000000
50242  -10.789  -27.401  31.653 0.0000000000
50030  -4.855  -26.979  50.039 0.0000000000
47846  -10.457  -28.891  54.302 0.0000000000
47845  -9.659  -28.999  54.280 0.0000000000
48919  -9.180  -28.273  54.460 0.0000000000
45667  -8.434  -30.886  54.452 0.0000000000
46810  -8.586  -30.090  54.372 0.0000000000
48918  -8.301  -28.065  54.317 0.0000000000
47842  -7.499  -29.203  53.909 0.0000000000
48916  -7.178  -28.527  53.664 0.0000000000
43344  -6.388  -33.157  53.256 0.0000000000
45673  -6.192  -31.467  53.273 0.0000000000
44540  -5.717  -32.200  52.696 0.0000000000
44528  -5.756  -31.677  53.081 0.0000000000
46815  -6.016  -30.839  53.249 0.0000000000
47850  -6.083  -30.279  53.353 0.0000000000
48926  -6.281  -29.673  53.354 0.0000000000
48934  -6.818  -28.486  53.157 0.0000000000
50010  -5.827  -28.259  52.304 0.0000000000
48941  -5.474  -28.906  51.852 0.0000000000
50026  -5.232  -27.477  50.797 0.0000000000
48948  -4.859  -27.140  49.700 0.0000000000
47881  -5.480  -29.436  49.597 0.0000000000
46855  -5.634  -30.075  49.477 0.0000000000
46856  -6.033  -30.521  49.022 0.0000000000
45711  -6.740  -31.727  48.547 0.0000000000
44561  -5.748  -33.659  48.292 0.0000000000
43378  -5.278  -34.531  47.242 0.0000000000
44571  -6.119  -33.080  47.665 0.0000000000
45735  -6.339  -32.498  47.255 0.0000000000
45749  -5.828  -32.514  45.948 0.0000000000
44612  -3.996  -33.525  44.293 0.0000000000
45771  -4.523  -33.070  43.919 0.0000000000
44654  -2.774  -33.375  41.286 0.0000000000
34285  -3.697  -41.501  46.291 0.0000000000
34268  -3.950  -40.786  47.954 0.0000000000
36882  -3.469  -39.649  48.321 0.0000000000
38062  -3.548  -38.684  48.325 0.0000000000
38072  -3.449  -38.481  47.859 0.0000000000
39057  -3.193  -37.379  47.309 0.0000000000
39069  -2.896  -37.619  46.575 0.0000000000
40088  -2.823  -36.887  45.843 0.0000000000
41142  -2.808  -36.141  44.917 0.0000000000
39112  -3.265  -38.200  43.520 0.0000000000
40115  -3.233  -37.672  43.596 0.0000000000
42286  -2.756  -34.931  43.089 0.0000000000
42291  -2.689  -34.844  41.979 0.0000000000
43438  -2.631  -33.967  41.605 0.0000000000
43458  -2.766  -33.844  40.678 0.0000000000
35567  -3.053  -40.058  47.292 0.0000000000
36850  -6.441  -36.824  50.710 0.0000000000
36851  -6.687  -36.754  50.934 0.0000000000
38041  -8.242  -36.221  50.782 0.0000000000
38061  -3.381  -38.712  47.867 0.0000000000
39023  -8.691  -35.544  51.755 0.0000000000
39038  -8.823  -35.444  49.986 0.0000000000
39126  -3.388  -38.139  43.007 0.0000000000
42237  -6.371  -33.872  53.027 0.0000000000
42247  -9.222  -34.116  53.202 0.0000000000
42263  -4.161  -35.361  48.406 0.0000000000
42376  -4.263  -34.800  36.093 0.0000000000
43354  -6.101  -33.522  52.892 0.0000000000
43368  -12.741  -32.016  50.125 0.0000000000
43479  -22.696  -30.373  40.659 0.0000000000
43544  -4.310  -34.374  35.460 0.0000000000
44557  -6.492  -32.195  49.110 0.0000000000
44597  -26.568  -29.912  45.475 0.0000000000
44613  -4.538  -33.230  44.752 0.0000000000
44623  -26.923  -29.852  44.503 0.0000000000
44664  -23.567  -30.581  41.550 0.0000000000
44692  -25.517  -29.483  41.147 0.0000000000
44735  -24.504  -29.749  39.782 0.0000000000
45666  -8.024  -30.746  54.334 0.0000000000
45672  -5.802  -31.171  53.136 0.0000000000
45733  -27.104  -29.586  46.031 0.0000000000
45734  -27.535  -29.403  45.759 0.0000000000
45757  -27.509  -29.474  44.899 0.0000000000
45759  -4.581  -33.176  44.442 0.0000000000
45824  -26.378  -28.491  41.357 0.0000000000
45846  -7.399  -30.971  37.954 0.0000000000
45859  -25.191  -29.139  39.974 0.0000000000
46816  -6.464  -30.678  53.440 0.0000000000
46817  -7.069  -30.437  53.813 0.0000000000
46857  -6.699  -31.037  48.662 0.0000000000
46872  -28.749  -27.800  45.321 0.0000000000
46874  -28.011  -29.019  45.653 0.0000000000
46884  -15.003  -29.537  44.239 0.0000000000
46889  -14.605  -29.637  44.270 0.0000000000
46896  -28.385  -28.083  42.802 0.0000000000
46906  -8.927  -30.113  41.430 0.0000000000
46938  -26.361  -27.996  41.035 0.0000000000
46944  -7.629  -30.823  38.162 0.0000000000
46959  -8.033  -30.845  37.547 0.0000000000
47001  -8.524  -30.839  35.668 0.0000000000
47844  -8.820  -29.096  54.259 0.0000000000
47853  -7.566  -29.737  54.073 0.0000000000
47895  -28.977  -27.418  46.049 0.0000000000
47915  -29.368  -27.508  45.188 0.0000000000
47921  -8.510  -29.275  44.755 0.0000000000
47931  -9.284  -29.493  42.500 0.0000000000
47933  -28.537  -27.559  42.692 0.0000000000
47935  -29.323  -26.681  43.162 0.0000000000
47947  -27.006  -27.377  41.417 0.0000000000
47958  -26.646  -27.347  40.914 0.0000000000
48912  -9.432  -27.849  54.526 0.0000000000
48913  -10.288  -27.762  54.687 0.0000000000
48917  -7.455  -28.687  53.844 0.0000000000
48928  -7.217  -29.047  53.738 0.0000000000
48958  -29.008  -26.877  46.635 0.0000000000
48959  -29.514  -26.997  46.514 0.0000000000
48967  -28.200  -27.377  47.180 0.0000000000
48983  -7.651  -28.973  45.621 0.0000000000
49008  -30.229  -26.853  44.536 0.0000000000
49017  -9.400  -28.787  42.461 0.0000000000
49026  -9.300  -28.247  42.397 0.0000000000
49027  -9.460  -28.499  42.093 0.0000000000
49029  -29.756  -26.183  43.197 0.0000000000
49046  -10.178  -27.808  40.137 0.0000000000
49057  -10.122  -28.583  39.751 0.0000000000
49083  -6.782  -27.620  37.755 0.0000000000
49102  -4.189  -26.734  35.323 0.0000000000
49103  -4.525  -26.974  35.315 0.0000000000
49117  -4.849  -26.704  34.929 0.0000000000
49993  -8.494  -27.415  54.509 0.0000000000
49999  -7.274  -28.159  53.734 0.0000000000
50037  -28.667  -26.530  47.266 0.0000000000
50054  -30.429  -26.901  46.093 0.0000000000
50074  -8.626  -28.020  43.753 0.0000000000
50082  -8.540  -27.903  43.449 0.0000000000
50083  -8.867  -28.047  43.135 0.0000000000
50086  -31.302  -25.075  43.768 0.0000000000
50089  -9.143  -27.963  42.410 0.0000000000
50092  -30.959  -25.327  43.392 0.0000000000
50097  -9.465  -27.905  41.772 0.0000000000
50102  -8.113  -27.300  40.673 0.0000000000
50105  -10.048  -27.692  40.329 0.0000000000
50114  -10.062  -27.541  40.035 0.0000000000
50121  -8.484  -26.941  39.232 0.0000000000
50123  -10.157  -27.473  39.374 0.0000000000
50131  -6.684  -27.649  38.190 0.0000000000
50135  -10.183  -27.430  38.558 0.0000000000
50161  -3.845  -26.300  35.040 0.0000000000
50198  -5.045  -25.859  34.098 0.0000000000
50219  -4.110  -25.418  33.197 0.0000000000
50220  -4.329  -25.434  33.253 0.0000000000
50238  -4.569  -25.395  32.992 0.0000000000
51046  -8.475  -27.013  54.564 0.0000000000
51047  -8.929  -26.768  54.855 0.0000000000
51048  -9.775  -26.949  54.583 0.0000000000
51049  -10.551  -27.125  54.932 0.0000000000
51164  -35.920  -23.547  39.556 0.0000000000
51166  -9.150  -26.823  40.406 0.0000000000
51177  -9.068  -26.687  40.085 0.0000000000
51178  -9.391  -26.902  40.202 0.0000000000
51190  -9.402  -26.770  39.583 0.0000000000
51201  -8.864  -26.729  38.950 0.0000000000
51264  -3.770  -25.354  33.503 0.0000000000
51285  -3.887  -25.240  33.038 0.0000000000
52116  -8.993  -26.538  54.670 0.0000000000
52181  -28.792  -25.289  47.518 0.0000000000
52242  -35.358  -23.516  40.999 0.0000000000
52247  -36.454  -23.151  40.262 0.0000000000
52256  -36.311  -23.721  38.874 0.0000000000
52257  -36.645  -23.466  39.199 0.0000000000
52258  -36.841  -23.305  39.478 0.0000000000
52299  -3.026  -24.990  34.537 0.0000000000
53278  -35.642  -23.151  41.649 0.0000000000
53290  -36.953  -22.984  39.938 0.0000000000
53291  -3.368  -24.182  40.123 0.0000000000
53296  -36.811  -23.380  38.900 0.0000000000
53299  -4.217  -24.109  38.052 0.0000000000
54264  -35.024  -22.454  42.927 0.0000000000
54274  -35.823  -22.420  42.157 0.0000000000
54311  -4.308  -23.918  38.181 0.0000000000
54315  -4.334  -23.949  37.924 0.0000000000
54328  -36.436  -23.401  36.198 0.0000000000
55362  -36.223  -21.661  37.131 0.0000000000
59696  -36.764  -17.979  38.032 0.0000000000
63957  -38.854  -13.439  33.106 0.0000000000
65025  -41.145  -12.255  33.021 0.0000000000
66094  -38.659  -11.411  30.255 0.0000000000
66096  -40.580  -11.167  31.253 0.0000000000
67999  -41.776  -9.836  31.278 0.0000000000
71038  -44.849  -6.360  26.641 0.0000000000
71054  -43.564  -7.124  25.417 0.0000000000
71064  -43.306  -7.616  25.058 0.0000000000
71066  -45.192  -6.237  25.641 0.0000000000
71072  -44.764  -6.528  24.242 0.0000000000
71079  -45.314  -6.954  23.501 0.0000000000
72097  -45.132  -5.879  28.429 0.0000000000
72123  -45.877  -5.675  26.168 0.0000000000
72128  -45.535  -5.866  25.571 0.0000000000
72143  -44.978  -5.893  24.400 0.0000000000
73152  -46.605  -4.976  27.701 0.0000000000
73167  -45.862  -5.493  25.846 0.0000000000
73173  -45.592  -5.455  25.242 0.0000000000
73181  -45.193  -5.555  24.457 0.0000000000
74164  -46.638  -4.677  27.499 0.0000000000
74166  -46.289  -4.968  26.561 0.0000000000
74172  -45.692  -3.698  25.142 0.0000000000
74174  -46.130  -5.117  26.152 0.0000000000
74182  -45.800  -4.605  25.268 0.0000000000
74183  -46.049  -4.909  25.796 0.0000000000
74198  -45.357  -5.243  23.602 0.0000000000
75154  -47.091  -4.536  28.021 0.0000000000
75155  -47.244  -4.064  28.008 0.0000000000
75176  -45.421  -3.251  24.415 0.0000000000
75177  -45.579  -3.046  24.926 0.0000000000
75178  -46.102  -4.479  25.767 0.0000000000
75179  -46.144  -4.686  25.900 0.0000000000
75183  -45.055  -3.357  23.370 0.0000000000
75184  -45.261  -2.967  23.906 0.0000000000
75208  -44.182  -3.471  21.671 0.0000000000
75209  -44.525  -3.675  22.010 0.0000000000
76129  -41.370  -2.162  28.956 0.0000000000
76130  -41.721  -2.238  28.896 0.0000000000
76142  -40.476  -2.149  28.063 0.0000000000
76156  -43.962  -2.268  25.388 0.0000000000
76157  -45.560  -2.260  26.000 0.0000000000
76171  -43.446  -2.298  24.913 0.0000000000
76174  -45.784  -2.816  25.552 0.0000000000
76189  -45.489  -2.785  24.954 0.0000000000
76215  -44.321  -2.605  22.645 0.0000000000
76216  -44.647  -2.776  22.813 0.0000000000
77194  -41.790  -1.178  30.855 0.0000000000
77209  -45.768  -0.861  30.126 0.0000000000
77229  -40.850  -1.919  29.090 0.0000000000
77240  -43.967  -2.215  26.364 0.0000000000
77264  -44.807  -2.182  24.829 0.0000000000
77273  -44.940  -2.210  24.540 0.0000000000
78301  -41.127  -0.929  30.797 0.0000000000
79350  -38.922  0.481  27.811 0.0000000000
85567  -44.665  6.171  20.644 0.0000000000
