#!ascii label  , from subject 3367 vox2ras=TkReg
494
82002  -28.392  2.545  -31.928 0.0000000000
85193  -27.273  5.342  -31.892 0.0000000000
98914  -28.082  19.683  -27.783 0.0000000000
94028  -30.130  14.099  -29.665 0.0000000000
90108  -29.398  10.914  -34.642 0.0000000000
88112  -30.567  8.239  -35.419 0.0000000000
101614  -27.455  21.864  -29.372 0.0000000000
92107  -30.280  12.875  -32.497 0.0000000000
89066  -29.129  9.554  -30.658 0.0000000000
83096  -27.156  3.422  -34.112 0.0000000000
85232  -28.357  5.606  -35.320 0.0000000000
85208  -29.726  5.637  -33.120 0.0000000000
75791  -23.930  -3.253  -31.230 0.0000000000
81027  -25.444  0.799  -31.969 0.0000000000
106273  -24.525  27.568  -33.006 0.0000000000
106261  -25.922  27.055  -32.451 0.0000000000
105273  -27.860  26.449  -29.905 0.0000000000
103330  -30.016  24.723  -27.607 0.0000000000
100710  -32.088  21.474  -27.638 0.0000000000
95970  -29.155  16.461  -27.953 0.0000000000
97013  -32.251  18.143  -30.509 0.0000000000
96015  -30.346  16.725  -33.008 0.0000000000
94087  -29.341  14.407  -35.204 0.0000000000
91150  -29.972  11.642  -38.103 0.0000000000
87105  -28.361  7.526  -33.161 0.0000000000
88130  -29.384  8.508  -37.256 0.0000000000
90060  -27.886  10.212  -29.803 0.0000000000
89063  -26.249  9.401  -30.320 0.0000000000
82012  -27.766  2.663  -33.608 0.0000000000
83092  -28.545  3.707  -34.192 0.0000000000
84171  -29.013  3.923  -32.486 0.0000000000
71678  -24.027  -6.710  -28.274 0.0000000000
72745  -24.236  -5.890  -28.727 0.0000000000
73780  -24.886  -4.974  -29.176 0.0000000000
81020  -25.769  1.689  -31.705 0.0000000000
81019  -24.820  1.132  -31.038 0.0000000000
105299  -27.091  26.227  -31.531 0.0000000000
99818  -27.577  20.512  -28.598 0.0000000000
102489  -28.650  23.649  -28.758 0.0000000000
101601  -29.597  22.389  -27.797 0.0000000000
102478  -31.191  23.510  -27.275 0.0000000000
99810  -30.737  20.539  -27.585 0.0000000000
94977  -30.167  15.823  -28.961 0.0000000000
96995  -31.265  17.473  -28.753 0.0000000000
95991  -31.461  16.825  -30.155 0.0000000000
97016  -31.249  17.048  -31.515 0.0000000000
95005  -30.726  15.403  -31.725 0.0000000000
91084  -30.178  11.565  -33.090 0.0000000000
93102  -30.075  13.544  -33.746 0.0000000000
92126  -29.624  12.666  -35.287 0.0000000000
92144  -29.372  12.957  -36.963 0.0000000000
91140  -28.911  11.135  -36.950 0.0000000000
86142  -26.938  6.266  -30.834 0.0000000000
87063  -27.593  7.115  -31.209 0.0000000000
86180  -27.531  6.182  -32.986 0.0000000000
86209  -30.100  6.553  -35.939 0.0000000000
86214  -29.273  6.807  -36.488 0.0000000000
88132  -30.274  8.509  -36.851 0.0000000000
89144  -30.845  9.873  -37.108 0.0000000000
90121  -30.896  9.844  -35.985 0.0000000000
75793  -25.048  -2.849  -31.152 0.0000000000
76856  -24.837  -2.337  -31.444 0.0000000000
77938  -26.011  -1.717  -30.925 0.0000000000
77972  -26.162  -0.895  -31.980 0.0000000000
93077  -29.812  12.929  -29.506 0.0000000000
93088  -30.436  13.393  -31.059 0.0000000000
91038  -29.559  11.544  -29.945 0.0000000000
90079  -29.927  10.625  -31.647 0.0000000000
89099  -29.489  9.955  -33.420 0.0000000000
84174  -26.662  4.231  -33.283 0.0000000000
85225  -27.087  5.405  -34.605 0.0000000000
83103  -28.228  4.360  -35.133 0.0000000000
85226  -29.159  5.317  -34.682 0.0000000000
87126  -30.378  7.313  -34.182 0.0000000000
74800  -24.918  -4.041  -30.397 0.0000000000
84156  -26.561  4.384  -31.572 0.0000000000
83084  -26.597  3.396  -32.018 0.0000000000
81033  -26.849  2.084  -33.024 0.0000000000
81029  -27.173  1.398  -32.716 0.0000000000
108020  -24.522  29.431  -32.725 0.0000000000
104291  -25.224  25.255  -31.632 0.0000000000
106274  -25.047  27.123  -33.778 0.0000000000
107152  -26.688  28.665  -31.902 0.0000000000
107138  -27.254  28.514  -31.002 0.0000000000
107118  -28.407  27.856  -28.889 0.0000000000
103348  -28.166  24.394  -29.488 0.0000000000
104262  -28.933  25.418  -28.380 0.0000000000
106216  -29.831  27.234  -27.836 0.0000000000
104251  -31.278  25.487  -27.141 0.0000000000
102479  -32.196  23.473  -27.389 0.0000000000
100720  -33.169  21.611  -28.698 0.0000000000
96982  -28.866  18.287  -27.607 0.0000000000
97974  -31.508  18.935  -28.019 0.0000000000
98925  -32.907  19.573  -29.235 0.0000000000
98939  -33.271  20.359  -30.943 0.0000000000
98945  -32.003  19.616  -32.236 0.0000000000
97037  -29.802  17.464  -33.762 0.0000000000
94059  -30.405  14.537  -32.618 0.0000000000
95019  -29.570  15.759  -34.187 0.0000000000
88045  -27.010  8.257  -30.411 0.0000000000
88075  -28.984  8.393  -32.397 0.0000000000
89109  -28.843  9.362  -34.187 0.0000000000
87124  -27.877  7.113  -35.095 0.0000000000
88111  -28.292  8.174  -35.720 0.0000000000
90132  -28.420  10.351  -36.097 0.0000000000
90152  -29.440  10.676  -37.803 0.0000000000
90154  -31.152  11.070  -38.206 0.0000000000
80018  -25.097  0.026  -31.962 0.0000000000
80010  -26.703  0.257  -32.202 0.0000000000
81004  -27.998  1.453  -31.624 0.0000000000
82007  -27.947  2.289  -32.796 0.0000000000
84176  -28.660  3.639  -32.879 0.0000000000
83085  -28.559  3.210  -32.464 0.0000000000
83079  -29.027  3.556  -31.935 0.0000000000
83078  -28.686  3.152  -31.817 0.0000000000
72730  -24.869  -6.101  -27.928 0.0000000000
99819  -28.312  20.700  -28.153 0.0000000000
100718  -28.756  21.690  -28.263 0.0000000000
99820  -29.039  20.681  -27.878 0.0000000000
100708  -30.227  21.460  -27.510 0.0000000000
98904  -29.200  19.661  -27.624 0.0000000000
94027  -29.610  14.363  -29.006 0.0000000000
94018  -29.551  14.928  -28.764 0.0000000000
94986  -30.318  15.119  -29.450 0.0000000000
95990  -30.966  16.020  -29.935 0.0000000000
95998  -31.064  16.285  -30.974 0.0000000000
94996  -30.772  15.205  -30.637 0.0000000000
91098  -30.212  11.958  -34.786 0.0000000000
90120  -29.250  11.228  -35.187 0.0000000000
91119  -29.276  11.557  -35.773 0.0000000000
91118  -28.750  10.901  -35.923 0.0000000000
85172  -27.039  5.595  -31.267 0.0000000000
86164  -27.644  6.182  -32.046 0.0000000000
85206  -27.235  5.467  -32.736 0.0000000000
87137  -30.303  7.398  -35.191 0.0000000000
87147  -30.345  7.517  -36.044 0.0000000000
88123  -30.440  8.422  -36.165 0.0000000000
89133  -30.645  9.429  -36.537 0.0000000000
89122  -30.832  9.289  -35.482 0.0000000000
89123  -31.279  9.759  -35.020 0.0000000000
89112  -31.210  9.277  -34.293 0.0000000000
76857  -25.432  -2.233  -31.215 0.0000000000
92076  -28.549  12.454  -28.950 0.0000000000
92077  -29.356  12.343  -29.414 0.0000000000
91037  -28.850  11.630  -29.381 0.0000000000
90062  -29.527  10.569  -30.558 0.0000000000
89075  -29.537  9.731  -31.413 0.0000000000
90091  -29.910  10.697  -32.718 0.0000000000
83095  -26.677  3.593  -33.690 0.0000000000
84181  -26.966  4.341  -34.583 0.0000000000
83101  -27.499  3.891  -34.722 0.0000000000
85216  -29.355  4.939  -33.790 0.0000000000
84182  -28.893  4.412  -34.387 0.0000000000
85217  -29.695  5.791  -34.254 0.0000000000
86190  -30.085  6.497  -33.698 0.0000000000
87117  -30.390  7.318  -33.167 0.0000000000
71676  -22.764  -7.731  -28.885 0.0000000000
70650  -23.210  -8.377  -28.260 0.0000000000
74780  -25.137  -4.392  -29.671 0.0000000000
75759  -25.539  -3.753  -29.837 0.0000000000
81021  -26.298  2.015  -32.049 0.0000000000
81028  -26.417  1.467  -32.554 0.0000000000
81034  -26.946  1.865  -32.967 0.0000000000
107149  -24.648  28.231  -32.343 0.0000000000
108021  -24.817  29.411  -31.740 0.0000000000
108033  -24.564  29.699  -33.818 0.0000000000
107163  -24.477  28.468  -33.360 0.0000000000
105314  -25.595  26.290  -32.492 0.0000000000
105313  -25.063  26.501  -33.046 0.0000000000
106275  -25.405  27.219  -33.330 0.0000000000
107164  -25.122  27.689  -34.005 0.0000000000
107151  -26.074  28.218  -32.759 0.0000000000
105283  -27.602  26.171  -30.617 0.0000000000
106247  -27.319  27.181  -30.879 0.0000000000
107129  -27.575  27.886  -30.056 0.0000000000
106238  -28.066  27.192  -29.329 0.0000000000
101626  -27.833  23.086  -29.686 0.0000000000
103340  -29.265  24.413  -28.071 0.0000000000
103339  -28.638  24.649  -28.703 0.0000000000
105266  -29.251  26.188  -28.126 0.0000000000
104249  -29.605  25.467  -27.835 0.0000000000
105256  -30.829  26.471  -27.263 0.0000000000
104250  -30.389  25.539  -27.404 0.0000000000
101603  -31.696  22.459  -27.348 0.0000000000
101604  -32.622  22.471  -27.725 0.0000000000
101605  -33.206  22.833  -28.088 0.0000000000
100719  -32.714  21.476  -28.166 0.0000000000
94975  -28.681  15.590  -28.041 0.0000000000
95969  -28.029  16.551  -27.896 0.0000000000
96993  -29.697  17.276  -27.766 0.0000000000
97972  -29.858  18.725  -27.359 0.0000000000
96984  -30.156  17.925  -27.501 0.0000000000
97005  -32.085  17.981  -29.886 0.0000000000
97985  -32.438  19.032  -28.964 0.0000000000
97994  -32.438  18.648  -29.668 0.0000000000
98926  -33.200  19.988  -29.726 0.0000000000
98931  -32.954  19.418  -30.165 0.0000000000
98938  -32.778  19.726  -31.294 0.0000000000
98004  -32.280  18.748  -31.324 0.0000000000
96008  -30.798  16.452  -32.024 0.0000000000
97027  -31.018  17.606  -32.303 0.0000000000
97038  -30.431  17.691  -33.105 0.0000000000
96014  -29.813  16.487  -33.778 0.0000000000
93095  -30.417  13.525  -32.035 0.0000000000
94051  -30.609  14.361  -31.411 0.0000000000
93109  -29.649  13.814  -34.687 0.0000000000
94066  -29.965  14.700  -33.746 0.0000000000
94075  -29.375  15.010  -34.821 0.0000000000
95027  -28.984  15.900  -34.845 0.0000000000
94086  -29.057  15.008  -35.716 0.0000000000
92150  -29.716  12.730  -37.831 0.0000000000
92160  -31.200  12.601  -38.703 0.0000000000
88044  -25.895  8.363  -30.429 0.0000000000
87064  -28.288  7.641  -31.206 0.0000000000
88088  -28.564  8.361  -33.629 0.0000000000
89098  -29.130  9.139  -33.105 0.0000000000
85231  -27.641  5.500  -35.256 0.0000000000
86198  -27.543  6.337  -34.849 0.0000000000
86206  -28.026  6.343  -35.386 0.0000000000
87145  -29.454  7.547  -36.913 0.0000000000
87136  -28.639  7.334  -36.406 0.0000000000
88122  -28.733  8.366  -36.800 0.0000000000
89132  -28.417  9.380  -36.449 0.0000000000
90151  -28.881  10.262  -37.590 0.0000000000
89141  -28.855  9.443  -37.529 0.0000000000
90134  -31.276  10.399  -36.804 0.0000000000
90145  -30.856  10.342  -37.686 0.0000000000
91142  -31.731  11.245  -37.428 0.0000000000
78989  -26.737  -0.522  -31.254 0.0000000000
79007  -26.532  -0.259  -31.880 0.0000000000
79008  -26.880  -0.092  -31.473 0.0000000000
80011  -27.092  0.461  -31.916 0.0000000000
79993  -27.736  0.987  -31.201 0.0000000000
90040  -27.497  11.080  -29.491 0.0000000000
89064  -27.428  9.323  -30.159 0.0000000000
82016  -27.640  2.771  -33.916 0.0000000000
83097  -27.911  3.251  -34.390 0.0000000000
83091  -28.364  3.188  -33.479 0.0000000000
84177  -28.872  4.076  -33.432 0.0000000000
85207  -29.431  4.687  -32.612 0.0000000000
84159  -29.767  4.654  -31.543 0.0000000000
70651  -23.829  -7.613  -28.062 0.0000000000
73793  -24.005  -5.094  -30.128 0.0000000000
73764  -24.780  -5.407  -28.729 0.0000000000
82000  -25.248  2.365  -30.998 0.0000000000
106259  -24.648  27.176  -32.470 0.0000000000
105298  -26.355  26.220  -32.142 0.0000000000
104293  -26.695  25.240  -31.983 0.0000000000
104278  -27.259  25.247  -31.158 0.0000000000
104279  -27.726  25.290  -30.396 0.0000000000
101615  -28.117  22.568  -29.097 0.0000000000
101616  -28.890  22.727  -28.406 0.0000000000
102477  -30.113  23.634  -27.636 0.0000000000
101602  -30.657  22.484  -27.417 0.0000000000
100709  -31.178  21.485  -27.481 0.0000000000
95971  -30.120  16.486  -28.479 0.0000000000
96994  -30.617  17.469  -28.162 0.0000000000
95972  -30.802  16.838  -28.759 0.0000000000
95982  -31.198  16.767  -29.344 0.0000000000
97012  -31.863  17.539  -30.386 0.0000000000
97017  -31.829  17.887  -31.352 0.0000000000
95999  -31.525  17.088  -30.888 0.0000000000
92099  -30.299  12.223  -32.524 0.0000000000
93094  -30.246  13.517  -32.909 0.0000000000
92106  -30.278  12.566  -33.361 0.0000000000
92115  -30.106  12.586  -34.525 0.0000000000
93121  -29.323  13.814  -35.541 0.0000000000
93120  -29.107  14.066  -36.223 0.0000000000
92137  -29.223  12.907  -36.098 0.0000000000
91130  -29.291  11.823  -36.579 0.0000000000
91141  -29.421  11.650  -37.349 0.0000000000
87085  -27.922  6.780  -31.912 0.0000000000
86165  -27.900  6.645  -32.417 0.0000000000
86189  -27.941  7.073  -33.573 0.0000000000
85234  -29.687  6.012  -35.823 0.0000000000
86207  -28.764  6.430  -35.880 0.0000000000
86215  -29.887  6.821  -36.683 0.0000000000
87146  -29.922  7.219  -36.965 0.0000000000
88131  -29.929  8.548  -37.250 0.0000000000
89142  -29.679  9.227  -37.691 0.0000000000
89134  -30.943  9.926  -36.743 0.0000000000
91131  -31.980  11.052  -36.390 0.0000000000
90122  -31.492  10.384  -35.621 0.0000000000
75792  -24.570  -3.315  -31.058 0.0000000000
76855  -24.215  -2.470  -31.351 0.0000000000
77956  -25.302  -1.377  -31.878 0.0000000000
77971  -25.852  -0.973  -32.163 0.0000000000
77957  -25.862  -1.421  -31.697 0.0000000000
77958  -26.346  -1.028  -31.438 0.0000000000
93064  -29.224  13.269  -28.917 0.0000000000
93065  -29.846  13.577  -29.414 0.0000000000
94040  -30.517  14.212  -30.357 0.0000000000
93078  -30.288  13.263  -30.064 0.0000000000
92089  -30.300  12.541  -30.813 0.0000000000
91052  -30.321  12.160  -31.203 0.0000000000
90042  -29.121  10.912  -29.732 0.0000000000
91051  -30.127  11.630  -30.916 0.0000000000
91068  -30.240  11.584  -31.997 0.0000000000
90100  -29.741  10.821  -33.713 0.0000000000
89110  -29.298  10.213  -34.172 0.0000000000
84169  -26.934  4.792  -32.599 0.0000000000
85215  -27.036  5.457  -33.640 0.0000000000
85224  -26.763  4.840  -34.166 0.0000000000
84186  -27.420  4.586  -35.138 0.0000000000
83098  -28.401  3.999  -34.834 0.0000000000
84188  -28.561  4.888  -34.986 0.0000000000
85233  -29.127  5.699  -35.535 0.0000000000
85227  -29.611  5.996  -35.225 0.0000000000
86199  -30.023  6.564  -34.794 0.0000000000
88100  -30.676  8.224  -34.508 0.0000000000
88089  -30.686  7.988  -33.602 0.0000000000
86182  -30.083  6.534  -32.524 0.0000000000
69670  -22.602  -8.974  -28.277 0.0000000000
74815  -23.795  -3.886  -31.051 0.0000000000
74779  -24.576  -4.668  -29.917 0.0000000000
74799  -24.307  -4.411  -30.515 0.0000000000
75773  -24.793  -3.816  -30.669 0.0000000000
75774  -25.323  -3.338  -30.500 0.0000000000
75760  -26.050  -3.313  -29.674 0.0000000000
84157  -26.960  4.688  -31.996 0.0000000000
84168  -26.709  4.114  -32.451 0.0000000000
83089  -26.577  3.304  -33.024 0.0000000000
83090  -26.788  2.991  -33.595 0.0000000000
82001  -26.220  2.672  -31.430 0.0000000000
82005  -26.544  2.501  -32.429 0.0000000000
82011  -27.220  2.477  -33.460 0.0000000000
82006  -27.515  2.201  -33.180 0.0000000000
81030  -27.724  1.641  -32.450 0.0000000000
105282  -25.205  26.211  -31.070 0.0000000000
105297  -24.954  26.312  -32.231 0.0000000000
105312  -24.719  27.088  -33.475 0.0000000000
106286  -24.823  27.619  -33.985 0.0000000000
107173  -24.993  28.659  -34.394 0.0000000000
106262  -26.649  27.420  -31.789 0.0000000000
108023  -27.073  29.669  -31.601 0.0000000000
107998  -27.755  28.934  -30.123 0.0000000000
107131  -28.885  29.206  -29.176 0.0000000000
107119  -29.083  28.271  -28.642 0.0000000000
103347  -27.798  24.312  -30.060 0.0000000000
104269  -28.065  25.297  -29.756 0.0000000000
104261  -28.360  25.377  -29.016 0.0000000000
105274  -28.172  26.100  -29.459 0.0000000000
106226  -28.624  27.381  -28.664 0.0000000000
106227  -29.243  27.132  -28.150 0.0000000000
107120  -30.002  28.673  -28.315 0.0000000000
106217  -30.419  27.417  -27.620 0.0000000000
105257  -31.795  26.416  -27.231 0.0000000000
103331  -30.764  24.559  -27.273 0.0000000000
103332  -31.718  24.488  -27.315 0.0000000000
96991  -27.469  17.573  -28.226 0.0000000000
98903  -28.693  19.197  -27.628 0.0000000000
98905  -30.323  19.588  -27.462 0.0000000000
98906  -31.283  19.605  -27.781 0.0000000000
98907  -31.931  19.896  -27.993 0.0000000000
97983  -31.199  17.946  -28.282 0.0000000000
98916  -31.814  19.276  -28.157 0.0000000000
99812  -32.329  20.576  -28.072 0.0000000000
99821  -32.969  20.593  -28.775 0.0000000000
99832  -33.337  20.792  -29.642 0.0000000000
97028  -31.515  18.200  -32.025 0.0000000000
98011  -31.317  18.671  -32.529 0.0000000000
98954  -29.925  18.958  -33.949 0.0000000000
98019  -29.598  18.420  -34.164 0.0000000000
95013  -30.452  15.665  -32.658 0.0000000000
94058  -30.156  14.070  -33.246 0.0000000000
94067  -30.267  15.155  -33.131 0.0000000000
95020  -30.111  15.744  -33.442 0.0000000000
93127  -29.089  14.135  -36.891 0.0000000000
88047  -28.788  8.812  -30.777 0.0000000000
88060  -28.759  8.133  -31.311 0.0000000000
88061  -29.266  8.881  -31.357 0.0000000000
89085  -29.305  9.090  -32.481 0.0000000000
90107  -28.930  10.126  -34.758 0.0000000000
86188  -27.455  6.523  -33.940 0.0000000000
87116  -27.956  7.492  -34.059 0.0000000000
87135  -28.223  7.148  -35.669 0.0000000000
88098  -28.040  7.748  -35.098 0.0000000000
88099  -28.211  8.320  -34.688 0.0000000000
89121  -28.415  9.503  -35.335 0.0000000000
90142  -28.565  10.369  -36.975 0.0000000000
90143  -29.003  10.798  -37.326 0.0000000000
90144  -30.428  9.956  -37.998 0.0000000000
90153  -30.306  10.567  -38.175 0.0000000000
91151  -30.816  11.721  -38.368 0.0000000000
81026  -24.948  0.475  -31.609 0.0000000000
80019  -25.755  0.223  -32.343 0.0000000000
79019  -25.874  -0.454  -32.347 0.0000000000
80020  -26.418  0.307  -32.374 0.0000000000
80021  -26.839  0.542  -32.427 0.0000000000
81022  -27.659  1.235  -32.064 0.0000000000
81023  -28.078  1.787  -32.044 0.0000000000
73778  -23.848  -5.356  -29.930 0.0000000000
73779  -24.319  -5.184  -29.560 0.0000000000
74781  -25.678  -3.940  -29.508 0.0000000000
74816  -24.163  -3.779  -31.084 0.0000000000
76838  -25.758  -2.465  -30.588 0.0000000000
77970  -25.622  -0.862  -32.184 0.0000000000
79020  -26.158  -0.514  -32.270 0.0000000000
82010  -26.703  2.439  -33.113 0.0000000000
82015  -27.515  2.936  -34.018 0.0000000000
83057  -28.898  3.353  -31.526 0.0000000000
83077  -26.267  3.632  -31.232 0.0000000000
83086  -28.858  3.587  -32.311 0.0000000000
83102  -27.924  4.018  -35.113 0.0000000000
84158  -29.514  4.184  -31.712 0.0000000000
84170  -28.767  3.609  -32.531 0.0000000000
84175  -26.852  4.950  -33.205 0.0000000000
84180  -26.678  4.172  -34.007 0.0000000000
84187  -28.014  4.768  -35.293 0.0000000000
85194  -29.647  4.722  -31.909 0.0000000000
85214  -26.714  4.736  -33.697 0.0000000000
86143  -27.358  6.065  -31.378 0.0000000000
86181  -28.020  6.808  -33.052 0.0000000000
86208  -29.542  6.251  -36.183 0.0000000000
86216  -30.217  7.115  -36.570 0.0000000000
86221  -30.135  7.128  -36.870 0.0000000000
86222  -30.211  7.344  -36.805 0.0000000000
87086  -28.364  7.288  -32.059 0.0000000000
87115  -27.692  7.018  -34.550 0.0000000000
87125  -27.924  7.541  -34.705 0.0000000000
87153  -29.727  8.066  -37.075 0.0000000000
87154  -30.063  7.699  -37.000 0.0000000000
87155  -30.266  7.704  -36.606 0.0000000000
88046  -28.132  8.290  -30.598 0.0000000000
88076  -29.441  9.124  -32.001 0.0000000000
88110  -28.126  7.551  -35.349 0.0000000000
89065  -28.393  9.382  -30.301 0.0000000000
89086  -29.599  9.740  -32.406 0.0000000000
89111  -30.805  8.741  -34.938 0.0000000000
89143  -30.359  9.420  -37.477 0.0000000000
89150  -29.089  10.042  -37.880 0.0000000000
89151  -29.543  9.889  -38.031 0.0000000000
89152  -30.078  9.732  -38.066 0.0000000000
90041  -28.381  10.930  -29.514 0.0000000000
90061  -28.819  10.193  -29.964 0.0000000000
90119  -28.844  10.665  -35.389 0.0000000000
90133  -31.006  10.030  -36.358 0.0000000000
91069  -30.299  11.966  -31.445 0.0000000000
91097  -30.166  11.650  -34.211 0.0000000000
91110  -29.803  11.711  -35.057 0.0000000000
91111  -30.128  11.972  -35.031 0.0000000000
91129  -28.791  11.016  -36.397 0.0000000000
92088  -29.984  12.344  -30.060 0.0000000000
92100  -30.314  12.536  -31.695 0.0000000000
92116  -30.154  12.173  -34.880 0.0000000000
92127  -30.007  12.220  -35.071 0.0000000000
92136  -29.237  13.530  -36.562 0.0000000000
92143  -29.279  13.563  -36.809 0.0000000000
92159  -30.400  12.635  -38.377 0.0000000000
93128  -29.296  13.637  -37.032 0.0000000000
94017  -29.147  14.866  -28.424 0.0000000000
94074  -28.988  15.470  -35.218 0.0000000000
94976  -29.639  15.520  -28.625 0.0000000000
94985  -29.797  14.977  -28.970 0.0000000000
95981  -30.612  16.162  -29.161 0.0000000000
96983  -29.372  18.076  -27.517 0.0000000000
97004  -31.726  17.560  -29.489 0.0000000000
97018  -32.317  18.333  -31.007 0.0000000000
97971  -29.074  18.762  -27.550 0.0000000000
97973  -30.926  18.523  -27.742 0.0000000000
97982  -28.465  18.691  -27.651 0.0000000000
97984  -31.808  18.481  -28.661 0.0000000000
97993  -32.025  18.150  -29.417 0.0000000000
97999  -32.576  18.788  -30.681 0.0000000000
98003  -31.840  18.716  -31.849 0.0000000000
98020  -30.240  18.444  -33.538 0.0000000000
98915  -28.640  20.190  -27.815 0.0000000000
98917  -32.379  19.593  -28.486 0.0000000000
98932  -33.257  20.150  -30.397 0.0000000000
98937  -32.219  19.192  -31.677 0.0000000000
99809  -29.821  20.544  -27.550 0.0000000000
99811  -31.608  20.582  -27.737 0.0000000000
99822  -33.236  21.175  -29.088 0.0000000000
99831  -33.162  20.208  -29.307 0.0000000000
100707  -29.475  21.347  -27.763 0.0000000000
100727  -33.480  21.731  -29.299 0.0000000000
101617  -33.062  22.182  -28.252 0.0000000000
102490  -29.285  23.362  -28.102 0.0000000000
102497  -28.139  23.463  -29.454 0.0000000000
103355  -27.870  24.743  -30.077 0.0000000000
105255  -29.918  26.502  -27.694 0.0000000000
105265  -28.612  26.403  -28.673 0.0000000000
105284  -27.937  25.863  -30.052 0.0000000000
105296  -24.693  26.834  -32.947 0.0000000000
105328  -24.732  27.295  -33.762 0.0000000000
105329  -24.827  27.082  -33.702 0.0000000000
106228  -29.837  27.822  -28.090 0.0000000000
106237  -27.647  26.969  -30.137 0.0000000000
106285  -24.652  27.678  -33.689 0.0000000000
107110  -30.353  28.190  -27.905 0.0000000000
107130  -28.203  28.485  -29.330 0.0000000000
107179  -24.754  29.068  -34.529 0.0000000000
107180  -24.906  29.168  -34.629 0.0000000000
108047  -24.988  29.383  -34.742 0.0000000000
