#!ascii label  , from subject 3367 vox2ras=TkReg
1037
47676  7.416  -32.253  50.635 0.0000000000
49020  5.499  -30.801  35.486 0.0000000000
41835  3.161  -36.177  48.868 0.0000000000
53165  2.453  -28.433  48.194 0.0000000000
56190  7.709  -24.787  44.817 0.0000000000
43081  5.391  -34.547  51.619 0.0000000000
48733  4.724  -30.545  53.345 0.0000000000
45492  11.404  -32.946  48.960 0.0000000000
41832  7.833  -35.525  49.582 0.0000000000
38285  4.497  -38.350  48.069 0.0000000000
56061  5.479  -24.140  53.375 0.0000000000
55155  3.723  -26.909  46.462 0.0000000000
59405  6.367  -21.337  50.458 0.0000000000
41897  0.531  -37.616  44.611 0.0000000000
46665  0.428  -33.423  43.462 0.0000000000
47689  3.334  -32.101  49.329 0.0000000000
54091  4.382  -27.049  54.024 0.0000000000
51106  3.080  -29.860  41.975 0.0000000000
55232  2.318  -27.002  39.173 0.0000000000
56290  4.739  -25.600  36.997 0.0000000000
59502  8.554  -20.946  42.240 0.0000000000
46584  6.829  -33.089  51.796 0.0000000000
47659  6.215  -31.689  52.747 0.0000000000
47673  9.579  -32.800  49.349 0.0000000000
43096  9.003  -34.172  49.614 0.0000000000
45483  7.769  -34.098  50.810 0.0000000000
43093  6.819  -35.269  51.336 0.0000000000
58307  5.854  -22.364  52.407 0.0000000000
41862  0.857  -37.228  47.771 0.0000000000
45504  2.350  -34.463  47.324 0.0000000000
45494  3.383  -34.138  49.248 0.0000000000
52008  6.687  -27.758  55.612 0.0000000000
52020  4.438  -28.518  54.223 0.0000000000
39438  3.725  -37.340  48.938 0.0000000000
37022  3.067  -39.450  46.883 0.0000000000
39472  1.769  -38.399  47.738 0.0000000000
39508  0.465  -39.163  45.805 0.0000000000
49976  2.572  -30.902  45.709 0.0000000000
48914  1.821  -31.560  42.198 0.0000000000
52117  1.909  -29.090  44.541 0.0000000000
55166  5.898  -25.870  45.831 0.0000000000
56202  3.554  -26.879  42.925 0.0000000000
56199  4.976  -25.757  42.483 0.0000000000
56256  3.819  -25.896  39.096 0.0000000000
56226  6.129  -24.965  40.855 0.0000000000
41815  3.944  -35.509  51.477 0.0000000000
45482  3.692  -33.781  51.841 0.0000000000
45469  4.968  -32.636  52.798 0.0000000000
49851  6.506  -29.047  54.320 0.0000000000
45501  13.269  -32.176  47.581 0.0000000000
44370  12.343  -32.901  45.672 0.0000000000
44346  11.482  -33.677  47.505 0.0000000000
43134  8.299  -35.028  47.816 0.0000000000
40644  5.787  -37.093  48.942 0.0000000000
39431  5.033  -36.396  50.482 0.0000000000
55103  3.497  -27.010  50.990 0.0000000000
54161  2.731  -27.551  46.848 0.0000000000
56103  4.736  -25.502  50.466 0.0000000000
56143  6.299  -24.863  48.933 0.0000000000
57219  8.036  -23.512  47.632 0.0000000000
48814  9.106  -30.973  48.637 0.0000000000
46612  17.016  -30.663  47.160 0.0000000000
48767  17.229  -30.267  49.025 0.0000000000
48771  13.292  -30.783  48.339 0.0000000000
48792  11.674  -31.322  48.255 0.0000000000
40769  0.754  -38.426  42.884 0.0000000000
43215  1.981  -37.008  41.959 0.0000000000
44409  0.536  -35.476  44.486 0.0000000000
47713  2.254  -32.595  46.329 0.0000000000
49942  2.916  -30.556  48.176 0.0000000000
47671  3.320  -32.184  51.271 0.0000000000
51004  2.907  -29.409  51.134 0.0000000000
53129  2.943  -27.952  51.446 0.0000000000
56051  4.974  -25.597  53.664 0.0000000000
45658  2.964  -34.687  41.470 0.0000000000
46756  3.987  -33.431  39.410 0.0000000000
50092  3.665  -30.283  38.820 0.0000000000
54186  2.375  -28.135  44.163 0.0000000000
53224  1.978  -28.105  40.807 0.0000000000
52211  3.241  -28.153  37.267 0.0000000000
54263  2.375  -26.617  36.802 0.0000000000
56326  2.843  -25.938  35.797 0.0000000000
60598  5.864  -19.962  49.175 0.0000000000
58366  8.017  -21.103  46.488 0.0000000000
59473  6.561  -20.413  44.774 0.0000000000
57264  9.015  -23.319  43.391 0.0000000000
56250  8.884  -24.644  40.138 0.0000000000
47669  7.161  -32.441  51.194 0.0000000000
47670  6.730  -31.720  51.798 0.0000000000
48753  7.104  -30.852  51.241 0.0000000000
47688  8.568  -32.514  49.739 0.0000000000
45488  8.249  -33.630  50.265 0.0000000000
46594  7.832  -32.934  50.468 0.0000000000
45484  7.442  -33.964  51.256 0.0000000000
47903  4.768  -32.492  33.316 0.0000000000
50170  5.092  -30.277  34.330 0.0000000000
41848  1.478  -36.999  48.293 0.0000000000
43115  2.270  -36.132  48.240 0.0000000000
44329  3.239  -34.844  49.802 0.0000000000
45560  13.945  -31.686  45.245 0.0000000000
40619  3.475  -36.743  48.980 0.0000000000
39455  2.791  -38.028  48.017 0.0000000000
40631  1.843  -37.588  48.200 0.0000000000
40645  1.076  -38.075  48.152 0.0000000000
51042  2.731  -29.775  47.501 0.0000000000
51049  2.292  -29.865  45.216 0.0000000000
52108  2.559  -29.020  46.729 0.0000000000
55179  6.528  -25.610  45.020 0.0000000000
55191  4.701  -25.930  43.268 0.0000000000
55189  6.453  -25.594  43.936 0.0000000000
56212  5.198  -25.579  41.606 0.0000000000
55199  7.398  -25.292  43.389 0.0000000000
43088  5.039  -34.976  51.713 0.0000000000
44313  4.184  -34.117  52.041 0.0000000000
44308  5.085  -33.818  51.758 0.0000000000
49857  6.780  -29.729  53.712 0.0000000000
52018  7.618  -27.767  54.717 0.0000000000
45496  12.421  -32.499  48.233 0.0000000000
45502  12.456  -32.921  47.468 0.0000000000
45497  11.747  -33.216  48.305 0.0000000000
43101  8.703  -34.713  49.503 0.0000000000
43113  8.952  -34.767  48.873 0.0000000000
43126  8.333  -35.060  48.527 0.0000000000
40642  6.992  -36.198  49.548 0.0000000000
43086  6.146  -35.023  51.491 0.0000000000
41819  5.910  -35.926  51.198 0.0000000000
41812  5.397  -35.539  51.506 0.0000000000
40606  4.618  -36.134  51.278 0.0000000000
56077  4.728  -25.427  52.537 0.0000000000
56104  4.061  -26.145  50.440 0.0000000000
56090  5.419  -24.895  51.714 0.0000000000
59392  5.882  -21.608  51.725 0.0000000000
57183  6.583  -23.527  50.901 0.0000000000
58334  6.859  -22.582  50.455 0.0000000000
56121  7.295  -24.123  49.026 0.0000000000
59417  7.140  -21.731  49.451 0.0000000000
47683  14.039  -31.028  48.369 0.0000000000
40758  0.434  -38.233  43.466 0.0000000000
43173  0.728  -36.687  43.903 0.0000000000
43163  0.754  -36.572  45.108 0.0000000000
46611  2.946  -33.373  47.452 0.0000000000
46617  2.233  -33.485  46.868 0.0000000000
47704  3.259  -32.194  47.631 0.0000000000
48816  3.122  -31.256  47.725 0.0000000000
48798  3.307  -31.180  48.959 0.0000000000
47661  4.133  -32.059  53.031 0.0000000000
46587  3.533  -33.098  51.628 0.0000000000
48736  4.054  -30.900  52.708 0.0000000000
53096  4.282  -27.810  54.086 0.0000000000
50978  3.486  -29.411  52.516 0.0000000000
53111  3.558  -28.055  52.809 0.0000000000
52058  2.963  -28.616  51.454 0.0000000000
54108  3.626  -27.383  52.661 0.0000000000
55066  3.748  -26.836  52.615 0.0000000000
55050  4.364  -26.541  53.626 0.0000000000
44371  11.475  -33.392  45.974 0.0000000000
44389  11.686  -32.885  45.264 0.0000000000
39480  4.795  -38.303  47.863 0.0000000000
39507  4.237  -38.706  46.158 0.0000000000
38300  4.113  -38.484  47.307 0.0000000000
37038  2.535  -39.965  46.256 0.0000000000
35810  3.067  -40.305  45.861 0.0000000000
40701  0.264  -38.585  45.645 0.0000000000
40722  0.109  -38.462  44.962 0.0000000000
45607  0.870  -34.499  42.563 0.0000000000
44452  1.890  -35.421  41.948 0.0000000000
46703  1.260  -33.688  42.322 0.0000000000
50033  2.678  -30.840  42.069 0.0000000000
47805  2.701  -32.604  41.096 0.0000000000
48953  3.056  -31.383  40.807 0.0000000000
47842  3.908  -31.802  38.837 0.0000000000
50071  3.176  -30.267  40.346 0.0000000000
55144  3.252  -27.139  47.318 0.0000000000
54170  2.637  -27.615  45.845 0.0000000000
55170  2.937  -27.482  45.228 0.0000000000
56231  3.423  -26.804  41.228 0.0000000000
55214  2.672  -27.436  41.303 0.0000000000
54211  1.760  -27.278  40.048 0.0000000000
52183  2.332  -28.382  39.197 0.0000000000
53249  2.170  -27.445  38.575 0.0000000000
52227  2.946  -27.502  36.877 0.0000000000
55243  2.318  -27.078  38.222 0.0000000000
56273  4.079  -25.587  38.101 0.0000000000
57337  3.043  -25.748  36.592 0.0000000000
57335  3.883  -25.466  36.893 0.0000000000
60585  4.734  -19.484  48.579 0.0000000000
59432  6.798  -20.489  47.769 0.0000000000
59433  6.057  -19.812  47.192 0.0000000000
59504  5.888  -20.230  42.659 0.0000000000
59503  7.731  -20.701  42.969 0.0000000000
58402  8.467  -21.393  44.066 0.0000000000
58410  9.248  -22.139  42.619 0.0000000000
56223  9.342  -23.953  42.098 0.0000000000
58424  9.655  -22.653  41.253 0.0000000000
45471  6.474  -33.776  51.796 0.0000000000
45472  5.961  -33.432  52.171 0.0000000000
46585  6.480  -32.637  52.177 0.0000000000
46599  10.887  -32.546  49.008 0.0000000000
44327  10.099  -33.733  49.279 0.0000000000
45487  8.934  -33.465  49.789 0.0000000000
44322  8.498  -34.046  50.129 0.0000000000
43098  7.938  -35.108  50.575 0.0000000000
41824  7.188  -35.606  50.523 0.0000000000
44318  7.274  -34.843  51.355 0.0000000000
44312  6.822  -34.786  51.583 0.0000000000
58290  5.586  -22.326  54.353 0.0000000000
57162  5.608  -23.502  52.961 0.0000000000
58298  5.570  -22.304  53.304 0.0000000000
59368  5.452  -21.098  53.092 0.0000000000
60555  5.026  -20.356  51.873 0.0000000000
41871  0.702  -37.411  46.823 0.0000000000
43150  0.799  -36.486  46.227 0.0000000000
43135  0.908  -36.348  47.241 0.0000000000
44348  2.478  -35.487  47.746 0.0000000000
46596  3.398  -33.142  49.743 0.0000000000
50961  5.726  -28.770  54.993 0.0000000000
49859  4.352  -29.945  53.526 0.0000000000
52014  5.558  -28.011  55.131 0.0000000000
53092  5.481  -27.530  54.940 0.0000000000
54089  5.438  -26.387  54.728 0.0000000000
55048  5.285  -25.938  54.474 0.0000000000
38272  4.029  -38.259  48.464 0.0000000000
38301  3.871  -38.765  46.913 0.0000000000
38273  3.613  -38.283  48.136 0.0000000000
38304  2.416  -39.062  47.167 0.0000000000
38305  1.882  -39.010  47.035 0.0000000000
37054  1.654  -40.224  45.727 0.0000000000
39481  1.309  -38.685  47.248 0.0000000000
40663  0.816  -38.184  47.243 0.0000000000
48863  2.002  -31.449  44.904 0.0000000000
48895  1.151  -31.689  43.048 0.0000000000
48879  2.257  -31.141  44.112 0.0000000000
51077  2.580  -30.290  43.559 0.0000000000
51076  2.565  -29.748  43.214 0.0000000000
55153  5.219  -25.984  46.684 0.0000000000
55183  3.436  -27.148  44.472 0.0000000000
55181  4.690  -26.151  44.328 0.0000000000
56201  3.949  -26.395  42.764 0.0000000000
56230  3.888  -26.290  41.002 0.0000000000
56257  3.371  -26.213  38.969 0.0000000000
56241  3.968  -25.812  40.080 0.0000000000
56239  5.159  -25.417  40.121 0.0000000000
56253  5.690  -25.267  39.405 0.0000000000
59527  7.721  -20.409  41.658 0.0000000000
59550  9.510  -21.431  40.303 0.0000000000
59573  8.933  -20.395  39.935 0.0000000000
41822  3.621  -35.636  50.653 0.0000000000
44324  3.506  -34.624  50.711 0.0000000000
44319  3.905  -34.761  51.669 0.0000000000
45476  3.885  -33.436  52.671 0.0000000000
47656  4.894  -31.391  53.054 0.0000000000
46575  5.515  -32.445  52.727 0.0000000000
48730  5.772  -30.472  53.477 0.0000000000
48726  5.501  -29.825  53.882 0.0000000000
50959  6.752  -28.149  55.066 0.0000000000
46616  14.138  -31.691  46.708 0.0000000000
45525  13.538  -32.113  46.079 0.0000000000
45514  12.883  -32.730  46.532 0.0000000000
44335  10.375  -34.034  48.702 0.0000000000
43124  9.782  -34.324  47.831 0.0000000000
43147  9.493  -34.328  46.850 0.0000000000
40662  5.708  -37.281  48.085 0.0000000000
39468  5.392  -37.405  49.221 0.0000000000
41825  6.680  -35.903  50.586 0.0000000000
39450  5.670  -37.124  49.871 0.0000000000
39451  5.135  -37.611  49.496 0.0000000000
39433  4.500  -36.770  49.917 0.0000000000
40613  3.902  -36.393  50.576 0.0000000000
54134  2.443  -27.406  50.097 0.0000000000
54162  2.535  -27.973  47.506 0.0000000000
55119  2.986  -27.149  49.701 0.0000000000
56146  3.847  -26.322  48.792 0.0000000000
56145  4.438  -25.923  48.713 0.0000000000
56089  6.135  -24.367  51.098 0.0000000000
56124  5.143  -25.551  49.246 0.0000000000
55130  5.540  -25.575  48.419 0.0000000000
55140  6.092  -25.455  47.841 0.0000000000
56173  6.993  -25.288  46.820 0.0000000000
56172  7.541  -24.574  46.412 0.0000000000
48776  8.040  -31.345  49.623 0.0000000000
46620  15.520  -31.322  46.227 0.0000000000
48765  18.974  -29.806  48.609 0.0000000000
48747  18.416  -29.465  48.892 0.0000000000
48790  17.945  -30.213  48.234 0.0000000000
47692  16.917  -30.593  48.316 0.0000000000
47702  16.111  -30.534  47.813 0.0000000000
46609  14.698  -31.107  47.228 0.0000000000
46597  13.191  -31.514  48.285 0.0000000000
47684  12.741  -31.472  48.328 0.0000000000
48791  12.477  -30.914  48.219 0.0000000000
47685  11.579  -32.019  48.732 0.0000000000
48793  10.790  -31.613  48.532 0.0000000000
48794  9.839  -31.598  48.667 0.0000000000
44423  0.715  -35.345  43.292 0.0000000000
45565  0.286  -34.382  43.945 0.0000000000
44392  0.657  -35.442  45.626 0.0000000000
45543  0.454  -34.373  45.032 0.0000000000
47718  1.615  -32.409  45.659 0.0000000000
48841  2.881  -31.781  46.329 0.0000000000
49953  3.004  -30.627  47.274 0.0000000000
52090  2.443  -28.976  48.865 0.0000000000
45489  3.363  -33.922  50.776 0.0000000000
46595  3.372  -33.202  50.521 0.0000000000
47678  3.347  -32.116  50.229 0.0000000000
49863  3.748  -30.147  52.639 0.0000000000
49878  3.195  -30.220  51.527 0.0000000000
48755  3.296  -30.912  50.496 0.0000000000
51015  2.580  -29.429  50.222 0.0000000000
52070  2.198  -28.790  50.427 0.0000000000
53147  1.881  -28.280  50.057 0.0000000000
55092  3.382  -27.192  51.436 0.0000000000
56078  4.151  -26.009  52.610 0.0000000000
56062  5.196  -24.832  53.520 0.0000000000
56045  5.370  -25.040  54.767 0.0000000000
57145  5.424  -24.234  54.564 0.0000000000
57150  5.496  -23.626  53.933 0.0000000000
38335  4.070  -39.476  44.623 0.0000000000
37035  3.395  -39.624  46.065 0.0000000000
47788  1.945  -32.873  41.963 0.0000000000
46738  3.068  -33.651  40.982 0.0000000000
49003  4.605  -30.745  37.208 0.0000000000
53184  2.425  -28.373  45.965 0.0000000000
53187  2.122  -28.383  44.890 0.0000000000
52142  2.755  -29.049  42.560 0.0000000000
55192  3.133  -27.906  43.632 0.0000000000
54195  2.733  -27.967  42.082 0.0000000000
52157  2.776  -28.810  41.409 0.0000000000
51132  2.853  -29.255  39.806 0.0000000000
50112  3.710  -29.750  37.990 0.0000000000
50151  4.237  -29.746  35.961 0.0000000000
51208  3.662  -28.817  36.070 0.0000000000
55253  2.681  -26.260  37.210 0.0000000000
56313  2.558  -26.085  36.248 0.0000000000
60556  4.860  -19.711  51.453 0.0000000000
61797  4.719  -19.141  50.963 0.0000000000
60597  6.081  -20.542  49.824 0.0000000000
59418  6.652  -20.662  49.054 0.0000000000
58353  8.181  -22.475  47.477 0.0000000000
57232  8.212  -23.042  46.181 0.0000000000
59461  6.666  -20.348  45.734 0.0000000000
58392  8.535  -22.353  44.713 0.0000000000
56189  8.275  -24.341  44.425 0.0000000000
55210  7.801  -25.010  42.183 0.0000000000
55229  7.524  -25.309  40.065 0.0000000000
56270  6.606  -25.549  38.933 0.0000000000
57316  7.968  -25.114  38.270 0.0000000000
48740  7.084  -31.957  50.900 0.0000000000
48752  7.488  -31.686  50.369 0.0000000000
48751  8.200  -32.348  49.866 0.0000000000
47675  7.984  -32.641  50.126 0.0000000000
47668  7.667  -32.855  50.729 0.0000000000
46589  7.591  -33.222  51.016 0.0000000000
49030  5.733  -31.658  34.558 0.0000000000
49043  5.331  -31.717  33.762 0.0000000000
49044  4.977  -31.280  33.447 0.0000000000
49031  5.432  -30.849  34.385 0.0000000000
41836  2.332  -36.623  48.368 0.0000000000
43104  2.912  -35.720  48.894 0.0000000000
46621  14.743  -31.492  45.924 0.0000000000
46630  14.612  -31.537  45.325 0.0000000000
40630  2.672  -37.243  48.408 0.0000000000
52100  2.520  -29.029  47.813 0.0000000000
55178  7.155  -25.213  45.264 0.0000000000
55188  7.199  -25.271  44.398 0.0000000000
55200  6.607  -25.600  42.770 0.0000000000
43082  4.795  -34.432  51.688 0.0000000000
44307  5.697  -33.998  51.765 0.0000000000
45491  12.079  -32.512  48.634 0.0000000000
43102  8.289  -35.247  49.978 0.0000000000
43114  8.335  -35.158  49.226 0.0000000000
41846  7.778  -35.464  48.820 0.0000000000
41847  7.386  -35.915  49.181 0.0000000000
41833  7.307  -35.788  49.915 0.0000000000
43080  5.906  -34.668  51.613 0.0000000000
41811  5.840  -35.452  51.359 0.0000000000
43087  5.652  -35.076  51.559 0.0000000000
41813  4.826  -35.612  51.630 0.0000000000
56091  4.374  -25.836  51.499 0.0000000000
56076  5.381  -24.525  52.821 0.0000000000
59393  5.557  -20.900  51.330 0.0000000000
58333  7.173  -22.625  49.679 0.0000000000
41912  0.517  -37.703  43.837 0.0000000000
46606  3.151  -32.970  48.120 0.0000000000
47697  3.288  -31.968  48.423 0.0000000000
47696  3.188  -31.451  48.220 0.0000000000
47658  4.206  -31.483  52.886 0.0000000000
47662  3.817  -31.937  52.761 0.0000000000
48734  4.382  -30.727  53.018 0.0000000000
53099  3.979  -27.556  53.779 0.0000000000
53100  3.726  -27.921  53.389 0.0000000000
54095  3.681  -27.599  53.092 0.0000000000
54094  3.871  -27.154  53.386 0.0000000000
54107  3.808  -26.989  53.012 0.0000000000
55049  4.884  -26.337  53.991 0.0000000000
35812  2.814  -40.242  46.063 0.0000000000
41885  0.542  -37.674  45.702 0.0000000000
40741  0.178  -38.400  44.095 0.0000000000
45588  0.545  -34.240  43.153 0.0000000000
45624  1.451  -34.603  42.193 0.0000000000
46684  0.681  -33.527  42.718 0.0000000000
51107  2.795  -30.335  42.507 0.0000000000
50051  2.943  -30.612  41.302 0.0000000000
48970  3.374  -31.037  39.806 0.0000000000
55156  3.021  -27.236  46.172 0.0000000000
55222  2.890  -26.895  40.614 0.0000000000
55223  2.314  -27.011  40.277 0.0000000000
54223  2.067  -27.230  39.017 0.0000000000
54237  2.178  -27.111  38.438 0.0000000000
56272  4.688  -25.610  38.076 0.0000000000
57317  4.268  -25.530  37.317 0.0000000000
61809  4.534  -19.206  49.250 0.0000000000
61820  4.267  -19.375  48.271 0.0000000000
59420  5.268  -19.686  47.533 0.0000000000
60600  4.579  -19.604  47.701 0.0000000000
58411  8.749  -21.555  43.394 0.0000000000
58409  9.636  -22.852  41.946 0.0000000000
45470  6.792  -34.206  51.592 0.0000000000
45479  6.563  -33.302  51.916 0.0000000000
48741  6.878  -31.248  51.549 0.0000000000
47686  10.173  -32.497  49.100 0.0000000000
46600  9.928  -32.780  49.264 0.0000000000
44316  7.981  -34.168  50.589 0.0000000000
43097  8.423  -34.686  50.146 0.0000000000
44323  7.988  -34.603  50.621 0.0000000000
43091  7.559  -34.975  50.961 0.0000000000
44317  7.814  -34.474  50.802 0.0000000000
45485  7.194  -33.520  51.489 0.0000000000
45477  7.122  -34.308  51.503 0.0000000000
45478  6.918  -33.952  51.602 0.0000000000
44305  6.614  -34.431  51.610 0.0000000000
60544  5.238  -20.166  53.558 0.0000000000
60548  5.034  -20.351  52.737 0.0000000000
60545  4.833  -19.707  53.075 0.0000000000
43127  1.499  -36.295  47.856 0.0000000000
44336  3.012  -35.183  48.691 0.0000000000
45498  3.065  -34.164  48.180 0.0000000000
50956  5.975  -28.464  55.235 0.0000000000
50962  5.357  -28.726  54.832 0.0000000000
52009  6.222  -27.858  55.538 0.0000000000
54079  6.187  -26.987  55.648 0.0000000000
54085  5.845  -26.651  55.236 0.0000000000
55044  6.066  -25.654  55.542 0.0000000000
39453  3.911  -37.941  48.754 0.0000000000
39454  3.436  -37.929  48.326 0.0000000000
39471  2.286  -38.342  47.664 0.0000000000
38289  2.678  -38.646  47.592 0.0000000000
38290  2.168  -38.677  47.428 0.0000000000
38315  1.456  -39.387  46.476 0.0000000000
48864  2.319  -30.934  44.448 0.0000000000
49991  2.482  -30.595  44.161 0.0000000000
51059  2.445  -29.911  44.117 0.0000000000
51094  2.624  -30.272  42.985 0.0000000000
55167  5.013  -26.238  45.602 0.0000000000
56200  4.443  -26.070  42.612 0.0000000000
56214  4.218  -26.227  41.841 0.0000000000
56213  4.644  -25.872  41.736 0.0000000000
55212  5.803  -25.325  41.430 0.0000000000
56227  5.422  -25.228  40.870 0.0000000000
56254  4.928  -25.504  39.219 0.0000000000
56238  5.790  -24.984  40.172 0.0000000000
59528  6.334  -19.967  41.836 0.0000000000
59552  6.482  -19.826  40.824 0.0000000000
59551  8.117  -20.153  40.598 0.0000000000
43095  3.705  -35.185  50.988 0.0000000000
43094  3.854  -35.161  51.436 0.0000000000
45474  4.815  -33.182  52.521 0.0000000000
45480  3.973  -33.864  52.348 0.0000000000
46581  4.403  -32.869  52.939 0.0000000000
46578  4.307  -32.344  53.028 0.0000000000
46577  4.700  -32.317  52.936 0.0000000000
46579  6.242  -32.844  52.309 0.0000000000
46580  5.853  -32.620  52.584 0.0000000000
48729  6.216  -30.187  53.496 0.0000000000
48731  5.397  -30.621  53.439 0.0000000000
48724  6.154  -29.449  54.097 0.0000000000
49852  6.109  -29.049  54.664 0.0000000000
49850  6.788  -28.560  54.592 0.0000000000
46610  14.071  -31.725  47.116 0.0000000000
45513  13.621  -32.092  46.747 0.0000000000
45503  11.725  -33.390  47.889 0.0000000000
44345  12.127  -33.252  46.882 0.0000000000
43100  9.486  -34.333  49.117 0.0000000000
43125  9.009  -34.666  48.207 0.0000000000
43112  9.714  -34.411  48.495 0.0000000000
43133  9.108  -34.551  47.513 0.0000000000
43132  9.798  -34.279  47.304 0.0000000000
43148  8.496  -34.985  46.933 0.0000000000
41883  7.534  -35.644  46.997 0.0000000000
40643  6.500  -36.650  49.302 0.0000000000
39479  5.317  -37.805  48.443 0.0000000000
41817  6.997  -35.472  50.963 0.0000000000
41818  6.517  -35.653  50.982 0.0000000000
40609  5.855  -36.300  50.821 0.0000000000
40615  6.045  -36.739  50.367 0.0000000000
40616  5.704  -36.617  50.472 0.0000000000
39435  5.346  -36.801  50.098 0.0000000000
39436  4.858  -37.030  49.468 0.0000000000
39432  4.830  -36.586  50.235 0.0000000000
41814  4.217  -35.728  51.503 0.0000000000
40612  4.283  -36.468  50.672 0.0000000000
41821  3.938  -36.049  51.110 0.0000000000
41826  3.732  -36.287  50.430 0.0000000000
55104  3.105  -27.226  50.539 0.0000000000
56106  3.217  -26.986  50.083 0.0000000000
56126  3.716  -26.391  49.672 0.0000000000
56125  4.208  -25.840  49.544 0.0000000000
57161  5.825  -23.037  52.617 0.0000000000
57171  6.151  -23.579  52.075 0.0000000000
56101  6.413  -24.432  50.183 0.0000000000
56123  5.983  -25.038  49.306 0.0000000000
55118  5.707  -25.301  48.885 0.0000000000
55141  5.362  -25.871  47.651 0.0000000000
55128  6.324  -25.019  48.456 0.0000000000
57210  7.667  -23.420  48.546 0.0000000000
56141  7.415  -24.331  48.141 0.0000000000
56156  7.540  -24.515  47.229 0.0000000000
48795  8.805  -31.299  48.919 0.0000000000
49927  8.379  -30.652  48.960 0.0000000000
49940  8.763  -30.563  48.655 0.0000000000
47712  17.380  -30.562  46.672 0.0000000000
46627  16.737  -30.677  46.376 0.0000000000
46618  16.868  -30.658  46.915 0.0000000000
46619  16.217  -30.873  46.557 0.0000000000
48749  16.812  -29.984  49.379 0.0000000000
48748  17.535  -29.763  49.103 0.0000000000
48766  17.882  -30.014  48.512 0.0000000000
47679  17.419  -30.322  48.651 0.0000000000
47691  17.636  -30.373  48.309 0.0000000000
47680  17.035  -30.530  48.776 0.0000000000
47693  16.092  -30.614  48.002 0.0000000000
46608  15.628  -30.545  47.498 0.0000000000
46602  15.328  -30.454  47.784 0.0000000000
49923  12.181  -30.720  48.095 0.0000000000
48772  12.139  -31.436  48.336 0.0000000000
48773  11.091  -31.881  48.697 0.0000000000
48813  9.474  -31.089  48.557 0.0000000000
48775  8.752  -32.081  49.412 0.0000000000
40778  1.127  -38.674  42.213 0.0000000000
41945  1.317  -37.691  42.454 0.0000000000
43182  0.983  -36.569  42.844 0.0000000000
44374  0.939  -35.384  46.640 0.0000000000
46622  1.483  -33.384  46.281 0.0000000000
46631  0.827  -33.278  45.452 0.0000000000
51034  2.712  -29.692  48.520 0.0000000000
45486  3.508  -33.898  51.323 0.0000000000
47667  3.394  -32.111  51.927 0.0000000000
46591  3.401  -33.201  51.103 0.0000000000
47677  3.341  -32.538  50.819 0.0000000000
47672  3.297  -31.808  50.781 0.0000000000
50967  4.363  -29.259  53.971 0.0000000000
49862  3.987  -30.055  53.061 0.0000000000
50970  3.993  -29.354  53.620 0.0000000000
50993  3.216  -29.437  51.809 0.0000000000
49895  3.067  -30.058  50.981 0.0000000000
48754  3.166  -30.585  50.902 0.0000000000
49896  3.039  -29.956  50.565 0.0000000000
51005  2.654  -29.372  50.673 0.0000000000
53130  2.338  -28.116  51.138 0.0000000000
52059  2.386  -28.739  50.912 0.0000000000
53139  1.886  -28.229  50.718 0.0000000000
54125  1.934  -27.777  50.974 0.0000000000
54124  2.607  -27.565  51.022 0.0000000000
56052  4.439  -26.130  53.380 0.0000000000
56079  3.882  -26.467  52.522 0.0000000000
56063  4.561  -25.717  53.143 0.0000000000
45526  13.002  -32.669  45.878 0.0000000000
45540  13.557  -32.156  45.521 0.0000000000
45541  12.990  -32.630  45.304 0.0000000000
39525  4.186  -38.815  45.525 0.0000000000
38302  3.275  -39.075  46.968 0.0000000000
37021  3.079  -39.551  46.745 0.0000000000
39568  0.964  -39.258  42.794 0.0000000000
45641  2.467  -34.916  41.797 0.0000000000
44468  2.535  -35.736  41.480 0.0000000000
44484  3.259  -35.701  40.804 0.0000000000
47773  1.099  -32.639  42.368 0.0000000000
47804  3.270  -32.801  40.540 0.0000000000
46757  3.531  -33.527  40.194 0.0000000000
45676  3.775  -34.512  39.773 0.0000000000
48969  3.738  -31.226  39.059 0.0000000000
47841  4.460  -32.149  38.476 0.0000000000
48985  4.789  -31.456  37.692 0.0000000000
48986  4.161  -30.783  38.052 0.0000000000
54153  2.854  -27.580  48.015 0.0000000000
54171  2.472  -27.928  46.386 0.0000000000
54180  2.633  -27.722  45.319 0.0000000000
54181  2.471  -27.953  45.215 0.0000000000
53190  2.083  -28.390  43.841 0.0000000000
53198  2.609  -28.389  42.930 0.0000000000
56193  3.486  -27.283  43.719 0.0000000000
56203  3.385  -27.454  43.150 0.0000000000
54202  2.272  -27.558  41.074 0.0000000000
53210  2.523  -28.206  41.854 0.0000000000
52171  2.426  -28.669  40.286 0.0000000000
52196  3.057  -28.466  38.033 0.0000000000
51150  3.317  -29.337  38.440 0.0000000000
51168  3.445  -28.953  37.602 0.0000000000
50133  3.931  -29.587  36.969 0.0000000000
51187  3.512  -28.661  36.875 0.0000000000
51207  3.896  -29.261  35.933 0.0000000000
53271  2.535  -27.026  36.373 0.0000000000
53287  2.587  -27.202  35.355 0.0000000000
55242  2.725  -26.611  38.009 0.0000000000
56275  3.154  -26.160  38.146 0.0000000000
57358  3.180  -25.789  36.187 0.0000000000
56312  2.832  -25.901  36.434 0.0000000000
56327  2.408  -25.757  35.539 0.0000000000
56341  2.391  -25.726  34.730 0.0000000000
62938  4.435  -18.703  50.883 0.0000000000
61808  4.863  -19.308  50.089 0.0000000000
60570  5.085  -19.710  50.520 0.0000000000
60583  5.572  -20.208  50.120 0.0000000000
59445  7.686  -20.975  47.132 0.0000000000
59444  8.038  -21.750  47.514 0.0000000000
58365  8.218  -21.956  46.654 0.0000000000
59474  5.640  -20.177  44.303 0.0000000000
59463  5.129  -19.874  44.838 0.0000000000
59462  5.913  -19.985  45.252 0.0000000000
59447  6.038  -19.830  46.222 0.0000000000
58401  8.862  -22.387  43.793 0.0000000000
58393  8.301  -21.292  45.012 0.0000000000
57259  8.607  -23.454  44.375 0.0000000000
56197  8.572  -24.196  43.709 0.0000000000
56211  8.169  -24.697  43.100 0.0000000000
56210  8.919  -24.182  42.872 0.0000000000
56236  8.881  -24.522  41.002 0.0000000000
55219  8.316  -24.931  41.446 0.0000000000
55228  8.322  -25.131  40.594 0.0000000000
55240  7.070  -25.431  39.478 0.0000000000
56269  7.797  -25.215  39.053 0.0000000000
58437  9.668  -22.959  40.155 0.0000000000
46590  7.193  -33.056  51.518 0.0000000000
47664  6.943  -32.712  51.664 0.0000000000
47687  9.092  -32.550  49.433 0.0000000000
47674  9.000  -32.807  49.566 0.0000000000
46593  8.150  -33.137  50.215 0.0000000000
46588  7.783  -33.612  50.720 0.0000000000
50171  4.738  -30.018  33.754 0.0000000000
51241  4.284  -29.161  34.693 0.0000000000
39439  3.220  -37.468  48.486 0.0000000000
39456  2.221  -37.953  47.979 0.0000000000
51045  2.681  -29.960  46.391 0.0000000000
52114  2.406  -29.014  45.604 0.0000000000
55180  5.643  -25.883  44.679 0.0000000000
55190  5.488  -25.723  43.387 0.0000000000
55201  5.761  -25.627  42.202 0.0000000000
55211  6.641  -25.332  41.576 0.0000000000
43090  4.043  -35.070  51.656 0.0000000000
43089  4.424  -34.864  51.772 0.0000000000
44309  4.504  -33.855  51.983 0.0000000000
48735  6.512  -30.756  52.909 0.0000000000
49860  7.121  -29.117  53.747 0.0000000000
49856  6.994  -28.782  54.176 0.0000000000
50965  7.457  -28.222  54.389 0.0000000000
45495  13.098  -32.086  47.998 0.0000000000
44334  11.213  -33.753  48.249 0.0000000000
40660  7.000  -36.402  48.961 0.0000000000
41810  6.355  -35.356  51.303 0.0000000000
40604  5.628  -35.929  51.176 0.0000000000
40605  5.158  -36.028  51.271 0.0000000000
40611  4.886  -36.299  50.799 0.0000000000
55090  4.064  -26.211  51.705 0.0000000000
56092  3.953  -26.459  51.056 0.0000000000
59378  5.631  -21.675  52.287 0.0000000000
58321  6.424  -22.461  51.421 0.0000000000
57198  6.988  -23.617  49.876 0.0000000000
56142  6.639  -24.800  48.550 0.0000000000
57197  7.365  -23.278  49.225 0.0000000000
58344  7.516  -22.528  48.909 0.0000000000
47707  17.388  -30.637  47.362 0.0000000000
47694  14.875  -30.444  47.968 0.0000000000
48770  14.525  -30.344  48.569 0.0000000000
49910  13.977  -30.137  48.705 0.0000000000
49924  11.287  -31.015  48.006 0.0000000000
41929  0.773  -37.550  43.189 0.0000000000
45515  1.528  -34.419  46.799 0.0000000000
47709  3.063  -32.615  46.803 0.0000000000
48815  3.071  -31.141  48.137 0.0000000000
49929  3.138  -30.318  49.116 0.0000000000
46583  3.747  -32.934  52.600 0.0000000000
46586  3.652  -33.056  52.139 0.0000000000
47666  3.595  -32.385  52.403 0.0000000000
47663  3.516  -31.722  52.338 0.0000000000
52021  4.111  -28.336  53.937 0.0000000000
52024  3.819  -28.619  53.601 0.0000000000
52034  3.566  -28.663  53.002 0.0000000000
52046  3.360  -28.692  52.293 0.0000000000
53119  3.320  -28.016  52.089 0.0000000000
54117  3.350  -27.485  51.828 0.0000000000
55054  3.999  -26.611  53.177 0.0000000000
56047  4.792  -26.067  53.723 0.0000000000
44388  12.427  -32.750  45.344 0.0000000000
39491  5.115  -37.907  47.513 0.0000000000
39492  4.429  -38.316  46.953 0.0000000000
38312  4.008  -38.841  46.358 0.0000000000
39526  -0.004  -39.153  45.229 0.0000000000
39555  0.305  -39.049  43.471 0.0000000000
44436  1.301  -35.591  42.425 0.0000000000
44451  2.079  -36.246  41.694 0.0000000000
45642  2.137  -34.623  42.169 0.0000000000
50034  2.372  -30.739  42.629 0.0000000000
48934  2.512  -31.665  41.562 0.0000000000
47825  3.360  -32.011  40.502 0.0000000000
47824  3.647  -32.282  39.703 0.0000000000
55171  2.700  -27.790  44.923 0.0000000000
56216  3.411  -27.157  42.258 0.0000000000
55202  3.216  -27.769  42.703 0.0000000000
55213  3.129  -27.397  41.664 0.0000000000
53238  1.921  -27.852  39.628 0.0000000000
52197  2.506  -28.042  38.266 0.0000000000
52212  2.876  -27.785  37.642 0.0000000000
53259  2.523  -27.217  37.533 0.0000000000
54250  2.310  -26.843  37.892 0.0000000000
56292  3.444  -25.674  37.420 0.0000000000
56291  3.841  -25.545  37.579 0.0000000000
57357  3.663  -25.606  36.124 0.0000000000
60584  5.165  -19.611  49.432 0.0000000000
59419  6.015  -19.896  48.183 0.0000000000
59446  6.796  -20.281  46.708 0.0000000000
59485  6.421  -20.252  43.724 0.0000000000
59484  7.507  -20.730  44.315 0.0000000000
57270  9.306  -23.408  42.749 0.0000000000
56209  9.266  -23.929  42.401 0.0000000000
57269  9.498  -23.360  42.206 0.0000000000
57280  9.370  -23.825  41.355 0.0000000000
57290  9.385  -23.823  40.566 0.0000000000
44306  6.148  -34.173  51.763 0.0000000000
47665  6.613  -32.028  52.050 0.0000000000
48738  6.636  -30.988  52.377 0.0000000000
45493  9.925  -33.130  49.397 0.0000000000
44321  9.251  -33.678  49.659 0.0000000000
46592  9.088  -33.080  49.665 0.0000000000
41823  7.712  -35.484  50.309 0.0000000000
41816  7.426  -35.307  50.825 0.0000000000
43092  7.183  -35.164  51.249 0.0000000000
44310  7.277  -34.513  51.386 0.0000000000
43084  7.027  -34.940  51.543 0.0000000000
43085  6.640  -35.020  51.516 0.0000000000
43079  6.381  -34.759  51.580 0.0000000000
58308  5.565  -21.683  52.695 0.0000000000
59379  5.381  -21.100  52.266 0.0000000000
44361  1.552  -35.414  47.337 0.0000000000
46601  3.382  -33.109  48.829 0.0000000000
48728  4.935  -30.096  53.803 0.0000000000
49858  4.671  -29.755  53.892 0.0000000000
49855  4.905  -29.596  54.205 0.0000000000
50963  4.891  -28.984  54.547 0.0000000000
52019  4.735  -28.629  54.470 0.0000000000
53087  5.807  -27.284  55.712 0.0000000000
53088  5.906  -27.444  55.413 0.0000000000
52016  4.742  -28.214  54.484 0.0000000000
53093  4.963  -27.724  54.587 0.0000000000
54087  4.733  -27.371  54.341 0.0000000000
54090  5.037  -26.692  54.307 0.0000000000
55045  5.606  -25.719  55.056 0.0000000000
38271  4.212  -38.207  48.631 0.0000000000
38286  4.223  -38.336  48.235 0.0000000000
38287  3.702  -38.470  47.742 0.0000000000
38288  3.224  -38.650  47.589 0.0000000000
38274  2.962  -38.246  48.170 0.0000000000
38303  2.917  -39.129  47.210 0.0000000000
37023  2.723  -39.518  46.778 0.0000000000
37024  2.292  -39.406  46.719 0.0000000000
37039  1.955  -39.684  46.337 0.0000000000
39493  0.916  -38.964  46.552 0.0000000000
40680  0.531  -38.373  46.363 0.0000000000
47741  0.720  -32.424  43.787 0.0000000000
47757  0.532  -32.643  42.963 0.0000000000
48878  1.538  -31.658  44.017 0.0000000000
48896  1.991  -31.179  43.518 0.0000000000
49990  2.303  -30.574  44.743 0.0000000000
50006  2.449  -30.705  43.750 0.0000000000
50020  2.345  -30.678  43.237 0.0000000000
51093  2.867  -29.846  42.689 0.0000000000
55154  4.473  -26.453  46.600 0.0000000000
55169  3.462  -26.976  45.378 0.0000000000
55168  4.185  -26.592  45.467 0.0000000000
55182  3.890  -26.584  44.461 0.0000000000
56192  3.743  -26.732  43.639 0.0000000000
56191  4.215  -26.273  43.507 0.0000000000
56215  3.748  -26.622  42.002 0.0000000000
55231  2.848  -26.635  39.332 0.0000000000
56242  3.377  -26.267  40.066 0.0000000000
56228  4.802  -25.542  40.915 0.0000000000
56240  4.510  -25.602  40.087 0.0000000000
56255  4.284  -25.596  39.124 0.0000000000
56271  5.591  -25.555  38.441 0.0000000000
59526  9.032  -21.093  41.495 0.0000000000
49019  5.926  -31.545  35.556 0.0000000000
43103  3.241  -35.535  49.728 0.0000000000
43099  3.470  -35.350  50.419 0.0000000000
44320  3.757  -34.481  51.520 0.0000000000
44315  3.817  -34.091  51.913 0.0000000000
44314  3.978  -34.349  51.887 0.0000000000
45481  3.780  -33.704  52.255 0.0000000000
46582  3.993  -32.793  53.019 0.0000000000
47657  4.484  -31.572  52.968 0.0000000000
45473  5.418  -33.358  52.178 0.0000000000
45467  5.613  -32.953  52.455 0.0000000000
47653  5.996  -31.053  53.284 0.0000000000
47654  5.699  -31.645  53.057 0.0000000000
46576  5.173  -32.098  52.931 0.0000000000
47655  5.243  -31.274  53.149 0.0000000000
48732  5.061  -30.626  53.413 0.0000000000
48727  5.165  -30.009  53.860 0.0000000000
49853  5.677  -29.233  54.566 0.0000000000
49848  6.069  -28.727  55.045 0.0000000000
50954  6.834  -28.003  55.378 0.0000000000
50958  7.116  -28.106  54.807 0.0000000000
46615  14.641  -31.427  46.570 0.0000000000
45524  14.083  -31.599  46.229 0.0000000000
45512  14.139  -31.641  46.464 0.0000000000
44358  12.251  -33.136  46.258 0.0000000000
44372  10.396  -34.035  46.433 0.0000000000
44326  10.995  -33.565  48.751 0.0000000000
44347  10.583  -34.184  48.042 0.0000000000
43146  10.075  -34.201  46.974 0.0000000000
44373  9.644  -34.180  46.384 0.0000000000
41882  7.909  -35.348  47.472 0.0000000000
39469  4.832  -38.123  48.679 0.0000000000
41834  6.942  -35.878  50.213 0.0000000000
40628  6.806  -36.397  49.771 0.0000000000
40608  6.238  -36.161  50.741 0.0000000000
40614  6.338  -36.455  50.358 0.0000000000
40629  6.101  -36.964  49.789 0.0000000000
39470  4.505  -38.191  48.650 0.0000000000
39452  4.444  -37.976  48.916 0.0000000000
39437  4.255  -37.193  49.348 0.0000000000
40617  4.225  -36.773  49.965 0.0000000000
40618  3.887  -36.642  49.881 0.0000000000
41827  3.447  -36.082  50.065 0.0000000000
54145  2.050  -27.790  49.603 0.0000000000
54154  2.371  -27.923  48.622 0.0000000000
54144  2.607  -27.452  49.130 0.0000000000
56127  3.373  -26.808  49.626 0.0000000000
56147  3.560  -26.615  49.192 0.0000000000
55132  3.377  -26.956  48.674 0.0000000000
55131  3.733  -26.595  48.431 0.0000000000
55143  3.976  -26.535  47.810 0.0000000000
56160  4.564  -26.205  48.120 0.0000000000
57172  5.720  -24.169  52.474 0.0000000000
56102  5.657  -25.030  50.352 0.0000000000
56144  4.968  -25.959  48.331 0.0000000000
55142  4.720  -26.159  47.465 0.0000000000
55152  6.187  -25.593  46.906 0.0000000000
56157  6.771  -25.123  47.688 0.0000000000
56174  6.535  -25.372  47.207 0.0000000000
55151  6.648  -25.487  46.598 0.0000000000
55165  6.851  -25.448  46.014 0.0000000000
55164  7.171  -25.177  45.654 0.0000000000
56182  7.477  -24.798  45.680 0.0000000000
51024  7.971  -29.883  49.127 0.0000000000
47700  17.570  -30.554  47.944 0.0000000000
47708  16.920  -30.633  47.408 0.0000000000
46613  16.410  -30.624  47.217 0.0000000000
46614  15.492  -30.851  46.805 0.0000000000
47695  14.341  -30.958  47.996 0.0000000000
46604  13.661  -31.526  47.882 0.0000000000
46605  12.918  -32.073  48.218 0.0000000000
46598  12.324  -32.099  48.514 0.0000000000
49922  13.053  -30.356  48.316 0.0000000000
48774  9.996  -32.158  48.952 0.0000000000
43198  1.618  -36.720  42.418 0.0000000000
46645  0.517  -33.347  44.409 0.0000000000
45527  0.863  -34.357  46.049 0.0000000000
47726  1.078  -32.314  44.753 0.0000000000
48851  2.353  -31.871  45.766 0.0000000000
49964  2.972  -30.930  46.573 0.0000000000
48829  3.207  -31.544  47.064 0.0000000000
44328  3.247  -34.924  50.043 0.0000000000
45490  3.402  -33.982  50.143 0.0000000000
48737  3.682  -31.018  52.385 0.0000000000
48739  3.311  -31.071  51.989 0.0000000000
50971  3.695  -29.372  53.130 0.0000000000
49866  3.431  -30.222  52.122 0.0000000000
48742  3.209  -31.060  51.401 0.0000000000
48743  3.218  -31.289  50.992 0.0000000000
48777  3.385  -31.049  49.742 0.0000000000
49913  3.205  -30.026  50.044 0.0000000000
51025  2.700  -29.542  49.494 0.0000000000
52081  2.274  -28.875  49.776 0.0000000000
53156  2.160  -28.361  49.220 0.0000000000
55080  3.529  -27.096  52.043 0.0000000000
55079  3.670  -26.809  52.082 0.0000000000
55078  3.923  -26.357  52.109 0.0000000000
56046  5.171  -25.654  54.116 0.0000000000
56050  5.277  -24.962  54.172 0.0000000000
57151  5.393  -24.419  54.108 0.0000000000
49912  7.521  -30.453  50.389 0.0000000000
45539  13.992  -31.555  45.714 0.0000000000
45561  13.595  -32.149  44.928 0.0000000000
45542  12.480  -32.661  45.091 0.0000000000
38313  3.592  -39.223  46.399 0.0000000000
38323  3.690  -39.359  45.956 0.0000000000
37050  3.623  -39.626  45.305 0.0000000000
43234  2.486  -36.991  41.502 0.0000000000
46722  1.869  -33.923  42.452 0.0000000000
46739  2.436  -33.818  41.733 0.0000000000
45677  3.453  -34.595  40.595 0.0000000000
44499  4.078  -35.500  39.378 0.0000000000
46776  4.311  -33.017  38.885 0.0000000000
53175  2.486  -28.428  47.080 0.0000000000
52127  2.076  -29.089  43.415 0.0000000000
55184  3.124  -27.709  44.345 0.0000000000
55185  2.680  -27.968  44.313 0.0000000000
55193  2.866  -28.171  43.427 0.0000000000
54188  2.700  -28.287  43.195 0.0000000000
51120  2.982  -29.551  40.869 0.0000000000
50093  3.285  -29.805  39.363 0.0000000000
51151  2.806  -28.916  38.813 0.0000000000
49004  4.347  -30.303  37.233 0.0000000000
50132  4.432  -30.210  36.716 0.0000000000
50150  4.815  -30.422  36.183 0.0000000000
50161  4.951  -30.219  35.250 0.0000000000
51226  4.049  -29.184  35.476 0.0000000000
55254  2.480  -26.468  37.121 0.0000000000
56293  2.893  -25.875  37.147 0.0000000000
56294  2.650  -26.051  36.802 0.0000000000
55266  2.339  -26.247  36.089 0.0000000000
54288  2.302  -26.499  34.872 0.0000000000
60549  4.715  -19.631  52.381 0.0000000000
60569  5.274  -20.262  51.000 0.0000000000
59406  5.725  -20.667  50.642 0.0000000000
58354  7.940  -22.588  48.172 0.0000000000
59431  7.532  -21.553  48.267 0.0000000000
57218  8.322  -22.989  46.921 0.0000000000
57247  8.005  -23.965  45.912 0.0000000000
56181  8.210  -24.176  45.141 0.0000000000
59460  7.472  -20.700  46.197 0.0000000000
59472  7.442  -20.734  45.308 0.0000000000
58378  8.276  -22.209  45.623 0.0000000000
57246  8.407  -23.232  45.352 0.0000000000
56198  7.940  -24.844  43.977 0.0000000000
55209  8.326  -24.812  41.863 0.0000000000
55220  7.586  -25.239  41.077 0.0000000000
55221  6.848  -25.112  40.607 0.0000000000
55230  6.811  -25.164  39.879 0.0000000000
55241  6.683  -25.345  39.478 0.0000000000
56268  8.651  -24.732  39.382 0.0000000000
56287  7.352  -25.437  38.237 0.0000000000
56289  5.477  -25.631  37.376 0.0000000000
35820  2.657  -40.619  45.672 0.0000000000
37051  3.425  -39.837  45.535 0.0000000000
38314  3.451  -39.180  46.663 0.0000000000
39434  5.736  -36.877  50.224 0.0000000000
40607  4.272  -36.192  51.250 0.0000000000
40610  5.385  -36.302  50.745 0.0000000000
40627  6.951  -35.998  49.911 0.0000000000
41820  4.033  -36.165  51.201 0.0000000000
43083  4.426  -34.344  51.841 0.0000000000
43216  1.792  -36.173  42.063 0.0000000000
44304  6.787  -34.551  51.755 0.0000000000
44311  7.102  -34.696  51.526 0.0000000000
44325  3.415  -34.355  50.416 0.0000000000
44469  2.227  -35.151  41.855 0.0000000000
45468  5.228  -32.815  52.614 0.0000000000
45475  4.235  -33.508  52.607 0.0000000000
45659  2.489  -34.479  41.828 0.0000000000
46607  16.250  -30.576  47.606 0.0000000000
47660  6.047  -32.220  52.716 0.0000000000
47690  18.083  -30.332  48.077 0.0000000000
47703  3.203  -31.590  47.996 0.0000000000
47823  3.982  -32.537  39.033 0.0000000000
48725  5.880  -29.617  53.949 0.0000000000
48796  8.230  -31.006  49.308 0.0000000000
48797  3.185  -31.191  48.434 0.0000000000
48915  1.913  -31.108  42.912 0.0000000000
48984  5.091  -31.763  37.463 0.0000000000
49018  6.040  -32.267  35.335 0.0000000000
49029  5.969  -31.988  34.947 0.0000000000
49849  6.177  -29.110  54.980 0.0000000000
49854  5.239  -29.423  54.377 0.0000000000
49893  7.570  -30.922  50.237 0.0000000000
49926  8.874  -30.837  48.700 0.0000000000
49928  3.156  -30.762  48.611 0.0000000000
49939  9.266  -30.540  48.375 0.0000000000
49941  3.079  -30.879  48.326 0.0000000000
50131  4.765  -30.595  36.766 0.0000000000
50152  3.881  -29.338  36.227 0.0000000000
50162  4.664  -29.648  34.968 0.0000000000
50955  6.342  -28.297  55.223 0.0000000000
50957  5.717  -28.384  55.161 0.0000000000
50960  6.387  -28.620  54.847 0.0000000000
50964  7.726  -27.858  54.528 0.0000000000
50966  4.642  -29.143  54.281 0.0000000000
50968  7.974  -27.949  54.251 0.0000000000
51033  8.564  -30.159  48.606 0.0000000000
51060  2.606  -30.370  43.907 0.0000000000
51227  3.780  -28.622  35.111 0.0000000000
52007  7.216  -27.933  55.577 0.0000000000
52010  5.894  -27.936  55.446 0.0000000000
52015  4.795  -28.033  54.649 0.0000000000
52017  7.907  -27.522  54.756 0.0000000000
52023  4.129  -28.807  53.916 0.0000000000
53085  6.886  -27.381  55.866 0.0000000000
53094  4.610  -27.927  54.356 0.0000000000
53097  3.947  -28.018  53.783 0.0000000000
54086  5.289  -27.063  54.648 0.0000000000
54135  1.932  -27.731  50.433 0.0000000000
54277  2.282  -26.503  35.780 0.0000000000
55067  3.578  -27.171  52.290 0.0000000000
55077  4.201  -25.981  52.094 0.0000000000
55089  4.184  -26.010  51.815 0.0000000000
55091  3.726  -26.726  51.505 0.0000000000
55117  5.924  -25.141  48.928 0.0000000000
55129  6.078  -25.160  48.604 0.0000000000
55139  6.360  -25.128  48.227 0.0000000000
55203  2.949  -27.971  42.327 0.0000000000
56064  4.072  -26.260  52.919 0.0000000000
56093  3.683  -26.798  50.989 0.0000000000
56105  3.554  -26.752  50.424 0.0000000000
56122  6.629  -24.520  49.329 0.0000000000
56158  6.362  -25.392  47.399 0.0000000000
56159  4.928  -26.159  47.897 0.0000000000
56161  4.201  -26.209  48.365 0.0000000000
56183  7.237  -25.051  46.233 0.0000000000
56194  3.328  -27.635  43.731 0.0000000000
56224  8.886  -24.474  41.963 0.0000000000
56225  8.452  -24.621  42.525 0.0000000000
56229  4.275  -25.805  40.965 0.0000000000
56237  6.391  -24.955  40.215 0.0000000000
56251  8.288  -25.128  39.815 0.0000000000
56252  6.330  -25.153  39.653 0.0000000000
56274  3.645  -25.848  38.191 0.0000000000
57233  8.015  -23.813  46.697 0.0000000000
57279  9.399  -23.827  41.831 0.0000000000
57318  4.039  -25.487  37.437 0.0000000000
57336  3.328  -25.606  36.710 0.0000000000
58297  5.659  -22.781  52.840 0.0000000000
58379  8.112  -21.238  45.879 0.0000000000
58423  9.564  -23.319  41.683 0.0000000000
59404  6.916  -22.046  50.030 0.0000000000
59430  7.970  -22.076  47.879 0.0000000000
59448  5.305  -19.683  45.776 0.0000000000
60582  5.935  -20.667  50.269 0.0000000000
60599  5.238  -19.666  48.404 0.0000000000
61798  4.518  -18.943  50.251 0.0000000000
