#!ascii label  , from subject 3367 vox2ras=TkReg
961
43117  25.457  -36.383  47.636 0.0000000000
64187  44.161  -17.968  38.472 0.0000000000
70666  47.588  -12.081  34.793 0.0000000000
54238  46.095  -26.903  36.791 0.0000000000
44399  32.330  -36.746  43.192 0.0000000000
39511  29.514  -38.979  44.584 0.0000000000
67523  46.575  -15.064  38.207 0.0000000000
63044  51.583  -18.422  39.961 0.0000000000
52159  42.893  -28.805  39.699 0.0000000000
44412  36.945  -35.229  42.175 0.0000000000
78606  51.204  -4.060  30.949 0.0000000000
134619  45.916  -7.339  33.926 0.0000000000
57274  43.073  -22.873  40.925 0.0000000000
58442  48.021  -21.251  38.892 0.0000000000
44383  29.227  -36.260  44.886 0.0000000000
41878  27.373  -37.134  46.434 0.0000000000
65244  45.787  -16.451  38.848 0.0000000000
67461  49.232  -14.650  42.002 0.0000000000
64118  48.402  -17.905  42.798 0.0000000000
45678  42.417  -33.444  36.749 0.0000000000
40725  33.420  -37.699  43.220 0.0000000000
44397  34.604  -35.569  43.437 0.0000000000
40761  35.618  -37.435  41.526 0.0000000000
77624  49.960  -4.586  30.690 0.0000000000
76527  51.231  -6.413  32.967 0.0000000000
76552  49.348  -5.592  33.011 0.0000000000
70674  45.139  -11.673  34.414 0.0000000000
73449  44.291  -9.361  32.565 0.0000000000
72467  46.254  -9.732  34.721 0.0000000000
72485  47.224  -9.567  33.876 0.0000000000
70687  48.678  -12.040  32.976 0.0000000000
53241  44.654  -28.212  37.834 0.0000000000
54189  43.510  -26.229  40.300 0.0000000000
55234  44.592  -25.559  37.621 0.0000000000
58474  44.219  -22.522  36.635 0.0000000000
56302  46.737  -24.297  36.234 0.0000000000
57322  48.987  -22.208  37.383 0.0000000000
55268  47.730  -25.161  35.552 0.0000000000
41873  31.614  -37.657  43.872 0.0000000000
68687  44.924  -13.797  34.512 0.0000000000
67568  47.318  -13.661  37.222 0.0000000000
134601  50.203  -14.220  39.194 0.0000000000
65242  50.623  -16.618  39.220 0.0000000000
46646  39.779  -32.199  41.130 0.0000000000
46685  41.942  -32.130  39.734 0.0000000000
48955  43.781  -31.153  37.880 0.0000000000
51170  45.062  -29.654  36.093 0.0000000000
52259  45.988  -27.951  34.180 0.0000000000
47730  37.820  -32.598  42.472 0.0000000000
44438  38.893  -35.216  40.489 0.0000000000
76591  51.959  -5.288  30.112 0.0000000000
76583  47.211  -6.195  31.634 0.0000000000
74383  48.121  -7.230  34.459 0.0000000000
72512  46.733  -9.874  31.347 0.0000000000
60671  47.110  -20.146  41.224 0.0000000000
59535  50.007  -21.507  40.364 0.0000000000
56297  52.240  -23.998  36.782 0.0000000000
40646  25.640  -37.286  47.577 0.0000000000
43129  26.649  -36.696  47.192 0.0000000000
40688  26.479  -37.990  46.568 0.0000000000
65245  45.259  -17.031  39.208 0.0000000000
64156  48.020  -17.930  40.243 0.0000000000
64147  46.988  -18.634  40.139 0.0000000000
39544  34.336  -37.975  42.152 0.0000000000
77625  49.285  -5.072  30.498 0.0000000000
77617  49.572  -5.174  31.140 0.0000000000
76581  48.823  -5.549  31.181 0.0000000000
134605  46.807  -11.791  35.054 0.0000000000
134617  45.539  -10.708  34.729 0.0000000000
71580  46.843  -11.012  34.702 0.0000000000
70673  47.553  -11.795  34.295 0.0000000000
53240  45.244  -27.399  37.656 0.0000000000
54212  45.013  -26.462  37.970 0.0000000000
54225  45.439  -26.494  37.460 0.0000000000
55245  45.011  -25.409  36.751 0.0000000000
54253  46.242  -25.866  36.487 0.0000000000
55256  46.985  -25.249  36.132 0.0000000000
54251  47.173  -26.211  35.991 0.0000000000
44363  30.158  -36.625  44.598 0.0000000000
40684  30.587  -38.045  44.422 0.0000000000
40727  31.759  -38.705  43.711 0.0000000000
66407  45.448  -15.429  35.960 0.0000000000
67598  44.700  -14.448  34.515 0.0000000000
67585  45.217  -14.215  35.001 0.0000000000
68674  45.974  -13.014  35.215 0.0000000000
67548  46.780  -14.361  37.615 0.0000000000
67547  48.259  -14.579  37.916 0.0000000000
67521  48.332  -15.467  38.687 0.0000000000
65218  50.354  -16.365  41.077 0.0000000000
66321  51.003  -15.418  40.669 0.0000000000
64155  51.164  -17.311  40.026 0.0000000000
64170  50.777  -17.974  39.043 0.0000000000
63061  52.038  -19.690  38.315 0.0000000000
45609  40.108  -33.449  40.391 0.0000000000
47760  40.933  -32.081  40.449 0.0000000000
45626  41.117  -33.291  39.293 0.0000000000
46740  43.155  -32.359  37.099 0.0000000000
50094  44.301  -30.439  36.999 0.0000000000
44395  35.743  -35.360  43.106 0.0000000000
46651  36.251  -34.158  42.627 0.0000000000
46634  37.195  -33.790  42.861 0.0000000000
45567  38.324  -33.965  41.401 0.0000000000
44411  37.644  -34.944  41.679 0.0000000000
79584  51.278  -3.165  30.284 0.0000000000
77623  51.918  -4.782  30.621 0.0000000000
74397  50.551  -7.299  33.310 0.0000000000
74418  45.503  -8.180  33.601 0.0000000000
73461  44.636  -8.486  31.659 0.0000000000
74427  45.605  -7.358  32.099 0.0000000000
75473  46.095  -6.883  31.093 0.0000000000
75463  46.177  -6.820  32.087 0.0000000000
75448  47.027  -6.266  33.046 0.0000000000
74384  46.630  -7.381  34.605 0.0000000000
71605  47.050  -10.703  32.401 0.0000000000
72501  47.128  -9.636  33.128 0.0000000000
50007  41.783  -29.825  40.346 0.0000000000
52130  41.865  -28.408  40.646 0.0000000000
56204  43.653  -24.775  40.509 0.0000000000
56207  41.935  -25.304  41.077 0.0000000000
58473  46.142  -21.927  37.523 0.0000000000
59585  44.348  -20.822  38.230 0.0000000000
59561  46.611  -21.019  39.241 0.0000000000
60692  45.527  -20.084  39.910 0.0000000000
58415  47.934  -20.749  40.507 0.0000000000
59512  48.175  -21.131  41.322 0.0000000000
57283  48.765  -22.002  40.113 0.0000000000
57342  48.815  -22.464  36.831 0.0000000000
56279  50.441  -23.284  37.800 0.0000000000
57341  49.330  -22.228  37.155 0.0000000000
57362  51.248  -22.590  37.094 0.0000000000
43141  28.422  -36.921  45.806 0.0000000000
40685  28.675  -38.066  45.565 0.0000000000
38326  28.829  -39.257  44.182 0.0000000000
39494  27.991  -38.494  45.675 0.0000000000
66373  46.355  -15.675  38.530 0.0000000000
67490  48.677  -15.379  40.319 0.0000000000
66338  48.317  -16.315  40.062 0.0000000000
65205  48.999  -16.558  42.028 0.0000000000
63028  49.959  -18.314  41.322 0.0000000000
44378  33.154  -36.693  43.411 0.0000000000
44398  33.961  -35.980  43.054 0.0000000000
43152  34.457  -36.454  43.556 0.0000000000
41915  35.268  -36.840  42.633 0.0000000000
41913  36.415  -36.416  41.811 0.0000000000
41931  37.050  -36.630  41.067 0.0000000000
40770  36.805  -37.461  40.499 0.0000000000
78607  50.981  -3.915  30.827 0.0000000000
77598  50.924  -5.701  32.132 0.0000000000
77600  50.394  -5.437  31.920 0.0000000000
76529  50.211  -5.916  33.589 0.0000000000
75413  49.842  -6.558  34.053 0.0000000000
70682  44.326  -11.625  33.465 0.0000000000
72503  44.300  -10.392  33.378 0.0000000000
74399  45.402  -9.388  34.409 0.0000000000
73394  46.147  -8.344  34.658 0.0000000000
73393  46.743  -8.486  34.662 0.0000000000
72466  46.949  -9.354  34.260 0.0000000000
70681  47.668  -11.624  33.617 0.0000000000
52158  43.433  -28.679  39.209 0.0000000000
52128  43.039  -27.526  40.086 0.0000000000
53212  44.349  -27.065  38.929 0.0000000000
55204  44.203  -25.556  39.368 0.0000000000
57284  43.712  -24.111  39.261 0.0000000000
57297  43.108  -23.451  38.654 0.0000000000
56263  43.933  -24.692  37.508 0.0000000000
57346  45.750  -23.334  36.377 0.0000000000
57325  47.196  -22.720  37.150 0.0000000000
58454  48.557  -21.972  38.113 0.0000000000
57324  47.555  -22.821  37.088 0.0000000000
56300  48.052  -23.776  36.289 0.0000000000
55267  48.297  -24.322  35.393 0.0000000000
45552  29.217  -35.813  44.108 0.0000000000
45550  30.385  -36.287  43.912 0.0000000000
44379  31.960  -36.921  43.518 0.0000000000
40703  32.768  -37.815  43.664 0.0000000000
39546  32.970  -38.673  42.611 0.0000000000
69708  45.025  -12.291  34.254 0.0000000000
68685  45.843  -11.909  34.869 0.0000000000
134606  47.214  -12.245  35.367 0.0000000000
69689  48.405  -13.545  36.886 0.0000000000
67567  48.993  -15.378  37.900 0.0000000000
134598  50.504  -15.321  38.444 0.0000000000
69637  50.197  -13.534  40.183 0.0000000000
67499  51.987  -13.634  39.651 0.0000000000
48867  39.284  -31.561  41.862 0.0000000000
48866  40.019  -31.167  41.546 0.0000000000
48880  41.292  -30.795  40.655 0.0000000000
50035  42.500  -30.509  39.530 0.0000000000
46723  42.575  -32.535  38.496 0.0000000000
48936  42.977  -31.187  38.842 0.0000000000
51122  43.191  -29.787  39.001 0.0000000000
51135  43.949  -29.493  37.839 0.0000000000
52185  44.994  -28.588  37.211 0.0000000000
52199  45.560  -28.532  36.605 0.0000000000
52213  46.342  -28.001  35.718 0.0000000000
51209  45.554  -29.011  35.246 0.0000000000
47719  38.654  -32.714  42.166 0.0000000000
45590  39.260  -33.545  40.899 0.0000000000
44454  39.619  -35.030  39.925 0.0000000000
41962  38.217  -36.099  40.383 0.0000000000
43237  39.243  -36.126  38.985 0.0000000000
77641  52.298  -4.124  28.674 0.0000000000
76594  48.143  -6.096  29.926 0.0000000000
76571  48.300  -5.881  32.062 0.0000000000
75428  48.096  -6.111  33.967 0.0000000000
73407  49.023  -7.599  33.921 0.0000000000
73409  47.596  -8.552  34.222 0.0000000000
73430  47.702  -8.731  33.677 0.0000000000
73447  47.635  -8.705  32.561 0.0000000000
54191  42.215  -26.586  40.608 0.0000000000
61895  44.200  -18.784  40.223 0.0000000000
63046  44.833  -18.066  40.285 0.0000000000
61867  47.032  -19.187  42.837 0.0000000000
61891  49.476  -19.753  41.826 0.0000000000
60687  50.816  -20.235  39.832 0.0000000000
57294  49.641  -22.845  39.096 0.0000000000
58439  51.210  -22.489  39.374 0.0000000000
61937  52.162  -21.385  38.089 0.0000000000
57359  53.650  -22.207  35.952 0.0000000000
53272  47.175  -26.723  35.199 0.0000000000
54289  47.599  -25.655  34.572 0.0000000000
40647  25.160  -37.395  47.609 0.0000000000
41850  25.272  -36.906  47.838 0.0000000000
41849  26.012  -36.961  47.536 0.0000000000
41864  26.522  -37.252  47.231 0.0000000000
64186  44.754  -17.487  38.872 0.0000000000
65233  45.277  -17.226  39.617 0.0000000000
64159  45.257  -17.492  40.026 0.0000000000
76593  48.661  -5.626  30.247 0.0000000000
134608  47.015  -11.596  34.855 0.0000000000
70672  48.565  -12.291  34.651 0.0000000000
53239  45.783  -27.294  37.010 0.0000000000
54224  45.747  -26.915  37.190 0.0000000000
54239  45.961  -26.420  36.869 0.0000000000
55244  45.440  -25.850  36.944 0.0000000000
54252  46.700  -26.449  36.234 0.0000000000
40706  29.962  -38.366  44.697 0.0000000000
41875  29.807  -37.654  44.904 0.0000000000
39510  30.478  -38.955  44.237 0.0000000000
66406  45.962  -14.785  36.509 0.0000000000
66423  45.544  -14.751  35.610 0.0000000000
63027  50.841  -18.060  40.759 0.0000000000
64143  51.004  -17.475  40.481 0.0000000000
63062  51.833  -18.744  38.967 0.0000000000
63043  51.946  -19.037  39.149 0.0000000000
45627  40.481  -33.881  39.680 0.0000000000
45608  40.867  -33.033  39.880 0.0000000000
45645  40.749  -33.840  39.099 0.0000000000
44394  36.555  -35.074  42.599 0.0000000000
45546  35.961  -34.841  43.000 0.0000000000
45545  36.509  -34.555  42.778 0.0000000000
46635  36.554  -34.187  42.806 0.0000000000
44393  37.262  -34.761  42.256 0.0000000000
45568  37.717  -34.185  42.021 0.0000000000
79583  51.448  -3.306  30.404 0.0000000000
79582  51.646  -3.565  30.533 0.0000000000
78605  51.542  -4.352  30.878 0.0000000000
74428  44.995  -7.943  32.017 0.0000000000
74417  45.734  -7.209  32.772 0.0000000000
75449  46.157  -6.848  33.241 0.0000000000
75417  46.376  -7.022  34.185 0.0000000000
70696  47.540  -11.739  31.650 0.0000000000
71612  46.948  -10.984  31.570 0.0000000000
51095  42.300  -29.317  39.979 0.0000000000
51078  41.794  -29.029  40.382 0.0000000000
52144  42.601  -28.424  40.048 0.0000000000
57265  43.515  -23.972  41.083 0.0000000000
57275  42.099  -23.444  41.161 0.0000000000
58456  46.772  -21.920  38.116 0.0000000000
58457  46.322  -21.688  38.062 0.0000000000
59560  47.595  -21.099  39.145 0.0000000000
59537  47.897  -20.018  39.968 0.0000000000
59536  48.411  -20.430  39.647 0.0000000000
57272  48.539  -21.789  40.404 0.0000000000
58441  48.580  -21.529  38.994 0.0000000000
57364  48.631  -22.978  35.999 0.0000000000
57321  49.709  -22.262  37.680 0.0000000000
57363  48.688  -22.324  36.733 0.0000000000
58501  48.649  -22.023  36.800 0.0000000000
43128  27.140  -36.672  46.517 0.0000000000
44366  27.707  -36.556  45.829 0.0000000000
43142  27.708  -36.890  46.127 0.0000000000
41876  28.855  -37.708  45.512 0.0000000000
40686  28.199  -38.175  45.749 0.0000000000
39512  28.265  -38.763  45.316 0.0000000000
39495  27.497  -38.422  45.847 0.0000000000
65271  45.227  -16.734  37.464 0.0000000000
65283  44.872  -16.399  36.193 0.0000000000
65256  45.740  -16.134  38.047 0.0000000000
65270  45.681  -15.878  37.049 0.0000000000
66355  47.298  -16.172  39.051 0.0000000000
66339  47.552  -16.656  39.360 0.0000000000
64134  47.800  -17.335  42.001 0.0000000000
65207  48.388  -16.970  41.322 0.0000000000
64133  48.413  -17.419  42.177 0.0000000000
64131  49.725  -17.673  41.732 0.0000000000
63013  49.233  -18.411  42.180 0.0000000000
41887  33.417  -37.345  43.586 0.0000000000
43153  33.658  -36.791  43.531 0.0000000000
41900  34.101  -37.024  43.305 0.0000000000
39543  34.982  -37.812  41.783 0.0000000000
40723  34.787  -37.087  42.791 0.0000000000
41914  35.790  -36.424  42.431 0.0000000000
40743  35.959  -36.868  41.813 0.0000000000
40760  36.489  -37.036  41.146 0.0000000000
78621  50.406  -3.974  30.240 0.0000000000
78620  50.968  -3.457  30.416 0.0000000000
78608  50.599  -4.141  30.745 0.0000000000
77615  50.795  -4.765  31.435 0.0000000000
77616  50.272  -4.942  31.338 0.0000000000
76570  49.290  -5.553  32.012 0.0000000000
76569  49.911  -5.494  32.263 0.0000000000
76517  49.680  -6.202  34.036 0.0000000000
76530  49.541  -5.828  33.717 0.0000000000
70675  44.769  -11.640  33.947 0.0000000000
71600  44.503  -10.901  33.656 0.0000000000
71593  44.840  -11.027  34.115 0.0000000000
134614  45.879  -10.347  34.855 0.0000000000
134618  45.528  -10.003  34.611 0.0000000000
70688  47.672  -11.546  32.742 0.0000000000
53227  43.936  -28.301  38.723 0.0000000000
53213  43.916  -27.780  39.141 0.0000000000
53226  44.458  -27.727  38.423 0.0000000000
55233  44.918  -26.007  37.798 0.0000000000
55215  44.604  -25.941  38.541 0.0000000000
55225  44.471  -25.628  38.365 0.0000000000
56233  44.059  -24.847  39.101 0.0000000000
56246  44.075  -24.999  38.488 0.0000000000
56247  43.925  -24.730  38.485 0.0000000000
56262  44.143  -25.121  37.865 0.0000000000
56303  45.460  -24.522  36.189 0.0000000000
57345  46.691  -23.259  36.614 0.0000000000
58488  46.258  -22.889  36.761 0.0000000000
56320  47.607  -24.763  35.928 0.0000000000
56301  47.628  -24.089  36.209 0.0000000000
56319  48.172  -23.946  36.020 0.0000000000
45531  28.442  -36.064  44.906 0.0000000000
45530  29.470  -36.116  44.509 0.0000000000
43138  30.958  -37.116  44.147 0.0000000000
44381  30.245  -36.384  44.339 0.0000000000
43156  31.034  -36.908  44.023 0.0000000000
44400  31.104  -36.591  43.503 0.0000000000
43155  31.600  -37.034  43.772 0.0000000000
43136  32.606  -37.452  43.772 0.0000000000
41872  32.447  -37.756  43.705 0.0000000000
69715  44.064  -12.392  33.441 0.0000000000
68695  44.876  -12.793  34.132 0.0000000000
67569  46.718  -13.289  35.926 0.0000000000
134604  46.643  -12.081  35.132 0.0000000000
68661  47.717  -13.172  36.694 0.0000000000
134603  49.606  -15.438  38.804 0.0000000000
134602  50.164  -14.896  38.686 0.0000000000
68586  48.784  -14.210  41.292 0.0000000000
67489  48.985  -14.577  40.471 0.0000000000
68562  49.658  -13.971  41.661 0.0000000000
66336  51.415  -15.309  40.184 0.0000000000
67500  51.669  -14.152  40.177 0.0000000000
66369  52.347  -15.135  39.179 0.0000000000
66388  52.032  -15.062  38.483 0.0000000000
66370  51.525  -15.481  38.785 0.0000000000
47728  39.629  -31.962  41.498 0.0000000000
47727  40.174  -31.623  41.100 0.0000000000
46686  41.321  -32.415  40.079 0.0000000000
47742  41.166  -31.405  40.575 0.0000000000
47759  41.670  -31.716  40.218 0.0000000000
48898  41.656  -30.962  40.348 0.0000000000
47758  42.143  -31.580  39.748 0.0000000000
45643  42.163  -33.154  38.204 0.0000000000
45660  42.376  -33.302  37.440 0.0000000000
47806  43.452  -31.947  37.440 0.0000000000
47807  43.299  -32.057  38.176 0.0000000000
48935  43.445  -31.162  38.413 0.0000000000
50053  42.993  -30.416  39.056 0.0000000000
50052  43.484  -30.666  38.441 0.0000000000
51121  43.541  -29.738  38.469 0.0000000000
50073  43.870  -30.209  37.895 0.0000000000
50113  44.569  -30.269  36.369 0.0000000000
51133  44.828  -29.188  36.969 0.0000000000
51152  45.143  -29.006  36.760 0.0000000000
51169  45.387  -29.101  36.343 0.0000000000
52214  45.888  -28.581  36.053 0.0000000000
51188  45.557  -29.101  35.789 0.0000000000
44413  33.936  -35.995  42.659 0.0000000000
45549  34.237  -35.365  42.892 0.0000000000
48870  36.893  -32.653  42.523 0.0000000000
48883  36.575  -32.516  42.048 0.0000000000
48869  37.466  -32.077  42.347 0.0000000000
48868  38.433  -31.934  42.232 0.0000000000
47720  38.243  -32.798  42.364 0.0000000000
45591  38.781  -34.486  40.747 0.0000000000
45566  38.896  -33.378  41.404 0.0000000000
45610  39.439  -34.377  40.397 0.0000000000
44437  39.267  -34.887  40.318 0.0000000000
41947  37.764  -36.216  40.788 0.0000000000
77632  52.257  -4.412  29.837 0.0000000000
76592  51.656  -5.778  29.465 0.0000000000
76549  51.252  -6.152  32.508 0.0000000000
72514  44.088  -9.955  32.733 0.0000000000
72521  43.868  -10.002  31.526 0.0000000000
73462  44.245  -9.167  31.827 0.0000000000
75472  46.932  -6.411  31.168 0.0000000000
75480  46.794  -6.676  30.182 0.0000000000
75479  47.477  -6.333  30.400 0.0000000000
75471  47.395  -6.256  30.857 0.0000000000
76582  47.811  -6.043  31.061 0.0000000000
76572  47.454  -6.089  32.158 0.0000000000
75429  47.575  -6.322  33.786 0.0000000000
75415  48.178  -6.695  34.347 0.0000000000
74382  48.560  -7.325  34.380 0.0000000000
73392  47.369  -8.169  34.581 0.0000000000
72511  46.918  -9.688  32.152 0.0000000000
72519  47.199  -9.201  31.369 0.0000000000
53191  43.313  -26.915  40.155 0.0000000000
53192  42.898  -27.046  40.420 0.0000000000
54190  42.831  -26.398  40.696 0.0000000000
57309  43.184  -23.420  37.537 0.0000000000
60718  44.171  -20.353  39.143 0.0000000000
60672  46.784  -19.711  40.596 0.0000000000
60673  45.388  -19.453  40.195 0.0000000000
61893  46.405  -19.088  40.322 0.0000000000
63032  45.465  -18.520  40.357 0.0000000000
61880  46.786  -18.896  40.893 0.0000000000
61878  46.929  -19.382  42.137 0.0000000000
58412  49.393  -21.941  41.009 0.0000000000
60670  49.341  -20.685  41.918 0.0000000000
59510  49.638  -21.119  41.091 0.0000000000
60669  49.716  -20.214  41.071 0.0000000000
60688  50.159  -20.649  40.393 0.0000000000
58453  48.740  -21.995  38.017 0.0000000000
57307  49.146  -22.052  38.780 0.0000000000
57306  49.484  -22.213  38.249 0.0000000000
56278  51.411  -24.009  37.544 0.0000000000
56244  51.130  -24.016  38.899 0.0000000000
57304  52.299  -23.459  38.077 0.0000000000
59557  51.969  -21.892  39.144 0.0000000000
58468  52.879  -22.760  37.476 0.0000000000
64233  52.340  -21.477  37.455 0.0000000000
56314  53.608  -23.466  36.276 0.0000000000
58500  51.434  -22.239  36.897 0.0000000000
52228  46.416  -27.904  35.066 0.0000000000
53273  46.713  -27.338  35.376 0.0000000000
52244  46.360  -27.779  34.671 0.0000000000
41863  27.009  -37.173  46.924 0.0000000000
40687  27.027  -37.737  46.383 0.0000000000
40664  26.670  -37.500  46.941 0.0000000000
39482  26.002  -38.205  46.704 0.0000000000
64215  44.613  -17.255  37.129 0.0000000000
65257  45.262  -16.891  38.439 0.0000000000
66340  46.770  -16.715  39.132 0.0000000000
65232  45.932  -16.996  39.460 0.0000000000
64157  47.325  -18.142  39.674 0.0000000000
64135  47.263  -17.970  41.653 0.0000000000
39545  33.606  -38.270  42.475 0.0000000000
40745  34.010  -37.676  42.671 0.0000000000
39559  34.572  -38.301  41.474 0.0000000000
72486  45.162  -11.033  34.482 0.0000000000
134611  45.941  -11.084  34.965 0.0000000000
134610  46.126  -10.699  35.153 0.0000000000
71579  47.190  -10.752  34.323 0.0000000000
53225  44.743  -26.891  38.398 0.0000000000
55257  46.049  -25.249  36.288 0.0000000000
55255  47.281  -25.799  35.940 0.0000000000
43139  30.042  -37.063  44.791 0.0000000000
41874  30.711  -37.588  44.347 0.0000000000
40704  31.941  -38.194  43.756 0.0000000000
40705  31.086  -38.550  44.125 0.0000000000
66424  44.920  -15.309  35.256 0.0000000000
68686  45.315  -13.065  34.629 0.0000000000
67584  45.809  -13.844  35.497 0.0000000000
67501  49.405  -15.160  39.699 0.0000000000
66306  49.882  -15.451  41.586 0.0000000000
67475  50.516  -14.511  41.222 0.0000000000
66322  50.425  -15.434  41.129 0.0000000000
65217  50.811  -16.372  40.524 0.0000000000
65229  51.035  -16.488  39.791 0.0000000000
64169  51.175  -17.866  39.367 0.0000000000
64183  51.570  -19.242  38.260 0.0000000000
61980  52.158  -19.759  37.266 0.0000000000
45589  39.768  -33.105  40.748 0.0000000000
46666  40.073  -32.481  40.729 0.0000000000
46687  40.668  -32.678  40.303 0.0000000000
46705  41.566  -32.685  39.538 0.0000000000
46759  42.858  -32.763  36.859 0.0000000000
48972  43.928  -31.285  37.076 0.0000000000
50072  44.050  -30.529  37.524 0.0000000000
50095  44.266  -30.895  36.593 0.0000000000
50114  44.370  -30.898  36.071 0.0000000000
44396  35.210  -35.385  43.420 0.0000000000
45547  35.144  -34.947  43.261 0.0000000000
47746  35.615  -34.247  41.843 0.0000000000
47733  36.184  -33.897  42.303 0.0000000000
46650  36.740  -33.651  42.829 0.0000000000
47721  37.691  -33.154  42.576 0.0000000000
46633  37.910  -33.544  42.317 0.0000000000
44410  38.239  -34.687  41.118 0.0000000000
44439  38.472  -35.179  40.804 0.0000000000
79596  52.097  -2.722  29.895 0.0000000000
78619  52.105  -3.816  30.354 0.0000000000
75427  50.716  -6.793  33.443 0.0000000000
73448  44.600  -8.894  32.675 0.0000000000
74436  45.503  -7.447  31.044 0.0000000000
75462  46.770  -6.372  32.213 0.0000000000
75430  46.820  -6.631  33.795 0.0000000000
75402  47.350  -7.236  34.693 0.0000000000
71599  47.192  -10.665  33.397 0.0000000000
71606  46.804  -10.370  31.706 0.0000000000
49992  40.906  -30.014  41.229 0.0000000000
55194  43.623  -25.466  40.372 0.0000000000
55196  42.676  -25.663  40.956 0.0000000000
56206  42.377  -24.834  41.262 0.0000000000
56220  41.733  -24.705  41.002 0.0000000000
59613  45.243  -22.255  36.712 0.0000000000
59599  44.435  -21.590  37.109 0.0000000000
59584  45.677  -21.394  38.087 0.0000000000
60717  45.135  -20.408  39.333 0.0000000000
60693  44.135  -19.658  39.888 0.0000000000
59539  45.679  -20.370  39.544 0.0000000000
59514  46.900  -20.062  40.288 0.0000000000
59513  47.466  -20.458  40.827 0.0000000000
59491  47.499  -20.655  41.821 0.0000000000
58414  48.205  -21.419  40.691 0.0000000000
58413  48.671  -21.904  41.048 0.0000000000
58427  49.086  -22.525  40.713 0.0000000000
56280  49.945  -22.472  37.979 0.0000000000
56299  50.271  -22.690  37.641 0.0000000000
56298  51.278  -23.323  37.233 0.0000000000
56316  52.209  -23.544  36.164 0.0000000000
57340  50.487  -22.539  37.507 0.0000000000
45516  28.017  -36.345  45.436 0.0000000000
44365  28.688  -36.476  45.331 0.0000000000
43140  29.271  -36.993  45.321 0.0000000000
41890  29.028  -38.016  45.384 0.0000000000
40707  28.917  -38.289  45.295 0.0000000000
65282  45.554  -15.661  36.410 0.0000000000
67522  47.276  -15.220  38.568 0.0000000000
67503  47.377  -15.722  38.880 0.0000000000
67491  48.283  -15.886  39.793 0.0000000000
66323  48.537  -15.538  41.351 0.0000000000
65219  48.350  -17.154  40.511 0.0000000000
66309  48.510  -16.203  41.487 0.0000000000
66307  49.424  -15.510  41.849 0.0000000000
65204  49.751  -16.454  41.551 0.0000000000
64144  50.493  -17.236  41.206 0.0000000000
61889  50.648  -18.861  40.550 0.0000000000
44485  40.978  -34.089  38.399 0.0000000000
44414  32.780  -36.690  42.832 0.0000000000
44377  34.116  -36.197  43.481 0.0000000000
44376  34.755  -35.881  43.678 0.0000000000
40724  34.360  -37.219  42.909 0.0000000000
43166  34.731  -36.629  43.376 0.0000000000
43165  35.249  -36.206  43.402 0.0000000000
41898  35.464  -36.322  42.942 0.0000000000
43164  35.821  -35.811  42.820 0.0000000000
43174  36.813  -35.787  41.869 0.0000000000
40759  36.750  -36.653  41.270 0.0000000000
40780  37.187  -37.627  39.785 0.0000000000
77614  51.119  -4.964  31.569 0.0000000000
77599  50.646  -5.547  32.048 0.0000000000
76550  50.670  -5.836  32.836 0.0000000000
76551  50.132  -5.603  32.867 0.0000000000
76528  50.728  -6.266  33.381 0.0000000000
75412  50.347  -6.465  33.751 0.0000000000
74380  50.145  -6.955  33.783 0.0000000000
74398  49.848  -7.421  33.627 0.0000000000
71601  44.095  -10.860  33.084 0.0000000000
72513  44.364  -9.510  32.997 0.0000000000
72502  44.718  -9.942  33.911 0.0000000000
134616  46.124  -7.645  34.377 0.0000000000
71592  47.099  -10.661  34.048 0.0000000000
52143  43.275  -28.006  39.661 0.0000000000
53201  43.761  -26.893  39.625 0.0000000000
54196  44.498  -26.279  38.959 0.0000000000
55205  43.933  -25.461  39.876 0.0000000000
56218  43.913  -24.667  39.776 0.0000000000
57273  43.682  -23.845  40.305 0.0000000000
57285  43.268  -23.140  39.763 0.0000000000
57296  43.544  -24.155  38.123 0.0000000000
57326  44.399  -23.398  36.489 0.0000000000
56281  44.422  -25.129  36.954 0.0000000000
56304  45.014  -23.774  36.291 0.0000000000
57347  45.170  -23.132  36.407 0.0000000000
58489  45.737  -22.527  36.774 0.0000000000
58472  46.779  -22.437  37.355 0.0000000000
58455  47.665  -21.782  38.340 0.0000000000
58471  47.689  -22.337  37.569 0.0000000000
58470  48.231  -22.350  37.499 0.0000000000
58469  48.555  -22.325  37.431 0.0000000000
57344  47.491  -23.408  36.623 0.0000000000
57323  47.993  -22.758  37.086 0.0000000000
57365  48.474  -23.131  36.371 0.0000000000
56318  48.421  -23.763  35.655 0.0000000000
44415  31.147  -36.474  42.973 0.0000000000
45573  30.451  -36.166  43.589 0.0000000000
43154  32.884  -36.807  43.802 0.0000000000
40702  33.218  -37.628  43.540 0.0000000000
40726  32.494  -38.316  43.448 0.0000000000
39527  33.294  -38.210  42.851 0.0000000000
69701  45.328  -12.222  34.557 0.0000000000
69700  48.328  -12.713  35.923 0.0000000000
69688  48.746  -13.496  36.332 0.0000000000
68673  48.699  -14.244  37.063 0.0000000000
68584  50.351  -13.748  41.108 0.0000000000
134596  51.255  -12.730  39.958 0.0000000000
134599  50.718  -12.801  39.040 0.0000000000
67519  51.645  -14.297  38.581 0.0000000000
49995  39.022  -30.719  41.738 0.0000000000
49993  40.458  -30.358  41.390 0.0000000000
47743  40.616  -31.719  40.726 0.0000000000
48881  40.810  -31.012  40.914 0.0000000000
50009  40.781  -30.485  41.171 0.0000000000
50022  41.603  -30.402  40.467 0.0000000000
50021  42.076  -30.248  40.007 0.0000000000
51109  42.837  -29.635  39.449 0.0000000000
45644  41.317  -33.562  38.657 0.0000000000
45625  41.829  -32.920  38.901 0.0000000000
46704  42.182  -32.317  39.123 0.0000000000
46741  42.930  -32.660  37.688 0.0000000000
47789  42.825  -31.923  38.745 0.0000000000
47774  42.405  -31.721  39.261 0.0000000000
48916  42.504  -31.060  39.375 0.0000000000
51108  43.345  -29.346  38.962 0.0000000000
52173  43.668  -28.907  38.585 0.0000000000
52172  44.144  -28.492  38.206 0.0000000000
51134  44.362  -29.604  37.312 0.0000000000
52186  44.288  -28.875  37.685 0.0000000000
52184  45.667  -27.869  36.902 0.0000000000
53250  46.195  -27.345  36.580 0.0000000000
53260  46.579  -27.386  36.025 0.0000000000
52198  46.098  -27.991  36.342 0.0000000000
52229  45.970  -28.520  35.422 0.0000000000
52245  45.854  -28.403  34.660 0.0000000000
51210  45.110  -29.417  34.799 0.0000000000
44427  33.148  -36.623  42.271 0.0000000000
45592  34.622  -34.975  42.370 0.0000000000
49996  38.086  -31.145  42.137 0.0000000000
48852  38.841  -32.222  42.152 0.0000000000
46647  39.405  -32.791  41.340 0.0000000000
46648  38.618  -33.220  41.871 0.0000000000
46667  39.623  -32.971  40.936 0.0000000000
45628  39.983  -34.295  40.065 0.0000000000
44453  40.113  -34.496  39.724 0.0000000000
43183  37.639  -35.703  41.328 0.0000000000
43200  38.224  -35.569  40.842 0.0000000000
43199  38.389  -35.842  40.547 0.0000000000
43218  38.978  -35.786  39.917 0.0000000000
44455  39.221  -35.398  40.162 0.0000000000
43217  39.542  -35.456  39.781 0.0000000000
43118  24.694  -36.357  48.040 0.0000000000
76553  48.559  -5.738  32.933 0.0000000000
76554  47.814  -6.028  32.936 0.0000000000
76532  48.122  -5.977  33.522 0.0000000000
76531  48.674  -5.874  33.798 0.0000000000
76518  49.075  -6.148  34.231 0.0000000000
74381  49.472  -7.103  34.143 0.0000000000
74367  47.073  -7.604  34.778 0.0000000000
73391  47.936  -7.782  34.417 0.0000000000
73408  48.257  -8.030  34.141 0.0000000000
73429  48.442  -8.072  33.437 0.0000000000
73460  48.133  -8.374  31.206 0.0000000000
52129  42.365  -27.933  40.373 0.0000000000
53193  42.245  -27.302  40.494 0.0000000000
61907  44.259  -19.285  40.210 0.0000000000
63063  43.782  -18.479  39.341 0.0000000000
64172  44.239  -18.032  39.318 0.0000000000
64160  44.546  -17.836  39.903 0.0000000000
63031  46.510  -18.683  40.250 0.0000000000
63015  46.632  -18.380  42.127 0.0000000000
63002  47.697  -18.472  43.147 0.0000000000
60655  47.818  -19.892  42.333 0.0000000000
61877  48.422  -19.448  42.323 0.0000000000
63014  48.630  -18.988  42.380 0.0000000000
63029  49.442  -18.995  41.662 0.0000000000
61906  50.277  -19.736  40.324 0.0000000000
61905  51.204  -19.457  39.993 0.0000000000
57295  48.971  -22.060  39.493 0.0000000000
57282  49.219  -22.382  39.967 0.0000000000
57281  49.876  -22.630  39.549 0.0000000000
56245  50.243  -23.887  38.943 0.0000000000
57293  50.584  -23.220  39.298 0.0000000000
58425  50.512  -21.881  39.725 0.0000000000
59558  51.257  -21.502  39.360 0.0000000000
60714  51.363  -20.668  39.412 0.0000000000
61923  51.975  -20.243  39.031 0.0000000000
134527  52.200  -20.368  37.776 0.0000000000
134525  52.228  -20.341  37.437 0.0000000000
61965  52.008  -20.317  36.905 0.0000000000
56331  52.495  -23.036  35.659 0.0000000000
59622  51.918  -21.802  36.413 0.0000000000
54265  46.941  -26.867  35.713 0.0000000000
54264  47.314  -26.227  35.684 0.0000000000
54278  47.604  -25.978  35.019 0.0000000000
53289  46.804  -27.035  34.616 0.0000000000
54279  47.340  -26.275  34.614 0.0000000000
55280  48.130  -24.886  34.864 0.0000000000
39528  32.798  -38.492  42.992 0.0000000000
40665  26.070  -37.778  47.043 0.0000000000
40681  32.641  -38.227  43.790 0.0000000000
40682  31.909  -37.997  43.906 0.0000000000
40683  31.350  -38.011  44.017 0.0000000000
40708  28.463  -38.436  45.482 0.0000000000
40742  36.507  -36.652  41.482 0.0000000000
40744  35.043  -37.268  42.445 0.0000000000
40746  33.586  -37.944  42.797 0.0000000000
41877  27.965  -37.407  46.084 0.0000000000
41886  33.880  -37.104  43.461 0.0000000000
41888  32.874  -37.511  43.792 0.0000000000
41889  29.313  -38.001  45.182 0.0000000000
41899  35.021  -36.821  42.942 0.0000000000
41901  33.645  -37.338  43.375 0.0000000000
41930  36.987  -36.293  41.375 0.0000000000
41946  38.105  -36.077  40.620 0.0000000000
43137  32.041  -37.380  43.719 0.0000000000
43151  34.953  -36.090  43.724 0.0000000000
43175  36.383  -35.648  42.387 0.0000000000
44362  30.657  -36.662  44.238 0.0000000000
44364  29.553  -36.531  45.000 0.0000000000
44375  35.171  -35.776  43.555 0.0000000000
44380  30.897  -36.591  43.910 0.0000000000
44382  29.788  -36.283  44.652 0.0000000000
44424  38.509  -34.906  40.831 0.0000000000
44425  38.116  -35.169  41.083 0.0000000000
44470  40.787  -34.002  38.802 0.0000000000
44471  40.343  -34.626  39.157 0.0000000000
45528  30.291  -36.309  44.131 0.0000000000
45529  29.981  -36.264  44.280 0.0000000000
45544  37.272  -34.357  42.584 0.0000000000
45548  34.550  -35.136  43.134 0.0000000000
45571  34.663  -34.865  42.654 0.0000000000
45572  34.344  -35.246  42.609 0.0000000000
45611  39.089  -34.773  40.468 0.0000000000
46632  38.395  -33.095  42.228 0.0000000000
46649  38.099  -33.701  41.895 0.0000000000
47729  39.122  -32.435  41.898 0.0000000000
47731  37.202  -32.981  42.787 0.0000000000
47732  36.512  -33.299  42.432 0.0000000000
48853  38.564  -32.428  42.248 0.0000000000
48865  40.469  -30.933  41.281 0.0000000000
48897  42.102  -31.044  39.918 0.0000000000
48917  42.694  -30.840  39.296 0.0000000000
48937  42.845  -30.873  39.108 0.0000000000
48954  43.953  -30.860  37.669 0.0000000000
48956  43.319  -31.528  38.429 0.0000000000
48971  44.036  -30.869  37.439 0.0000000000
50008  41.288  -30.124  40.844 0.0000000000
50036  42.675  -30.606  39.381 0.0000000000
50054  42.829  -30.653  39.222 0.0000000000
51153  44.791  -29.590  36.670 0.0000000000
52187  43.854  -29.068  38.093 0.0000000000
53199  44.514  -26.512  38.923 0.0000000000
53200  44.358  -26.546  39.102 0.0000000000
53211  44.566  -26.581  38.755 0.0000000000
53288  47.272  -26.538  34.840 0.0000000000
54197  44.242  -26.045  39.359 0.0000000000
54198  43.895  -26.130  39.825 0.0000000000
54203  44.642  -26.197  38.597 0.0000000000
54204  44.484  -26.052  38.995 0.0000000000
54290  47.259  -26.069  34.201 0.0000000000
55195  43.290  -25.541  40.719 0.0000000000
55216  44.440  -25.722  38.887 0.0000000000
55224  44.691  -25.969  38.316 0.0000000000
55258  45.485  -25.322  36.499 0.0000000000
55269  47.454  -25.279  35.899 0.0000000000
55279  48.436  -24.255  35.088 0.0000000000
56205  43.136  -24.787  41.099 0.0000000000
56217  44.141  -25.211  39.323 0.0000000000
56232  44.258  -25.279  38.880 0.0000000000
56243  51.447  -23.691  38.646 0.0000000000
56258  52.215  -23.703  37.961 0.0000000000
56259  51.719  -23.823  38.280 0.0000000000
56260  50.783  -23.993  38.270 0.0000000000
56261  50.038  -23.277  38.381 0.0000000000
56276  52.887  -23.603  37.263 0.0000000000
56277  52.385  -23.663  37.494 0.0000000000
56282  44.401  -24.339  36.601 0.0000000000
56295  53.306  -23.227  36.582 0.0000000000
56296  53.188  -23.676  36.893 0.0000000000
56315  53.160  -23.955  36.002 0.0000000000
56317  51.542  -23.053  36.964 0.0000000000
56328  53.701  -22.839  35.538 0.0000000000
56329  53.782  -23.363  35.731 0.0000000000
56330  53.138  -23.247  35.337 0.0000000000
56342  52.901  -22.516  35.501 0.0000000000
56343  52.674  -22.509  35.645 0.0000000000
56356  53.284  -22.336  35.539 0.0000000000
57271  48.628  -22.203  40.567 0.0000000000
57291  52.090  -23.206  38.657 0.0000000000
57292  51.571  -23.399  38.938 0.0000000000
57303  52.648  -23.301  37.647 0.0000000000
57305  51.947  -23.459  38.489 0.0000000000
57308  43.671  -24.011  37.025 0.0000000000
57319  52.980  -23.402  37.358 0.0000000000
57320  52.538  -23.428  37.609 0.0000000000
57327  43.661  -23.191  36.812 0.0000000000
57338  53.503  -22.900  36.669 0.0000000000
57339  53.346  -23.145  37.105 0.0000000000
57343  48.226  -23.214  36.616 0.0000000000
57360  53.834  -22.916  36.015 0.0000000000
57361  51.983  -22.909  36.449 0.0000000000
57379  53.867  -22.999  35.849 0.0000000000
57380  52.299  -22.591  35.935 0.0000000000
57397  52.666  -22.077  35.706 0.0000000000
57398  52.487  -22.296  35.774 0.0000000000
58426  49.725  -22.198  40.096 0.0000000000
58428  48.582  -21.190  39.950 0.0000000000
58429  48.210  -20.871  40.356 0.0000000000
58438  52.107  -22.730  39.075 0.0000000000
58440  50.350  -22.498  39.552 0.0000000000
58451  52.575  -22.861  37.934 0.0000000000
58452  52.351  -22.790  38.456 0.0000000000
58467  53.160  -22.290  37.209 0.0000000000
58483  53.272  -22.354  36.930 0.0000000000
58484  53.355  -22.885  37.243 0.0000000000
58485  50.565  -22.053  37.545 0.0000000000
58490  44.940  -22.645  36.544 0.0000000000
58498  53.089  -21.599  36.866 0.0000000000
58499  51.907  -22.314  36.373 0.0000000000
58502  48.708  -22.100  36.109 0.0000000000
58511  52.299  -21.894  36.061 0.0000000000
58512  52.151  -22.169  36.064 0.0000000000
58521  52.445  -22.064  35.850 0.0000000000
59490  48.394  -20.738  42.068 0.0000000000
59492  47.209  -20.373  41.481 0.0000000000
59511  48.921  -21.354  41.450 0.0000000000
59534  50.696  -21.078  39.854 0.0000000000
59538  46.544  -20.240  39.798 0.0000000000
59559  48.268  -20.970  39.298 0.0000000000
59562  45.537  -20.679  39.023 0.0000000000
59563  44.790  -20.549  38.940 0.0000000000
59578  52.391  -22.352  38.146 0.0000000000
59579  52.299  -22.161  38.674 0.0000000000
59582  47.167  -21.672  38.599 0.0000000000
59583  46.679  -21.514  38.558 0.0000000000
59594  52.925  -22.167  37.417 0.0000000000
59595  52.634  -22.394  37.721 0.0000000000
59598  45.404  -21.821  37.009 0.0000000000
59609  51.546  -21.437  36.825 0.0000000000
59614  44.847  -22.116  36.706 0.0000000000
59621  51.821  -21.750  36.131 0.0000000000
59623  51.580  -21.882  36.700 0.0000000000
59630  52.042  -21.991  36.169 0.0000000000
60642  47.505  -19.312  42.441 0.0000000000
60643  47.242  -19.578  42.337 0.0000000000
60654  48.719  -19.963  42.222 0.0000000000
60656  46.918  -19.953  41.797 0.0000000000
60657  46.790  -19.545  41.325 0.0000000000
60674  44.620  -19.358  40.238 0.0000000000
60689  48.185  -20.151  39.439 0.0000000000
60690  48.111  -19.986  39.684 0.0000000000
60691  46.475  -19.981  40.117 0.0000000000
60713  51.964  -21.066  39.047 0.0000000000
60715  48.105  -20.526  39.305 0.0000000000
60716  47.882  -20.345  39.488 0.0000000000
60738  52.223  -21.834  38.225 0.0000000000
60739  52.154  -21.494  38.552 0.0000000000
60756  52.576  -22.068  37.565 0.0000000000
60757  52.395  -22.037  37.953 0.0000000000
60773  52.565  -21.538  36.512 0.0000000000
60774  51.894  -21.094  36.774 0.0000000000
60788  52.172  -21.773  36.318 0.0000000000
60850  51.981  -19.455  38.114 0.0000000000
61866  47.957  -19.218  42.778 0.0000000000
61868  46.511  -18.811  42.665 0.0000000000
61876  48.986  -19.242  42.169 0.0000000000
61879  46.606  -19.175  41.748 0.0000000000
61890  49.757  -19.278  40.989 0.0000000000
61892  46.835  -19.316  41.001 0.0000000000
61894  44.794  -19.020  40.377 0.0000000000
61904  51.768  -19.443  39.324 0.0000000000
61908  43.575  -19.150  40.060 0.0000000000
61924  51.441  -19.978  39.490 0.0000000000
61938  52.084  -20.783  38.159 0.0000000000
61950  52.309  -22.050  37.877 0.0000000000
61951  52.247  -21.702  38.020 0.0000000000
61963  52.769  -22.160  37.362 0.0000000000
61964  52.241  -20.464  36.992 0.0000000000
63000  48.876  -18.416  42.460 0.0000000000
63001  48.457  -18.469  42.600 0.0000000000
63003  46.901  -18.307  43.029 0.0000000000
63012  49.677  -18.131  41.768 0.0000000000
63016  46.725  -18.728  41.304 0.0000000000
63030  47.018  -18.561  41.116 0.0000000000
63033  44.612  -18.547  40.287 0.0000000000
63045  45.651  -18.012  40.322 0.0000000000
63047  43.972  -18.521  39.833 0.0000000000
63090  52.235  -21.494  37.879 0.0000000000
63116  53.068  -21.885  37.104 0.0000000000
64117  48.944  -18.173  42.632 0.0000000000
64119  47.652  -17.757  42.790 0.0000000000
64120  47.038  -17.737  42.472 0.0000000000
64132  49.102  -17.484  42.200 0.0000000000
64145  47.948  -17.921  40.968 0.0000000000
64146  47.540  -18.350  40.706 0.0000000000
64158  46.281  -17.876  39.870 0.0000000000
64171  44.834  -17.460  39.559 0.0000000000
65206  48.532  -16.722  41.782 0.0000000000
65230  47.899  -17.308  39.643 0.0000000000
65231  46.892  -17.332  39.347 0.0000000000
65253  50.888  -16.253  38.630 0.0000000000
65296  52.206  -20.894  37.383 0.0000000000
66308  48.793  -15.657  41.859 0.0000000000
66324  48.421  -16.285  40.931 0.0000000000
66335  51.770  -14.948  40.110 0.0000000000
66337  48.493  -15.672  40.792 0.0000000000
66351  52.262  -14.238  39.640 0.0000000000
66352  52.063  -14.725  39.836 0.0000000000
66353  51.473  -15.562  39.453 0.0000000000
66354  47.859  -16.100  39.569 0.0000000000
66356  46.463  -16.297  38.962 0.0000000000
66368  52.384  -14.439  39.280 0.0000000000
66372  46.913  -15.810  38.775 0.0000000000
66386  52.829  -14.707  38.964 0.0000000000
66387  52.484  -15.088  38.702 0.0000000000
66391  46.120  -15.253  37.731 0.0000000000
66438  44.404  -15.183  34.599 0.0000000000
67460  50.005  -14.582  41.700 0.0000000000
67462  48.764  -14.754  41.652 0.0000000000
67474  51.105  -14.569  40.636 0.0000000000
67476  48.585  -14.954  41.097 0.0000000000
67487  51.603  -14.753  40.212 0.0000000000
67488  51.409  -14.870  40.357 0.0000000000
67502  48.099  -15.714  39.290 0.0000000000
67518  52.504  -14.104  38.794 0.0000000000
67520  51.486  -15.147  38.485 0.0000000000
67542  52.637  -14.649  38.678 0.0000000000
67543  52.279  -14.665  38.548 0.0000000000
67544  51.900  -14.789  38.442 0.0000000000
68561  49.996  -14.006  41.533 0.0000000000
68563  48.985  -13.966  41.807 0.0000000000
68583  51.393  -13.337  40.492 0.0000000000
68585  49.399  -13.713  41.116 0.0000000000
68606  48.908  -14.037  40.848 0.0000000000
68607  48.867  -14.604  40.884 0.0000000000
68626  51.543  -12.969  39.199 0.0000000000
68645  51.927  -13.516  38.878 0.0000000000
69636  50.761  -12.944  40.596 0.0000000000
69638  49.371  -14.120  40.546 0.0000000000
73427  50.276  -7.669  33.030 0.0000000000
74365  48.073  -7.474  34.442 0.0000000000
74366  47.686  -7.388  34.558 0.0000000000
74368  46.544  -7.874  34.709 0.0000000000
75401  47.550  -7.087  34.566 0.0000000000
75414  49.174  -6.632  34.330 0.0000000000
75416  47.154  -6.906  34.521 0.0000000000
75426  51.130  -6.637  33.123 0.0000000000
76515  50.426  -6.242  33.691 0.0000000000
76516  50.208  -6.240  33.825 0.0000000000
134521  53.218  -21.991  35.480 0.0000000000
134522  52.423  -20.816  37.078 0.0000000000
134523  53.317  -22.065  36.968 0.0000000000
134524  53.125  -22.059  37.125 0.0000000000
134526  52.102  -19.615  37.904 0.0000000000
134528  52.245  -19.804  37.810 0.0000000000
134594  51.019  -12.998  38.583 0.0000000000
134595  51.342  -13.249  38.744 0.0000000000
134597  51.594  -13.097  40.064 0.0000000000
134600  50.853  -13.864  38.729 0.0000000000
134607  46.414  -11.156  34.963 0.0000000000
134609  46.073  -10.973  35.178 0.0000000000
134612  46.128  -10.484  34.905 0.0000000000
134613  45.985  -10.530  34.975 0.0000000000
134615  45.967  -10.775  34.967 0.0000000000
