#!ascii label  , from subject 3367 vox2ras=TkReg
744
93106  15.995  10.951  -25.478 0.2500000000
93105  16.474  10.566  -25.889 0.2500000000
93104  17.031  10.346  -26.524 0.7500000000
97040  14.645  14.445  -24.859 0.2500000000
96053  15.134  13.500  -25.012 0.1250000000
97039  15.312  14.361  -25.454 0.3750000000
95027  15.664  12.516  -25.475 0.2500000000
94022  15.674  11.581  -25.195 0.2500000000
94042  16.792  11.511  -26.545 0.7500000000
94043  15.945  11.564  -25.923 0.3750000000
93116  17.510  10.295  -27.163 0.8750000000
94041  17.233  10.923  -26.843 0.8750000000
93115  18.051  10.000  -27.598 0.8750000000
96075  15.709  13.501  -25.798 0.3750000000
95026  16.209  12.649  -26.299 0.3750000000
95041  16.812  12.466  -26.823 0.8750000000
94072  18.250  11.560  -27.987 1.0000000000
94056  17.476  11.519  -27.308 1.0000000000
94057  17.129  12.060  -26.961 0.8750000000
92189  19.053  9.375  -28.290 1.0000000000
97950  15.040  15.317  -25.063 0.2500000000
96074  16.173  13.670  -26.380 0.7500000000
96089  16.739  13.431  -26.908 0.8750000000
95040  17.288  12.706  -27.358 0.8750000000
94071  19.090  11.586  -28.709 1.0000000000
95052  17.894  12.379  -27.791 1.0000000000
93151  19.980  10.453  -28.984 1.0000000000
94070  19.629  11.039  -28.830 1.0000000000
93131  19.355  10.388  -28.578 1.0000000000
93132  18.600  10.424  -28.068 1.0000000000
97951  14.227  15.153  -24.531 0.1250000000
97058  15.856  14.403  -26.116 0.6250000000
96088  17.360  13.722  -27.452 1.0000000000
97057  16.487  14.405  -26.619 0.8750000000
94091  20.058  11.705  -29.177 1.0000000000
94092  19.553  12.226  -29.023 1.0000000000
95051  18.532  12.696  -28.379 1.0000000000
93150  20.758  10.644  -29.355 1.0000000000
93149  21.679  10.655  -29.701 1.0000000000
100562  17.484  18.439  -25.858 0.2500000000
97949  15.757  15.945  -25.502 0.3750000000
97970  15.620  15.085  -25.714 0.5000000000
97985  16.884  15.109  -26.741 1.0000000000
97969  16.261  15.380  -26.233 0.6250000000
97073  17.128  14.441  -27.116 1.0000000000
97091  18.327  14.134  -27.997 1.0000000000
94090  21.186  11.980  -29.553 1.0000000000
96122  19.593  13.781  -28.980 1.0000000000
94098  21.425  12.694  -29.662 1.0000000000
94089  22.123  11.658  -29.722 1.0000000000
94097  21.809  12.514  -29.704 1.0000000000
99658  17.790  17.693  -26.708 0.5000000000
99659  17.115  17.573  -25.787 0.3750000000
98833  16.526  16.597  -25.817 0.5000000000
98832  17.265  16.866  -26.382 0.5000000000
97968  17.049  15.962  -26.551 0.8750000000
97984  17.473  15.384  -27.124 1.0000000000
98846  18.396  16.629  -27.554 1.0000000000
96102  19.120  14.101  -28.557 1.0000000000
97071  18.421  15.215  -27.781 1.0000000000
96134  20.889  13.742  -29.565 1.0000000000
96120  22.549  13.810  -29.863 1.0000000000
95079  21.612  13.183  -29.744 1.0000000000
94096  22.403  12.392  -29.752 0.8750000000
99672  18.499  17.696  -27.491 0.6250000000
99673  18.106  17.142  -27.218 1.0000000000
98847  17.746  16.490  -27.026 0.7500000000
98000  18.729  15.826  -27.911 1.0000000000
98025  21.853  15.344  -29.915 1.0000000000
98013  21.091  15.673  -29.449 1.0000000000
98014  20.530  15.607  -29.253 1.0000000000
98015  19.960  15.638  -28.999 1.0000000000
97118  22.165  14.631  -29.972 1.0000000000
97120  21.149  14.227  -29.591 1.0000000000
97107  20.860  14.695  -29.452 1.0000000000
97105  22.951  14.629  -29.876 0.8750000000
96132  21.860  13.870  -29.871 1.0000000000
95069  22.887  12.900  -29.816 0.8750000000
99657  18.259  18.208  -27.003 0.5000000000
99688  20.398  17.477  -28.815 1.0000000000
98864  19.091  16.872  -28.137 1.0000000000
98888  21.730  15.813  -29.818 1.0000000000
98877  20.717  16.696  -29.262 1.0000000000
97999  19.365  15.767  -28.460 1.0000000000
99703  22.181  17.440  -29.611 1.0000000000
97104  23.699  14.606  -29.236 1.0000000000
98012  22.462  15.439  -29.948 1.0000000000
98875  22.563  16.397  -29.630 1.0000000000
98011  23.187  15.528  -29.557 1.0000000000
100561  18.167  18.817  -26.577 0.5000000000
100581  18.570  18.549  -27.209 0.8750000000
100601  18.983  18.461  -27.640 1.0000000000
101541  20.996  18.863  -28.927 1.0000000000
100616  20.729  18.376  -28.830 1.0000000000
100600  19.479  18.367  -28.039 1.0000000000
101538  22.765  18.960  -28.875 1.0000000000
100614  21.818  18.381  -29.474 1.0000000000
99687  23.595  17.603  -28.579 1.0000000000
100613  22.562  18.324  -29.245 1.0000000000
98874  23.422  16.393  -29.033 1.0000000000
99702  22.998  17.395  -29.073 1.0000000000
98861  24.012  16.065  -28.623 0.8750000000
104261  19.891  21.815  -27.104 1.0000000000
104251  18.941  21.657  -26.309 0.3750000000
102468  21.300  20.355  -28.563 1.0000000000
101539  22.180  19.202  -29.160 1.0000000000
104249  19.811  22.789  -26.091 0.8750000000
104260  20.484  22.456  -27.322 1.0000000000
104274  20.932  22.146  -27.874 1.0000000000
103372  20.227  21.491  -27.456 1.0000000000
101523  22.643  19.585  -28.756 1.0000000000
102467  22.124  20.205  -28.860 1.0000000000
101522  23.265  19.315  -28.479 1.0000000000
105132  20.473  23.453  -26.551 0.7500000000
104273  21.363  22.543  -28.192 1.0000000000
104272  22.373  22.405  -28.566 1.0000000000
103389  22.612  21.277  -28.554 1.0000000000
104259  21.120  23.066  -27.728 1.0000000000
109694  22.388  28.185  -25.828 0.1250000000
109693  22.344  29.223  -25.976 0.1250000000
109701  22.050  28.899  -28.033 0.2500000000
109698  22.283  28.841  -26.767 0.1250000000
110644  21.742  29.986  -27.417 0.2500000000
110653  21.294  29.898  -28.530 0.2500000000
110660  20.848  30.072  -29.522 0.3750000000
110635  21.820  30.360  -26.739 0.2500000000
111534  21.004  30.966  -27.993 0.2500000000
111535  20.394  31.327  -28.581 0.2500000000
111560  20.430  30.665  -29.387 0.2500000000
111547  20.662  30.651  -28.846 0.2500000000
110661  20.576  29.917  -30.395 0.3750000000
111561  20.063  30.844  -30.038 0.2500000000
92203  21.217  9.560  -29.663 1.0000000000
99690  19.102  17.823  -28.016 0.8750000000
99704  21.392  17.508  -29.472 1.0000000000
92144  16.359  10.331  -25.185 0.1250000000
92155  17.384  9.347  -26.670 0.6250000000
91299  18.268  8.323  -27.398 0.7500000000
96054  14.383  14.067  -24.509 0.1250000000
91312  18.888  8.335  -27.917 1.0000000000
92204  20.400  9.516  -29.249 1.0000000000
92202  22.208  9.462  -30.035 1.0000000000
98812  15.255  16.448  -24.809 0.3750000000
99636  16.298  17.596  -24.950 0.2500000000
99637  15.604  17.118  -24.878 0.2500000000
94088  23.068  11.762  -29.780 0.8750000000
96119  23.344  13.694  -29.567 0.8750000000
95068  23.738  12.637  -29.480 0.8750000000
97088  24.171  14.920  -28.789 0.8750000000
104246  18.693  21.859  -25.843 0.1250000000
103362  18.872  21.186  -26.184 0.1250000000
101504  19.076  19.432  -27.187 0.6250000000
99701  23.569  17.056  -28.665 1.0000000000
97998  23.789  15.506  -28.955 0.8750000000
104250  19.327  22.043  -26.528 0.5000000000
103361  19.147  21.411  -26.596 0.3750000000
102446  19.516  20.351  -27.274 0.8750000000
101521  23.679  19.519  -28.022 1.0000000000
102465  23.453  19.846  -28.216 1.0000000000
103388  23.202  21.162  -28.287 1.0000000000
106052  22.186  24.456  -27.871 1.0000000000
105139  22.246  23.491  -28.203 1.0000000000
104271  23.255  22.137  -28.169 1.0000000000
108756  22.588  27.774  -25.127 0.1250000000
108766  22.132  27.362  -26.178 0.1250000000
107880  21.930  26.416  -26.615 0.6250000000
108772  22.264  27.681  -27.293 0.6250000000
108794  21.918  27.832  -29.335 0.5000000000
110643  22.085  29.779  -26.731 0.2500000000
109707  21.436  28.875  -29.325 0.5000000000
111522  21.740  30.851  -26.356 0.2500000000
111523  21.346  31.042  -26.974 0.2500000000
109708  20.970  29.472  -29.932 0.5000000000
109720  20.998  29.134  -30.426 0.5000000000
112371  20.751  31.639  -27.371 0.1250000000
111548  20.135  31.132  -29.188 0.2500000000
111562  19.464  31.165  -30.860 0.2500000000
110667  20.447  29.609  -31.267 0.3750000000
111573  19.234  30.933  -31.586 0.2500000000
112381  19.883  31.992  -28.939 0.1250000000
93089  16.271  10.472  -25.371 0.1250000000
92156  16.907  9.467  -26.065 0.5000000000
92172  17.915  9.271  -27.212 0.7500000000
92171  18.460  9.290  -27.740 1.0000000000
93133  17.945  10.755  -27.655 1.0000000000
92188  19.717  9.436  -28.773 1.0000000000
96104  17.976  13.426  -27.870 1.0000000000
95072  19.265  12.760  -28.853 1.0000000000
96123  19.019  13.418  -28.636 1.0000000000
98811  15.837  16.804  -25.274 0.3750000000
97072  17.940  14.598  -27.646 1.0000000000
95070  20.541  12.856  -29.527 1.0000000000
95071  19.851  12.854  -29.240 1.0000000000
96121  20.298  13.785  -29.385 1.0000000000
95080  21.147  13.050  -29.675 1.0000000000
97983  18.148  15.687  -27.482 1.0000000000
97089  19.507  14.801  -28.738 1.0000000000
97090  18.759  14.775  -28.181 1.0000000000
96133  21.350  13.795  -29.688 1.0000000000
94087  24.119  11.527  -29.537 0.8750000000
98863  20.011  16.654  -28.778 1.0000000000
98887  22.012  15.943  -29.997 1.0000000000
97106  21.231  15.128  -29.547 1.0000000000
98878  20.323  16.160  -29.095 1.0000000000
99705  20.868  17.695  -29.189 1.0000000000
99689  19.714  17.599  -28.363 1.0000000000
98862  20.383  16.953  -28.981 1.0000000000
98876  21.627  16.394  -29.673 1.0000000000
101527  19.320  18.820  -27.697 0.7500000000
100599  20.143  18.386  -28.370 1.0000000000
101525  20.615  19.515  -28.408 1.0000000000
101540  21.430  19.194  -29.060 1.0000000000
100598  23.317  18.373  -28.643 1.0000000000
100615  21.193  18.352  -29.234 1.0000000000
103373  19.585  21.237  -27.128 0.7500000000
101524  21.258  19.707  -28.740 1.0000000000
101502  20.228  19.955  -28.024 1.0000000000
102469  20.770  20.454  -28.214 1.0000000000
105131  20.975  23.625  -27.390 0.8750000000
103391  20.898  21.423  -28.021 1.0000000000
103390  21.741  21.398  -28.647 1.0000000000
102466  23.070  20.303  -28.445 1.0000000000
105140  21.568  23.626  -27.901 1.0000000000
109686  22.529  27.905  -25.415 0.1250000000
108757  22.127  27.231  -25.196 0.1250000000
110634  22.151  30.161  -26.202 0.2500000000
108782  21.975  28.023  -28.332 0.7500000000
112393  19.737  31.599  -29.602 0.2500000000
111572  19.901  30.408  -31.028 0.2500000000
92143  16.580  9.721  -25.391 0.2500000000
92122  16.741  9.650  -24.937 0.1250000000
91311  19.510  8.425  -28.462 1.0000000000
101526  19.731  19.062  -27.950 0.8750000000
102447  19.177  20.248  -26.944 0.7500000000
101503  19.892  19.808  -27.783 0.8750000000
103374  19.191  20.816  -26.781 0.7500000000
102445  20.240  20.521  -27.767 1.0000000000
106053  21.610  24.464  -27.549 1.0000000000
105138  23.008  23.267  -28.093 1.0000000000
107888  22.345  26.816  -27.694 0.7500000000
111582  19.825  30.271  -31.995 0.2500000000
86300  19.669  4.153  -28.239 0.7500000000
86298  21.125  3.633  -28.796 0.7500000000
87297  18.814  4.501  -27.599 0.7500000000
87312  20.762  4.788  -28.843 0.7500000000
87313  20.018  4.715  -28.284 0.7500000000
88319  19.100  5.413  -27.657 0.7500000000
87311  21.603  4.430  -29.030 0.7500000000
88317  20.234  5.582  -28.580 0.7500000000
90306  18.053  7.506  -27.088 0.7500000000
91300  17.690  8.334  -26.894 0.6250000000
89317  19.850  6.493  -28.474 0.7500000000
90305  18.666  7.210  -27.553 0.8750000000
87325  21.977  4.981  -29.254 0.7500000000
87327  21.054  5.406  -29.078 0.7500000000
89316  20.422  6.277  -28.793 0.7500000000
90318  19.940  7.544  -28.686 0.8750000000
89328  21.644  6.682  -29.898 0.7500000000
89329  20.875  6.668  -29.229 0.7500000000
90334  20.551  7.619  -29.128 0.8750000000
90332  21.896  7.695  -30.138 0.7500000000
90333  21.215  7.614  -29.626 0.8750000000
91325  20.840  8.550  -29.427 0.8750000000
91335  23.038  8.377  -30.434 0.8750000000
91336  22.350  8.544  -30.237 0.8750000000
92211  22.770  9.012  -30.231 0.8750000000
92201  23.093  9.724  -30.062 0.8750000000
93130  25.805  9.943  -29.316 0.3750000000
93146  24.483  10.470  -29.741 0.6250000000
92200  23.899  9.668  -30.037 0.7500000000
93148  22.620  10.640  -29.862 0.7500000000
93129  26.318  10.436  -29.171 0.5000000000
93145  25.498  10.404  -29.574 0.5000000000
94086  25.124  11.447  -29.695 0.7500000000
95050  26.799  11.740  -29.091 0.1250000000
94085  25.986  11.462  -29.604 0.3750000000
95067  24.763  12.453  -29.396 0.6250000000
95039  28.390  12.117  -28.149 0.1250000000
95049  27.220  12.023  -28.856 0.1250000000
95065  26.686  12.290  -29.181 0.1250000000
96115  27.211  13.323  -28.897 0.1250000000
96117  25.413  13.226  -29.026 0.6250000000
96100  25.150  13.987  -28.724 0.6250000000
96101  24.653  14.153  -28.805 0.7500000000
96114  27.873  13.436  -28.880 0.1250000000
97100  28.400  14.458  -28.936 0.1250000000
97085  26.747  14.411  -28.573 0.1250000000
97086  25.713  14.557  -28.351 0.5000000000
97087  24.787  14.664  -28.514 0.6250000000
95047  28.574  13.075  -28.385 0.1250000000
97995  26.288  15.334  -28.271 0.5000000000
97996  25.263  15.368  -28.106 0.6250000000
97997  24.422  15.471  -28.496 0.7500000000
106041  20.460  24.008  -26.080 0.6250000000
106029  20.728  24.509  -25.948 0.5000000000
106040  21.019  24.432  -26.734 0.7500000000
98859  25.795  15.989  -28.029 0.6250000000
100596  24.558  17.500  -28.061 0.6250000000
99684  26.476  17.214  -28.054 0.5000000000
99685  24.917  16.999  -28.024 0.6250000000
99671  25.830  17.905  -27.821 0.6250000000
100578  24.958  17.956  -28.015 0.7500000000
100597  24.079  17.878  -28.242 0.8750000000
102444  23.441  20.758  -28.126 0.8750000000
103371  23.704  21.305  -27.865 0.8750000000
100579  23.942  18.534  -28.090 0.7500000000
102443  23.821  20.270  -27.744 0.8750000000
103370  24.602  21.255  -27.371 0.8750000000
104258  24.181  22.252  -27.594 0.8750000000
99670  26.433  17.981  -27.865 0.5000000000
100577  26.296  18.065  -27.590 0.5000000000
101499  25.510  19.174  -27.209 0.6250000000
100594  27.355  17.989  -28.294 0.2500000000
100595  26.726  17.936  -27.986 0.3750000000
106955  21.173  25.268  -25.992 0.6250000000
106968  21.927  25.551  -27.324 0.7500000000
106982  22.021  25.051  -27.778 0.8750000000
105130  23.751  23.190  -27.708 0.7500000000
102442  25.085  20.179  -27.201 0.6250000000
101498  27.028  18.929  -27.693 0.3750000000
103369  25.788  21.259  -26.950 0.7500000000
101497  27.291  18.556  -28.075 0.2500000000
106051  23.095  24.468  -27.829 0.8750000000
106980  23.527  25.664  -27.899 0.7500000000
106039  23.461  23.823  -27.757 0.8750000000
105129  24.712  23.283  -27.334 0.7500000000
102463  27.726  20.122  -28.135 0.2500000000
102440  27.463  20.724  -27.695 0.5000000000
102441  26.633  20.144  -27.201 0.5000000000
101519  27.728  19.085  -28.290 0.2500000000
107887  22.468  26.125  -27.712 0.7500000000
107897  23.236  26.613  -28.339 0.7500000000
106979  24.479  25.586  -27.785 0.7500000000
106966  25.126  25.004  -27.497 0.7500000000
106978  25.666  25.728  -27.861 0.7500000000
105127  26.766  23.394  -27.286 0.5000000000
106049  27.037  24.323  -27.532 0.3750000000
106036  26.275  24.187  -27.257 0.6250000000
103367  27.669  21.507  -27.777 0.2500000000
104255  27.469  22.470  -27.647 0.3750000000
107899  22.424  27.269  -28.313 0.6250000000
107898  22.723  26.910  -28.367 0.7500000000
107909  23.002  26.785  -28.937 0.7500000000
108779  23.644  27.155  -28.781 0.7500000000
107895  25.071  26.483  -28.355 0.7500000000
106048  27.494  24.355  -28.182 0.3750000000
106977  26.922  25.310  -28.080 0.3750000000
104254  27.988  21.890  -28.088 0.1250000000
104269  28.074  22.461  -28.726 0.1250000000
105136  27.811  23.551  -28.501 0.2500000000
108781  22.336  27.448  -28.769 0.6250000000
108793  22.470  27.467  -29.269 0.7500000000
108780  23.190  27.064  -28.868 0.6250000000
108778  24.527  27.215  -28.792 0.7500000000
107894  26.236  26.565  -28.636 0.3750000000
106976  27.545  24.867  -28.529 0.2500000000
104286  28.070  22.529  -30.059 0.1250000000
105148  27.986  23.469  -29.418 0.1250000000
103405  28.400  21.595  -29.677 0.1250000000
108807  22.005  27.660  -29.784 0.6250000000
109706  23.598  27.908  -29.771 0.3750000000
108792  23.092  27.407  -29.524 0.3750000000
108790  25.000  27.902  -29.546 0.3750000000
107908  26.839  26.813  -29.710 0.2500000000
108777  25.404  27.197  -28.888 0.3750000000
106076  27.899  24.423  -29.851 0.1250000000
106991  27.619  25.277  -29.136 0.3750000000
106992  27.100  26.088  -28.984 0.3750000000
103419  28.152  21.763  -30.774 0.1250000000
109719  21.606  28.235  -30.340 0.3750000000
108806  22.338  27.658  -30.035 0.3750000000
109717  23.298  28.286  -30.404 0.3750000000
108805  22.751  27.837  -30.184 0.3750000000
109715  25.336  28.357  -30.559 0.3750000000
109704  24.694  28.307  -30.119 0.3750000000
109705  24.120  28.236  -29.871 0.3750000000
108803  26.452  27.702  -30.519 0.3750000000
105168  26.953  23.969  -32.132 0.1250000000
107000  27.625  25.361  -30.220 0.1250000000
107918  27.273  26.377  -30.567 0.2500000000
105167  27.383  23.460  -31.720 0.1250000000
109732  22.687  28.882  -31.458 0.2500000000
109731  23.685  29.079  -31.330 0.2500000000
109718  22.377  28.227  -30.675 0.3750000000
109728  26.260  28.024  -31.584 0.1250000000
109716  24.309  28.636  -30.568 0.3750000000
108819  26.750  27.123  -31.566 0.1250000000
109714  25.976  28.266  -31.027 0.2500000000
107033  26.579  25.543  -32.871 0.1250000000
108802  27.049  27.083  -30.830 0.1250000000
109733  21.746  28.840  -31.464 0.3750000000
109745  25.112  28.817  -32.147 0.1250000000
110672  24.676  29.088  -32.207 0.1250000000
109744  25.735  28.246  -32.594 0.1250000000
106116  26.411  24.458  -33.375 0.1250000000
108846  26.020  27.241  -33.270 0.1250000000
110683  23.617  30.201  -33.290 0.1250000000
109754  25.557  28.185  -33.691 0.1250000000
110682  24.821  29.235  -32.965 0.1250000000
107046  25.581  25.765  -34.521 0.1250000000
106123  25.961  24.398  -34.336 0.1250000000
91326  20.138  8.503  -28.972 0.8750000000
92210  23.456  9.000  -30.268 0.6250000000
101500  24.280  19.159  -27.514 0.8750000000
106967  22.346  25.760  -27.635 0.8750000000
106981  22.630  25.622  -27.819 0.8750000000
106050  23.792  25.037  -27.717 0.7500000000
106038  24.190  24.343  -27.561 0.7500000000
104256  26.358  22.374  -27.012 0.5000000000
104257  25.203  22.299  -27.121 0.7500000000
103368  26.942  21.409  -27.257 0.5000000000
107017  27.040  25.431  -32.009 0.1250000000
109730  24.703  28.912  -31.483 0.2500000000
110681  25.346  28.698  -33.288 0.1250000000
107956  25.757  26.413  -33.998 0.1250000000
95066  25.764  12.369  -29.415 0.5000000000
98858  26.749  16.205  -28.500 0.3750000000
100612  27.851  17.750  -28.820 0.2500000000
84362  20.612  2.223  -28.153 0.7500000000
85327  19.680  2.677  -27.834 0.7500000000
86283  18.667  3.538  -27.275 0.7500000000
85340  21.661  2.694  -28.378 0.7500000000
86299  20.159  3.697  -28.429 0.7500000000
86297  21.985  3.639  -28.669 0.7500000000
90292  17.504  7.218  -26.653 0.6250000000
89304  18.798  6.165  -27.389 0.7500000000
87310  22.441  4.531  -28.937 0.6250000000
88330  22.101  5.702  -29.582 0.7500000000
88329  22.756  6.086  -29.673 0.6250000000
89339  22.912  7.098  -30.326 0.6250000000
91334  23.797  8.270  -30.321 0.5000000000
91321  25.074  8.457  -29.543 0.3750000000
91333  24.245  8.660  -30.132 0.5000000000
94069  26.849  11.275  -28.888 0.1250000000
94068  27.554  11.422  -28.455 0.1250000000
96098  28.451  13.556  -28.650 0.1250000000
97083  28.821  14.177  -28.595 0.1250000000
97101  27.591  14.400  -28.904 0.1250000000
98857  27.374  16.103  -28.911 0.1250000000
99683  27.391  17.008  -28.785 0.2500000000
101518  28.379  19.069  -28.954 0.1250000000
100593  27.968  18.388  -28.707 0.2500000000
102462  28.302  20.043  -28.827 0.1250000000
103387  28.186  21.055  -28.546 0.1250000000
103430  27.907  21.839  -31.737 0.1250000000
104325  26.817  22.793  -33.739 0.1250000000
110675  22.061  29.550  -32.412 0.2500000000
110684  22.539  30.548  -32.752 0.1250000000
110690  25.161  29.020  -33.931 0.1250000000
108854  25.479  27.347  -34.293 0.1250000000
107964  25.291  26.477  -34.854 0.1250000000
99686  24.162  17.144  -28.264 0.7500000000
98873  23.928  16.608  -28.525 0.7500000000
91324  21.604  8.560  -29.875 0.8750000000
90319  19.366  7.391  -28.134 0.8750000000
93147  23.551  10.610  -29.802 0.7500000000
96118  24.360  13.611  -29.086 0.6250000000
100580  23.550  18.834  -28.376 0.8750000000
109734  21.098  29.023  -31.208 0.3750000000
110676  20.842  29.680  -32.387 0.1250000000
87314  19.429  4.635  -27.961 0.7500000000
86282  19.351  3.606  -27.926 0.7500000000
86281  19.807  3.182  -28.119 0.7500000000
88307  18.545  5.405  -27.220 0.7500000000
88318  19.655  5.519  -28.116 0.7500000000
88332  20.778  5.766  -28.946 0.7500000000
89318  19.259  6.358  -27.855 0.7500000000
88331  21.300  5.895  -29.323 0.7500000000
89330  20.334  6.911  -28.846 0.8750000000
89327  22.519  6.481  -30.059 0.7500000000
90345  22.602  7.739  -30.386 0.7500000000
90344  23.240  7.685  -30.408 0.6250000000
92198  25.403  9.387  -29.332 0.2500000000
92199  24.621  9.261  -29.800 0.5000000000
93144  26.112  10.899  -29.530 0.5000000000
95048  28.065  12.560  -28.608 0.1250000000
95038  28.826  12.571  -27.898 0.1250000000
95064  27.468  12.776  -28.865 0.1250000000
96116  26.431  13.288  -28.912 0.5000000000
97102  27.059  13.820  -28.758 0.1250000000
96099  25.916  13.817  -28.592 0.5000000000
97084  27.331  14.914  -28.787 0.1250000000
97994  27.076  15.407  -28.682 0.1250000000
98860  24.627  16.251  -28.184 0.6250000000
101520  27.339  19.679  -27.746 0.3750000000
105128  25.766  23.325  -27.034 0.6250000000
106037  25.335  24.209  -27.272 0.7500000000
107896  24.071  26.520  -28.225 0.7500000000
106965  26.017  24.939  -27.439 0.6250000000
105137  27.447  23.546  -27.820 0.3750000000
106964  26.589  24.720  -27.541 0.3750000000
108791  23.964  27.718  -29.305 0.3750000000
106062  27.858  24.359  -28.896 0.3750000000
108789  26.041  27.487  -29.444 0.3750000000
105158  27.776  23.459  -30.509 0.1250000000
104299  27.719  22.519  -31.140 0.1250000000
107907  27.351  26.024  -29.704 0.2500000000
106092  27.563  24.442  -30.865 0.1250000000
108804  25.771  27.990  -29.947 0.3750000000
106093  27.162  24.535  -31.711 0.1250000000
106105  26.784  24.551  -32.461 0.1250000000
107016  27.345  25.405  -31.150 0.1250000000
107929  27.123  26.246  -31.459 0.1250000000
104311  27.616  22.494  -32.118 0.1250000000
105176  27.335  22.933  -32.452 0.1250000000
109743  26.332  27.627  -32.195 0.1250000000
107955  26.264  26.295  -33.318 0.1250000000
107930  26.791  26.299  -32.220 0.1250000000
107045  26.074  25.420  -33.880 0.1250000000
110674  23.087  29.686  -32.207 0.1250000000
110673  24.085  29.377  -32.254 0.1250000000
108832  26.197  27.565  -32.665 0.1250000000
108831  26.468  27.014  -32.537 0.1250000000
84363  20.076  2.169  -27.921 0.7500000000
85341  20.766  2.854  -28.489 0.7500000000
84361  21.076  2.346  -28.323 0.7500000000
85328  19.101  2.623  -27.394 0.7500000000
89290  17.784  6.238  -26.537 0.5000000000
89305  18.203  6.458  -26.999 0.6250000000
89326  23.457  6.662  -29.787 0.6250000000
90331  24.045  7.475  -29.878 0.5000000000
98009  28.172  15.410  -29.205 0.1250000000
98008  28.766  15.463  -28.923 0.1250000000
98010  27.609  15.444  -29.026 0.1250000000
103386  28.426  20.566  -28.945 0.1250000000
105177  26.862  23.458  -32.836 0.1250000000
87298  18.300  4.492  -27.006 0.5000000000
83309  21.004  0.950  -27.410 0.6250000000
84346  21.287  1.803  -27.917 0.6250000000
85325  22.645  2.553  -27.679 0.3750000000
85326  21.943  2.101  -27.963 0.6250000000
86279  23.681  3.649  -27.316 0.2500000000
86280  23.149  3.329  -27.753 0.3750000000
106946  21.017  25.467  -25.440 0.2500000000
87309  23.316  4.574  -28.476 0.5000000000
88315  22.976  5.535  -29.186 0.5000000000
89315  23.626  6.056  -29.140 0.3750000000
85314  22.985  2.136  -26.927 0.5000000000
84333  22.573  1.630  -26.926 0.6250000000
89325  24.057  7.100  -29.475 0.5000000000
83292  20.881  0.142  -27.029 0.6250000000
87282  17.831  4.589  -26.334 0.3750000000
85329  18.434  2.560  -26.916 0.3750000000
84347  20.410  1.508  -27.811 0.6250000000
84349  18.727  1.653  -27.146 0.6250000000
83272  22.972  0.534  -25.893 0.3750000000
83290  22.694  1.109  -26.478 0.5000000000
84332  23.331  1.620  -26.382 0.3750000000
85313  23.512  2.641  -26.877 0.2500000000
91284  17.113  8.359  -26.383 0.3750000000
87296  23.684  4.359  -27.796 0.2500000000
88314  23.812  5.476  -28.717 0.3750000000
88306  24.428  5.518  -28.119 0.2500000000
90329  25.190  7.893  -29.089 0.2500000000
91310  25.601  8.648  -28.794 0.2500000000
102432  18.944  20.355  -26.514 0.3750000000
101485  18.583  19.738  -26.240 0.2500000000
107871  21.266  26.072  -25.362 0.2500000000
100563  16.945  18.221  -25.308 0.1250000000
99620  15.245  17.296  -24.221 0.2500000000
88316  22.365  5.180  -29.246 0.5000000000
86296  22.761  3.624  -28.297 0.5000000000
88295  17.731  5.624  -26.276 0.3750000000
84348  19.557  1.675  -27.590 0.6250000000
89291  17.391  6.388  -26.149 0.3750000000
89314  24.283  6.556  -28.867 0.2500000000
83308  21.550  1.249  -27.401 0.6250000000
84345  22.012  1.622  -27.491 0.5000000000
85324  23.286  3.008  -27.447 0.2500000000
86265  24.047  3.332  -26.703 0.2500000000
86295  23.300  3.909  -27.917 0.3750000000
84311  23.635  1.156  -25.965 0.3750000000
86266  18.161  3.513  -26.657 0.3750000000
83273  22.236  0.101  -26.137 0.3750000000
83291  21.908  0.637  -26.770 0.5000000000
87308  23.937  4.899  -28.101 0.2500000000
82270  19.716  -0.463  -26.871 0.5000000000
82254  20.973  -1.099  -26.206 0.3750000000
82268  21.306  -0.152  -26.647 0.5000000000
82284  19.686  0.001  -27.133 0.5000000000
82271  18.892  -0.510  -26.707 0.3750000000
83312  18.459  0.807  -26.677 0.5000000000
83311  19.129  0.793  -27.156 0.5000000000
82285  19.389  0.085  -26.993 0.5000000000
80310  17.573  -2.232  -25.756 0.1250000000
81326  18.294  -1.300  -26.274 0.3750000000
84350  18.052  1.540  -26.618 0.2500000000
78302  17.560  -3.696  -25.928 0.1250000000
80309  18.327  -2.250  -26.183 0.2500000000
80308  19.080  -2.345  -26.285 0.3750000000
82239  21.999  -1.115  -25.612 0.2500000000
81308  20.178  -1.792  -25.980 0.3750000000
81323  20.513  -1.321  -26.174 0.5000000000
79296  17.229  -2.970  -25.764 0.1250000000
81324  19.824  -1.437  -26.345 0.3750000000
82273  17.789  -0.414  -25.666 0.1250000000
83295  17.828  0.692  -25.891 0.1250000000
83310  19.988  0.410  -27.444 0.5000000000
83293  20.319  -0.171  -27.033 0.5000000000
85315  17.885  2.526  -26.416 0.2500000000
86267  17.725  3.422  -26.082 0.2500000000
82252  22.368  -0.150  -25.853 0.2500000000
82286  18.855  0.224  -26.729 0.5000000000
82253  21.674  -0.625  -26.074 0.3750000000
82269  20.663  -0.655  -26.572 0.3750000000
81325  18.999  -1.428  -26.621 0.3750000000
82272  18.296  -0.124  -26.226 0.2500000000
83294  18.179  0.600  -26.298 0.1250000000
83313  18.105  0.917  -26.399 0.1250000000
81327  17.776  -1.189  -25.805 0.1250000000
80289  17.370  -1.796  -25.492 0.1250000000
84334  17.654  1.721  -26.131 0.1250000000
78303  17.175  -3.453  -25.843 0.1250000000
79295  17.706  -2.972  -25.911 0.1250000000
81307  20.876  -1.628  -25.773 0.2500000000
79293  18.922  -3.048  -26.010 0.2500000000
80287  20.065  -2.546  -25.809 0.2500000000
81306  21.593  -1.404  -25.613 0.2500000000
79294  18.321  -3.117  -26.015 0.1250000000
80307  19.700  -2.162  -26.077 0.2500000000
80288  19.408  -2.722  -26.023 0.2500000000
79273  19.255  -3.461  -25.801 0.1250000000
89274  17.015  6.468  -25.630 0.1250000000
105124  19.976  23.421  -25.729 0.1250000000
106030  20.142  24.177  -25.413 0.1250000000
106026  19.692  23.962  -24.415 0.1250000000
106947  20.579  25.077  -25.015 0.1250000000
106015  19.211  23.688  -23.428 0.1250000000
105121  19.322  23.256  -25.036 0.1250000000
107853  20.632  25.657  -24.484 0.1250000000
107839  20.421  25.777  -23.484 0.1250000000
104245  18.905  22.616  -25.377 0.1250000000
104244  19.412  23.066  -25.565 0.1250000000
88278  17.114  5.710  -25.308 0.1250000000
102429  18.761  20.614  -25.828 0.1250000000
105109  19.317  22.879  -24.098 0.1250000000
106917  19.640  25.108  -22.488 0.1250000000
107832  20.547  25.897  -22.459 0.1250000000
107852  21.268  26.498  -24.388 0.1250000000
91285  16.724  8.477  -25.746 0.1250000000
106956  20.683  24.743  -25.572 0.1250000000
107872  20.785  25.626  -24.956 0.1250000000
88296  17.466  5.389  -25.776 0.1250000000
90293  16.883  7.361  -26.082 0.1250000000
90253  16.639  7.524  -24.815 0.1250000000
89253  16.764  6.514  -25.077 0.1250000000
106929  19.811  24.742  -23.656 0.1250000000
106001  18.805  24.038  -22.477 0.1250000000
105092  19.035  22.856  -22.726 0.1250000000
107838  21.303  26.373  -23.376 0.1250000000
83271  23.780  0.909  -25.769 0.1250000000
84310  24.358  1.625  -25.738 0.1250000000
84331  23.849  2.158  -26.292 0.1250000000
85312  24.225  2.725  -26.263 0.1250000000
86278  24.258  3.921  -26.864 0.1250000000
87295  24.379  4.655  -27.312 0.1250000000
87294  24.829  4.973  -27.061 0.1250000000
88294  25.784  5.682  -26.881 0.1250000000
89303  24.940  6.214  -28.116 0.1250000000
89301  26.432  7.018  -27.063 0.1250000000
89313  25.050  6.902  -28.380 0.1250000000
90291  26.948  7.379  -27.027 0.1250000000
90303  26.454  7.785  -27.447 0.1250000000
91298  25.757  8.231  -28.306 0.1250000000
81293  21.314  -1.930  -25.356 0.1250000000
80286  20.765  -2.530  -25.391 0.1250000000
81292  22.003  -1.702  -25.249 0.1250000000
81291  22.831  -1.621  -24.842 0.1250000000
82237  23.616  -0.629  -24.766 0.1250000000
84283  24.707  0.956  -25.173 0.1250000000
83243  24.021  0.413  -25.336 0.1250000000
85292  25.843  2.710  -25.323 0.1250000000
87265  25.508  4.253  -26.077 0.1250000000
87280  25.174  4.700  -26.589 0.1250000000
88277  26.775  5.146  -25.831 0.1250000000
89288  26.948  6.683  -26.607 0.1250000000
91297  26.264  8.673  -28.138 0.1250000000
91296  27.082  8.596  -27.633 0.1250000000
90302  27.205  7.930  -27.237 0.1250000000
91309  26.060  9.155  -28.607 0.1250000000
83244  23.308  -0.078  -25.333 0.1250000000
90316  25.430  7.666  -28.426 0.1250000000
85293  24.975  2.889  -25.775 0.1250000000
82238  22.594  -0.659  -25.419 0.1250000000
80269  21.369  -2.530  -25.035 0.1250000000
84309  25.229  2.137  -25.455 0.1250000000
87281  24.604  4.249  -26.754 0.1250000000
86248  25.109  3.552  -25.991 0.1250000000
88305  25.044  5.486  -27.396 0.1250000000
89289  26.272  6.368  -26.881 0.1250000000
87279  25.903  5.171  -26.424 0.1250000000
89302  25.664  6.790  -27.580 0.1250000000
90290  27.655  7.515  -26.747 0.1250000000
84282  25.580  1.432  -24.787 0.1250000000
91283  27.773  8.482  -27.174 0.1250000000
78301  18.040  -3.870  -25.970 0.1250000000
79274  18.574  -3.583  -25.928 0.1250000000
80311  17.024  -2.760  -25.612 0.1250000000
85339  22.291  3.083  -28.323 0.7500000000
85342  20.146  2.780  -28.211 0.7500000000
86263  25.206  3.973  -26.137 0.1250000000
86264  24.694  3.668  -26.369 0.1250000000
87326  21.442  5.190  -29.209 0.7500000000
88308  18.087  5.468  -26.703 0.3750000000
89338  23.340  7.212  -30.250 0.6250000000
89340  22.277  7.107  -30.270 0.7500000000
90304  25.833  7.875  -27.905 0.1250000000
90317  24.885  7.334  -28.837 0.2500000000
90330  24.586  7.561  -29.430 0.5000000000
90343  23.675  7.506  -30.200 0.6250000000
91322  24.422  8.189  -30.022 0.5000000000
91323  24.008  7.850  -30.159 0.6250000000
92123  16.462  10.264  -24.989 0.1250000000
92187  25.929  9.559  -28.961 0.2500000000
92209  24.044  8.972  -30.212 0.6250000000
92212  22.443  8.998  -30.184 0.8750000000
94084  26.473  11.350  -29.303 0.3750000000
95063  27.801  12.941  -28.817 0.1250000000
95078  22.170  13.115  -29.830 1.0000000000
96097  28.923  13.575  -28.220 0.1250000000
96103  18.603  13.759  -28.305 1.0000000000
97103  24.308  14.375  -28.859 0.8750000000
97108  20.105  14.733  -29.224 1.0000000000
97119  21.484  14.655  -29.709 1.0000000000
97926  14.570  15.875  -24.389 0.2500000000
98026  21.492  15.506  -29.674 1.0000000000
98789  14.752  16.640  -24.253 0.3750000000
100543  16.732  18.348  -24.847 0.1250000000
100576  27.074  18.190  -28.191 0.3750000000
101501  23.719  19.067  -28.114 1.0000000000
102464  27.334  20.157  -27.630 0.3750000000
102483  21.838  19.601  -29.036 1.0000000000
102484  21.608  19.800  -28.865 1.0000000000
104270  27.792  23.028  -28.110 0.2500000000
105994  19.108  24.506  -21.469 0.1250000000
107910  22.805  27.184  -29.017 0.7500000000
107919  26.953  27.030  -30.384 0.2500000000
107942  26.513  26.381  -32.790 0.1250000000
108818  27.128  26.741  -31.120 0.1250000000
108845  26.360  26.743  -32.991 0.1250000000
109697  22.214  29.500  -26.426 0.2500000000
109729  25.533  28.460  -31.556 0.1250000000
112372  20.328  31.986  -28.054 0.1250000000
112413  18.654  31.214  -31.849 0.2500000000
