#!ascii label  , from subject 3753 vox2ras=TkReg
980
42371  -20.774  -42.573  60.524 0.0000000000
64052  -46.414  -24.499  53.462 0.0000000000
77138  -48.046  -15.580  49.250 0.0000000000
73197  -54.535  -17.666  41.579 0.0000000000
62747  -43.229  -27.136  55.089 0.0000000000
74516  -51.108  -16.496  45.088 0.0000000000
80898  -54.386  -11.304  38.982 0.0000000000
85890  -56.366  -7.908  36.690 0.0000000000
61653  -46.817  -26.384  48.668 0.0000000000
66643  -49.793  -22.303  48.503 0.0000000000
71638  -47.190  -18.832  52.283 0.0000000000
45868  -20.966  -40.293  64.297 0.0000000000
49398  -24.879  -36.441  64.179 0.0000000000
54059  -28.363  -32.907  63.659 0.0000000000
51883  -32.222  -33.945  60.195 0.0000000000
53047  -37.545  -33.258  56.510 0.0000000000
53068  -43.345  -33.006  54.570 0.0000000000
57928  -45.727  -29.892  52.619 0.0000000000
69098  -51.940  -20.756  47.526 0.0000000000
87048  -58.049  -6.181  35.252 0.0000000000
62824  -46.760  -25.124  51.295 0.0000000000
65394  -46.540  -22.747  49.813 0.0000000000
67806  -46.739  -21.736  52.612 0.0000000000
45891  -20.968  -39.646  62.627 0.0000000000
47019  -22.706  -39.205  64.779 0.0000000000
55273  -39.870  -31.528  58.302 0.0000000000
53064  -40.003  -33.341  55.525 0.0000000000
54156  -41.688  -32.181  56.575 0.0000000000
62751  -45.261  -25.898  54.491 0.0000000000
57887  -45.949  -28.981  54.292 0.0000000000
61578  -46.588  -27.202  52.962 0.0000000000
60369  -45.728  -27.880  50.683 0.0000000000
71692  -49.213  -19.311  49.246 0.0000000000
67843  -51.144  -21.346  48.631 0.0000000000
73082  -50.709  -17.790  48.394 0.0000000000
75961  -53.330  -16.116  43.117 0.0000000000
73120  -53.092  -17.369  45.073 0.0000000000
71786  -54.636  -18.591  43.143 0.0000000000
70465  -55.489  -19.536  40.988 0.0000000000
79689  -57.028  -12.596  37.727 0.0000000000
76017  -56.805  -14.501  37.684 0.0000000000
59038  -42.096  -29.240  55.191 0.0000000000
73194  -51.481  -17.386  41.229 0.0000000000
83443  -55.856  -9.822  38.463 0.0000000000
82196  -57.477  -10.438  36.978 0.0000000000
84728  -58.920  -7.628  34.062 0.0000000000
59147  -50.096  -27.879  48.623 0.0000000000
64131  -47.669  -24.357  47.990 0.0000000000
69064  -47.511  -20.364  48.779 0.0000000000
42347  -21.002  -42.426  62.369 0.0000000000
49409  -25.881  -36.903  63.595 0.0000000000
51847  -26.639  -34.680  64.434 0.0000000000
50659  -28.287  -35.295  63.340 0.0000000000
50671  -30.609  -35.414  62.728 0.0000000000
50685  -32.376  -35.375  61.183 0.0000000000
49473  -34.018  -36.421  59.393 0.0000000000
53027  -34.725  -33.467  57.888 0.0000000000
50801  -38.221  -35.210  54.359 0.0000000000
56557  -43.587  -30.380  55.226 0.0000000000
55361  -45.218  -32.123  53.594 0.0000000000
53112  -46.430  -33.771  51.706 0.0000000000
55426  -46.346  -31.758  50.418 0.0000000000
57962  -48.344  -29.500  49.734 0.0000000000
73094  -52.011  -17.540  46.916 0.0000000000
74698  -55.526  -16.243  36.964 0.0000000000
71824  -57.261  -18.871  39.521 0.0000000000
42345  -19.429  -42.591  62.318 0.0000000000
62809  -46.818  -25.065  52.100 0.0000000000
65379  -46.612  -23.702  51.593 0.0000000000
66581  -46.483  -23.536  52.715 0.0000000000
57821  -39.984  -30.748  57.595 0.0000000000
54142  -40.818  -32.076  57.698 0.0000000000
57822  -40.723  -30.728  57.262 0.0000000000
64035  -45.596  -24.880  54.235 0.0000000000
61565  -45.753  -26.551  53.727 0.0000000000
62797  -46.380  -25.777  52.989 0.0000000000
62823  -46.363  -25.771  51.811 0.0000000000
73081  -49.864  -17.933  49.040 0.0000000000
75834  -49.950  -16.181  49.189 0.0000000000
74569  -54.198  -17.175  42.321 0.0000000000
73154  -54.458  -17.563  43.324 0.0000000000
73155  -55.072  -17.947  42.708 0.0000000000
70448  -54.735  -19.271  41.648 0.0000000000
70449  -55.479  -19.052  41.666 0.0000000000
79704  -58.120  -12.858  36.294 0.0000000000
78547  -57.746  -13.655  36.721 0.0000000000
77386  -57.670  -14.737  35.542 0.0000000000
83466  -55.207  -9.569  36.207 0.0000000000
84675  -56.176  -8.443  37.178 0.0000000000
83455  -56.553  -9.442  37.941 0.0000000000
84677  -57.022  -8.530  37.418 0.0000000000
83468  -57.362  -9.387  36.513 0.0000000000
85892  -57.291  -7.860  36.695 0.0000000000
85903  -58.546  -6.766  35.241 0.0000000000
61636  -48.839  -27.036  49.047 0.0000000000
61655  -49.007  -26.291  48.467 0.0000000000
62862  -47.000  -25.451  48.383 0.0000000000
69052  -46.819  -20.588  51.144 0.0000000000
67832  -46.839  -21.491  49.547 0.0000000000
70308  -46.803  -19.418  50.487 0.0000000000
71674  -47.886  -18.598  49.920 0.0000000000
73025  -47.257  -18.191  51.766 0.0000000000
42340  -22.053  -42.047  63.162 0.0000000000
44714  -22.496  -41.102  63.536 0.0000000000
48253  -23.607  -37.684  64.321 0.0000000000
54066  -26.979  -32.563  63.494 0.0000000000
52942  -27.283  -33.654  63.807 0.0000000000
51848  -27.521  -34.763  64.071 0.0000000000
52954  -28.387  -34.005  64.025 0.0000000000
50660  -29.398  -35.376  63.167 0.0000000000
52965  -29.705  -33.813  63.266 0.0000000000
51875  -31.767  -34.200  60.666 0.0000000000
50686  -33.022  -35.814  60.628 0.0000000000
50713  -32.871  -34.933  59.480 0.0000000000
53015  -37.308  -33.035  58.458 0.0000000000
53003  -36.218  -32.942  59.211 0.0000000000
53045  -35.862  -33.543  56.947 0.0000000000
50748  -34.779  -34.829  57.174 0.0000000000
51928  -36.684  -34.122  55.844 0.0000000000
49539  -36.990  -36.115  55.350 0.0000000000
51929  -37.817  -33.962  55.754 0.0000000000
53066  -41.518  -33.283  55.193 0.0000000000
51966  -40.598  -33.965  53.904 0.0000000000
51968  -42.615  -34.151  53.901 0.0000000000
51948  -43.906  -33.772  54.302 0.0000000000
57844  -43.263  -29.933  55.486 0.0000000000
59031  -43.598  -29.059  55.344 0.0000000000
57915  -46.156  -29.609  53.347 0.0000000000
56593  -45.548  -30.286  54.341 0.0000000000
56613  -45.965  -30.957  53.099 0.0000000000
54211  -45.608  -32.724  53.025 0.0000000000
55385  -45.833  -32.405  52.488 0.0000000000
55403  -45.641  -31.580  51.244 0.0000000000
60386  -46.304  -27.823  49.397 0.0000000000
59133  -47.156  -28.981  49.408 0.0000000000
60387  -47.594  -28.006  48.842 0.0000000000
59135  -49.878  -28.580  49.024 0.0000000000
44712  -19.620  -40.588  63.677 0.0000000000
44697  -19.794  -40.930  64.527 0.0000000000
42332  -20.097  -42.043  63.976 0.0000000000
64134  -50.721  -24.410  48.499 0.0000000000
65423  -50.960  -23.375  48.276 0.0000000000
69083  -52.137  -20.721  48.078 0.0000000000
75910  -50.143  -16.444  46.081 0.0000000000
75879  -51.471  -16.127  46.776 0.0000000000
75880  -52.255  -16.125  46.160 0.0000000000
71748  -51.944  -18.476  44.301 0.0000000000
71731  -51.707  -18.533  45.446 0.0000000000
74677  -57.783  -16.281  37.713 0.0000000000
76037  -56.612  -15.194  37.554 0.0000000000
73296  -57.256  -16.826  38.056 0.0000000000
73273  -56.367  -17.541  38.365 0.0000000000
71872  -57.811  -18.145  38.569 0.0000000000
70509  -57.421  -19.142  38.940 0.0000000000
84718  -56.536  -7.786  34.987 0.0000000000
85901  -57.258  -7.304  35.745 0.0000000000
87087  -57.300  -6.806  34.537 0.0000000000
88253  -57.953  -5.564  34.278 0.0000000000
62850  -46.010  -25.899  49.741 0.0000000000
62851  -46.338  -25.111  49.241 0.0000000000
64105  -46.742  -24.349  50.887 0.0000000000
66608  -46.643  -22.457  51.434 0.0000000000
69047  -46.970  -20.670  52.045 0.0000000000
45882  -20.703  -39.852  63.873 0.0000000000
45869  -21.873  -39.664  64.406 0.0000000000
48264  -23.379  -37.300  63.765 0.0000000000
53031  -38.364  -32.707  57.264 0.0000000000
53048  -38.604  -33.079  56.264 0.0000000000
53032  -39.439  -32.739  57.068 0.0000000000
51931  -40.835  -33.048  56.318 0.0000000000
53036  -42.049  -32.460  55.757 0.0000000000
62749  -44.379  -26.563  54.628 0.0000000000
59040  -44.938  -28.447  55.124 0.0000000000
60298  -45.711  -27.754  54.501 0.0000000000
59067  -46.698  -28.068  53.763 0.0000000000
59090  -46.410  -28.579  52.834 0.0000000000
59105  -46.020  -29.010  52.033 0.0000000000
61607  -46.504  -27.521  52.234 0.0000000000
61619  -45.738  -26.829  50.232 0.0000000000
44729  -19.897  -40.420  62.589 0.0000000000
69080  -49.690  -20.792  48.707 0.0000000000
66633  -50.565  -21.726  48.674 0.0000000000
70337  -50.042  -20.132  48.724 0.0000000000
70338  -51.019  -19.928  48.398 0.0000000000
70353  -51.725  -19.429  48.020 0.0000000000
75944  -52.458  -16.056  43.825 0.0000000000
75900  -53.143  -16.053  45.146 0.0000000000
74532  -53.757  -16.478  44.106 0.0000000000
71766  -53.876  -18.019  43.650 0.0000000000
80913  -56.272  -11.414  38.654 0.0000000000
79673  -55.688  -12.288  37.973 0.0000000000
78509  -56.932  -13.365  37.799 0.0000000000
77340  -57.710  -14.817  37.259 0.0000000000
65352  -44.670  -23.269  53.076 0.0000000000
64064  -44.216  -24.258  53.037 0.0000000000
77171  -49.074  -16.044  48.091 0.0000000000
74546  -50.742  -16.843  43.857 0.0000000000
74565  -51.002  -17.015  42.950 0.0000000000
74588  -52.222  -17.057  42.144 0.0000000000
73196  -53.487  -17.472  41.380 0.0000000000
82172  -55.230  -10.481  38.792 0.0000000000
82183  -56.475  -10.358  38.448 0.0000000000
80933  -58.036  -11.763  36.376 0.0000000000
80946  -57.941  -11.920  35.358 0.0000000000
85902  -57.723  -7.030  35.678 0.0000000000
84719  -58.283  -8.287  34.843 0.0000000000
60409  -51.113  -27.295  48.504 0.0000000000
62864  -49.424  -25.374  48.298 0.0000000000
65421  -49.348  -23.353  48.350 0.0000000000
65408  -46.671  -23.154  49.255 0.0000000000
66641  -47.843  -22.375  48.105 0.0000000000
67850  -48.373  -21.548  48.352 0.0000000000
70319  -48.182  -19.374  49.087 0.0000000000
73064  -48.538  -18.106  50.009 0.0000000000
67805  -45.301  -21.126  53.411 0.0000000000
69032  -45.692  -19.879  53.183 0.0000000000
74379  -45.276  -16.733  52.564 0.0000000000
42359  -20.918  -42.517  61.478 0.0000000000
42360  -21.824  -42.438  61.615 0.0000000000
49421  -26.424  -36.374  62.763 0.0000000000
49419  -23.468  -36.622  62.581 0.0000000000
49408  -24.705  -36.080  63.692 0.0000000000
50638  -25.564  -35.420  64.790 0.0000000000
49401  -27.077  -36.333  63.771 0.0000000000
49438  -30.794  -36.531  61.777 0.0000000000
48285  -32.258  -37.134  61.573 0.0000000000
54127  -33.611  -32.638  59.867 0.0000000000
54129  -34.602  -32.521  59.436 0.0000000000
51892  -33.292  -34.087  59.000 0.0000000000
50732  -33.850  -35.027  58.403 0.0000000000
50716  -34.638  -36.080  58.140 0.0000000000
53083  -39.356  -33.576  54.794 0.0000000000
57842  -41.602  -30.377  56.546 0.0000000000
55308  -42.894  -31.391  55.731 0.0000000000
54183  -43.325  -32.244  55.010 0.0000000000
57885  -45.139  -29.495  55.103 0.0000000000
55338  -44.570  -31.493  54.434 0.0000000000
54185  -44.391  -32.930  53.968 0.0000000000
53087  -45.009  -33.303  53.563 0.0000000000
51992  -45.579  -33.926  52.618 0.0000000000
55428  -48.864  -32.355  49.797 0.0000000000
56674  -46.245  -30.524  50.217 0.0000000000
56695  -46.950  -30.424  49.680 0.0000000000
55441  -49.530  -31.726  49.283 0.0000000000
56699  -50.502  -30.542  49.080 0.0000000000
42330  -19.449  -42.534  63.267 0.0000000000
75855  -50.388  -15.995  48.384 0.0000000000
73093  -51.364  -17.686  47.676 0.0000000000
71719  -51.922  -18.530  46.624 0.0000000000
73105  -52.740  -17.213  45.981 0.0000000000
71718  -51.931  -18.529  46.059 0.0000000000
69113  -51.530  -20.558  46.915 0.0000000000
73245  -52.327  -17.455  39.612 0.0000000000
73221  -53.837  -17.959  40.500 0.0000000000
78524  -55.700  -13.560  37.394 0.0000000000
77364  -55.351  -14.522  36.929 0.0000000000
73293  -55.015  -17.370  37.692 0.0000000000
73248  -55.104  -18.163  39.188 0.0000000000
71822  -55.421  -18.307  40.655 0.0000000000
69215  -56.385  -19.426  40.416 0.0000000000
42370  -19.823  -42.470  60.417 0.0000000000
64065  -46.687  -24.603  52.999 0.0000000000
64079  -46.563  -24.267  52.614 0.0000000000
65339  -46.550  -23.925  53.046 0.0000000000
57861  -38.958  -30.339  56.640 0.0000000000
57862  -39.826  -30.777  56.438 0.0000000000
64051  -45.935  -24.305  53.765 0.0000000000
62771  -46.104  -25.214  53.919 0.0000000000
62787  -46.451  -25.223  53.410 0.0000000000
62798  -46.717  -25.072  52.780 0.0000000000
75833  -49.238  -16.095  49.624 0.0000000000
74456  -49.651  -16.895  49.642 0.0000000000
75854  -49.488  -15.802  48.915 0.0000000000
74591  -54.241  -17.297  41.996 0.0000000000
73174  -54.639  -17.539  42.515 0.0000000000
73175  -55.187  -17.949  42.053 0.0000000000
71787  -55.245  -18.472  42.301 0.0000000000
73198  -55.104  -18.090  41.609 0.0000000000
79727  -57.734  -13.356  35.252 0.0000000000
78562  -57.920  -13.906  35.651 0.0000000000
84687  -56.384  -7.929  36.253 0.0000000000
85881  -56.401  -7.955  37.058 0.0000000000
84676  -56.530  -8.503  37.374 0.0000000000
85882  -56.939  -7.926  37.198 0.0000000000
85883  -57.213  -8.096  37.180 0.0000000000
60407  -47.634  -27.282  48.758 0.0000000000
61654  -47.838  -26.589  48.541 0.0000000000
70301  -46.902  -19.508  51.433 0.0000000000
71659  -46.830  -18.774  51.200 0.0000000000
71649  -47.108  -18.661  51.494 0.0000000000
43559  -21.372  -41.253  63.947 0.0000000000
44699  -21.892  -40.657  63.905 0.0000000000
47031  -24.107  -38.491  64.469 0.0000000000
55190  -27.675  -32.797  63.895 0.0000000000
55189  -27.357  -33.052  63.900 0.0000000000
52944  -27.938  -33.507  64.066 0.0000000000
52953  -27.744  -34.090  63.997 0.0000000000
52945  -28.285  -33.315  63.894 0.0000000000
54079  -29.010  -33.991  64.010 0.0000000000
52956  -29.027  -33.417  63.491 0.0000000000
52979  -31.651  -33.630  60.799 0.0000000000
50698  -32.475  -34.935  60.218 0.0000000000
51891  -32.558  -34.080  59.541 0.0000000000
53030  -37.383  -33.013  57.510 0.0000000000
53029  -36.534  -33.335  57.675 0.0000000000
53046  -36.602  -33.450  56.749 0.0000000000
51927  -35.845  -34.113  56.369 0.0000000000
53067  -42.353  -33.161  54.915 0.0000000000
53086  -42.077  -33.605  54.481 0.0000000000
51947  -43.014  -33.654  54.377 0.0000000000
51969  -43.552  -34.259  54.016 0.0000000000
60265  -43.040  -28.415  55.590 0.0000000000
61505  -43.610  -28.092  55.357 0.0000000000
56594  -46.014  -30.508  53.735 0.0000000000
56614  -45.754  -31.720  52.848 0.0000000000
56631  -45.724  -31.254  52.547 0.0000000000
55383  -45.661  -31.726  51.940 0.0000000000
57927  -45.517  -30.507  52.109 0.0000000000
61634  -46.276  -26.686  49.223 0.0000000000
60406  -46.987  -27.190  48.688 0.0000000000
61635  -48.152  -27.356  48.831 0.0000000000
45881  -20.264  -40.396  64.228 0.0000000000
45867  -20.445  -40.607  64.420 0.0000000000
43558  -20.553  -41.525  64.137 0.0000000000
65422  -50.220  -23.370  48.494 0.0000000000
67866  -51.762  -21.765  47.409 0.0000000000
67882  -51.705  -21.935  47.082 0.0000000000
67881  -51.480  -21.643  46.823 0.0000000000
75911  -50.908  -16.400  45.560 0.0000000000
75898  -51.683  -15.982  45.944 0.0000000000
80911  -54.243  -11.915  38.313 0.0000000000
74678  -58.409  -16.773  37.632 0.0000000000
73275  -58.208  -17.595  38.364 0.0000000000
62839  -46.525  -25.105  50.323 0.0000000000
66580  -46.531  -22.732  52.420 0.0000000000
66595  -46.549  -22.925  51.933 0.0000000000
67814  -46.592  -21.826  51.807 0.0000000000
69042  -46.720  -20.655  52.746 0.0000000000
48275  -23.442  -37.068  63.218 0.0000000000
55272  -39.078  -31.510  58.807 0.0000000000
54140  -39.292  -32.059  58.589 0.0000000000
53006  -38.661  -32.353  58.699 0.0000000000
53017  -39.232  -32.589  58.073 0.0000000000
53018  -40.067  -32.723  57.669 0.0000000000
54155  -41.180  -32.226  57.134 0.0000000000
51915  -40.784  -32.803  56.547 0.0000000000
53034  -41.088  -32.590  56.687 0.0000000000
51917  -41.284  -32.939  56.088 0.0000000000
62750  -44.954  -26.078  54.632 0.0000000000
61527  -44.787  -26.951  54.591 0.0000000000
61528  -45.094  -26.250  54.536 0.0000000000
61577  -46.205  -26.686  53.200 0.0000000000
60313  -46.075  -27.186  53.548 0.0000000000
60314  -46.536  -27.606  53.485 0.0000000000
59091  -46.691  -28.173  53.225 0.0000000000
60327  -46.755  -27.827  52.985 0.0000000000
60326  -46.636  -28.006  52.635 0.0000000000
61591  -46.554  -27.323  52.523 0.0000000000
61606  -46.357  -26.968  51.620 0.0000000000
62838  -46.293  -25.912  50.863 0.0000000000
44713  -20.343  -40.177  63.246 0.0000000000
70336  -49.297  -19.850  48.848 0.0000000000
71693  -49.553  -19.057  49.028 0.0000000000
71694  -50.368  -18.924  48.547 0.0000000000
71708  -51.257  -18.707  48.180 0.0000000000
70339  -51.999  -20.092  48.248 0.0000000000
75945  -52.963  -15.962  43.522 0.0000000000
75929  -52.842  -15.961  44.226 0.0000000000
75946  -53.446  -16.193  43.532 0.0000000000
71767  -54.699  -18.297  43.241 0.0000000000
73153  -54.234  -17.784  43.635 0.0000000000
71765  -52.920  -18.490  43.381 0.0000000000
70428  -54.000  -18.945  42.315 0.0000000000
80914  -56.597  -11.982  37.929 0.0000000000
79675  -56.469  -12.484  37.937 0.0000000000
76062  -58.502  -15.866  36.715 0.0000000000
65334  -44.374  -23.928  53.241 0.0000000000
73195  -52.478  -17.441  41.324 0.0000000000
83453  -55.133  -9.757  37.193 0.0000000000
83442  -55.143  -10.051  38.052 0.0000000000
82182  -54.377  -10.497  37.505 0.0000000000
82173  -55.964  -10.439  39.005 0.0000000000
82184  -57.032  -10.272  37.854 0.0000000000
82213  -57.264  -10.559  35.840 0.0000000000
83480  -57.357  -9.434  35.819 0.0000000000
85912  -57.473  -6.977  35.414 0.0000000000
84720  -58.731  -7.434  34.959 0.0000000000
84704  -58.270  -7.545  35.460 0.0000000000
59148  -50.626  -28.073  48.567 0.0000000000
59149  -51.302  -28.384  48.349 0.0000000000
60408  -50.263  -27.178  48.592 0.0000000000
62863  -48.307  -25.462  48.061 0.0000000000
64132  -48.866  -24.382  48.029 0.0000000000
64133  -49.844  -24.385  48.438 0.0000000000
65420  -48.323  -23.319  47.942 0.0000000000
64118  -46.385  -24.188  49.790 0.0000000000
64130  -46.724  -24.236  48.720 0.0000000000
67839  -47.123  -22.129  48.895 0.0000000000
67840  -47.459  -21.646  48.684 0.0000000000
69078  -48.001  -20.999  48.514 0.0000000000
69065  -48.270  -19.942  48.652 0.0000000000
73041  -48.249  -17.913  50.638 0.0000000000
73063  -48.209  -18.234  50.335 0.0000000000
42349  -22.856  -42.054  62.615 0.0000000000
45870  -22.475  -39.893  64.649 0.0000000000
44692  -23.011  -39.813  64.799 0.0000000000
48276  -25.508  -37.421  62.673 0.0000000000
49420  -25.817  -36.767  63.092 0.0000000000
49434  -25.955  -36.644  62.052 0.0000000000
50666  -24.050  -35.953  62.313 0.0000000000
50656  -24.301  -36.073  63.097 0.0000000000
51846  -25.624  -34.873  64.611 0.0000000000
51833  -26.041  -34.949  65.235 0.0000000000
50650  -27.807  -35.156  63.818 0.0000000000
50649  -27.568  -35.803  64.055 0.0000000000
50658  -27.401  -35.750  63.080 0.0000000000
50669  -28.144  -35.642  62.369 0.0000000000
50661  -30.027  -35.434  63.161 0.0000000000
49412  -29.718  -35.685  63.043 0.0000000000
49424  -30.277  -35.978  62.617 0.0000000000
49425  -31.096  -36.141  62.410 0.0000000000
50673  -31.801  -35.380  61.898 0.0000000000
49426  -31.704  -36.046  62.144 0.0000000000
49440  -32.322  -36.389  61.645 0.0000000000
49441  -33.122  -36.436  61.080 0.0000000000
49472  -33.523  -36.115  59.636 0.0000000000
49455  -33.685  -36.547  60.235 0.0000000000
49457  -34.771  -37.169  59.431 0.0000000000
49474  -34.787  -36.977  58.796 0.0000000000
53013  -35.461  -33.090  58.451 0.0000000000
53002  -35.206  -32.541  59.113 0.0000000000
53012  -34.505  -33.214  58.420 0.0000000000
53001  -34.014  -32.860  58.933 0.0000000000
51893  -33.809  -33.701  58.542 0.0000000000
51902  -33.628  -34.482  58.599 0.0000000000
51903  -33.922  -34.068  57.955 0.0000000000
50749  -35.402  -35.263  56.732 0.0000000000
50734  -34.870  -35.697  57.475 0.0000000000
49504  -35.311  -36.063  57.290 0.0000000000
49489  -35.062  -36.589  57.768 0.0000000000
50782  -37.729  -35.454  54.588 0.0000000000
49540  -37.649  -36.572  54.985 0.0000000000
49557  -38.150  -35.819  54.418 0.0000000000
53049  -39.726  -33.116  56.267 0.0000000000
53063  -38.997  -33.320  55.507 0.0000000000
59027  -41.388  -30.498  55.960 0.0000000000
59028  -41.977  -29.719  55.837 0.0000000000
56534  -43.375  -30.309  55.401 0.0000000000
56556  -43.029  -30.751  55.720 0.0000000000
55325  -43.238  -31.655  55.259 0.0000000000
55309  -43.446  -31.006  55.008 0.0000000000
59051  -45.540  -28.569  54.937 0.0000000000
59050  -44.957  -29.010  55.309 0.0000000000
57886  -45.641  -29.311  54.645 0.0000000000
55340  -45.687  -31.017  53.900 0.0000000000
56592  -44.977  -30.950  54.421 0.0000000000
55339  -45.172  -31.529  54.000 0.0000000000
54198  -44.699  -32.030  54.168 0.0000000000
54199  -44.804  -32.569  53.810 0.0000000000
53070  -44.592  -33.312  53.827 0.0000000000
54210  -45.299  -32.660  53.400 0.0000000000
53102  -46.017  -33.493  52.332 0.0000000000
53101  -45.676  -33.326  52.733 0.0000000000
51993  -46.015  -34.042  52.135 0.0000000000
54240  -46.235  -32.671  50.792 0.0000000000
55427  -47.745  -32.170  50.046 0.0000000000
59118  -45.901  -28.860  51.094 0.0000000000
57960  -45.798  -29.643  50.447 0.0000000000
57961  -47.864  -29.500  49.750 0.0000000000
57979  -47.259  -29.772  49.622 0.0000000000
56696  -47.956  -30.302  49.711 0.0000000000
55440  -48.439  -31.401  49.553 0.0000000000
56697  -48.997  -30.468  49.419 0.0000000000
55442  -50.223  -31.054  49.240 0.0000000000
57981  -49.546  -29.654  49.509 0.0000000000
57982  -50.569  -29.665  49.189 0.0000000000
59136  -50.956  -28.835  49.063 0.0000000000
42339  -20.888  -42.128  63.291 0.0000000000
42331  -19.927  -42.338  63.553 0.0000000000
42338  -20.208  -42.589  62.979 0.0000000000
42346  -20.183  -42.574  62.271 0.0000000000
66634  -50.866  -21.620  48.690 0.0000000000
66645  -51.192  -22.210  48.442 0.0000000000
77186  -49.207  -15.813  47.911 0.0000000000
75877  -49.632  -15.785  48.114 0.0000000000
74489  -52.269  -16.634  46.559 0.0000000000
74488  -51.593  -16.771  47.289 0.0000000000
71709  -51.657  -18.648  47.425 0.0000000000
73121  -53.267  -16.786  45.258 0.0000000000
73106  -52.974  -16.654  45.565 0.0000000000
70367  -51.480  -19.212  46.490 0.0000000000
73246  -53.113  -17.864  39.400 0.0000000000
73247  -54.149  -18.188  39.427 0.0000000000
78508  -56.446  -13.326  37.776 0.0000000000
79688  -55.226  -12.438  37.745 0.0000000000
77338  -56.320  -14.160  37.558 0.0000000000
74675  -56.159  -16.159  37.328 0.0000000000
76036  -55.965  -14.995  37.395 0.0000000000
76061  -55.537  -15.624  36.863 0.0000000000
76060  -54.716  -15.517  36.643 0.0000000000
74697  -54.931  -16.284  36.764 0.0000000000
74673  -54.018  -16.909  37.287 0.0000000000
74674  -55.260  -16.725  37.263 0.0000000000
73250  -56.675  -17.978  38.799 0.0000000000
73249  -55.968  -18.023  38.955 0.0000000000
73224  -56.399  -18.348  39.301 0.0000000000
73223  -55.718  -18.260  39.781 0.0000000000
71823  -56.473  -18.670  40.128 0.0000000000
71804  -56.358  -18.858  40.832 0.0000000000
70467  -57.116  -18.927  39.961 0.0000000000
64091  -46.778  -24.540  51.702 0.0000000000
64078  -46.655  -24.381  52.395 0.0000000000
66596  -46.447  -23.433  52.353 0.0000000000
66567  -46.489  -22.785  53.027 0.0000000000
54141  -40.171  -32.260  58.118 0.0000000000
56518  -40.315  -30.991  57.841 0.0000000000
56532  -41.111  -30.935  57.405 0.0000000000
55289  -41.294  -31.529  57.352 0.0000000000
62770  -45.589  -25.458  54.228 0.0000000000
61549  -45.363  -26.363  54.297 0.0000000000
61550  -45.634  -25.766  53.957 0.0000000000
62786  -46.069  -25.927  53.392 0.0000000000
61590  -46.375  -26.447  52.520 0.0000000000
62808  -46.482  -25.559  52.454 0.0000000000
73065  -49.206  -17.752  49.678 0.0000000000
74473  -50.330  -16.874  48.838 0.0000000000
74568  -53.657  -16.578  42.737 0.0000000000
74549  -53.849  -16.470  43.352 0.0000000000
74550  -54.232  -16.949  42.979 0.0000000000
71768  -55.114  -18.329  42.999 0.0000000000
70410  -55.119  -18.597  43.092 0.0000000000
70429  -54.898  -19.087  42.695 0.0000000000
70430  -55.189  -18.789  42.765 0.0000000000
69176  -55.954  -19.471  41.110 0.0000000000
79703  -57.569  -12.655  37.026 0.0000000000
78548  -58.169  -13.827  36.119 0.0000000000
83467  -55.600  -9.267  36.872 0.0000000000
83454  -55.911  -9.209  37.479 0.0000000000
83456  -57.178  -9.366  37.327 0.0000000000
84688  -57.348  -8.505  36.941 0.0000000000
84703  -57.667  -8.333  35.955 0.0000000000
88234  -58.294  -5.641  34.975 0.0000000000
87049  -58.508  -5.993  35.136 0.0000000000
87070  -58.889  -6.126  35.083 0.0000000000
60389  -49.566  -27.591  48.716 0.0000000000
61637  -49.544  -26.855  48.719 0.0000000000
66621  -46.537  -22.333  50.279 0.0000000000
66620  -46.678  -22.264  49.552 0.0000000000
69057  -46.850  -20.448  49.995 0.0000000000
70318  -47.125  -19.315  49.431 0.0000000000
71673  -47.152  -18.878  50.055 0.0000000000
71650  -47.564  -18.184  50.884 0.0000000000
74414  -47.364  -17.531  51.503 0.0000000000
42348  -21.913  -42.283  62.513 0.0000000000
42341  -22.693  -41.853  63.106 0.0000000000
43566  -22.958  -41.435  63.262 0.0000000000
48256  -26.001  -36.977  63.988 0.0000000000
51849  -27.961  -34.758  63.862 0.0000000000
51856  -28.801  -34.620  63.683 0.0000000000
51857  -29.561  -34.678  63.405 0.0000000000
51858  -30.195  -34.668  63.048 0.0000000000
50699  -33.032  -35.764  59.832 0.0000000000
50714  -33.503  -35.416  59.101 0.0000000000
52992  -37.805  -32.537  59.547 0.0000000000
54131  -36.721  -32.701  59.398 0.0000000000
53014  -36.409  -33.164  58.493 0.0000000000
53028  -35.485  -33.431  57.602 0.0000000000
51913  -34.420  -34.011  57.236 0.0000000000
50761  -35.985  -34.909  56.012 0.0000000000
51944  -37.153  -34.707  55.349 0.0000000000
51945  -37.753  -34.645  54.900 0.0000000000
53065  -40.812  -33.387  55.411 0.0000000000
53084  -40.278  -33.562  54.721 0.0000000000
53085  -41.166  -33.570  54.598 0.0000000000
51967  -41.608  -34.048  53.862 0.0000000000
51970  -44.326  -34.287  53.907 0.0000000000
60263  -42.496  -28.827  55.309 0.0000000000
59029  -42.430  -29.410  55.652 0.0000000000
59030  -43.011  -29.188  55.594 0.0000000000
57845  -43.801  -29.669  55.241 0.0000000000
57904  -46.109  -29.370  53.989 0.0000000000
57903  -45.850  -29.463  54.335 0.0000000000
55362  -45.597  -31.684  53.390 0.0000000000
55363  -45.749  -32.043  52.847 0.0000000000
54212  -45.874  -32.854  52.558 0.0000000000
54223  -46.295  -33.090  52.160 0.0000000000
54222  -46.248  -32.723  51.937 0.0000000000
55404  -45.884  -32.332  51.404 0.0000000000
59132  -46.021  -28.818  49.971 0.0000000000
59134  -48.490  -28.932  49.519 0.0000000000
60388  -48.745  -27.967  48.807 0.0000000000
44696  -18.710  -40.923  64.084 0.0000000000
44690  -19.334  -41.218  64.403 0.0000000000
67853  -51.690  -21.478  48.235 0.0000000000
66646  -51.686  -22.412  47.803 0.0000000000
67854  -51.879  -21.587  47.782 0.0000000000
75897  -50.746  -15.998  46.522 0.0000000000
75878  -50.497  -15.810  47.435 0.0000000000
71749  -52.840  -17.944  44.531 0.0000000000
76038  -57.286  -15.190  37.527 0.0000000000
74676  -57.091  -16.190  37.759 0.0000000000
73295  -56.725  -16.917  37.917 0.0000000000
73294  -55.864  -17.123  37.756 0.0000000000
73274  -57.389  -17.464  38.399 0.0000000000
71845  -57.097  -18.496  38.949 0.0000000000
70488  -57.466  -18.987  39.445 0.0000000000
84702  -56.712  -7.597  35.724 0.0000000000
85891  -56.883  -7.635  36.486 0.0000000000
85911  -57.166  -7.219  34.973 0.0000000000
87069  -57.567  -6.376  35.007 0.0000000000
87088  -57.410  -6.488  33.767 0.0000000000
62861  -46.246  -25.907  48.896 0.0000000000
65395  -46.529  -23.303  50.457 0.0000000000
66609  -46.649  -22.621  51.245 0.0000000000
67813  -46.606  -22.013  51.454 0.0000000000
70295  -47.117  -19.662  52.196 0.0000000000
48252  -22.614  -38.373  64.375 0.0000000000
49397  -23.825  -36.896  64.181 0.0000000000
54113  -32.592  -32.391  60.752 0.0000000000
53005  -38.021  -32.638  59.115 0.0000000000
53016  -38.090  -32.492  58.199 0.0000000000
54154  -40.563  -32.456  57.526 0.0000000000
53033  -40.448  -32.735  56.803 0.0000000000
53050  -40.556  -33.241  56.118 0.0000000000
53051  -41.099  -33.267  55.849 0.0000000000
53052  -41.616  -32.937  55.687 0.0000000000
53053  -42.554  -32.647  55.256 0.0000000000
62748  -43.677  -26.872  55.044 0.0000000000
61526  -43.913  -27.476  55.206 0.0000000000
60276  -44.466  -27.978  54.973 0.0000000000
60286  -45.135  -27.830  54.709 0.0000000000
59065  -46.070  -28.168  54.538 0.0000000000
61564  -45.620  -27.125  54.143 0.0000000000
60299  -46.144  -27.607  54.030 0.0000000000
59066  -46.323  -28.373  54.119 0.0000000000
59079  -46.425  -28.512  53.533 0.0000000000
60349  -46.309  -28.030  52.023 0.0000000000
67851  -49.275  -21.487  48.478 0.0000000000
66632  -50.190  -21.791  48.644 0.0000000000
67852  -49.876  -21.491  48.656 0.0000000000
69066  -49.984  -20.916  48.781 0.0000000000
69067  -50.196  -20.778  48.744 0.0000000000
70322  -50.381  -20.458  48.669 0.0000000000
69068  -50.804  -20.765  48.684 0.0000000000
69082  -51.545  -20.722  48.425 0.0000000000
70354  -52.078  -19.760  47.628 0.0000000000
75928  -52.203  -16.185  44.378 0.0000000000
75912  -51.850  -16.426  45.148 0.0000000000
75913  -52.727  -16.042  44.871 0.0000000000
74517  -53.424  -16.408  44.892 0.0000000000
73138  -54.259  -16.970  43.975 0.0000000000
73137  -53.800  -17.215  44.348 0.0000000000
71750  -53.494  -17.649  44.292 0.0000000000
80899  -55.314  -11.179  39.215 0.0000000000
80912  -55.286  -11.746  38.354 0.0000000000
79674  -56.047  -12.334  38.110 0.0000000000
77323  -56.887  -13.991  37.783 0.0000000000
78526  -57.367  -13.475  37.399 0.0000000000
77339  -57.285  -14.233  37.593 0.0000000000
76018  -57.063  -14.481  37.677 0.0000000000
76039  -58.088  -15.610  37.295 0.0000000000
65336  -45.338  -23.339  53.524 0.0000000000
65337  -45.807  -23.536  53.572 0.0000000000
65353  -45.008  -23.054  53.310 0.0000000000
62766  -43.295  -26.851  54.701 0.0000000000
62767  -44.231  -26.144  54.292 0.0000000000
64032  -44.479  -25.524  53.927 0.0000000000
64033  -44.732  -25.252  54.132 0.0000000000
64049  -44.895  -24.340  54.005 0.0000000000
64050  -45.416  -24.257  53.917 0.0000000000
77154  -47.733  -15.965  48.659 0.0000000000
77156  -48.827  -15.829  48.705 0.0000000000
77170  -48.651  -16.124  48.318 0.0000000000
74501  -49.087  -16.425  47.060 0.0000000000
75926  -50.402  -16.553  45.434 0.0000000000
74530  -50.587  -16.605  44.924 0.0000000000
74531  -51.375  -16.480  44.512 0.0000000000
74547  -51.752  -16.440  43.685 0.0000000000
74548  -52.446  -16.276  43.373 0.0000000000
74566  -51.980  -16.800  42.909 0.0000000000
74567  -52.849  -16.382  42.824 0.0000000000
74589  -53.129  -16.964  42.123 0.0000000000
74590  -53.921  -17.118  42.040 0.0000000000
82171  -54.178  -10.591  38.533 0.0000000000
82161  -54.657  -10.814  39.272 0.0000000000
82162  -55.403  -10.757  39.240 0.0000000000
80925  -57.123  -11.492  37.627 0.0000000000
80924  -56.714  -10.865  38.178 0.0000000000
80934  -58.302  -12.410  35.979 0.0000000000
79712  -58.004  -12.456  35.162 0.0000000000
61656  -49.928  -26.226  48.618 0.0000000000
61657  -50.777  -26.325  48.619 0.0000000000
62865  -50.349  -25.371  48.545 0.0000000000
65419  -47.303  -23.291  48.303 0.0000000000
66630  -46.857  -22.438  49.140 0.0000000000
66631  -47.181  -22.487  48.668 0.0000000000
66642  -48.854  -22.385  48.294 0.0000000000
69079  -48.680  -20.554  48.531 0.0000000000
70335  -48.736  -19.781  48.826 0.0000000000
70320  -48.969  -19.448  49.242 0.0000000000
71675  -48.980  -18.854  49.683 0.0000000000
77120  -48.011  -15.565  49.930 0.0000000000
65321  -46.119  -22.927  53.497 0.0000000000
67797  -46.229  -21.336  53.497 0.0000000000
69039  -45.392  -20.235  53.105 0.0000000000
69035  -46.460  -20.909  53.199 0.0000000000
69041  -46.544  -20.292  53.069 0.0000000000
70280  -46.562  -19.340  53.074 0.0000000000
71627  -46.909  -18.845  52.703 0.0000000000
72993  -46.601  -18.167  52.460 0.0000000000
74400  -46.599  -17.346  52.078 0.0000000000
77137  -47.407  -15.807  49.093 0.0000000000
42372  -21.748  -42.690  60.636 0.0000000000
44715  -22.878  -40.834  63.673 0.0000000000
49407  -23.931  -36.598  63.652 0.0000000000
49387  -25.434  -36.227  64.569 0.0000000000
49400  -26.470  -36.497  64.260 0.0000000000
49410  -26.336  -36.638  63.620 0.0000000000
49411  -26.875  -36.245  63.196 0.0000000000
50670  -29.054  -35.325  62.422 0.0000000000
48287  -33.545  -37.322  60.686 0.0000000000
54103  -32.929  -31.944  61.039 0.0000000000
52988  -32.997  -32.974  59.946 0.0000000000
52989  -35.583  -32.523  59.640 0.0000000000
54128  -34.110  -32.564  59.678 0.0000000000
53000  -33.243  -33.135  59.473 0.0000000000
52999  -32.636  -33.443  59.899 0.0000000000
50715  -34.151  -35.899  58.615 0.0000000000
50733  -34.311  -35.117  57.825 0.0000000000
51930  -38.390  -33.520  55.694 0.0000000000
51946  -38.319  -33.888  55.201 0.0000000000
51964  -38.648  -34.478  54.453 0.0000000000
51965  -39.664  -34.115  54.171 0.0000000000
50827  -39.030  -35.149  53.907 0.0000000000
57841  -40.756  -30.615  56.722 0.0000000000
56533  -42.047  -30.916  57.062 0.0000000000
57843  -42.471  -30.178  55.966 0.0000000000
56555  -42.520  -30.870  56.276 0.0000000000
55291  -42.260  -31.737  56.312 0.0000000000
54157  -42.144  -32.093  56.047 0.0000000000
54168  -42.701  -32.098  55.556 0.0000000000
59039  -44.319  -28.874  55.242 0.0000000000
57866  -44.405  -29.632  55.164 0.0000000000
56575  -44.465  -30.460  54.734 0.0000000000
56576  -45.230  -29.876  54.744 0.0000000000
55326  -43.835  -31.529  54.784 0.0000000000
54184  -44.195  -32.430  54.427 0.0000000000
53069  -44.159  -33.252  54.148 0.0000000000
51949  -44.531  -33.780  53.971 0.0000000000
51971  -45.050  -33.986  53.346 0.0000000000
53100  -45.389  -33.311  53.185 0.0000000000
51991  -45.426  -33.643  52.958 0.0000000000
57944  -45.394  -29.854  51.495 0.0000000000
56673  -45.823  -30.947  50.625 0.0000000000
55438  -46.665  -31.007  49.877 0.0000000000
57978  -46.493  -29.687  49.746 0.0000000000
55439  -47.309  -31.228  49.680 0.0000000000
56715  -50.718  -30.478  48.590 0.0000000000
57997  -50.735  -30.082  48.897 0.0000000000
42337  -19.670  -42.654  62.795 0.0000000000
66644  -50.500  -22.433  48.521 0.0000000000
74474  -51.010  -16.809  48.102 0.0000000000
75856  -51.041  -16.208  47.614 0.0000000000
70368  -51.939  -19.893  47.103 0.0000000000
75899  -52.535  -16.318  45.458 0.0000000000
74502  -52.666  -16.533  45.809 0.0000000000
69114  -51.842  -20.470  47.231 0.0000000000
73219  -51.761  -17.384  40.214 0.0000000000
73220  -52.800  -17.753  40.455 0.0000000000
71821  -54.823  -18.180  40.982 0.0000000000
80923  -54.883  -11.872  37.961 0.0000000000
79687  -54.334  -12.502  37.708 0.0000000000
78523  -54.894  -13.252  37.409 0.0000000000
77337  -55.906  -14.306  37.314 0.0000000000
78546  -55.231  -13.763  37.115 0.0000000000
78545  -54.730  -13.830  36.805 0.0000000000
74655  -53.750  -17.586  38.066 0.0000000000
73272  -55.468  -17.696  38.365 0.0000000000
73271  -54.437  -17.797  38.338 0.0000000000
73222  -54.843  -18.053  40.335 0.0000000000
71802  -55.059  -18.195  41.269 0.0000000000
71803  -55.610  -18.569  41.323 0.0000000000
70450  -56.218  -19.082  41.150 0.0000000000
69194  -56.073  -19.597  40.658 0.0000000000
70487  -56.707  -19.382  39.841 0.0000000000
69214  -56.254  -19.569  40.276 0.0000000000
70486  -55.727  -19.698  40.035 0.0000000000
41009  -19.699  -42.236  63.866 0.0000000000
43551  -20.094  -41.743  64.311 0.0000000000
43577  -23.071  -41.808  62.956 0.0000000000
44691  -22.854  -40.001  64.750 0.0000000000
44698  -20.859  -40.890  64.403 0.0000000000
44701  -23.470  -40.065  64.621 0.0000000000
45858  -22.149  -39.261  64.741 0.0000000000
45859  -22.540  -39.528  64.744 0.0000000000
45860  -23.064  -39.466  64.756 0.0000000000
47018  -22.374  -39.073  64.809 0.0000000000
47029  -22.296  -38.754  64.641 0.0000000000
48266  -25.929  -36.966  63.809 0.0000000000
49377  -25.872  -35.619  65.155 0.0000000000
49378  -25.885  -35.898  65.074 0.0000000000
49379  -26.214  -35.871  65.167 0.0000000000
49390  -26.176  -36.123  64.951 0.0000000000
49413  -29.917  -35.820  63.079 0.0000000000
49423  -29.736  -35.739  62.751 0.0000000000
49558  -38.665  -36.237  54.449 0.0000000000
50629  -25.788  -35.377  65.106 0.0000000000
50630  -25.887  -35.382  65.342 0.0000000000
50631  -26.120  -35.460  65.277 0.0000000000
50637  -25.316  -35.692  64.413 0.0000000000
50639  -26.293  -35.551  64.940 0.0000000000
50640  -26.202  -35.656  65.123 0.0000000000
50647  -25.389  -35.294  64.495 0.0000000000
50781  -37.237  -35.501  55.059 0.0000000000
50802  -38.744  -35.415  54.179 0.0000000000
51832  -25.804  -35.058  65.302 0.0000000000
51834  -26.251  -35.202  65.221 0.0000000000
51839  -25.856  -34.946  65.035 0.0000000000
51840  -26.287  -34.973  64.950 0.0000000000
51841  -26.923  -34.934  64.991 0.0000000000
51874  -31.739  -33.793  60.657 0.0000000000
51882  -31.940  -33.734  60.519 0.0000000000
51916  -41.061  -32.890  56.364 0.0000000000
51932  -41.120  -33.124  56.072 0.0000000000
51933  -41.343  -33.029  55.880 0.0000000000
51950  -44.782  -33.664  53.731 0.0000000000
51963  -38.021  -34.915  54.496 0.0000000000
51985  -38.817  -34.925  54.004 0.0000000000
51986  -39.233  -34.763  53.892 0.0000000000
52943  -27.515  -33.621  63.889 0.0000000000
52946  -28.563  -33.209  63.581 0.0000000000
52952  -27.068  -33.942  63.752 0.0000000000
52955  -28.701  -33.674  63.828 0.0000000000
52963  -28.781  -34.159  63.897 0.0000000000
52964  -29.135  -34.027  63.783 0.0000000000
52980  -31.686  -33.190  60.958 0.0000000000
52986  -31.829  -33.502  60.679 0.0000000000
52987  -32.342  -33.161  60.413 0.0000000000
53004  -37.181  -32.820  59.259 0.0000000000
53035  -41.516  -32.615  56.207 0.0000000000
53082  -38.731  -33.663  54.906 0.0000000000
54056  -27.289  -33.407  63.844 0.0000000000
54057  -27.640  -33.209  63.960 0.0000000000
54058  -28.132  -33.023  64.127 0.0000000000
54065  -26.889  -33.078  63.742 0.0000000000
54067  -28.758  -34.084  63.947 0.0000000000
54068  -28.820  -33.959  63.875 0.0000000000
54077  -27.008  -32.179  63.064 0.0000000000
54078  -29.036  -34.177  63.901 0.0000000000
54106  -35.501  -32.069  60.123 0.0000000000
54114  -33.257  -32.391  60.541 0.0000000000
54115  -34.166  -32.413  60.356 0.0000000000
54118  -36.950  -32.356  59.560 0.0000000000
55191  -28.088  -32.497  63.780 0.0000000000
55199  -27.316  -32.765  63.778 0.0000000000
55200  -27.561  -32.372  63.631 0.0000000000
55228  -33.001  -31.855  60.817 0.0000000000
55229  -33.180  -32.053  60.803 0.0000000000
55241  -32.759  -32.076  60.879 0.0000000000
55242  -32.961  -32.308  60.587 0.0000000000
55274  -40.622  -31.549  57.853 0.0000000000
55290  -42.059  -31.581  56.854 0.0000000000
55307  -42.554  -31.287  56.194 0.0000000000
55384  -45.760  -32.101  52.228 0.0000000000
55425  -45.743  -31.301  50.809 0.0000000000
55429  -49.336  -32.576  49.575 0.0000000000
56455  -32.941  -32.055  60.798 0.0000000000
56456  -33.119  -32.264  60.705 0.0000000000
56473  -32.931  -31.981  61.037 0.0000000000
56474  -32.962  -32.089  60.764 0.0000000000
56517  -39.527  -31.017  58.280 0.0000000000
56535  -43.557  -30.076  55.326 0.0000000000
56630  -45.554  -31.087  51.842 0.0000000000
56632  -45.730  -31.912  52.653 0.0000000000
56647  -45.470  -30.808  51.174 0.0000000000
56648  -45.572  -30.329  50.709 0.0000000000
56675  -48.177  -29.797  49.803 0.0000000000
56676  -48.474  -29.947  49.673 0.0000000000
56698  -50.052  -30.572  49.440 0.0000000000
57840  -39.520  -30.543  57.200 0.0000000000
57864  -42.909  -30.461  55.747 0.0000000000
57865  -43.195  -30.399  55.547 0.0000000000
57943  -45.443  -30.544  51.684 0.0000000000
57980  -48.798  -29.693  49.598 0.0000000000
59052  -45.947  -28.648  54.533 0.0000000000
59080  -46.769  -28.019  53.433 0.0000000000
59119  -47.931  -29.133  49.695 0.0000000000
59120  -48.164  -29.235  49.756 0.0000000000
60264  -42.682  -28.716  55.471 0.0000000000
60266  -43.382  -28.456  55.462 0.0000000000
60275  -43.852  -28.299  55.254 0.0000000000
60300  -46.609  -27.897  53.948 0.0000000000
60350  -46.597  -27.738  52.543 0.0000000000
61504  -43.404  -27.967  55.436 0.0000000000
61525  -43.268  -27.613  55.325 0.0000000000
61548  -45.325  -27.206  54.407 0.0000000000
61563  -42.846  -26.915  54.211 0.0000000000
61566  -45.961  -25.662  53.711 0.0000000000
62768  -44.835  -25.738  54.456 0.0000000000
62769  -45.242  -25.498  54.426 0.0000000000
62785  -44.272  -25.726  53.805 0.0000000000
64034  -45.114  -24.944  54.337 0.0000000000
64036  -46.044  -24.868  54.060 0.0000000000
64053  -46.647  -24.278  53.014 0.0000000000
64066  -46.661  -24.398  52.809 0.0000000000
65320  -45.807  -22.706  53.607 0.0000000000
65322  -46.293  -22.945  53.295 0.0000000000
65335  -44.726  -23.774  53.542 0.0000000000
65338  -46.271  -23.570  53.327 0.0000000000
65354  -46.559  -24.075  52.796 0.0000000000
65366  -46.449  -23.747  52.107 0.0000000000
65367  -46.474  -24.008  52.536 0.0000000000
65407  -46.671  -22.655  49.449 0.0000000000
66566  -45.537  -22.260  53.635 0.0000000000
66568  -46.433  -23.468  53.067 0.0000000000
66594  -46.594  -22.316  51.627 0.0000000000
67795  -45.260  -21.351  53.439 0.0000000000
67796  -45.668  -21.319  53.494 0.0000000000
67798  -46.551  -21.739  53.287 0.0000000000
67804  -45.001  -21.126  53.296 0.0000000000
67822  -46.630  -22.239  51.349 0.0000000000
67823  -46.698  -21.688  50.887 0.0000000000
67831  -46.957  -21.976  49.129 0.0000000000
67841  -50.152  -21.233  48.746 0.0000000000
67842  -50.581  -21.249  48.732 0.0000000000
67865  -51.672  -21.229  47.215 0.0000000000
69033  -45.739  -20.233  53.286 0.0000000000
69034  -46.188  -20.489  53.312 0.0000000000
69040  -45.366  -20.794  53.363 0.0000000000
69081  -49.958  -20.682  48.753 0.0000000000
69097  -51.756  -20.743  47.248 0.0000000000
69177  -56.036  -19.281  41.208 0.0000000000
69195  -56.258  -19.366  40.856 0.0000000000
70279  -46.191  -19.572  53.249 0.0000000000
70288  -45.371  -19.584  52.582 0.0000000000
70289  -46.464  -19.839  53.149 0.0000000000
70290  -46.793  -19.618  52.771 0.0000000000
70300  -46.833  -19.069  51.285 0.0000000000
70307  -46.660  -18.988  51.008 0.0000000000
70321  -50.125  -20.501  48.713 0.0000000000
70409  -55.050  -18.814  43.109 0.0000000000
70466  -56.650  -19.099  40.354 0.0000000000
71613  -46.437  -19.029  53.098 0.0000000000
71626  -46.399  -18.653  52.795 0.0000000000
71648  -46.983  -18.987  51.461 0.0000000000
71660  -47.043  -18.496  50.619 0.0000000000
71661  -47.884  -18.282  50.534 0.0000000000
71676  -49.390  -18.401  49.366 0.0000000000
71846  -57.798  -18.730  38.902 0.0000000000
71847  -58.106  -18.658  38.608 0.0000000000
71873  -58.204  -18.219  38.446 0.0000000000
73010  -47.130  -18.104  52.259 0.0000000000
73026  -47.583  -17.970  51.180 0.0000000000
73136  -53.341  -17.500  44.592 0.0000000000
74378  -44.966  -16.554  52.519 0.0000000000
74380  -45.879  -17.422  52.265 0.0000000000
74381  -46.280  -17.810  52.303 0.0000000000
74503  -53.071  -16.370  45.363 0.0000000000
74515  -50.848  -16.504  45.221 0.0000000000
74533  -54.195  -16.836  43.598 0.0000000000
74656  -57.598  -16.743  38.061 0.0000000000
75895  -48.965  -16.246  47.715 0.0000000000
75914  -53.288  -16.025  44.631 0.0000000000
75927  -50.643  -16.519  45.325 0.0000000000
75930  -53.257  -16.107  44.024 0.0000000000
75962  -53.566  -16.265  43.164 0.0000000000
77121  -48.636  -15.729  50.034 0.0000000000
77139  -48.709  -15.699  49.407 0.0000000000
77155  -48.235  -15.843  48.621 0.0000000000
77185  -49.229  -16.017  47.809 0.0000000000
77322  -56.635  -13.994  37.721 0.0000000000
78507  -55.921  -12.901  37.835 0.0000000000
78522  -54.164  -13.151  37.022 0.0000000000
78525  -56.157  -13.463  37.626 0.0000000000
79713  -58.137  -12.841  35.545 0.0000000000
80900  -55.790  -10.937  39.255 0.0000000000
80922  -54.694  -12.110  37.907 0.0000000000
80947  -58.241  -12.218  35.775 0.0000000000
83444  -56.209  -9.983  38.538 0.0000000000
87068  -57.387  -6.770  34.907 0.0000000000
