#!ascii label  , from subject 3753 vox2ras=TkReg
1144
122704  -52.863  27.524  26.095 0.0000000000
133336  -47.032  40.386  16.642 0.0000000000
128866  -45.453  34.519  21.340 0.0000000000
124598  -52.239  29.065  14.668 0.0000000000
130503  -52.271  36.442  13.307 0.0000000000
125479  -49.716  30.954  12.095 0.0000000000
123762  -49.933  28.052  8.329 0.0000000000
124627  -45.171  29.238  12.588 0.0000000000
118236  -47.127  22.447  25.610 0.0000000000
122700  -48.470  27.409  25.318 0.0000000000
138183  -44.799  47.536  20.636 0.0000000000
136161  -50.985  45.051  20.109 0.0000000000
134093  -51.271  42.264  12.705 0.0000000000
127998  -49.879  33.880  23.947 0.0000000000
129741  -44.921  35.623  16.072 0.0000000000
127151  -51.446  32.585  19.429 0.0000000000
125353  -52.511  31.289  21.536 0.0000000000
124528  -47.514  30.230  18.717 0.0000000000
124523  -42.263  29.267  18.467 0.0000000000
121825  -51.195  26.551  24.429 0.0000000000
129841  -51.310  35.349  8.607 0.0000000000
126348  -52.098  31.626  7.840 0.0000000000
126356  -49.142  31.340  7.643 0.0000000000
123757  -44.887  28.177  8.263 0.0000000000
120004  -48.632  24.864  25.236 0.0000000000
123577  -46.095  28.295  24.557 0.0000000000
138161  -41.741  48.053  21.483 0.0000000000
134820  -50.704  42.527  16.852 0.0000000000
127982  -47.650  34.373  24.561 0.0000000000
129655  -47.846  35.609  23.767 0.0000000000
134809  -44.521  42.450  17.409 0.0000000000
131888  -45.536  38.362  15.218 0.0000000000
125460  -54.154  29.500  13.471 0.0000000000
126277  -50.946  31.400  15.680 0.0000000000
126258  -54.488  31.157  16.838 0.0000000000
127141  -53.689  32.695  19.937 0.0000000000
124532  -52.535  30.153  18.088 0.0000000000
125368  -49.780  30.370  19.438 0.0000000000
124559  -49.449  30.257  16.478 0.0000000000
124570  -42.709  29.839  15.374 0.0000000000
131915  -50.742  38.165  14.856 0.0000000000
129763  -48.421  35.406  13.260 0.0000000000
128113  -50.669  33.718  11.240 0.0000000000
124665  -53.130  28.625  9.651 0.0000000000
123717  -51.029  27.727  11.107 0.0000000000
124614  -48.965  29.154  13.773 0.0000000000
123733  -46.823  27.850  10.619 0.0000000000
122831  -43.706  27.017  10.645 0.0000000000
118222  -50.076  22.635  27.038 0.0000000000
119991  -50.887  24.809  26.498 0.0000000000
122703  -51.332  27.931  26.098 0.0000000000
137470  -39.536  46.864  20.071 0.0000000000
136797  -43.016  45.485  18.180 0.0000000000
135510  -46.122  43.838  18.154 0.0000000000
134799  -48.901  42.737  19.124 0.0000000000
133330  -51.970  40.128  18.274 0.0000000000
131929  -51.921  38.556  13.115 0.0000000000
131962  -51.471  38.343  9.992 0.0000000000
134113  -51.383  41.411  10.010 0.0000000000
125340  -46.618  30.569  23.509 0.0000000000
125328  -49.554  30.622  24.521 0.0000000000
125330  -51.481  30.820  25.071 0.0000000000
128920  -44.609  34.656  17.912 0.0000000000
128091  -47.416  33.792  14.038 0.0000000000
127185  -47.866  32.887  17.086 0.0000000000
128885  -48.465  33.982  20.319 0.0000000000
128871  -50.704  34.936  21.979 0.0000000000
127129  -52.644  32.907  23.239 0.0000000000
124483  -52.519  30.026  23.863 0.0000000000
124486  -50.370  29.455  22.278 0.0000000000
124489  -48.611  28.933  21.149 0.0000000000
123601  -46.155  28.582  20.933 0.0000000000
125432  -46.789  30.503  15.854 0.0000000000
125381  -44.603  30.118  18.257 0.0000000000
123599  -44.001  28.066  20.425 0.0000000000
121814  -53.502  26.154  26.550 0.0000000000
120884  -52.737  26.077  25.356 0.0000000000
122720  -52.426  27.767  25.194 0.0000000000
129012  -49.744  34.947  7.971 0.0000000000
128148  -50.532  33.680  7.452 0.0000000000
127267  -48.868  32.964  8.402 0.0000000000
125513  -47.249  30.754  8.614 0.0000000000
128852  -46.720  34.993  21.981 0.0000000000
134067  -46.024  41.719  17.384 0.0000000000
123664  -53.722  28.696  14.321 0.0000000000
125437  -54.329  30.284  14.915 0.0000000000
124563  -53.921  29.335  16.145 0.0000000000
125405  -54.074  30.488  17.334 0.0000000000
124562  -53.033  29.661  16.433 0.0000000000
124545  -51.160  30.322  17.642 0.0000000000
124578  -50.788  29.693  15.537 0.0000000000
131183  -51.673  37.647  14.819 0.0000000000
130501  -50.941  36.464  13.226 0.0000000000
128971  -51.592  35.095  11.976 0.0000000000
124688  -51.330  29.710  7.494 0.0000000000
125514  -52.341  30.108  8.215 0.0000000000
122870  -52.142  28.275  8.206 0.0000000000
122838  -52.895  27.503  10.011 0.0000000000
123737  -50.535  27.662  10.023 0.0000000000
123716  -49.737  28.196  11.277 0.0000000000
123748  -48.605  27.923  9.403 0.0000000000
122848  -44.575  27.445  9.605 0.0000000000
121809  -48.002  26.730  25.396 0.0000000000
120883  -50.139  25.188  25.956 0.0000000000
121793  -49.827  26.568  25.773 0.0000000000
121795  -51.565  26.607  26.606 0.0000000000
122702  -50.400  27.599  25.757 0.0000000000
138182  -43.735  47.965  21.083 0.0000000000
138197  -42.270  47.280  19.881 0.0000000000
137488  -44.432  46.823  19.704 0.0000000000
136799  -44.833  45.214  18.300 0.0000000000
136783  -45.218  45.920  19.105 0.0000000000
136775  -49.599  45.604  20.662 0.0000000000
136159  -48.953  44.730  20.189 0.0000000000
135498  -50.370  43.687  19.975 0.0000000000
134072  -50.620  41.286  18.431 0.0000000000
134790  -51.408  42.791  19.484 0.0000000000
134836  -50.883  42.160  15.069 0.0000000000
134080  -51.636  41.285  15.684 0.0000000000
133359  -51.202  41.054  13.849 0.0000000000
131952  -51.571  38.520  10.857 0.0000000000
133381  -51.448  40.712  11.599 0.0000000000
132711  -51.218  39.611  9.426 0.0000000000
134101  -51.528  41.600  10.898 0.0000000000
127959  -42.939  34.690  26.383 0.0000000000
127107  -42.720  32.900  24.769 0.0000000000
127109  -44.409  32.947  24.277 0.0000000000
126212  -44.853  31.476  23.412 0.0000000000
127121  -45.131  32.610  23.662 0.0000000000
127983  -48.400  34.361  24.357 0.0000000000
127124  -48.095  32.744  23.600 0.0000000000
126217  -49.638  32.012  23.988 0.0000000000
125329  -50.603  30.698  24.882 0.0000000000
127111  -51.088  32.089  24.343 0.0000000000
130460  -43.758  36.237  16.350 0.0000000000
129721  -43.714  35.353  17.534 0.0000000000
128929  -44.847  34.735  17.218 0.0000000000
128101  -48.579  33.491  12.767 0.0000000000
128959  -47.750  34.558  13.481 0.0000000000
126297  -48.711  31.931  13.439 0.0000000000
126255  -51.560  31.794  17.480 0.0000000000
127187  -49.219  31.962  16.302 0.0000000000
127161  -49.337  32.468  18.629 0.0000000000
128050  -48.139  33.234  18.335 0.0000000000
128035  -49.523  33.272  19.671 0.0000000000
128886  -49.846  34.177  20.787 0.0000000000
128887  -51.196  34.190  20.839 0.0000000000
126226  -53.213  31.641  20.437 0.0000000000
127135  -53.098  32.999  21.213 0.0000000000
126220  -52.701  31.996  22.374 0.0000000000
126218  -52.493  31.773  23.303 0.0000000000
125349  -52.439  31.073  22.432 0.0000000000
124482  -51.907  29.542  23.430 0.0000000000
125347  -50.813  30.050  22.147 0.0000000000
125367  -48.907  30.378  19.159 0.0000000000
124498  -49.378  29.849  20.484 0.0000000000
124497  -48.364  29.458  20.456 0.0000000000
123602  -47.149  28.851  20.971 0.0000000000
124510  -46.529  29.654  19.565 0.0000000000
124629  -47.049  29.315  12.758 0.0000000000
124594  -47.631  29.592  14.604 0.0000000000
124592  -45.631  29.979  14.257 0.0000000000
124541  -42.113  29.642  17.370 0.0000000000
125412  -44.148  30.458  16.588 0.0000000000
124524  -43.378  29.591  18.734 0.0000000000
124508  -44.319  29.281  19.483 0.0000000000
124507  -43.164  29.059  19.353 0.0000000000
122739  -43.314  27.087  19.835 0.0000000000
119986  -54.272  23.799  27.439 0.0000000000
121831  -50.452  26.170  24.070 0.0000000000
129804  -51.862  35.511  10.605 0.0000000000
128993  -52.291  34.595  10.671 0.0000000000
129027  -51.639  33.816  7.878 0.0000000000
126358  -51.189  31.542  6.961 0.0000000000
124686  -49.273  29.653  7.543 0.0000000000
123760  -47.475  27.864  7.767 0.0000000000
124684  -47.069  29.072  7.645 0.0000000000
119155  -48.047  23.661  24.942 0.0000000000
120894  -46.897  25.458  24.652 0.0000000000
122699  -47.626  27.437  25.048 0.0000000000
138855  -44.285  48.367  21.579 0.0000000000
135531  -50.652  43.635  18.291 0.0000000000
134840  -50.243  42.616  14.021 0.0000000000
134845  -51.084  43.207  12.718 0.0000000000
127972  -45.971  34.694  25.383 0.0000000000
129647  -47.966  35.470  24.600 0.0000000000
129656  -49.053  35.250  23.759 0.0000000000
130474  -45.734  36.468  15.048 0.0000000000
125458  -52.769  29.887  13.147 0.0000000000
125456  -50.616  30.574  13.880 0.0000000000
125446  -52.660  30.512  14.173 0.0000000000
126267  -52.986  31.315  16.285 0.0000000000
127164  -53.094  32.259  18.097 0.0000000000
128037  -52.493  33.050  19.728 0.0000000000
126246  -54.138  31.472  18.342 0.0000000000
125372  -53.491  30.913  19.088 0.0000000000
126225  -52.491  31.275  20.166 0.0000000000
125356  -50.739  30.415  20.485 0.0000000000
125369  -50.929  30.394  19.448 0.0000000000
125385  -49.996  30.312  18.517 0.0000000000
124544  -48.352  30.306  17.679 0.0000000000
124590  -43.747  29.769  14.138 0.0000000000
128880  -43.549  34.288  20.620 0.0000000000
132630  -48.703  39.955  16.135 0.0000000000
131890  -47.864  38.699  14.860 0.0000000000
131199  -49.627  36.923  13.576 0.0000000000
128979  -49.727  34.173  12.040 0.0000000000
126314  -49.560  31.894  11.360 0.0000000000
127258  -51.899  32.370  9.511 0.0000000000
125503  -51.145  30.944  9.714 0.0000000000
125481  -51.561  29.835  11.436 0.0000000000
124646  -54.400  28.708  11.712 0.0000000000
123699  -54.259  27.944  12.403 0.0000000000
123678  -51.681  28.489  13.195 0.0000000000
124616  -50.463  29.037  13.861 0.0000000000
123695  -49.542  28.448  12.312 0.0000000000
123694  -48.462  28.599  12.279 0.0000000000
123692  -46.379  28.867  11.998 0.0000000000
122850  -46.356  27.519  9.296 0.0000000000
123731  -44.947  27.908  10.411 0.0000000000
119143  -49.807  23.552  25.920 0.0000000000
119127  -50.935  23.553  26.667 0.0000000000
119993  -52.481  24.182  27.244 0.0000000000
120870  -52.528  25.138  26.960 0.0000000000
121783  -52.751  26.555  27.282 0.0000000000
123547  -52.470  27.973  26.389 0.0000000000
136795  -40.714  45.478  18.266 0.0000000000
137502  -41.366  46.253  18.560 0.0000000000
136809  -42.157  44.670  17.529 0.0000000000
136189  -43.412  44.197  17.396 0.0000000000
135525  -45.015  43.347  17.438 0.0000000000
134811  -46.614  42.575  17.983 0.0000000000
137474  -46.479  47.083  20.453 0.0000000000
136785  -47.170  45.483  19.356 0.0000000000
134798  -47.596  42.715  18.442 0.0000000000
134069  -47.938  41.454  17.778 0.0000000000
133328  -49.662  40.916  17.504 0.0000000000
132620  -51.307  39.975  17.299 0.0000000000
131895  -52.331  38.639  15.524 0.0000000000
134073  -52.191  41.549  17.370 0.0000000000
132655  -52.447  39.391  15.200 0.0000000000
131202  -52.406  37.625  13.652 0.0000000000
130530  -51.565  36.717  11.118 0.0000000000
130575  -51.032  36.071  8.824 0.0000000000
131252  -50.552  37.848  9.159 0.0000000000
131968  -49.931  38.616  9.462 0.0000000000
135565  -51.105  43.177  11.412 0.0000000000
124469  -46.384  29.022  24.308 0.0000000000
124470  -47.419  29.170  24.325 0.0000000000
127123  -47.131  32.583  23.700 0.0000000000
125341  -47.704  30.623  23.690 0.0000000000
124471  -48.651  29.178  24.788 0.0000000000
124450  -49.808  29.172  25.411 0.0000000000
124451  -51.067  29.307  25.492 0.0000000000
123563  -52.461  28.482  25.773 0.0000000000
128895  -44.666  34.737  19.633 0.0000000000
131179  -47.252  37.198  14.105 0.0000000000
129755  -46.941  35.538  14.206 0.0000000000
128939  -46.745  34.413  15.145 0.0000000000
127194  -49.095  31.977  15.234 0.0000000000
127192  -47.707  32.948  16.109 0.0000000000
128931  -46.116  34.201  16.542 0.0000000000
128056  -46.849  33.566  17.981 0.0000000000
128897  -46.480  34.341  19.533 0.0000000000
128883  -46.351  34.619  20.457 0.0000000000
129685  -47.776  35.187  21.801 0.0000000000
129687  -49.534  35.205  22.436 0.0000000000
129657  -50.445  35.416  23.456 0.0000000000
128873  -52.944  34.472  20.797 0.0000000000
128011  -52.230  34.514  22.714 0.0000000000
127999  -50.920  33.986  23.640 0.0000000000
127112  -51.867  32.297  24.367 0.0000000000
125312  -52.593  30.418  24.993 0.0000000000
123581  -52.549  28.882  24.744 0.0000000000
123580  -52.019  28.106  24.352 0.0000000000
122725  -51.210  27.908  23.919 0.0000000000
122731  -49.970  27.939  22.978 0.0000000000
124491  -50.154  29.840  21.437 0.0000000000
124485  -49.689  28.880  22.085 0.0000000000
122730  -49.145  27.495  22.804 0.0000000000
122737  -47.710  27.772  21.938 0.0000000000
122736  -46.937  27.384  21.799 0.0000000000
124595  -48.709  29.464  14.623 0.0000000000
124575  -47.403  30.235  15.701 0.0000000000
125400  -47.120  30.331  16.952 0.0000000000
125430  -45.214  30.421  15.759 0.0000000000
125398  -45.759  30.490  17.364 0.0000000000
125383  -46.333  30.268  17.951 0.0000000000
124509  -45.509  29.534  19.491 0.0000000000
123600  -45.123  28.223  20.815 0.0000000000
122705  -53.151  26.933  26.500 0.0000000000
121813  -53.059  26.633  25.901 0.0000000000
121812  -52.604  26.609  25.489 0.0000000000
121827  -52.555  27.044  25.643 0.0000000000
128140  -49.271  34.136  8.316 0.0000000000
127256  -48.265  33.103  9.145 0.0000000000
129668  -46.041  34.847  22.571 0.0000000000
128851  -46.134  34.674  22.050 0.0000000000
133325  -46.501  40.981  17.112 0.0000000000
133335  -46.028  40.393  16.591 0.0000000000
124599  -53.263  28.905  14.747 0.0000000000
124581  -53.951  28.965  15.132 0.0000000000
124580  -53.136  29.152  15.489 0.0000000000
124579  -52.007  29.482  15.485 0.0000000000
124561  -51.848  29.971  16.468 0.0000000000
130488  -52.158  36.784  14.222 0.0000000000
129767  -51.979  35.929  13.027 0.0000000000
129778  -52.076  35.563  12.324 0.0000000000
123778  -51.092  28.965  7.526 0.0000000000
123764  -51.721  28.495  7.775 0.0000000000
123763  -50.946  28.437  8.170 0.0000000000
122855  -51.922  27.631  9.276 0.0000000000
122867  -50.402  27.618  9.005 0.0000000000
123749  -49.812  27.759  9.233 0.0000000000
123761  -48.518  27.897  8.236 0.0000000000
118220  -47.874  22.101  26.374 0.0000000000
121810  -49.101  26.592  25.606 0.0000000000
121811  -49.846  26.981  25.644 0.0000000000
122701  -49.356  27.529  25.531 0.0000000000
138199  -44.088  47.521  20.301 0.0000000000
138198  -43.347  47.480  20.071 0.0000000000
137473  -45.349  47.049  20.316 0.0000000000
137494  -50.593  45.894  20.274 0.0000000000
137477  -49.749  46.269  20.453 0.0000000000
136776  -50.551  45.614  20.998 0.0000000000
135485  -49.995  44.331  20.583 0.0000000000
135486  -50.821  44.353  20.778 0.0000000000
134789  -50.873  42.778  19.741 0.0000000000
135499  -50.964  43.759  19.760 0.0000000000
133357  -51.306  42.277  13.969 0.0000000000
133358  -51.338  41.871  14.157 0.0000000000
133368  -51.185  41.008  12.810 0.0000000000
134094  -51.335  41.827  11.859 0.0000000000
128789  -43.762  35.128  26.543 0.0000000000
128800  -44.135  34.633  26.290 0.0000000000
127977  -43.321  33.448  25.183 0.0000000000
127978  -44.021  33.613  24.939 0.0000000000
127984  -49.025  34.302  24.134 0.0000000000
127997  -49.090  33.643  24.045 0.0000000000
127126  -50.018  32.765  24.088 0.0000000000
130472  -44.128  36.781  15.807 0.0000000000
130461  -44.481  35.851  16.150 0.0000000000
129730  -43.913  35.454  16.844 0.0000000000
129731  -44.593  35.319  16.597 0.0000000000
126307  -49.136  31.752  12.489 0.0000000000
127222  -48.789  32.611  12.588 0.0000000000
125468  -49.791  30.976  13.197 0.0000000000
127176  -51.409  31.867  17.884 0.0000000000
127175  -50.886  31.898  17.845 0.0000000000
127162  -50.535  32.321  18.527 0.0000000000
127150  -50.114  32.806  19.554 0.0000000000
128023  -50.281  33.352  20.170 0.0000000000
127139  -50.757  32.843  20.048 0.0000000000
125358  -52.745  31.349  20.838 0.0000000000
126222  -53.241  31.951  21.453 0.0000000000
125348  -51.644  30.469  22.474 0.0000000000
125352  -51.715  30.698  21.495 0.0000000000
124529  -48.261  30.344  18.546 0.0000000000
124512  -48.411  30.112  19.547 0.0000000000
124511  -47.441  29.896  19.587 0.0000000000
124496  -47.296  29.380  20.318 0.0000000000
124628  -46.115  29.369  12.647 0.0000000000
124611  -45.872  29.633  13.483 0.0000000000
124610  -44.922  29.623  13.323 0.0000000000
125379  -42.823  29.857  18.071 0.0000000000
124506  -42.415  28.731  19.205 0.0000000000
123624  -41.801  28.688  18.794 0.0000000000
119985  -53.880  24.427  27.521 0.0000000000
120895  -51.277  25.777  24.553 0.0000000000
122718  -50.798  26.842  24.168 0.0000000000
129821  -51.798  35.374  9.708 0.0000000000
129013  -52.007  34.302  8.582 0.0000000000
129860  -51.402  34.580  7.999 0.0000000000
126347  -49.294  32.204  7.757 0.0000000000
127274  -50.722  32.625  7.199 0.0000000000
126357  -50.045  31.726  7.161 0.0000000000
125525  -49.672  30.580  7.285 0.0000000000
125524  -48.766  30.477  7.710 0.0000000000
124685  -48.008  29.632  7.612 0.0000000000
124673  -47.536  30.231  8.032 0.0000000000
125511  -45.911  30.237  8.883 0.0000000000
120893  -45.891  25.604  24.540 0.0000000000
121808  -47.271  26.882  25.062 0.0000000000
122717  -46.759  27.481  24.760 0.0000000000
138841  -43.901  48.491  22.075 0.0000000000
134834  -49.029  42.827  15.156 0.0000000000
134843  -49.647  42.976  13.572 0.0000000000
135553  -48.152  42.952  13.704 0.0000000000
129654  -46.734  35.518  23.569 0.0000000000
129646  -46.873  35.743  24.606 0.0000000000
129648  -48.662  35.252  24.193 0.0000000000
134808  -43.536  42.408  17.317 0.0000000000
131163  -45.978  37.493  14.919 0.0000000000
124618  -53.437  29.556  12.822 0.0000000000
125447  -53.631  30.193  14.035 0.0000000000
126269  -54.558  30.878  15.751 0.0000000000
126280  -54.126  30.894  15.415 0.0000000000
126257  -53.739  31.375  16.958 0.0000000000
126256  -52.755  31.689  17.274 0.0000000000
127177  -53.670  31.781  17.581 0.0000000000
127165  -54.153  31.924  17.931 0.0000000000
124533  -53.289  30.197  18.130 0.0000000000
125389  -53.923  30.706  18.401 0.0000000000
125388  -53.186  30.417  18.682 0.0000000000
126234  -52.788  31.232  19.765 0.0000000000
125371  -52.928  30.784  19.249 0.0000000000
125370  -52.047  30.764  19.430 0.0000000000
125387  -52.270  30.481  18.615 0.0000000000
125419  -50.417  30.303  17.115 0.0000000000
125403  -50.547  30.305  17.455 0.0000000000
125417  -49.429  30.401  17.171 0.0000000000
125401  -49.208  30.346  17.728 0.0000000000
124558  -48.548  30.288  16.752 0.0000000000
132643  -49.370  39.424  15.597 0.0000000000
131891  -48.975  38.875  14.904 0.0000000000
131914  -49.696  38.233  14.487 0.0000000000
128970  -50.966  35.038  12.153 0.0000000000
130512  -50.193  36.058  12.773 0.0000000000
128980  -50.409  34.355  11.773 0.0000000000
128112  -49.836  33.573  11.677 0.0000000000
127245  -50.150  32.494  10.796 0.0000000000
128143  -52.603  32.883  8.700 0.0000000000
128126  -52.529  33.585  10.236 0.0000000000
127270  -52.105  32.092  8.532 0.0000000000
124664  -52.550  29.094  9.243 0.0000000000
125505  -52.265  30.272  8.851 0.0000000000
124663  -52.217  29.585  9.565 0.0000000000
125492  -51.270  29.916  10.291 0.0000000000
124654  -51.988  29.479  10.228 0.0000000000
124644  -52.685  29.506  11.266 0.0000000000
124656  -53.381  28.794  10.123 0.0000000000
122818  -51.828  27.633  10.873 0.0000000000
122806  -53.724  27.658  11.732 0.0000000000
123718  -52.352  27.713  11.512 0.0000000000
123679  -52.901  28.489  13.129 0.0000000000
123697  -52.007  28.176  12.178 0.0000000000
123696  -50.731  28.222  12.286 0.0000000000
123734  -47.734  28.130  10.377 0.0000000000
123715  -48.640  28.408  11.323 0.0000000000
123714  -47.626  28.503  11.335 0.0000000000
123759  -46.682  27.918  7.784 0.0000000000
122864  -46.495  27.659  8.468 0.0000000000
122863  -45.602  27.697  8.594 0.0000000000
121961  -43.889  26.930  9.819 0.0000000000
120017  -48.024  24.264  24.852 0.0000000000
119142  -48.724  23.660  25.362 0.0000000000
120006  -50.358  24.194  26.006 0.0000000000
119128  -51.845  23.636  27.207 0.0000000000
119992  -51.808  24.441  26.726 0.0000000000
120869  -51.666  25.505  26.654 0.0000000000
122686  -51.231  27.284  26.190 0.0000000000
121782  -52.262  26.889  27.094 0.0000000000
122687  -52.047  27.591  26.754 0.0000000000
122676  -52.618  27.125  27.135 0.0000000000
138178  -38.968  47.204  20.635 0.0000000000
137468  -38.039  46.539  20.139 0.0000000000
137483  -39.188  46.287  19.502 0.0000000000
136794  -39.552  45.441  18.609 0.0000000000
137500  -39.687  46.090  19.089 0.0000000000
138838  -41.365  48.265  22.288 0.0000000000
138180  -41.216  47.526  20.415 0.0000000000
137487  -43.003  46.811  19.345 0.0000000000
137486  -41.947  46.685  19.292 0.0000000000
137503  -42.456  46.190  18.595 0.0000000000
136796  -41.858  45.379  17.815 0.0000000000
136810  -42.753  44.841  17.610 0.0000000000
136811  -43.663  44.960  17.791 0.0000000000
136174  -45.484  44.574  18.180 0.0000000000
136190  -44.600  44.448  17.623 0.0000000000
136191  -45.471  43.949  17.666 0.0000000000
135526  -45.841  43.239  17.793 0.0000000000
135527  -46.359  43.246  18.111 0.0000000000
137490  -46.895  46.408  19.930 0.0000000000
137491  -47.739  46.096  20.191 0.0000000000
135513  -48.588  43.372  19.338 0.0000000000
135496  -48.272  43.912  19.508 0.0000000000
135512  -47.994  43.377  18.904 0.0000000000
134054  -48.381  42.087  18.265 0.0000000000
134070  -48.988  41.498  17.879 0.0000000000
134055  -49.405  41.933  18.591 0.0000000000
133313  -51.293  40.945  18.430 0.0000000000
133329  -50.994  40.610  17.988 0.0000000000
132621  -51.796  39.761  17.712 0.0000000000
131872  -52.039  39.093  16.220 0.0000000000
132634  -52.226  39.679  17.029 0.0000000000
134814  -50.787  43.127  17.927 0.0000000000
134801  -51.196  43.257  18.441 0.0000000000
134821  -51.524  41.933  16.714 0.0000000000
132654  -52.182  39.881  14.675 0.0000000000
133345  -52.006  40.746  16.056 0.0000000000
132666  -52.277  39.229  14.460 0.0000000000
131917  -52.479  38.480  14.613 0.0000000000
131930  -52.217  38.708  13.950 0.0000000000
131216  -51.857  37.674  12.678 0.0000000000
131245  -51.431  37.494  10.535 0.0000000000
131253  -51.140  37.399  9.623 0.0000000000
130563  -50.858  36.716  8.961 0.0000000000
130562  -50.089  36.607  8.799 0.0000000000
133404  -51.264  40.541  9.445 0.0000000000
132710  -50.908  39.673  9.076 0.0000000000
132709  -49.967  39.656  9.340 0.0000000000
134129  -51.206  41.371  9.497 0.0000000000
134846  -51.180  42.812  11.983 0.0000000000
124478  -44.207  29.941  23.851 0.0000000000
126213  -45.853  31.512  23.350 0.0000000000
125339  -45.605  30.399  23.566 0.0000000000
124480  -46.499  29.699  23.810 0.0000000000
124481  -47.236  29.910  23.814 0.0000000000
127981  -46.727  34.340  24.792 0.0000000000
127994  -46.473  33.368  24.175 0.0000000000
127995  -47.371  33.549  24.082 0.0000000000
126216  -48.838  31.932  23.567 0.0000000000
126215  -47.897  31.724  23.426 0.0000000000
125342  -48.681  31.025  23.826 0.0000000000
125327  -48.664  30.130  24.253 0.0000000000
124472  -49.388  29.812  24.840 0.0000000000
125310  -51.317  30.185  25.413 0.0000000000
124452  -52.075  29.517  25.655 0.0000000000
125311  -52.196  30.463  25.334 0.0000000000
128919  -44.052  34.912  18.282 0.0000000000
131180  -48.203  37.416  14.103 0.0000000000
131912  -47.618  37.888  14.527 0.0000000000
131197  -47.892  36.830  13.777 0.0000000000
128958  -47.185  34.717  14.061 0.0000000000
129754  -46.348  35.480  14.663 0.0000000000
128082  -47.128  34.113  14.760 0.0000000000
126288  -51.124  31.211  14.967 0.0000000000
125443  -50.108  31.053  14.510 0.0000000000
126287  -49.903  31.315  14.808 0.0000000000
127186  -48.502  32.460  16.744 0.0000000000
127193  -48.241  32.287  15.676 0.0000000000
128073  -46.577  33.768  16.268 0.0000000000
128066  -47.210  33.290  16.620 0.0000000000
128065  -46.696  33.587  17.074 0.0000000000
128057  -47.678  33.277  17.643 0.0000000000
128899  -48.131  33.750  19.711 0.0000000000
128911  -47.155  33.741  18.904 0.0000000000
128898  -47.503  33.809  19.437 0.0000000000
128884  -47.308  34.408  20.425 0.0000000000
128868  -47.127  34.957  21.380 0.0000000000
128869  -48.035  34.730  21.290 0.0000000000
129688  -50.272  35.389  22.635 0.0000000000
129672  -49.855  35.477  23.102 0.0000000000
129673  -50.930  35.736  22.822 0.0000000000
128026  -53.491  32.948  19.638 0.0000000000
128025  -53.051  33.599  20.270 0.0000000000
127140  -53.250  33.202  20.568 0.0000000000
127133  -53.107  32.960  22.268 0.0000000000
128012  -52.876  34.127  21.985 0.0000000000
128001  -52.591  33.727  22.698 0.0000000000
128000  -51.871  34.078  23.255 0.0000000000
127128  -51.914  33.154  23.899 0.0000000000
127113  -52.350  32.351  23.918 0.0000000000
125331  -52.630  30.580  24.402 0.0000000000
124453  -52.515  29.662  25.232 0.0000000000
124473  -52.656  29.840  24.601 0.0000000000
123585  -52.440  29.379  24.057 0.0000000000
123590  -51.200  29.199  22.929 0.0000000000
123584  -51.666  28.685  23.654 0.0000000000
123583  -50.757  28.037  23.331 0.0000000000
123589  -50.472  28.595  22.727 0.0000000000
124499  -50.224  30.046  20.789 0.0000000000
124490  -49.393  29.270  21.341 0.0000000000
123596  -49.086  28.669  21.607 0.0000000000
123588  -49.299  28.243  22.270 0.0000000000
123587  -48.447  27.812  22.251 0.0000000000
123595  -48.158  28.458  21.601 0.0000000000
123594  -47.025  28.173  21.477 0.0000000000
123593  -46.065  27.829  21.356 0.0000000000
122735  -45.897  26.888  21.600 0.0000000000
124615  -49.990  29.167  13.810 0.0000000000
124596  -49.812  29.446  14.604 0.0000000000
124574  -46.317  30.200  15.173 0.0000000000
124557  -47.668  30.244  16.870 0.0000000000
125415  -46.628  30.508  16.464 0.0000000000
124571  -43.634  29.907  15.095 0.0000000000
125429  -44.345  30.359  15.787 0.0000000000
125397  -44.848  30.467  17.427 0.0000000000
125413  -45.044  30.558  16.572 0.0000000000
125382  -45.637  30.124  18.208 0.0000000000
124526  -45.931  29.908  18.984 0.0000000000
125366  -45.294  30.009  18.841 0.0000000000
123613  -43.811  28.671  19.859 0.0000000000
124493  -44.490  28.693  20.245 0.0000000000
122741  -44.663  27.582  20.758 0.0000000000
121797  -53.420  26.150  27.146 0.0000000000
120897  -53.011  25.209  25.109 0.0000000000
129859  -50.961  35.062  7.724 0.0000000000
129026  -51.086  34.245  7.512 0.0000000000
128141  -49.923  34.112  7.698 0.0000000000
127268  -49.779  33.080  7.603 0.0000000000
126346  -48.671  31.936  8.216 0.0000000000
125523  -47.945  30.661  8.019 0.0000000000
126345  -47.876  31.612  8.591 0.0000000000
129669  -46.544  35.058  22.667 0.0000000000
129670  -47.502  35.289  22.559 0.0000000000
134066  -45.022  41.585  17.505 0.0000000000
133324  -45.543  40.887  17.195 0.0000000000
132640  -46.035  39.180  15.451 0.0000000000
124601  -54.350  29.397  13.987 0.0000000000
124582  -54.319  29.478  14.963 0.0000000000
125422  -54.704  30.329  15.990 0.0000000000
125421  -54.320  30.082  16.497 0.0000000000
125406  -54.480  30.759  17.033 0.0000000000
125420  -53.815  29.961  16.693 0.0000000000
125404  -53.457  30.172  17.094 0.0000000000
124547  -52.797  30.109  17.349 0.0000000000
124531  -51.698  30.310  18.008 0.0000000000
124546  -51.784  30.232  17.387 0.0000000000
124560  -50.618  30.146  16.754 0.0000000000
131916  -51.362  38.158  15.193 0.0000000000
131182  -50.434  37.400  14.214 0.0000000000
130487  -51.315  36.686  14.136 0.0000000000
129777  -51.544  35.628  12.509 0.0000000000
128981  -51.209  34.516  11.562 0.0000000000
125527  -51.600  30.469  7.320 0.0000000000
126349  -52.379  31.203  8.132 0.0000000000
125528  -52.177  30.073  7.580 0.0000000000
124674  -52.489  29.270  8.092 0.0000000000
123751  -52.564  28.520  8.819 0.0000000000
122839  -53.450  27.892  9.871 0.0000000000
122856  -52.644  27.953  8.873 0.0000000000
122837  -51.993  27.537  10.215 0.0000000000
122817  -51.350  27.628  10.803 0.0000000000
123736  -49.774  28.078  10.206 0.0000000000
123735  -48.763  28.213  10.397 0.0000000000
122862  -44.780  27.675  8.803 0.0000000000
118221  -48.893  22.270  26.612 0.0000000000
120881  -48.313  25.843  25.489 0.0000000000
120005  -49.536  24.504  25.576 0.0000000000
120882  -49.276  25.538  25.615 0.0000000000
120867  -49.895  26.085  25.955 0.0000000000
120868  -50.738  25.837  26.348 0.0000000000
121794  -50.522  26.694  25.980 0.0000000000
138162  -42.766  48.110  21.583 0.0000000000
138181  -42.516  47.703  20.755 0.0000000000
137504  -43.555  46.216  18.727 0.0000000000
136798  -43.952  45.523  18.258 0.0000000000
137505  -44.415  46.019  18.735 0.0000000000
136800  -45.821  45.270  18.716 0.0000000000
137476  -48.899  46.797  20.892 0.0000000000
136786  -48.170  45.446  20.002 0.0000000000
135497  -49.297  43.561  19.741 0.0000000000
134787  -49.373  43.028  19.485 0.0000000000
134800  -49.817  42.147  19.274 0.0000000000
134047  -50.604  41.991  19.549 0.0000000000
134048  -51.362  42.040  19.400 0.0000000000
134058  -51.784  41.520  18.363 0.0000000000
134828  -50.842  42.189  15.857 0.0000000000
134829  -51.497  41.705  16.028 0.0000000000
134079  -51.324  41.829  15.402 0.0000000000
133350  -51.713  40.877  14.864 0.0000000000
132665  -51.782  39.860  13.764 0.0000000000
131941  -51.745  38.606  11.959 0.0000000000
132678  -51.586  39.704  12.404 0.0000000000
132694  -51.581  39.587  11.208 0.0000000000
132703  -51.437  39.425  10.068 0.0000000000
131970  -51.100  38.770  9.473 0.0000000000
133395  -51.515  40.551  10.496 0.0000000000
129621  -43.227  35.462  26.164 0.0000000000
128788  -42.613  35.131  26.495 0.0000000000
127968  -42.614  33.911  25.729 0.0000000000
125338  -44.578  30.472  23.657 0.0000000000
127120  -44.325  32.330  23.700 0.0000000000
127996  -48.270  33.611  24.081 0.0000000000
127125  -49.012  32.804  23.868 0.0000000000
125343  -49.344  31.374  24.058 0.0000000000
126200  -50.024  31.354  24.508 0.0000000000
126201  -50.968  31.321  24.597 0.0000000000
130448  -43.535  35.687  16.891 0.0000000000
129722  -44.302  35.064  17.201 0.0000000000
128967  -48.449  34.446  12.994 0.0000000000
128092  -47.968  33.567  13.385 0.0000000000
127212  -47.737  32.915  14.027 0.0000000000
126265  -50.792  31.597  16.602 0.0000000000
126276  -49.992  31.666  15.893 0.0000000000
126264  -50.012  31.758  16.785 0.0000000000
127174  -49.663  32.026  17.482 0.0000000000
127173  -48.396  32.779  17.806 0.0000000000
128058  -48.140  33.219  17.889 0.0000000000
127160  -48.609  32.884  18.800 0.0000000000
127148  -48.710  33.099  19.128 0.0000000000
128021  -48.709  33.717  19.897 0.0000000000
126223  -53.508  32.187  20.817 0.0000000000
125345  -52.509  30.771  23.427 0.0000000000
125344  -52.060  30.116  23.190 0.0000000000
124487  -51.353  29.807  22.741 0.0000000000
124513  -49.224  30.235  19.776 0.0000000000
123603  -47.930  29.032  20.913 0.0000000000
124495  -46.325  29.205  20.298 0.0000000000
124613  -47.813  29.215  13.409 0.0000000000
124612  -46.853  29.554  13.558 0.0000000000
124593  -46.602  29.798  14.492 0.0000000000
125411  -43.250  30.199  16.493 0.0000000000
125428  -43.597  30.239  15.851 0.0000000000
125395  -42.972  30.086  17.333 0.0000000000
125396  -43.879  30.396  17.408 0.0000000000
124525  -44.153  29.717  18.684 0.0000000000
125365  -44.765  29.822  19.006 0.0000000000
123598  -43.391  27.604  20.061 0.0000000000
123612  -43.045  28.257  19.745 0.0000000000
122749  -42.734  27.443  19.616 0.0000000000
119119  -53.881  23.428  27.507 0.0000000000
130515  -52.338  36.129  12.250 0.0000000000
129790  -51.994  35.375  11.494 0.0000000000
129003  -52.469  34.328  9.602 0.0000000000
129014  -52.582  33.639  8.889 0.0000000000
128150  -51.781  32.955  7.787 0.0000000000
128149  -51.235  33.303  7.435 0.0000000000
127275  -51.468  32.312  7.373 0.0000000000
125526  -50.703  30.644  7.182 0.0000000000
124687  -50.362  29.754  7.548 0.0000000000
123776  -48.908  28.695  7.692 0.0000000000
123775  -47.795  28.506  7.523 0.0000000000
123774  -46.953  28.374  7.494 0.0000000000
123773  -46.389  28.478  7.679 0.0000000000
124672  -47.107  29.849  8.183 0.0000000000
124671  -46.202  29.322  8.225 0.0000000000
119140  -47.180  23.222  25.147 0.0000000000
119153  -46.737  23.666  24.827 0.0000000000
120016  -47.203  24.496  24.763 0.0000000000
120003  -47.739  25.189  25.060 0.0000000000
120880  -47.456  26.127  25.099 0.0000000000
138839  -42.192  48.409  22.256 0.0000000000
138163  -43.352  48.257  21.724 0.0000000000
138856  -44.632  48.171  21.300 0.0000000000
136179  -50.713  44.311  19.303 0.0000000000
134827  -49.757  42.468  16.052 0.0000000000
134835  -50.158  42.625  14.962 0.0000000000
134092  -51.217  42.633  13.345 0.0000000000
134844  -50.483  43.140  13.344 0.0000000000
135563  -50.311  43.799  12.554 0.0000000000
129635  -47.089  35.545  25.217 0.0000000000
128816  -47.866  35.063  24.925 0.0000000000
128817  -48.603  34.917  24.351 0.0000000000
128818  -49.290  34.616  24.019 0.0000000000
131161  -44.404  37.330  15.673 0.0000000000
130473  -44.766  36.379  15.755 0.0000000000
125470  -51.522  30.028  12.549 0.0000000000
125457  -51.618  30.291  13.584 0.0000000000
125445  -51.633  30.786  14.636 0.0000000000
125434  -52.059  30.835  15.027 0.0000000000
125436  -53.488  30.670  14.826 0.0000000000
126279  -53.273  31.088  15.473 0.0000000000
126278  -51.998  31.056  15.415 0.0000000000
126266  -51.843  31.472  16.463 0.0000000000
126245  -52.253  31.914  17.841 0.0000000000
127163  -51.764  32.071  18.263 0.0000000000
127152  -52.628  32.472  19.090 0.0000000000
127153  -53.371  32.207  19.102 0.0000000000
126236  -53.509  31.653  19.189 0.0000000000
126227  -53.651  32.032  20.147 0.0000000000
126235  -53.263  31.445  19.605 0.0000000000
125357  -51.898  30.860  20.486 0.0000000000
124530  -51.313  30.396  17.973 0.0000000000
125384  -49.061  30.375  18.491 0.0000000000
124543  -47.496  30.297  17.737 0.0000000000
124609  -43.923  29.247  13.155 0.0000000000
124589  -42.839  29.636  14.258 0.0000000000
124556  -42.279  29.828  16.371 0.0000000000
124522  -41.462  28.788  18.219 0.0000000000
133337  -48.070  40.386  16.741 0.0000000000
132629  -47.622  39.811  16.141 0.0000000000
132642  -48.267  39.390  15.468 0.0000000000
131913  -48.592  38.121  14.470 0.0000000000
130499  -48.973  36.275  13.308 0.0000000000
131200  -50.477  36.730  13.699 0.0000000000
130500  -49.923  36.355  13.054 0.0000000000
129764  -49.154  35.782  12.948 0.0000000000
128102  -49.153  33.517  12.143 0.0000000000
127223  -49.269  32.713  11.820 0.0000000000
125490  -49.794  30.967  11.133 0.0000000000
128115  -52.257  33.997  10.934 0.0000000000
128125  -51.842  33.429  10.611 0.0000000000
127247  -51.914  32.916  10.033 0.0000000000
126339  -52.105  31.319  8.850 0.0000000000
126338  -51.782  31.515  9.301 0.0000000000
127246  -50.903  32.752  10.275 0.0000000000
126326  -50.150  31.746  10.569 0.0000000000
125491  -50.549  30.666  10.563 0.0000000000
125480  -50.608  30.482  11.775 0.0000000000
125482  -52.330  29.587  11.850 0.0000000000
124631  -52.898  29.587  12.344 0.0000000000
124633  -54.365  28.999  12.005 0.0000000000
123720  -53.676  28.331  10.829 0.0000000000
122807  -54.388  27.881  11.753 0.0000000000
123681  -54.181  28.714  13.099 0.0000000000
123680  -53.891  28.336  13.216 0.0000000000
123663  -52.552  28.678  14.037 0.0000000000
124597  -50.923  29.259  14.310 0.0000000000
123662  -51.460  28.790  13.962 0.0000000000
123677  -50.530  28.721  13.457 0.0000000000
123676  -49.284  28.839  13.108 0.0000000000
123675  -48.305  28.926  13.008 0.0000000000
123693  -47.512  28.906  12.421 0.0000000000
123691  -45.387  28.780  11.846 0.0000000000
122852  -47.901  27.758  8.675 0.0000000000
122851  -47.427  27.679  9.310 0.0000000000
122835  -46.933  27.521  9.985 0.0000000000
122849  -45.533  27.624  9.531 0.0000000000
122833  -45.831  27.685  9.966 0.0000000000
123732  -45.756  27.776  10.385 0.0000000000
118237  -48.316  22.667  25.790 0.0000000000
118238  -49.319  22.885  26.098 0.0000000000
118239  -49.885  23.030  26.323 0.0000000000
119144  -50.343  23.620  26.228 0.0000000000
118223  -50.872  22.923  27.289 0.0000000000
119117  -51.941  23.097  27.604 0.0000000000
119118  -52.887  23.560  27.494 0.0000000000
119984  -53.034  24.810  27.605 0.0000000000
120859  -53.332  25.491  27.414 0.0000000000
121796  -52.364  26.121  26.951 0.0000000000
120858  -52.861  25.783  27.503 0.0000000000
121784  -53.144  26.281  27.398 0.0000000000
122677  -53.078  26.863  27.234 0.0000000000
122688  -52.874  27.412  26.758 0.0000000000
123548  -52.696  27.831  26.308 0.0000000000
137471  -40.339  47.037  20.015 0.0000000000
137485  -40.979  46.763  19.470 0.0000000000
137484  -39.985  46.647  19.402 0.0000000000
137501  -40.352  46.218  18.788 0.0000000000
136172  -40.978  44.792  17.790 0.0000000000
136187  -41.601  44.235  17.524 0.0000000000
136188  -42.476  44.102  17.379 0.0000000000
135523  -42.996  43.289  17.263 0.0000000000
135524  -44.021  43.375  17.250 0.0000000000
136812  -44.252  45.039  17.987 0.0000000000
134810  -45.501  42.486  17.554 0.0000000000
134068  -46.972  41.580  17.627 0.0000000000
137489  -45.749  46.506  19.791 0.0000000000
136784  -46.207  45.826  19.285 0.0000000000
136175  -46.755  44.664  18.690 0.0000000000
136158  -47.701  44.734  19.397 0.0000000000
136176  -47.551  44.035  18.924 0.0000000000
135511  -46.973  43.399  18.450 0.0000000000
134797  -47.023  42.869  18.322 0.0000000000
134812  -47.470  42.057  18.035 0.0000000000
133326  -47.480  40.900  17.255 0.0000000000
133327  -48.521  40.883  17.377 0.0000000000
133338  -49.165  40.464  16.802 0.0000000000
132631  -49.805  39.933  16.299 0.0000000000
134071  -49.998  41.338  18.198 0.0000000000
133339  -50.265  40.396  17.012 0.0000000000
131893  -51.010  38.674  15.411 0.0000000000
132645  -51.368  39.158  16.060 0.0000000000
131165  -52.132  37.946  15.240 0.0000000000
130489  -52.471  37.031  14.031 0.0000000000
135516  -51.284  43.355  19.172 0.0000000000
134049  -51.443  42.266  19.057 0.0000000000
134059  -52.405  40.830  18.164 0.0000000000
134076  -52.145  41.245  16.511 0.0000000000
134077  -52.576  41.111  17.107 0.0000000000
133331  -52.434  40.295  17.844 0.0000000000
132646  -52.400  39.536  16.128 0.0000000000
131217  -52.250  36.861  12.833 0.0000000000
130531  -51.911  36.081  11.410 0.0000000000
130549  -51.597  36.097  10.877 0.0000000000
130548  -51.503  36.287  10.223 0.0000000000
131232  -51.591  37.628  11.543 0.0000000000
130564  -51.250  36.181  9.274 0.0000000000
129840  -50.640  35.601  8.179 0.0000000000
129839  -50.008  35.714  8.295 0.0000000000
131969  -50.528  38.927  9.341 0.0000000000
134849  -51.354  42.511  11.209 0.0000000000
134860  -51.255  42.467  10.303 0.0000000000
124468  -45.379  29.143  24.248 0.0000000000
125325  -45.199  29.827  23.877 0.0000000000
123578  -47.203  28.238  24.625 0.0000000000
123558  -48.027  27.947  24.995 0.0000000000
123579  -48.027  28.525  24.767 0.0000000000
127980  -45.820  33.979  24.775 0.0000000000
127122  -46.176  32.533  23.574 0.0000000000
126214  -46.888  31.574  23.403 0.0000000000
125326  -47.938  29.761  24.142 0.0000000000
123559  -48.752  28.241  25.245 0.0000000000
123560  -49.685  28.308  25.544 0.0000000000
123561  -50.724  28.476  25.690 0.0000000000
125309  -50.225  30.052  25.298 0.0000000000
123562  -51.861  28.530  26.061 0.0000000000
128894  -43.658  34.674  19.518 0.0000000000
128882  -45.479  34.674  20.455 0.0000000000
132641  -47.161  39.208  15.472 0.0000000000
131178  -46.606  37.366  14.572 0.0000000000
129762  -47.577  35.448  13.690 0.0000000000
130486  -47.362  36.275  13.924 0.0000000000
130475  -46.214  36.946  14.758 0.0000000000
130484  -46.009  35.994  14.631 0.0000000000
129753  -45.868  35.674  14.956 0.0000000000
129742  -45.498  35.406  15.587 0.0000000000
126298  -49.051  31.554  13.651 0.0000000000
127203  -48.794  31.757  14.291 0.0000000000
127202  -48.123  32.199  14.603 0.0000000000
127201  -47.464  33.039  14.954 0.0000000000
128074  -46.949  33.667  15.610 0.0000000000
128938  -46.202  34.462  15.643 0.0000000000
128937  -45.580  34.651  16.090 0.0000000000
128930  -45.406  34.600  16.804 0.0000000000
128921  -45.563  34.432  17.763 0.0000000000
128048  -46.934  33.653  18.410 0.0000000000
128910  -46.648  34.006  18.539 0.0000000000
128909  -45.576  34.421  18.701 0.0000000000
128896  -45.538  34.616  19.605 0.0000000000
128867  -46.236  34.738  21.269 0.0000000000
128870  -49.165  34.654  21.541 0.0000000000
129686  -48.465  35.236  22.082 0.0000000000
129671  -48.725  35.404  23.015 0.0000000000
128832  -49.985  34.824  23.756 0.0000000000
128024  -51.694  33.346  20.271 0.0000000000
128888  -52.379  34.142  20.690 0.0000000000
128872  -52.095  34.727  21.341 0.0000000000
128017  -53.335  34.058  21.020 0.0000000000
128855  -52.854  34.774  21.471 0.0000000000
128854  -51.892  35.248  22.406 0.0000000000
128834  -51.697  35.133  23.144 0.0000000000
128833  -51.181  35.103  23.775 0.0000000000
127127  -50.975  33.024  24.078 0.0000000000
126202  -51.978  31.394  24.968 0.0000000000
126203  -52.370  31.462  24.272 0.0000000000
126188  -52.494  30.954  24.859 0.0000000000
126187  -52.396  30.829  25.117 0.0000000000
122719  -51.441  27.299  24.390 0.0000000000
122724  -50.216  27.225  23.658 0.0000000000
125351  -50.839  30.314  21.504 0.0000000000
122723  -48.924  26.797  23.228 0.0000000000
122722  -48.364  26.502  22.999 0.0000000000
122729  -47.951  26.979  22.511 0.0000000000
124577  -49.629  29.802  15.602 0.0000000000
124576  -48.544  29.921  15.622 0.0000000000
124591  -44.655  30.049  14.084 0.0000000000
125414  -45.912  30.525  16.539 0.0000000000
125399  -46.619  30.386  17.310 0.0000000000
124527  -46.621  30.078  18.736 0.0000000000
124494  -45.293  29.019  20.319 0.0000000000
119126  -50.221  23.250  26.420 0.0000000000
119129  -52.322  23.595  27.435 0.0000000000
119141  -47.822  23.183  25.216 0.0000000000
119154  -47.508  23.727  24.871 0.0000000000
121950  -43.653  26.835  10.217 0.0000000000
122678  -53.250  26.552  27.205 0.0000000000
122689  -53.333  26.762  26.971 0.0000000000
122805  -53.343  27.539  11.700 0.0000000000
122819  -52.932  27.471  11.223 0.0000000000
122820  -53.635  27.879  11.044 0.0000000000
122821  -54.321  28.145  11.468 0.0000000000
122834  -46.204  27.632  9.978 0.0000000000
122836  -51.267  27.547  10.436 0.0000000000
122853  -50.396  27.622  9.329 0.0000000000
122854  -50.978  27.497  9.564 0.0000000000
122857  -53.125  28.157  9.298 0.0000000000
122865  -47.275  27.659  8.319 0.0000000000
122866  -47.771  27.745  8.194 0.0000000000
122868  -50.990  27.754  8.747 0.0000000000
122869  -51.768  28.000  8.446 0.0000000000
123652  -53.981  28.831  14.753 0.0000000000
123653  -54.175  28.947  14.670 0.0000000000
123661  -50.952  28.884  13.923 0.0000000000
123665  -54.252  28.872  14.080 0.0000000000
123674  -47.871  28.999  12.961 0.0000000000
123698  -53.228  27.725  12.116 0.0000000000
123700  -54.530  28.476  12.093 0.0000000000
123719  -52.887  27.505  11.642 0.0000000000
123721  -54.296  28.483  11.499 0.0000000000
123738  -53.411  28.348  9.809 0.0000000000
123745  -45.085  27.877  10.055 0.0000000000
123746  -45.225  27.779  9.866 0.0000000000
123747  -48.112  28.045  9.863 0.0000000000
123750  -50.430  27.647  9.572 0.0000000000
123752  -52.971  28.480  9.381 0.0000000000
123758  -45.807  28.234  7.957 0.0000000000
123765  -52.290  28.678  7.817 0.0000000000
123777  -50.074  28.926  7.815 0.0000000000
123779  -51.857  28.916  7.146 0.0000000000
123780  -52.192  29.034  7.209 0.0000000000
124449  -49.221  28.719  25.265 0.0000000000
124479  -45.789  29.560  23.909 0.0000000000
124542  -46.926  30.284  18.098 0.0000000000
124548  -53.579  30.289  17.719 0.0000000000
124564  -54.348  29.599  15.788 0.0000000000
124600  -53.709  28.844  14.752 0.0000000000
124617  -53.043  29.671  12.791 0.0000000000
124619  -54.152  29.232  12.999 0.0000000000
124630  -47.470  29.186  12.847 0.0000000000
124632  -53.653  29.303  12.119 0.0000000000
124643  -51.821  29.590  10.798 0.0000000000
124645  -53.762  28.916  11.240 0.0000000000
124655  -52.850  29.235  10.250 0.0000000000
124683  -46.606  28.804  7.645 0.0000000000
124689  -52.008  29.494  7.193 0.0000000000
124690  -52.287  29.266  7.441 0.0000000000
125355  -49.821  30.288  20.218 0.0000000000
125380  -43.602  30.120  18.158 0.0000000000
125386  -51.089  30.409  18.309 0.0000000000
125390  -54.454  30.911  17.827 0.0000000000
125402  -50.031  30.309  17.731 0.0000000000
125416  -47.161  30.483  16.307 0.0000000000
125418  -50.065  30.383  17.120 0.0000000000
125431  -46.052  30.402  15.788 0.0000000000
125433  -47.155  30.524  15.919 0.0000000000
125435  -52.546  30.814  14.937 0.0000000000
125444  -50.536  30.944  14.532 0.0000000000
125448  -54.174  29.724  13.822 0.0000000000
125455  -49.906  30.921  14.148 0.0000000000
125459  -53.792  29.668  13.421 0.0000000000
125469  -50.571  30.424  12.867 0.0000000000
125471  -52.193  29.702  12.302 0.0000000000
125504  -51.743  30.339  9.462 0.0000000000
125512  -46.522  30.340  8.755 0.0000000000
126244  -51.868  31.866  17.888 0.0000000000
126247  -54.413  31.257  17.614 0.0000000000
126253  -50.042  31.805  17.189 0.0000000000
126254  -50.488  31.781  17.246 0.0000000000
126268  -54.054  31.334  16.057 0.0000000000
126281  -54.383  30.667  15.429 0.0000000000
126289  -51.561  31.018  15.026 0.0000000000
126306  -48.745  31.987  13.111 0.0000000000
126327  -50.704  31.745  9.829 0.0000000000
126337  -51.341  31.806  9.504 0.0000000000
126355  -48.474  31.192  8.028 0.0000000000
126359  -52.014  31.284  7.457 0.0000000000
126360  -52.383  30.699  7.734 0.0000000000
127110  -50.355  31.888  24.292 0.0000000000
127136  -53.480  32.610  20.548 0.0000000000
127138  -50.365  32.994  19.946 0.0000000000
127149  -49.116  32.999  19.191 0.0000000000
127166  -54.369  31.346  17.467 0.0000000000
127172  -48.019  33.051  17.488 0.0000000000
127178  -54.176  31.445  17.400 0.0000000000
127179  -54.405  31.258  17.241 0.0000000000
127213  -48.455  32.351  13.541 0.0000000000
127214  -48.694  31.837  13.823 0.0000000000
127233  -49.897  32.938  11.195 0.0000000000
127234  -50.547  33.084  10.836 0.0000000000
127248  -52.423  32.887  9.714 0.0000000000
127257  -51.311  32.392  9.709 0.0000000000
127259  -52.333  32.359  9.150 0.0000000000
127269  -52.013  31.846  8.119 0.0000000000
127276  -51.835  32.123  7.864 0.0000000000
127277  -51.976  32.194  8.191 0.0000000000
127969  -43.593  34.289  25.866 0.0000000000
127993  -45.694  33.219  24.150 0.0000000000
128022  -49.210  33.664  20.036 0.0000000000
128033  -47.737  33.482  19.207 0.0000000000
128034  -48.434  33.443  19.371 0.0000000000
128036  -49.956  33.147  19.818 0.0000000000
128038  -53.235  32.985  19.519 0.0000000000
128039  -53.455  32.772  19.457 0.0000000000
128049  -47.414  33.502  18.670 0.0000000000
128114  -51.600  33.962  11.103 0.0000000000
128124  -51.141  33.428  10.783 0.0000000000
128136  -52.706  33.268  9.389 0.0000000000
128142  -52.217  33.389  8.298 0.0000000000
128151  -52.119  32.631  8.220 0.0000000000
128804  -47.335  35.296  25.266 0.0000000000
128831  -49.090  35.008  24.020 0.0000000000
128853  -51.205  35.361  22.445 0.0000000000
128889  -52.897  34.162  20.588 0.0000000000
128922  -46.237  34.119  17.450 0.0000000000
128947  -46.452  34.874  15.044 0.0000000000
128948  -46.811  34.869  14.645 0.0000000000
128968  -49.181  34.489  12.429 0.0000000000
128969  -50.129  34.910  12.286 0.0000000000
128982  -51.907  34.730  11.413 0.0000000000
129002  -51.893  34.817  9.119 0.0000000000
129025  -50.440  34.572  7.646 0.0000000000
129636  -47.596  35.447  25.132 0.0000000000
129658  -51.293  35.598  23.263 0.0000000000
129659  -51.658  35.547  23.009 0.0000000000
129674  -51.468  35.691  22.929 0.0000000000
129732  -45.220  35.141  16.248 0.0000000000
129743  -46.047  35.147  15.142 0.0000000000
129765  -51.022  36.351  12.901 0.0000000000
129766  -51.455  36.235  12.946 0.0000000000
129774  -48.925  35.167  12.765 0.0000000000
129775  -49.724  35.549  12.648 0.0000000000
129776  -50.732  35.896  12.632 0.0000000000
129803  -51.751  35.714  10.167 0.0000000000
129822  -52.222  34.939  10.157 0.0000000000
129858  -50.361  35.206  7.893 0.0000000000
130447  -43.032  35.974  17.098 0.0000000000
130485  -46.509  36.420  14.414 0.0000000000
130498  -48.144  36.187  13.587 0.0000000000
130502  -51.817  36.255  13.615 0.0000000000
130513  -50.450  36.284  12.868 0.0000000000
130514  -51.791  36.832  11.989 0.0000000000
130573  -50.365  35.989  8.438 0.0000000000
130574  -50.729  36.056  8.595 0.0000000000
131164  -51.878  37.907  15.253 0.0000000000
131181  -49.210  37.534  14.028 0.0000000000
131184  -52.394  37.654  14.646 0.0000000000
131198  -48.658  36.903  13.641 0.0000000000
131201  -52.031  37.912  13.205 0.0000000000
131873  -52.254  39.232  16.233 0.0000000000
131892  -50.067  38.859  15.101 0.0000000000
131894  -51.827  38.337  15.505 0.0000000000
131911  -47.038  37.712  14.488 0.0000000000
132622  -52.218  39.798  17.869 0.0000000000
132632  -50.838  39.755  16.675 0.0000000000
132633  -51.682  39.581  16.846 0.0000000000
132644  -50.414  39.276  15.878 0.0000000000
133314  -51.620  40.827  18.426 0.0000000000
133315  -52.154  40.653  18.322 0.0000000000
133340  -50.886  40.195  17.229 0.0000000000
133341  -52.285  40.822  16.462 0.0000000000
133342  -52.539  40.491  16.771 0.0000000000
133346  -52.329  40.155  15.708 0.0000000000
133349  -51.415  41.520  14.574 0.0000000000
133351  -52.294  40.077  15.104 0.0000000000
133366  -51.297  42.286  13.720 0.0000000000
133367  -51.331  41.889  13.433 0.0000000000
134056  -50.261  41.630  18.883 0.0000000000
134057  -51.113  41.406  18.708 0.0000000000
134074  -52.561  40.983  17.674 0.0000000000
134083  -50.877  42.414  14.518 0.0000000000
134084  -51.317  41.828  14.745 0.0000000000
134085  -51.543  41.495  15.153 0.0000000000
134088  -51.139  42.564  13.968 0.0000000000
134089  -51.229  42.227  14.347 0.0000000000
134788  -49.921  42.820  19.583 0.0000000000
134802  -51.401  42.842  18.722 0.0000000000
134813  -50.098  43.133  17.729 0.0000000000
134815  -51.387  42.185  17.683 0.0000000000
135487  -51.070  44.538  20.604 0.0000000000
135500  -51.344  43.183  19.347 0.0000000000
135514  -50.443  44.122  18.588 0.0000000000
135515  -51.082  43.622  18.736 0.0000000000
135554  -49.041  42.890  13.488 0.0000000000
136151  -49.806  44.879  20.804 0.0000000000
136152  -50.424  44.912  21.236 0.0000000000
136153  -51.164  45.020  21.118 0.0000000000
136157  -47.240  44.986  19.042 0.0000000000
136173  -44.969  44.769  17.995 0.0000000000
136777  -50.933  45.615  20.660 0.0000000000
136782  -39.302  45.867  19.101 0.0000000000
136787  -48.848  45.482  20.375 0.0000000000
136789  -50.847  45.627  20.252 0.0000000000
136801  -46.493  45.350  18.935 0.0000000000
137469  -38.728  46.666  20.087 0.0000000000
137472  -44.844  47.097  20.229 0.0000000000
137478  -50.435  45.970  20.510 0.0000000000
137482  -38.316  46.131  19.654 0.0000000000
138179  -39.924  47.472  20.681 0.0000000000
138188  -49.603  46.756  20.283 0.0000000000
138196  -41.603  47.057  19.762 0.0000000000
138842  -44.924  48.741  22.005 0.0000000000
