#!ascii label  , from subject 3753 vox2ras=TkReg
926
59568  28.514  -30.345  63.975 0.0000000000
73048  46.693  -19.317  43.341 0.0000000000
76633  54.923  -15.981  40.847 0.0000000000
70564  44.656  -21.768  53.955 0.0000000000
58451  32.869  -32.659  58.910 0.0000000000
54818  32.559  -33.801  61.672 0.0000000000
75455  51.168  -17.387  41.718 0.0000000000
74146  51.646  -18.901  46.798 0.0000000000
67967  41.790  -24.526  56.624 0.0000000000
56135  38.307  -33.922  56.342 0.0000000000
86426  56.174  -7.866  33.636 0.0000000000
82984  54.332  -11.786  38.438 0.0000000000
75338  40.981  -19.508  51.678 0.0000000000
76565  46.940  -17.978  49.713 0.0000000000
61974  31.815  -29.778  61.417 0.0000000000
58384  30.681  -31.175  62.115 0.0000000000
74262  49.138  -19.091  42.570 0.0000000000
76600  52.093  -17.611  45.402 0.0000000000
75401  50.120  -17.520  45.988 0.0000000000
60859  43.413  -29.885  53.995 0.0000000000
56081  35.539  -34.215  59.578 0.0000000000
56118  35.164  -34.044  57.592 0.0000000000
53578  37.315  -35.400  57.438 0.0000000000
88551  54.969  -7.238  34.412 0.0000000000
85308  56.171  -9.713  34.605 0.0000000000
85277  55.292  -9.358  36.271 0.0000000000
77992  52.272  -14.959  39.639 0.0000000000
80599  52.075  -13.544  37.711 0.0000000000
80576  54.268  -13.744  40.034 0.0000000000
80596  55.002  -13.421  37.957 0.0000000000
78014  54.428  -15.525  38.428 0.0000000000
69237  43.449  -22.717  55.898 0.0000000000
71754  42.136  -21.704  54.133 0.0000000000
75283  43.407  -19.273  53.964 0.0000000000
75334  43.762  -18.688  51.264 0.0000000000
75302  46.258  -18.133  52.670 0.0000000000
72929  47.951  -19.484  50.944 0.0000000000
71792  46.517  -20.738  51.477 0.0000000000
57249  33.640  -32.833  60.501 0.0000000000
76660  50.255  -16.574  39.515 0.0000000000
77930  53.013  -16.027  42.099 0.0000000000
74231  53.294  -17.987  43.631 0.0000000000
73025  53.023  -19.873  44.476 0.0000000000
59650  39.991  -29.513  56.824 0.0000000000
62022  41.898  -28.315  56.882 0.0000000000
65517  43.499  -26.079  55.681 0.0000000000
66741  44.378  -24.442  54.351 0.0000000000
69305  44.468  -22.878  52.094 0.0000000000
59676  38.542  -30.773  55.485 0.0000000000
57344  40.145  -32.413  56.083 0.0000000000
85359  56.205  -9.358  31.467 0.0000000000
84128  54.004  -10.531  36.306 0.0000000000
82990  55.718  -11.283  37.201 0.0000000000
80627  54.475  -13.339  35.569 0.0000000000
74174  46.964  -19.163  46.841 0.0000000000
75369  49.237  -17.716  48.593 0.0000000000
70640  49.841  -21.134  48.615 0.0000000000
58386  28.854  -30.693  62.674 0.0000000000
60748  28.993  -30.124  63.218 0.0000000000
58398  30.343  -31.283  61.785 0.0000000000
73046  48.507  -19.399  43.372 0.0000000000
74233  49.752  -18.795  43.964 0.0000000000
74210  48.417  -19.081  45.243 0.0000000000
53565  36.642  -35.235  57.848 0.0000000000
88541  53.864  -7.543  34.824 0.0000000000
86396  55.181  -8.281  35.602 0.0000000000
86388  54.009  -8.444  35.872 0.0000000000
79291  53.995  -14.806  40.972 0.0000000000
79317  53.477  -13.842  39.774 0.0000000000
79289  54.515  -14.655  40.302 0.0000000000
79316  55.123  -14.473  39.336 0.0000000000
70547  44.077  -21.970  54.870 0.0000000000
72871  43.298  -20.791  55.204 0.0000000000
72880  44.268  -20.166  54.553 0.0000000000
76501  44.769  -18.366  53.153 0.0000000000
72907  45.549  -19.870  53.375 0.0000000000
72919  46.336  -19.645  52.407 0.0000000000
71781  45.496  -21.126  52.905 0.0000000000
59597  33.145  -31.110  61.224 0.0000000000
56052  33.705  -33.350  60.936 0.0000000000
54832  34.191  -34.025  60.719 0.0000000000
75470  50.006  -17.663  40.545 0.0000000000
76661  49.426  -16.788  39.419 0.0000000000
76637  50.993  -17.010  41.116 0.0000000000
77950  52.093  -16.293  41.166 0.0000000000
76624  52.520  -16.681  42.284 0.0000000000
76611  53.254  -16.775  42.854 0.0000000000
75423  52.382  -17.290  43.249 0.0000000000
75391  52.164  -18.216  46.410 0.0000000000
74188  52.798  -19.050  45.173 0.0000000000
72993  52.032  -19.786  45.861 0.0000000000
71872  51.730  -20.959  44.906 0.0000000000
70697  51.575  -20.852  46.091 0.0000000000
59663  41.452  -30.580  56.286 0.0000000000
60810  40.862  -28.878  57.209 0.0000000000
60824  42.249  -29.664  56.204 0.0000000000
63222  43.534  -27.865  55.463 0.0000000000
65530  44.257  -25.381  54.423 0.0000000000
56136  37.432  -34.203  56.227 0.0000000000
56156  37.311  -33.650  55.491 0.0000000000
57359  38.147  -32.671  55.213 0.0000000000
58494  39.476  -32.102  55.722 0.0000000000
56153  39.604  -33.127  56.025 0.0000000000
88562  56.132  -6.683  33.584 0.0000000000
86463  56.535  -8.244  31.723 0.0000000000
83042  56.436  -11.460  34.626 0.0000000000
81800  52.862  -12.868  37.491 0.0000000000
80630  51.453  -13.060  36.340 0.0000000000
81814  52.848  -12.120  36.361 0.0000000000
83027  52.682  -11.289  35.654 0.0000000000
83008  53.830  -11.273  36.954 0.0000000000
85258  54.845  -10.235  36.903 0.0000000000
84103  54.969  -11.175  38.127 0.0000000000
79337  54.568  -14.504  37.586 0.0000000000
80607  55.334  -13.176  37.005 0.0000000000
66659  41.029  -25.546  57.226 0.0000000000
68021  41.493  -23.955  55.140 0.0000000000
74041  41.604  -20.373  52.952 0.0000000000
70580  41.215  -21.614  52.544 0.0000000000
75332  45.231  -18.296  50.942 0.0000000000
74093  43.986  -18.652  49.859 0.0000000000
74110  45.492  -19.017  49.008 0.0000000000
74154  45.154  -19.135  47.251 0.0000000000
75372  47.229  -18.197  48.519 0.0000000000
75384  48.210  -17.889  48.203 0.0000000000
76570  48.009  -17.397  49.451 0.0000000000
70601  48.498  -20.739  50.436 0.0000000000
71803  49.000  -20.190  49.942 0.0000000000
70641  49.347  -21.389  49.016 0.0000000000
69346  49.401  -22.161  47.585 0.0000000000
59576  31.063  -30.459  62.409 0.0000000000
57233  32.113  -32.638  62.201 0.0000000000
53511  32.084  -34.592  61.332 0.0000000000
56018  31.259  -32.765  61.870 0.0000000000
75441  50.180  -18.285  42.334 0.0000000000
75424  51.573  -17.590  43.637 0.0000000000
75425  50.961  -18.102  44.072 0.0000000000
75400  50.612  -17.153  45.572 0.0000000000
75393  50.821  -17.253  46.426 0.0000000000
57295  34.156  -33.265  59.530 0.0000000000
57327  34.174  -33.636  58.185 0.0000000000
56104  35.479  -34.133  58.268 0.0000000000
54885  36.965  -34.763  57.545 0.0000000000
54898  37.575  -34.449  57.113 0.0000000000
54908  39.333  -34.267  56.452 0.0000000000
52247  38.537  -35.593  56.431 0.0000000000
87447  56.146  -6.903  34.312 0.0000000000
85325  55.973  -9.207  33.603 0.0000000000
86411  55.768  -8.291  34.997 0.0000000000
85293  56.116  -9.743  35.500 0.0000000000
84126  56.152  -10.472  36.303 0.0000000000
79327  50.644  -14.854  38.611 0.0000000000
79326  51.906  -14.261  38.424 0.0000000000
80590  53.243  -13.562  38.723 0.0000000000
81781  53.903  -12.802  39.212 0.0000000000
82979  54.939  -12.340  38.889 0.0000000000
80588  55.249  -13.614  38.818 0.0000000000
79323  55.125  -14.440  38.470 0.0000000000
67964  43.064  -23.410  56.525 0.0000000000
69238  42.025  -23.151  55.446 0.0000000000
71714  42.737  -21.892  55.613 0.0000000000
74027  42.331  -20.427  54.112 0.0000000000
74053  42.282  -19.502  53.144 0.0000000000
75336  42.394  -19.373  51.440 0.0000000000
75304  43.275  -18.649  52.815 0.0000000000
76536  44.751  -18.069  52.199 0.0000000000
76549  46.714  -17.667  51.537 0.0000000000
76556  48.041  -17.728  50.491 0.0000000000
74076  47.499  -18.777  51.740 0.0000000000
71791  47.423  -20.565  51.116 0.0000000000
70624  46.972  -21.129  50.438 0.0000000000
61990  31.576  -29.745  60.388 0.0000000000
60787  32.258  -30.855  60.179 0.0000000000
58439  33.314  -32.516  59.769 0.0000000000
57265  34.551  -33.360  60.025 0.0000000000
53541  34.953  -35.090  59.747 0.0000000000
77993  51.748  -15.389  39.673 0.0000000000
77969  52.673  -15.181  40.257 0.0000000000
77928  54.077  -15.843  41.864 0.0000000000
75437  54.583  -17.191  42.143 0.0000000000
74259  54.096  -18.182  42.553 0.0000000000
73043  53.614  -19.018  42.993 0.0000000000
75405  52.772  -17.838  44.018 0.0000000000
73024  53.676  -19.193  43.916 0.0000000000
62026  38.853  -28.976  56.497 0.0000000000
63176  40.285  -27.840  57.333 0.0000000000
63163  41.028  -26.879  58.107 0.0000000000
64300  41.954  -26.141  57.078 0.0000000000
62036  42.979  -28.792  55.856 0.0000000000
64329  42.925  -26.612  56.203 0.0000000000
65489  42.963  -24.888  56.178 0.0000000000
66717  43.378  -24.529  55.951 0.0000000000
68004  44.369  -23.462  55.172 0.0000000000
68028  44.594  -23.236  54.217 0.0000000000
69280  44.607  -22.522  53.403 0.0000000000
68051  44.269  -23.700  52.824 0.0000000000
59666  39.378  -30.211  56.104 0.0000000000
59665  40.079  -30.413  56.396 0.0000000000
57342  41.266  -32.362  55.606 0.0000000000
54907  40.211  -34.114  56.182 0.0000000000
56152  41.103  -33.432  55.352 0.0000000000
87496  57.307  -7.421  30.355 0.0000000000
85295  52.874  -8.752  35.247 0.0000000000
85278  54.586  -9.654  36.286 0.0000000000
85256  55.784  -10.093  36.939 0.0000000000
83006  55.866  -11.337  36.762 0.0000000000
81798  55.417  -12.578  37.417 0.0000000000
81812  55.556  -12.473  36.523 0.0000000000
80626  55.287  -12.891  35.843 0.0000000000
70567  41.906  -22.426  54.043 0.0000000000
74176  45.324  -19.200  46.247 0.0000000000
74193  46.677  -19.290  45.851 0.0000000000
74173  47.908  -18.799  46.986 0.0000000000
74171  49.261  -17.952  47.276 0.0000000000
74126  50.434  -18.157  48.063 0.0000000000
74091  49.030  -18.483  49.887 0.0000000000
72952  49.711  -19.402  48.901 0.0000000000
71850  50.681  -20.044  47.575 0.0000000000
70681  50.511  -21.434  46.647 0.0000000000
70604  45.515  -21.489  51.651 0.0000000000
70625  45.887  -21.453  50.564 0.0000000000
59580  28.327  -30.737  63.715 0.0000000000
58387  28.015  -31.119  63.474 0.0000000000
59569  27.680  -30.584  64.397 0.0000000000
59579  28.988  -30.380  62.921 0.0000000000
73047  47.281  -19.450  43.652 0.0000000000
73027  47.997  -19.494  44.364 0.0000000000
73028  47.357  -19.473  44.354 0.0000000000
87438  54.002  -7.651  35.420 0.0000000000
87428  53.585  -8.045  35.436 0.0000000000
79290  54.252  -14.763  40.637 0.0000000000
77946  54.580  -15.093  40.506 0.0000000000
77967  54.697  -15.212  39.949 0.0000000000
76644  54.638  -16.032  40.041 0.0000000000
70565  44.409  -21.866  54.452 0.0000000000
71736  44.100  -21.151  54.787 0.0000000000
71752  44.730  -20.883  54.044 0.0000000000
72891  44.992  -19.949  54.338 0.0000000000
71768  45.204  -20.987  53.427 0.0000000000
72920  45.705  -20.475  52.839 0.0000000000
56033  32.623  -33.175  61.860 0.0000000000
57231  32.890  -32.187  61.522 0.0000000000
54817  33.022  -33.714  61.556 0.0000000000
53509  33.099  -34.418  61.436 0.0000000000
75469  50.633  -17.360  41.055 0.0000000000
76636  51.620  -16.680  41.318 0.0000000000
75454  51.715  -17.148  41.823 0.0000000000
75438  52.276  -17.108  42.669 0.0000000000
75439  51.836  -17.298  42.502 0.0000000000
74170  51.695  -18.195  46.720 0.0000000000
73010  52.221  -19.161  45.940 0.0000000000
72994  51.754  -19.493  46.319 0.0000000000
71861  51.792  -20.244  45.866 0.0000000000
71862  51.356  -20.135  46.405 0.0000000000
60825  41.663  -29.730  56.615 0.0000000000
59662  42.142  -30.794  55.665 0.0000000000
56155  38.295  -33.561  55.640 0.0000000000
57358  39.010  -32.696  55.552 0.0000000000
56154  39.029  -33.336  55.916 0.0000000000
87459  56.459  -6.993  33.690 0.0000000000
88574  56.639  -6.517  32.516 0.0000000000
87474  56.701  -7.195  32.899 0.0000000000
87483  56.786  -7.431  32.090 0.0000000000
86444  56.241  -8.141  32.708 0.0000000000
81799  53.550  -12.005  37.305 0.0000000000
81813  53.452  -11.694  36.702 0.0000000000
82993  54.158  -11.423  37.817 0.0000000000
84113  54.300  -10.840  37.153 0.0000000000
82992  54.620  -11.354  38.170 0.0000000000
79350  53.438  -14.448  36.602 0.0000000000
79349  54.300  -14.146  36.764 0.0000000000
66678  41.107  -24.935  56.727 0.0000000000
66700  40.818  -25.087  56.247 0.0000000000
67989  41.595  -24.361  56.313 0.0000000000
75320  41.302  -19.778  52.350 0.0000000000
74066  40.792  -19.967  51.880 0.0000000000
76559  45.902  -18.074  50.652 0.0000000000
75347  45.555  -18.352  50.178 0.0000000000
75346  46.309  -18.198  49.970 0.0000000000
74109  46.240  -18.950  48.883 0.0000000000
75359  46.696  -18.342  49.138 0.0000000000
75358  47.297  -17.818  49.129 0.0000000000
76564  47.492  -17.617  49.772 0.0000000000
70623  47.990  -21.144  50.425 0.0000000000
70622  48.906  -21.127  49.933 0.0000000000
70642  48.551  -21.452  49.384 0.0000000000
70660  49.046  -21.840  48.443 0.0000000000
59577  30.423  -30.589  62.329 0.0000000000
58383  31.260  -31.218  62.339 0.0000000000
58397  32.014  -31.828  62.326 0.0000000000
57215  31.456  -32.008  62.259 0.0000000000
56017  31.657  -32.840  62.094 0.0000000000
57216  31.003  -31.989  62.076 0.0000000000
74285  48.821  -19.112  41.616 0.0000000000
74284  49.636  -18.559  42.022 0.0000000000
74261  49.919  -18.618  42.932 0.0000000000
74260  50.390  -18.393  43.648 0.0000000000
74209  49.690  -18.270  45.193 0.0000000000
74208  50.127  -17.958  44.813 0.0000000000
75409  50.230  -17.554  45.406 0.0000000000
56082  35.482  -33.983  59.480 0.0000000000
57309  35.154  -33.886  58.833 0.0000000000
54857  35.481  -34.328  58.988 0.0000000000
54870  36.404  -34.838  58.180 0.0000000000
54869  37.004  -35.015  57.701 0.0000000000
54899  36.976  -34.508  57.311 0.0000000000
54884  37.555  -34.869  57.318 0.0000000000
53589  38.004  -35.250  56.897 0.0000000000
88552  54.279  -7.500  34.324 0.0000000000
88550  55.688  -6.836  34.248 0.0000000000
86410  56.110  -7.568  34.386 0.0000000000
87448  55.540  -7.482  34.752 0.0000000000
85294  55.567  -9.133  35.551 0.0000000000
85276  55.857  -9.716  36.205 0.0000000000
79319  51.748  -14.845  39.195 0.0000000000
79318  52.890  -14.386  39.448 0.0000000000
80585  53.477  -13.622  39.422 0.0000000000
80584  53.888  -13.312  39.684 0.0000000000
80589  53.667  -13.100  39.193 0.0000000000
81780  54.416  -12.605  39.058 0.0000000000
80583  54.583  -13.352  39.545 0.0000000000
77990  54.858  -15.291  39.175 0.0000000000
78013  54.925  -15.063  38.580 0.0000000000
79324  54.861  -14.907  38.268 0.0000000000
69200  43.139  -23.206  56.469 0.0000000000
70503  42.894  -22.743  56.315 0.0000000000
70517  42.969  -22.376  56.017 0.0000000000
74016  43.362  -20.241  54.762 0.0000000000
72882  42.835  -20.385  54.764 0.0000000000
74026  42.714  -19.958  54.013 0.0000000000
74038  42.408  -19.585  53.445 0.0000000000
75295  42.960  -19.241  53.476 0.0000000000
75294  43.590  -18.823  53.749 0.0000000000
76500  45.322  -18.330  52.907 0.0000000000
77766  44.827  -18.226  52.716 0.0000000000
76521  45.556  -17.872  52.525 0.0000000000
76535  45.576  -17.589  52.141 0.0000000000
76534  46.261  -17.653  52.337 0.0000000000
75331  47.002  -17.786  51.955 0.0000000000
75313  46.805  -17.958  52.421 0.0000000000
72931  46.708  -20.249  51.723 0.0000000000
71806  46.881  -20.828  50.966 0.0000000000
63139  31.114  -29.080  60.984 0.0000000000
63154  30.781  -29.266  60.386 0.0000000000
61982  32.075  -29.956  60.971 0.0000000000
59607  33.275  -31.686  60.923 0.0000000000
59609  32.720  -30.721  60.699 0.0000000000
58418  32.972  -31.859  60.478 0.0000000000
59627  32.838  -32.164  59.946 0.0000000000
58427  33.652  -32.508  60.002 0.0000000000
57281  34.117  -33.082  59.871 0.0000000000
57248  34.202  -33.238  60.213 0.0000000000
78016  50.104  -15.546  38.667 0.0000000000
77994  50.759  -15.990  39.373 0.0000000000
77949  52.755  -16.041  41.287 0.0000000000
77929  53.637  -15.786  41.858 0.0000000000
76622  54.141  -16.308  42.219 0.0000000000
75421  53.807  -17.341  42.918 0.0000000000
74230  53.593  -18.521  43.477 0.0000000000
75406  52.108  -17.595  44.543 0.0000000000
74206  53.268  -18.804  44.538 0.0000000000
73044  53.313  -19.796  43.528 0.0000000000
71905  52.785  -20.438  43.962 0.0000000000
60811  39.584  -29.181  56.996 0.0000000000
62010  39.719  -28.495  57.127 0.0000000000
60798  40.053  -28.851  57.285 0.0000000000
62023  41.339  -28.148  57.332 0.0000000000
62008  41.061  -27.629  57.720 0.0000000000
63192  41.405  -27.404  57.565 0.0000000000
64301  41.447  -26.459  57.513 0.0000000000
63191  41.862  -27.352  57.091 0.0000000000
60823  42.852  -29.862  55.518 0.0000000000
62052  43.429  -28.989  55.170 0.0000000000
64349  43.449  -26.970  55.735 0.0000000000
65504  42.542  -26.089  56.475 0.0000000000
65503  43.135  -25.261  56.032 0.0000000000
66697  43.221  -24.284  56.239 0.0000000000
65502  43.529  -24.689  55.766 0.0000000000
65529  44.258  -24.620  54.785 0.0000000000
65515  44.203  -24.345  55.053 0.0000000000
66740  44.449  -23.939  54.669 0.0000000000
68019  44.586  -23.234  54.814 0.0000000000
66756  44.556  -23.829  54.075 0.0000000000
68038  44.553  -23.250  53.802 0.0000000000
66757  44.305  -24.462  53.638 0.0000000000
56119  34.348  -33.853  57.318 0.0000000000
58515  37.657  -31.665  54.629 0.0000000000
60842  37.711  -30.352  55.140 0.0000000000
60841  38.195  -30.448  55.267 0.0000000000
60826  38.597  -29.806  55.649 0.0000000000
58478  39.986  -31.511  56.020 0.0000000000
58477  40.749  -31.525  56.171 0.0000000000
57343  40.701  -32.382  55.934 0.0000000000
56131  41.315  -32.857  55.401 0.0000000000
86462  56.920  -7.592  31.603 0.0000000000
86482  56.509  -8.408  30.569 0.0000000000
85379  56.027  -9.562  30.708 0.0000000000
85326  55.838  -9.171  34.336 0.0000000000
80600  51.239  -13.680  37.342 0.0000000000
80612  50.151  -13.839  36.211 0.0000000000
80611  50.966  -13.486  36.625 0.0000000000
84129  53.091  -10.454  35.698 0.0000000000
84145  52.352  -10.499  34.913 0.0000000000
85280  52.842  -9.926  35.200 0.0000000000
85296  52.300  -9.401  34.787 0.0000000000
85279  53.409  -9.410  35.605 0.0000000000
84111  55.375  -10.838  37.585 0.0000000000
85257  55.157  -10.131  36.956 0.0000000000
84110  55.854  -10.910  37.157 0.0000000000
81786  55.155  -12.694  38.278 0.0000000000
82982  55.237  -12.169  38.614 0.0000000000
80608  54.725  -13.594  36.709 0.0000000000
70548  42.164  -22.565  54.753 0.0000000000
70549  41.919  -22.876  54.638 0.0000000000
70566  42.151  -22.251  54.298 0.0000000000
75335  43.082  -19.130  51.215 0.0000000000
74112  43.655  -19.121  49.262 0.0000000000
74153  46.309  -18.969  47.472 0.0000000000
74175  46.008  -19.046  46.527 0.0000000000
74194  45.824  -19.277  45.615 0.0000000000
74192  47.654  -19.100  46.044 0.0000000000
75383  48.842  -17.724  48.131 0.0000000000
74150  48.680  -17.988  47.674 0.0000000000
75382  49.543  -17.701  47.737 0.0000000000
75381  50.392  -17.701  47.392 0.0000000000
74127  49.775  -17.999  48.490 0.0000000000
75345  48.182  -18.118  50.666 0.0000000000
75344  48.513  -17.882  50.242 0.0000000000
74092  48.420  -18.496  50.420 0.0000000000
70620  49.681  -20.740  48.952 0.0000000000
72940  49.479  -19.665  49.223 0.0000000000
71801  49.875  -20.520  48.693 0.0000000000
71834  50.532  -19.984  47.960 0.0000000000
71818  50.344  -20.496  48.212 0.0000000000
70657  50.177  -21.083  46.961 0.0000000000
70658  50.341  -20.993  47.520 0.0000000000
69365  49.681  -22.181  46.796 0.0000000000
69292  44.492  -22.969  52.970 0.0000000000
69291  44.813  -22.156  52.353 0.0000000000
60747  29.594  -30.150  62.745 0.0000000000
59578  29.739  -30.483  62.425 0.0000000000
58385  30.097  -30.875  61.976 0.0000000000
73071  48.343  -19.405  42.338 0.0000000000
74234  49.344  -19.080  43.293 0.0000000000
73045  49.201  -19.225  43.752 0.0000000000
73026  49.018  -19.249  44.374 0.0000000000
53553  35.687  -35.087  59.041 0.0000000000
54856  35.648  -34.605  59.000 0.0000000000
53566  36.209  -35.184  58.464 0.0000000000
52209  36.753  -35.778  57.532 0.0000000000
88540  54.352  -7.443  34.884 0.0000000000
87437  54.765  -7.587  35.217 0.0000000000
86397  54.552  -7.970  35.816 0.0000000000
86387  54.745  -8.638  36.101 0.0000000000
77968  53.236  -14.794  40.425 0.0000000000
79307  53.697  -14.319  40.282 0.0000000000
80574  54.936  -14.024  39.805 0.0000000000
79305  54.807  -14.427  39.945 0.0000000000
69236  43.799  -22.668  55.530 0.0000000000
71724  43.399  -21.601  55.435 0.0000000000
70532  43.817  -21.923  55.172 0.0000000000
72870  43.719  -20.542  54.808 0.0000000000
74024  44.109  -19.227  54.378 0.0000000000
74036  43.919  -18.810  54.131 0.0000000000
74023  44.826  -19.280  54.310 0.0000000000
74035  45.336  -19.255  53.858 0.0000000000
74034  45.535  -18.875  53.330 0.0000000000
74065  46.422  -19.003  52.529 0.0000000000
72906  45.944  -19.518  52.894 0.0000000000
71780  46.068  -20.754  52.267 0.0000000000
60764  32.408  -30.269  61.455 0.0000000000
58408  32.890  -31.391  61.504 0.0000000000
58407  33.087  -31.777  61.235 0.0000000000
56051  34.214  -33.523  60.506 0.0000000000
75471  49.183  -18.106  40.192 0.0000000000
76648  49.948  -17.222  39.968 0.0000000000
76647  50.651  -16.845  40.274 0.0000000000
77971  51.168  -16.414  40.132 0.0000000000
76646  51.307  -16.509  40.565 0.0000000000
76635  52.252  -16.429  41.518 0.0000000000
76623  53.394  -16.335  42.371 0.0000000000
76612  52.806  -16.911  43.009 0.0000000000
75422  53.082  -17.264  43.367 0.0000000000
77885  52.872  -17.088  46.090 0.0000000000
75399  52.482  -18.030  45.525 0.0000000000
74189  52.539  -18.741  45.535 0.0000000000
73009  52.527  -19.563  45.486 0.0000000000
71886  52.548  -20.490  44.481 0.0000000000
71871  52.179  -20.560  45.131 0.0000000000
70711  51.684  -20.817  45.738 0.0000000000
69401  51.373  -21.556  45.937 0.0000000000
59649  40.669  -29.694  56.826 0.0000000000
59638  40.433  -29.205  57.125 0.0000000000
59648  41.204  -30.006  56.726 0.0000000000
60809  41.386  -29.153  56.954 0.0000000000
60808  41.938  -29.101  56.657 0.0000000000
62051  43.630  -29.154  54.607 0.0000000000
64348  44.011  -26.609  55.151 0.0000000000
65516  43.869  -25.024  55.319 0.0000000000
64368  44.205  -26.779  54.106 0.0000000000
56117  36.422  -34.438  57.172 0.0000000000
56138  35.304  -33.943  56.430 0.0000000000
56137  36.319  -33.996  56.392 0.0000000000
57361  36.090  -33.068  54.783 0.0000000000
57360  37.134  -32.950  54.770 0.0000000000
57379  37.757  -32.260  54.743 0.0000000000
58496  38.223  -31.651  55.054 0.0000000000
58495  39.082  -31.557  55.623 0.0000000000
57357  39.601  -32.561  55.841 0.0000000000
87473  57.086  -6.711  32.085 0.0000000000
84157  56.368  -10.474  34.068 0.0000000000
81801  52.128  -13.097  37.243 0.0000000000
80610  51.593  -13.203  37.042 0.0000000000
81815  52.078  -12.785  36.713 0.0000000000
81830  52.357  -11.893  35.652 0.0000000000
83009  53.351  -11.244  36.269 0.0000000000
84127  54.592  -10.415  36.826 0.0000000000
84112  54.759  -10.724  37.543 0.0000000000
84102  55.228  -11.501  38.198 0.0000000000
79336  55.060  -14.045  37.890 0.0000000000
80597  54.947  -13.721  37.478 0.0000000000
66701  40.634  -25.667  56.844 0.0000000000
72894  41.834  -20.777  53.634 0.0000000000
71755  41.798  -21.499  53.465 0.0000000000
72909  41.477  -20.683  52.722 0.0000000000
72921  40.945  -20.540  52.094 0.0000000000
75333  44.477  -18.513  51.141 0.0000000000
74077  43.916  -18.664  50.562 0.0000000000
75348  44.710  -18.554  50.256 0.0000000000
74111  44.576  -18.892  49.261 0.0000000000
74130  44.925  -18.998  48.294 0.0000000000
74155  44.605  -19.209  47.819 0.0000000000
74129  45.834  -19.119  48.199 0.0000000000
74128  46.639  -18.714  48.317 0.0000000000
74152  47.254  -18.597  47.732 0.0000000000
75385  47.695  -18.149  48.174 0.0000000000
75371  47.746  -17.793  48.661 0.0000000000
75370  48.355  -17.562  48.906 0.0000000000
71790  48.233  -20.162  50.872 0.0000000000
71804  48.617  -20.080  50.413 0.0000000000
70600  48.963  -20.721  50.093 0.0000000000
70621  49.516  -20.861  49.556 0.0000000000
70659  49.998  -21.791  47.841 0.0000000000
61966  31.199  -29.284  62.095 0.0000000000
60745  30.898  -29.751  62.416 0.0000000000
60756  31.568  -30.149  62.249 0.0000000000
59588  31.843  -30.961  62.345 0.0000000000
56034  32.186  -33.273  62.000 0.0000000000
53510  32.550  -34.509  61.454 0.0000000000
54819  31.943  -33.722  61.823 0.0000000000
54807  31.534  -33.400  61.831 0.0000000000
57217  30.767  -31.844  61.873 0.0000000000
74311  49.470  -18.410  41.073 0.0000000000
75456  50.315  -17.988  41.623 0.0000000000
75440  50.793  -17.939  42.808 0.0000000000
75407  51.294  -17.574  44.616 0.0000000000
74232  50.273  -18.215  44.445 0.0000000000
75408  50.506  -17.647  44.891 0.0000000000
76602  50.928  -17.200  45.091 0.0000000000
76587  51.492  -17.287  46.137 0.0000000000
75392  51.599  -17.608  46.517 0.0000000000
75380  51.148  -17.784  47.051 0.0000000000
59675  42.453  -31.307  55.222 0.0000000000
57311  33.871  -33.338  58.979 0.0000000000
57312  33.576  -33.297  58.561 0.0000000000
56105  34.990  -33.871  58.293 0.0000000000
54871  35.758  -34.475  58.555 0.0000000000
54886  36.333  -34.571  57.840 0.0000000000
56116  37.531  -34.178  56.946 0.0000000000
56115  38.145  -34.087  56.792 0.0000000000
56134  38.991  -33.747  56.489 0.0000000000
54897  38.279  -34.470  56.749 0.0000000000
53599  38.682  -34.922  56.416 0.0000000000
86427  55.903  -8.512  34.321 0.0000000000
85309  55.821  -9.117  34.878 0.0000000000
84144  56.353  -10.541  35.161 0.0000000000
83026  56.193  -11.291  35.735 0.0000000000
79340  50.931  -14.202  37.727 0.0000000000
79339  51.530  -13.936  37.795 0.0000000000
79325  52.730  -14.100  38.690 0.0000000000
80598  52.828  -13.410  38.084 0.0000000000
81789  53.231  -13.107  38.204 0.0000000000
81788  53.744  -12.460  38.517 0.0000000000
81787  54.345  -12.138  38.697 0.0000000000
81779  55.053  -12.862  39.005 0.0000000000
80582  55.064  -13.787  39.531 0.0000000000
69202  42.452  -23.453  56.397 0.0000000000
69223  41.958  -23.839  56.325 0.0000000000
70534  42.315  -22.522  55.330 0.0000000000
71737  42.301  -21.713  54.698 0.0000000000
72863  42.840  -21.321  55.489 0.0000000000
72883  42.422  -20.848  54.612 0.0000000000
72893  42.097  -20.848  54.215 0.0000000000
74039  42.072  -20.148  53.651 0.0000000000
74054  42.016  -19.697  53.212 0.0000000000
75319  41.664  -19.595  52.239 0.0000000000
75337  41.628  -19.430  51.543 0.0000000000
75318  42.307  -19.510  52.199 0.0000000000
75317  43.043  -19.282  52.126 0.0000000000
75316  43.512  -18.593  51.954 0.0000000000
76502  44.218  -18.393  53.331 0.0000000000
76537  43.909  -18.300  52.353 0.0000000000
75315  44.188  -18.285  51.790 0.0000000000
76551  44.885  -18.203  51.575 0.0000000000
76550  45.660  -17.759  51.403 0.0000000000
76558  46.655  -17.792  50.526 0.0000000000
76557  47.440  -17.699  50.515 0.0000000000
76548  47.561  -17.802  51.009 0.0000000000
75329  47.859  -17.989  50.990 0.0000000000
74075  47.739  -18.730  50.927 0.0000000000
74064  47.007  -18.830  52.256 0.0000000000
72930  47.350  -19.533  51.608 0.0000000000
70602  48.077  -20.690  50.762 0.0000000000
58452  32.068  -32.250  58.583 0.0000000000
61989  32.134  -30.150  60.735 0.0000000000
59629  31.855  -31.134  59.557 0.0000000000
58440  32.716  -32.260  59.647 0.0000000000
58450  33.455  -32.864  59.356 0.0000000000
57280  34.850  -33.519  59.737 0.0000000000
56067  35.645  -34.029  59.795 0.0000000000
54831  34.854  -33.958  60.508 0.0000000000
54846  35.263  -34.428  60.163 0.0000000000
53540  35.368  -34.816  59.616 0.0000000000
79320  51.151  -15.171  39.292 0.0000000000
77970  51.813  -16.120  40.430 0.0000000000
77948  53.518  -15.203  40.931 0.0000000000
77947  54.291  -15.502  41.377 0.0000000000
75452  54.976  -16.478  40.959 0.0000000000
76634  54.668  -16.369  41.599 0.0000000000
76610  53.714  -16.667  42.641 0.0000000000
74207  52.665  -18.176  44.814 0.0000000000
74205  53.696  -18.861  44.039 0.0000000000
63178  39.293  -27.939  56.518 0.0000000000
63165  40.441  -27.180  57.317 0.0000000000
62024  40.860  -28.246  57.440 0.0000000000
61999  40.926  -27.306  57.961 0.0000000000
64289  40.572  -26.670  57.441 0.0000000000
64287  41.147  -26.387  57.652 0.0000000000
65462  41.517  -25.846  57.291 0.0000000000
66657  42.221  -25.292  57.013 0.0000000000
59661  42.747  -30.686  55.222 0.0000000000
62037  42.382  -28.519  56.361 0.0000000000
63205  42.950  -27.708  56.032 0.0000000000
63206  42.341  -27.527  56.509 0.0000000000
64315  42.088  -26.438  56.906 0.0000000000
65490  42.393  -25.507  56.601 0.0000000000
66677  42.264  -24.887  56.675 0.0000000000
67987  43.065  -24.023  56.503 0.0000000000
67986  43.193  -23.569  56.432 0.0000000000
67985  43.537  -23.304  55.951 0.0000000000
66716  43.678  -24.050  55.627 0.0000000000
68005  44.108  -23.301  55.414 0.0000000000
68020  44.489  -23.194  55.127 0.0000000000
69255  44.584  -22.798  54.635 0.0000000000
69271  44.593  -22.573  54.152 0.0000000000
70578  44.902  -21.734  53.372 0.0000000000
69281  44.518  -23.072  53.474 0.0000000000
66770  43.928  -24.649  52.664 0.0000000000
57328  33.441  -33.458  58.020 0.0000000000
56139  34.401  -33.920  56.331 0.0000000000
62038  38.335  -29.292  55.874 0.0000000000
60812  39.207  -29.444  56.510 0.0000000000
59651  39.534  -29.573  56.634 0.0000000000
58479  39.683  -30.901  55.987 0.0000000000
59664  40.705  -30.630  56.441 0.0000000000
58476  41.376  -31.581  55.869 0.0000000000
56133  40.000  -33.324  56.212 0.0000000000
54906  40.591  -34.036  55.546 0.0000000000
56132  40.710  -33.186  55.713 0.0000000000
60723  26.999  -30.186  64.931 0.0000000000
87497  56.856  -7.865  29.945 0.0000000000
86389  53.378  -8.472  35.453 0.0000000000
81811  55.863  -11.880  36.164 0.0000000000
82983  54.798  -11.830  38.611 0.0000000000
82991  55.540  -11.687  37.629 0.0000000000
83007  55.558  -11.970  36.900 0.0000000000
81829  55.751  -12.277  35.732 0.0000000000
80647  54.972  -12.942  34.446 0.0000000000
74236  46.360  -19.324  43.930 0.0000000000
69239  41.832  -23.426  55.497 0.0000000000
69273  41.699  -23.220  54.550 0.0000000000
72978  44.672  -19.336  47.015 0.0000000000
74213  45.613  -19.346  44.662 0.0000000000
74212  46.431  -19.403  44.916 0.0000000000
74235  46.925  -19.421  44.372 0.0000000000
74211  47.331  -19.357  45.031 0.0000000000
74191  48.605  -18.530  46.148 0.0000000000
74151  48.065  -18.299  47.670 0.0000000000
74172  48.751  -18.464  47.120 0.0000000000
74190  49.414  -18.042  46.444 0.0000000000
75394  49.930  -17.555  46.884 0.0000000000
74125  50.902  -18.704  47.593 0.0000000000
76563  48.079  -17.350  49.938 0.0000000000
75356  48.728  -17.620  49.569 0.0000000000
74108  49.427  -18.114  49.124 0.0000000000
72941  49.305  -19.433  49.590 0.0000000000
72953  49.507  -18.780  49.263 0.0000000000
74107  49.868  -18.585  48.629 0.0000000000
72961  50.882  -19.063  47.623 0.0000000000
72976  51.210  -19.280  47.207 0.0000000000
71848  51.021  -20.454  46.622 0.0000000000
69362  51.228  -21.481  46.199 0.0000000000
69382  51.100  -21.715  46.195 0.0000000000
70682  50.089  -21.879  46.757 0.0000000000
69384  50.258  -22.398  46.210 0.0000000000
70588  45.318  -21.518  52.552 0.0000000000
70587  45.976  -21.134  51.847 0.0000000000
69304  45.021  -22.102  51.355 0.0000000000
70603  46.251  -21.041  51.147 0.0000000000
52192  36.335  -35.490  57.955 0.0000000000
54806  31.665  -33.136  62.007 0.0000000000
54845  35.542  -34.425  59.696 0.0000000000
56032  33.183  -33.074  61.541 0.0000000000
56050  34.686  -33.592  60.278 0.0000000000
56068  35.341  -33.799  60.113 0.0000000000
56094  35.349  -34.109  58.914 0.0000000000
57232  32.588  -32.422  61.953 0.0000000000
57250  33.298  -32.554  61.086 0.0000000000
57266  33.955  -32.790  60.112 0.0000000000
57294  35.022  -33.691  59.240 0.0000000000
57296  33.696  -33.013  59.490 0.0000000000
57310  34.758  -33.682  58.823 0.0000000000
57326  34.593  -33.727  58.410 0.0000000000
58395  32.841  -31.715  61.534 0.0000000000
58406  33.218  -32.086  60.817 0.0000000000
58417  33.270  -32.156  60.420 0.0000000000
58428  33.123  -32.197  60.178 0.0000000000
58438  33.831  -32.801  59.823 0.0000000000
59557  27.022  -30.437  64.863 0.0000000000
59596  33.230  -31.490  61.051 0.0000000000
59598  32.757  -30.886  61.598 0.0000000000
59608  33.046  -31.231  60.765 0.0000000000
59617  32.805  -31.675  60.362 0.0000000000
59618  32.613  -31.047  60.447 0.0000000000
59628  32.436  -31.566  59.890 0.0000000000
59639  40.215  -29.102  57.212 0.0000000000
59640  32.404  -32.067  59.456 0.0000000000
59677  37.888  -30.995  54.821 0.0000000000
59692  37.386  -31.347  54.556 0.0000000000
60755  31.921  -29.906  61.942 0.0000000000
60763  32.912  -30.628  61.250 0.0000000000
60771  33.159  -30.731  61.021 0.0000000000
60772  32.701  -30.416  60.909 0.0000000000
60797  40.477  -28.698  57.290 0.0000000000
61954  30.803  -29.370  62.368 0.0000000000
61965  31.576  -29.581  61.747 0.0000000000
61975  31.384  -29.330  61.465 0.0000000000
61983  31.536  -29.549  60.977 0.0000000000
61991  31.084  -29.467  60.036 0.0000000000
61998  41.032  -27.252  58.032 0.0000000000
62009  40.591  -27.910  57.505 0.0000000000
62011  39.311  -28.305  56.723 0.0000000000
62012  39.138  -28.223  56.552 0.0000000000
62025  39.280  -29.044  56.909 0.0000000000
62027  38.822  -28.459  56.392 0.0000000000
63123  31.021  -28.841  61.539 0.0000000000
63153  31.281  -29.376  60.679 0.0000000000
63164  40.632  -27.243  57.659 0.0000000000
63174  41.650  -26.875  57.393 0.0000000000
63175  41.230  -27.086  57.907 0.0000000000
63179  38.953  -28.192  56.394 0.0000000000
64288  40.865  -26.537  57.719 0.0000000000
64302  40.343  -27.043  56.845 0.0000000000
64330  42.327  -26.776  56.653 0.0000000000
65463  41.054  -25.887  57.450 0.0000000000
65464  40.745  -26.025  57.426 0.0000000000
65476  42.116  -25.818  56.855 0.0000000000
65477  42.078  -25.689  57.126 0.0000000000
65478  40.465  -26.090  57.121 0.0000000000
65491  42.261  -25.277  56.705 0.0000000000
66658  41.500  -25.315  56.978 0.0000000000
66676  42.495  -24.347  56.535 0.0000000000
66679  40.775  -25.543  57.062 0.0000000000
66696  43.394  -23.796  56.142 0.0000000000
66698  42.944  -24.746  56.453 0.0000000000
66699  42.410  -25.055  56.584 0.0000000000
66715  44.108  -23.665  55.326 0.0000000000
66728  44.250  -23.859  55.155 0.0000000000
66729  43.997  -24.305  55.270 0.0000000000
67946  42.090  -24.700  56.754 0.0000000000
67947  41.879  -24.816  56.761 0.0000000000
67965  42.837  -23.821  56.555 0.0000000000
67966  42.127  -24.255  56.603 0.0000000000
67988  41.805  -23.622  55.948 0.0000000000
68006  41.808  -23.529  55.703 0.0000000000
68007  41.608  -23.984  55.742 0.0000000000
68039  44.463  -23.553  53.508 0.0000000000
69201  42.984  -23.110  56.546 0.0000000000
69203  41.882  -23.827  56.576 0.0000000000
69219  43.499  -22.920  55.979 0.0000000000
69220  43.259  -22.835  56.224 0.0000000000
69221  43.044  -22.784  56.349 0.0000000000
69222  42.111  -23.138  55.974 0.0000000000
69256  44.454  -22.700  54.982 0.0000000000
69257  42.068  -23.031  55.106 0.0000000000
69258  41.859  -23.269  55.128 0.0000000000
69272  44.503  -22.414  54.442 0.0000000000
69345  49.819  -21.846  47.070 0.0000000000
69363  51.006  -21.441  46.355 0.0000000000
69364  50.243  -22.078  46.602 0.0000000000
69381  51.285  -21.684  46.086 0.0000000000
69383  50.841  -22.122  46.189 0.0000000000
69402  51.257  -21.735  45.599 0.0000000000
70504  42.761  -22.943  56.377 0.0000000000
70516  43.148  -22.071  55.770 0.0000000000
70518  42.554  -22.573  55.979 0.0000000000
70533  43.434  -22.337  55.689 0.0000000000
70619  49.818  -20.758  48.741 0.0000000000
70639  50.033  -20.822  48.518 0.0000000000
70679  51.406  -20.905  46.259 0.0000000000
70680  50.996  -21.031  46.458 0.0000000000
70698  51.480  -21.282  46.038 0.0000000000
70699  50.920  -21.930  46.316 0.0000000000
70700  50.580  -22.096  46.426 0.0000000000
70712  51.549  -21.157  45.477 0.0000000000
70728  51.748  -21.404  44.584 0.0000000000
71712  43.098  -21.390  55.538 0.0000000000
71713  42.978  -21.699  55.668 0.0000000000
71723  43.761  -21.021  55.025 0.0000000000
71725  42.370  -21.943  55.159 0.0000000000
71753  44.328  -21.286  54.534 0.0000000000
71769  41.531  -21.316  52.834 0.0000000000
71770  41.156  -21.174  52.288 0.0000000000
71789  48.652  -20.424  50.352 0.0000000000
71802  49.507  -20.127  49.153 0.0000000000
71805  47.325  -20.906  50.748 0.0000000000
71819  50.096  -19.976  48.525 0.0000000000
71832  50.539  -20.640  46.912 0.0000000000
71833  50.553  -20.388  47.561 0.0000000000
71847  51.408  -20.650  46.265 0.0000000000
71849  50.883  -20.069  47.135 0.0000000000
71863  51.191  -19.889  46.735 0.0000000000
71873  51.605  -21.159  44.826 0.0000000000
71888  51.905  -20.788  44.857 0.0000000000
72861  42.964  -20.992  55.385 0.0000000000
72862  43.023  -21.076  55.586 0.0000000000
72872  42.932  -20.805  55.269 0.0000000000
72873  42.606  -21.180  55.154 0.0000000000
72879  44.718  -19.753  54.411 0.0000000000
72881  43.140  -20.337  54.921 0.0000000000
72892  44.458  -20.649  54.450 0.0000000000
72895  41.695  -20.555  53.171 0.0000000000
72908  41.724  -20.917  53.179 0.0000000000
72918  46.952  -19.326  52.131 0.0000000000
72942  48.551  -19.397  50.392 0.0000000000
72962  50.513  -19.199  48.041 0.0000000000
72975  51.700  -19.103  46.704 0.0000000000
72977  50.745  -19.713  47.588 0.0000000000
72995  51.247  -19.822  46.774 0.0000000000
74015  43.687  -20.101  54.662 0.0000000000
74025  43.377  -19.652  54.330 0.0000000000
74037  43.748  -19.073  54.159 0.0000000000
74040  41.715  -20.281  53.222 0.0000000000
74050  46.402  -18.564  52.593 0.0000000000
74051  45.979  -19.127  52.930 0.0000000000
74052  45.594  -19.237  53.391 0.0000000000
74055  41.710  -19.952  53.089 0.0000000000
74056  41.387  -20.152  52.639 0.0000000000
74147  51.406  -18.523  47.083 0.0000000000
74148  50.908  -18.092  47.500 0.0000000000
74149  49.072  -17.802  47.695 0.0000000000
74169  51.985  -18.766  46.432 0.0000000000
75281  44.919  -18.868  54.166 0.0000000000
75282  44.678  -18.844  54.191 0.0000000000
75284  43.222  -19.405  53.866 0.0000000000
75291  45.457  -18.576  53.113 0.0000000000
75292  45.068  -18.665  53.774 0.0000000000
75293  44.332  -18.563  53.928 0.0000000000
75303  46.197  -18.787  52.861 0.0000000000
75305  42.596  -19.243  52.903 0.0000000000
75306  42.113  -19.558  52.789 0.0000000000
75307  41.720  -19.745  52.763 0.0000000000
75308  41.535  -19.903  52.722 0.0000000000
75314  46.745  -17.729  51.983 0.0000000000
75330  47.438  -18.059  51.738 0.0000000000
75357  48.296  -17.425  49.468 0.0000000000
75360  45.950  -18.598  49.491 0.0000000000
75361  45.248  -18.628  49.645 0.0000000000
75368  49.924  -17.719  48.097 0.0000000000
75378  53.095  -17.347  47.029 0.0000000000
75379  52.750  -17.262  47.226 0.0000000000
75390  53.217  -17.612  46.175 0.0000000000
75398  52.855  -17.819  46.068 0.0000000000
75467  54.866  -16.461  40.735 0.0000000000
75482  49.503  -17.490  39.888 0.0000000000
76499  45.629  -18.387  52.858 0.0000000000
76519  46.086  -17.975  52.681 0.0000000000
76520  45.892  -18.050  52.721 0.0000000000
76522  44.552  -18.273  52.772 0.0000000000
76523  43.956  -18.375  52.889 0.0000000000
76533  46.284  -17.888  52.589 0.0000000000
76547  47.814  -17.836  50.797 0.0000000000
76555  48.327  -17.678  50.257 0.0000000000
76562  48.381  -17.531  50.062 0.0000000000
76571  47.781  -17.563  49.170 0.0000000000
76576  53.118  -16.767  47.061 0.0000000000
76577  52.810  -17.004  47.111 0.0000000000
76578  52.516  -17.297  46.806 0.0000000000
76584  53.221  -16.936  46.701 0.0000000000
76585  52.595  -17.490  46.855 0.0000000000
76586  51.995  -17.644  46.175 0.0000000000
76593  53.048  -17.190  46.232 0.0000000000
76594  52.481  -17.600  45.995 0.0000000000
76595  51.895  -17.454  45.847 0.0000000000
76596  51.234  -17.002  45.703 0.0000000000
76601  51.579  -17.305  45.188 0.0000000000
76625  52.018  -17.023  41.925 0.0000000000
77765  44.932  -17.850  52.647 0.0000000000
77789  45.228  -17.884  52.403 0.0000000000
77790  44.910  -18.085  52.433 0.0000000000
77808  45.043  -17.935  52.249 0.0000000000
77809  44.817  -17.887  52.331 0.0000000000
77855  53.115  -16.665  46.830 0.0000000000
77856  52.876  -16.592  46.885 0.0000000000
77857  52.695  -16.935  46.778 0.0000000000
77869  53.067  -16.714  46.496 0.0000000000
77870  52.735  -16.985  46.438 0.0000000000
77871  51.985  -17.075  46.113 0.0000000000
77886  52.118  -17.334  45.764 0.0000000000
77887  51.794  -17.190  45.921 0.0000000000
79306  54.414  -14.268  40.231 0.0000000000
79308  53.067  -14.580  40.194 0.0000000000
80575  54.739  -13.900  39.897 0.0000000000
80591  52.572  -13.802  38.321 0.0000000000
82978  55.087  -12.504  38.805 0.0000000000
87429  53.331  -8.140  35.256 0.0000000000
