#!ascii label  , from subject 3753 vox2ras=TkReg
318
94852  29.210  -1.169  -21.319 0.0000000000
84832  25.524  -10.618  -21.085 0.0000000000
102294  27.203  5.294  -20.632 0.0000000000
112332  25.044  15.685  -21.713 0.0000000000
83727  23.701  -12.097  -19.902 0.0000000000
103271  29.366  6.248  -23.120 0.0000000000
106178  28.524  9.499  -21.436 0.0000000000
92707  27.011  -3.301  -20.605 0.0000000000
89238  26.476  -6.199  -21.337 0.0000000000
92737  29.288  -4.194  -23.112 0.0000000000
97057  31.148  0.584  -24.302 0.0000000000
93834  31.006  -1.963  -25.555 0.0000000000
99057  28.945  2.055  -20.689 0.0000000000
100174  30.146  3.479  -23.591 0.0000000000
109232  25.446  12.591  -20.740 0.0000000000
109230  28.207  12.645  -21.527 0.0000000000
86059  26.691  -9.204  -22.690 0.0000000000
105167  27.371  8.515  -20.409 0.0000000000
106157  26.881  9.487  -19.839 0.0000000000
93793  27.964  -2.309  -20.634 0.0000000000
92722  28.027  -3.361  -20.993 0.0000000000
92720  29.551  -2.786  -22.538 0.0000000000
84833  24.833  -10.799  -20.617 0.0000000000
101234  27.980  3.657  -20.487 0.0000000000
100147  29.857  2.927  -21.905 0.0000000000
101266  29.272  4.649  -21.863 0.0000000000
104231  28.720  7.483  -24.722 0.0000000000
102334  28.731  5.433  -24.853 0.0000000000
112333  23.949  16.005  -22.225 0.0000000000
109241  23.012  12.432  -22.168 0.0000000000
111300  25.746  14.636  -21.496 0.0000000000
113486  27.873  16.648  -24.879 0.0000000000
111329  28.286  14.711  -24.261 0.0000000000
110242  28.286  13.705  -22.155 0.0000000000
110249  28.343  13.534  -23.742 0.0000000000
108249  28.393  11.485  -24.368 0.0000000000
89274  27.681  -6.883  -23.623 0.0000000000
88170  26.442  -7.575  -22.162 0.0000000000
83728  22.731  -11.809  -19.296 0.0000000000
102293  28.248  5.331  -20.903 0.0000000000
104190  28.127  7.011  -20.714 0.0000000000
105204  28.833  8.480  -22.070 0.0000000000
106219  28.775  9.070  -23.567 0.0000000000
90382  26.075  -5.428  -20.465 0.0000000000
91565  26.454  -4.352  -20.512 0.0000000000
90402  27.700  -5.473  -22.364 0.0000000000
90441  28.478  -5.718  -24.194 0.0000000000
95988  30.434  -0.261  -23.217 0.0000000000
93805  30.292  -1.565  -23.330 0.0000000000
96006  31.137  -0.471  -24.672 0.0000000000
95959  27.812  -0.760  -20.549 0.0000000000
96992  27.496  0.743  -20.531 0.0000000000
97009  29.325  0.782  -21.212 0.0000000000
98039  30.156  1.300  -22.738 0.0000000000
99110  30.456  2.317  -24.440 0.0000000000
100196  30.174  2.869  -25.873 0.0000000000
102320  29.384  5.194  -23.182 0.0000000000
101288  29.080  4.272  -24.922 0.0000000000
108184  24.901  11.247  -20.832 0.0000000000
112330  27.075  15.647  -21.610 0.0000000000
110232  27.290  13.931  -21.100 0.0000000000
110213  27.106  13.167  -20.765 0.0000000000
108182  26.682  11.406  -20.373 0.0000000000
107216  28.477  10.544  -22.356 0.0000000000
107230  28.767  10.141  -23.609 0.0000000000
87084  24.565  -8.786  -20.295 0.0000000000
89239  25.736  -6.619  -20.831 0.0000000000
93836  29.755  -3.207  -24.486 0.0000000000
91637  29.635  -4.973  -24.599 0.0000000000
106158  25.622  9.436  -20.216 0.0000000000
107171  26.267  10.437  -20.298 0.0000000000
94853  28.386  -1.446  -20.709 0.0000000000
93792  28.760  -2.353  -21.176 0.0000000000
93791  29.376  -2.174  -22.053 0.0000000000
82607  21.639  -12.823  -18.409 0.0000000000
82606  22.499  -12.647  -18.913 0.0000000000
101250  27.685  4.429  -20.654 0.0000000000
101249  28.855  4.090  -21.169 0.0000000000
104230  29.050  7.883  -24.971 0.0000000000
103294  28.455  6.464  -25.305 0.0000000000
111302  23.538  14.701  -22.224 0.0000000000
111301  24.664  14.669  -21.721 0.0000000000
111322  28.288  14.106  -24.181 0.0000000000
109263  28.165  12.484  -24.959 0.0000000000
89292  28.193  -6.857  -23.875 0.0000000000
88181  27.574  -7.867  -23.413 0.0000000000
86022  23.695  -9.402  -19.650 0.0000000000
103227  27.192  6.942  -20.264 0.0000000000
103228  26.360  6.898  -20.243 0.0000000000
106179  28.339  9.072  -20.823 0.0000000000
105184  28.397  8.525  -21.090 0.0000000000
105218  29.197  8.734  -22.999 0.0000000000
106201  29.109  9.351  -22.728 0.0000000000
113435  24.551  16.627  -22.079 0.0000000000
91581  28.677  -4.383  -22.625 0.0000000000
91582  28.046  -4.467  -21.711 0.0000000000
90401  28.256  -5.026  -22.851 0.0000000000
90421  28.440  -5.224  -23.625 0.0000000000
91625  28.900  -4.835  -24.132 0.0000000000
82624  23.273  -12.987  -19.482 0.0000000000
97058  30.618  0.529  -23.598 0.0000000000
96007  30.771  -0.334  -23.938 0.0000000000
97070  31.653  0.266  -25.010 0.0000000000
94839  26.843  -1.132  -20.430 0.0000000000
99059  27.592  2.245  -20.511 0.0000000000
98008  27.874  1.493  -20.479 0.0000000000
96991  28.160  0.871  -20.572 0.0000000000
98023  29.150  1.425  -20.930 0.0000000000
98040  29.837  1.348  -22.170 0.0000000000
99071  29.718  2.025  -21.889 0.0000000000
100164  30.251  2.982  -22.834 0.0000000000
100185  30.457  3.080  -24.188 0.0000000000
99122  30.341  2.563  -25.356 0.0000000000
100186  29.902  3.476  -24.519 0.0000000000
103259  28.906  6.172  -22.225 0.0000000000
103258  29.302  5.637  -22.563 0.0000000000
101289  28.708  4.842  -25.660 0.0000000000
100206  29.520  3.611  -26.738 0.0000000000
109234  23.810  12.464  -21.745 0.0000000000
109233  24.764  12.388  -21.172 0.0000000000
108204  24.118  11.439  -21.393 0.0000000000
113470  28.443  16.325  -23.514 0.0000000000
114559  28.239  17.024  -23.644 0.0000000000
112329  27.946  15.394  -21.604 0.0000000000
111297  28.239  14.668  -21.794 0.0000000000
109239  28.304  12.801  -22.647 0.0000000000
109231  27.748  13.235  -21.060 0.0000000000
109211  28.087  12.392  -21.076 0.0000000000
109213  26.959  12.354  -20.426 0.0000000000
108180  28.078  12.010  -20.999 0.0000000000
107193  27.863  10.955  -20.932 0.0000000000
108202  28.138  11.411  -21.509 0.0000000000
108248  28.656  10.832  -23.993 0.0000000000
107241  28.031  10.597  -25.109 0.0000000000
106235  28.235  10.017  -24.938 0.0000000000
88157  24.192  -8.103  -19.618 0.0000000000
90383  25.040  -5.461  -20.018 0.0000000000
87109  26.581  -8.598  -22.643 0.0000000000
88171  25.869  -7.749  -21.781 0.0000000000
87110  25.952  -8.589  -22.371 0.0000000000
86046  25.866  -9.191  -22.208 0.0000000000
93824  30.221  -1.889  -23.893 0.0000000000
93825  29.750  -2.814  -24.072 0.0000000000
93835  30.662  -2.611  -24.840 0.0000000000
104172  26.773  7.653  -20.404 0.0000000000
105168  26.259  8.431  -20.173 0.0000000000
106155  28.211  9.956  -20.969 0.0000000000
93776  27.231  -2.233  -20.337 0.0000000000
92721  28.984  -3.416  -22.117 0.0000000000
92736  29.614  -3.286  -23.130 0.0000000000
83740  24.185  -11.416  -20.242 0.0000000000
82638  24.404  -12.165  -20.285 0.0000000000
83739  24.821  -11.809  -20.711 0.0000000000
83726  25.222  -11.933  -20.512 0.0000000000
98065  31.492  1.709  -24.945 0.0000000000
97069  32.137  0.850  -25.454 0.0000000000
100134  27.359  3.019  -20.558 0.0000000000
100133  28.125  2.923  -20.472 0.0000000000
99072  29.390  2.288  -21.235 0.0000000000
100148  29.296  3.168  -21.332 0.0000000000
101248  29.402  3.567  -21.699 0.0000000000
101265  29.556  4.023  -22.484 0.0000000000
104217  28.841  7.347  -23.608 0.0000000000
103283  28.815  6.442  -24.248 0.0000000000
110235  24.257  13.539  -21.631 0.0000000000
110234  25.407  13.460  -21.060 0.0000000000
112370  28.205  15.948  -24.581 0.0000000000
112359  28.575  15.523  -23.109 0.0000000000
111312  28.499  14.620  -22.603 0.0000000000
110248  28.431  13.686  -22.991 0.0000000000
109240  28.147  12.506  -23.221 0.0000000000
108223  28.115  12.262  -22.933 0.0000000000
109251  28.121  12.612  -23.897 0.0000000000
89259  27.262  -6.358  -22.896 0.0000000000
89260  26.902  -6.958  -22.193 0.0000000000
89275  27.099  -7.222  -23.186 0.0000000000
88182  26.852  -7.904  -22.759 0.0000000000
83713  22.086  -12.037  -18.669 0.0000000000
84820  23.246  -10.987  -19.817 0.0000000000
84834  23.997  -10.358  -19.832 0.0000000000
86021  24.460  -9.653  -20.087 0.0000000000
103243  27.808  6.284  -20.339 0.0000000000
103242  28.561  6.449  -21.265 0.0000000000
104206  28.899  7.241  -22.332 0.0000000000
104171  27.684  7.644  -20.736 0.0000000000
104189  28.460  7.631  -21.247 0.0000000000
105236  28.713  8.324  -24.221 0.0000000000
105253  28.622  8.444  -25.301 0.0000000000
113434  25.416  16.508  -21.706 0.0000000000
90381  26.927  -5.281  -20.962 0.0000000000
91583  27.700  -3.968  -21.211 0.0000000000
90380  27.421  -5.003  -21.575 0.0000000000
90403  27.141  -5.907  -21.855 0.0000000000
90422  27.970  -5.877  -23.385 0.0000000000
90442  28.164  -6.373  -23.900 0.0000000000
89291  28.662  -6.479  -24.201 0.0000000000
95971  30.345  -0.168  -22.311 0.0000000000
94869  30.373  -1.098  -22.880 0.0000000000
94891  30.456  -1.071  -23.604 0.0000000000
94910  30.636  -1.273  -24.367 0.0000000000
94909  31.123  -1.422  -25.064 0.0000000000
97083  32.059  0.065  -25.584 0.0000000000
96032  32.144  -0.608  -25.980 0.0000000000
94922  32.033  -1.373  -26.398 0.0000000000
94854  27.660  -1.572  -20.458 0.0000000000
95958  28.636  -0.458  -20.744 0.0000000000
95947  28.031  0.132  -20.616 0.0000000000
95972  29.832  -0.421  -21.647 0.0000000000
97025  29.809  0.524  -21.739 0.0000000000
97040  30.247  0.560  -22.954 0.0000000000
98054  30.367  1.244  -23.328 0.0000000000
99085  30.102  2.113  -22.526 0.0000000000
99096  30.372  1.948  -23.613 0.0000000000
98066  31.020  1.521  -24.587 0.0000000000
99109  30.933  2.006  -25.058 0.0000000000
99134  30.664  2.645  -26.070 0.0000000000
102310  29.010  5.359  -21.704 0.0000000000
102309  29.339  4.991  -22.325 0.0000000000
101276  29.564  4.255  -23.831 0.0000000000
102321  29.159  5.679  -23.928 0.0000000000
102333  29.230  4.986  -24.166 0.0000000000
100197  29.734  3.357  -25.609 0.0000000000
107173  24.807  10.624  -20.730 0.0000000000
113433  26.326  16.537  -21.568 0.0000000000
113432  27.150  16.632  -21.794 0.0000000000
112331  26.069  15.609  -21.610 0.0000000000
110233  26.436  13.830  -21.033 0.0000000000
110231  27.902  13.816  -21.499 0.0000000000
110214  26.277  13.033  -20.567 0.0000000000
109214  26.030  12.226  -20.464 0.0000000000
108183  25.770  11.282  -20.554 0.0000000000
107172  25.301  10.447  -20.548 0.0000000000
107170  27.327  10.527  -20.444 0.0000000000
107169  27.923  10.289  -20.813 0.0000000000
107192  28.188  10.441  -21.327 0.0000000000
108235  28.503  11.157  -23.381 0.0000000000
106234  28.520  9.409  -24.634 0.0000000000
86020  25.093  -9.744  -20.985 0.0000000000
89240  24.628  -6.526  -20.145 0.0000000000
89261  26.372  -7.087  -21.573 0.0000000000
88155  25.474  -7.702  -20.774 0.0000000000
87083  25.315  -8.695  -20.828 0.0000000000
86032  25.650  -9.339  -21.581 0.0000000000
93806  29.963  -2.140  -22.990 0.0000000000
92755  29.543  -4.049  -23.986 0.0000000000
92764  30.852  -4.044  -24.954 0.0000000000
92765  30.176  -3.759  -24.375 0.0000000000
91624  29.268  -4.604  -24.271 0.0000000000
91638  28.935  -5.370  -24.501 0.0000000000
86030  27.029  -9.362  -22.484 0.0000000000
86044  26.925  -9.199  -22.774 0.0000000000
86045  26.500  -9.161  -22.554 0.0000000000
86058  26.852  -9.135  -22.761 0.0000000000
87122  27.068  -8.998  -22.751 0.0000000000
87123  26.851  -9.056  -22.717 0.0000000000
88183  26.276  -8.088  -22.407 0.0000000000
88197  28.465  -7.094  -23.878 0.0000000000
88198  28.053  -7.379  -23.746 0.0000000000
91563  27.589  -4.617  -21.427 0.0000000000
91564  27.368  -4.365  -21.045 0.0000000000
91602  28.699  -4.647  -23.400 0.0000000000
92706  27.555  -2.813  -20.603 0.0000000000
92723  27.520  -3.753  -20.947 0.0000000000
92756  29.029  -4.406  -23.738 0.0000000000
93839  31.200  -2.386  -26.093 0.0000000000
94870  29.920  -1.220  -22.146 0.0000000000
94916  31.452  -1.421  -25.812 0.0000000000
95957  29.305  -0.029  -21.182 0.0000000000
96019  31.655  -0.638  -25.306 0.0000000000
97010  28.797  0.582  -20.732 0.0000000000
97024  30.090  0.717  -22.376 0.0000000000
97056  31.753  1.158  -24.799 0.0000000000
98007  28.572  1.436  -20.609 0.0000000000
98022  29.517  1.402  -21.535 0.0000000000
98067  30.581  1.341  -24.007 0.0000000000
98075  31.635  1.510  -25.466 0.0000000000
99058  28.358  2.186  -20.474 0.0000000000
99084  30.316  1.791  -23.049 0.0000000000
99108  31.303  1.825  -25.317 0.0000000000
99111  30.213  2.932  -24.538 0.0000000000
99121  31.082  2.090  -25.691 0.0000000000
99123  29.930  2.822  -24.866 0.0000000000
100132  28.862  2.906  -20.740 0.0000000000
100163  30.359  2.332  -23.120 0.0000000000
100173  30.471  2.739  -23.634 0.0000000000
101233  28.496  3.427  -20.637 0.0000000000
103226  27.700  6.979  -20.519 0.0000000000
103270  29.520  5.731  -22.941 0.0000000000
104170  28.068  8.021  -21.049 0.0000000000
104245  28.831  7.882  -25.181 0.0000000000
105166  27.905  8.275  -20.834 0.0000000000
105185  28.080  8.750  -20.622 0.0000000000
105203  29.140  8.767  -22.748 0.0000000000
105219  28.980  8.339  -23.096 0.0000000000
105235  29.004  8.144  -24.822 0.0000000000
105252  28.992  8.139  -25.136 0.0000000000
106156  27.892  9.515  -20.565 0.0000000000
106200  29.263  8.962  -22.926 0.0000000000
106218  29.160  8.922  -23.160 0.0000000000
106250  28.413  9.135  -25.300 0.0000000000
107240  28.495  10.430  -24.468 0.0000000000
108181  27.595  11.608  -20.610 0.0000000000
108203  27.983  11.485  -20.958 0.0000000000
108222  28.290  11.829  -22.520 0.0000000000
108236  28.111  11.971  -23.371 0.0000000000
109212  27.779  12.504  -20.825 0.0000000000
109215  25.369  11.952  -20.718 0.0000000000
109250  28.281  13.008  -23.294 0.0000000000
110215  25.769  12.862  -20.585 0.0000000000
111298  27.633  14.736  -21.308 0.0000000000
112348  27.654  15.964  -21.958 0.0000000000
112365  28.325  15.516  -24.125 0.0000000000
112366  28.142  15.052  -24.570 0.0000000000
113478  28.181  16.472  -24.277 0.0000000000
113479  27.924  16.913  -24.457 0.0000000000
113485  28.125  16.182  -24.743 0.0000000000
114544  28.431  16.870  -23.198 0.0000000000
114568  27.948  17.089  -24.132 0.0000000000
