#!ascii label  , from subject 3757 vox2ras=TkReg
930
47155  -17.468  -40.167  77.145 0.0000000000
63331  -41.817  -26.707  70.775 0.0000000000
71618  -46.398  -19.416  66.723 0.0000000000
77826  -50.806  -15.013  59.695 0.0000000000
58607  -39.757  -30.727  71.505 0.0000000000
75449  -48.123  -16.710  62.870 0.0000000000
80264  -51.019  -12.973  51.383 0.0000000000
77948  -55.144  -14.637  50.752 0.0000000000
62095  -44.744  -28.414  68.756 0.0000000000
66003  -46.325  -24.726  67.313 0.0000000000
68339  -44.473  -23.352  68.710 0.0000000000
51572  -15.825  -36.283  79.078 0.0000000000
55168  -21.366  -34.232  77.977 0.0000000000
52745  -26.764  -35.424  76.754 0.0000000000
49343  -30.814  -38.146  75.484 0.0000000000
51653  -35.299  -36.425  74.052 0.0000000000
55263  -37.710  -33.618  72.033 0.0000000000
57513  -42.360  -31.208  71.652 0.0000000000
69579  -49.385  -21.936  64.458 0.0000000000
75618  -56.686  -16.722  50.258 0.0000000000
63314  -43.604  -27.006  71.216 0.0000000000
64626  -44.872  -25.058  69.720 0.0000000000
64650  -42.862  -25.660  69.550 0.0000000000
51603  -17.756  -36.443  76.016 0.0000000000
53934  -18.491  -34.571  78.008 0.0000000000
55230  -34.453  -33.969  73.817 0.0000000000
52829  -36.464  -35.193  72.918 0.0000000000
57476  -36.319  -32.144  73.274 0.0000000000
60813  -41.479  -29.113  71.297 0.0000000000
58578  -40.644  -30.171  73.613 0.0000000000
60774  -42.074  -28.695  72.832 0.0000000000
58627  -43.765  -30.077  70.805 0.0000000000
70546  -46.897  -21.446  69.006 0.0000000000
68414  -47.314  -22.436  65.906 0.0000000000
71606  -47.972  -19.323  66.965 0.0000000000
75470  -49.794  -16.795  61.488 0.0000000000
74136  -50.173  -18.262  62.785 0.0000000000
75472  -52.243  -16.608  61.009 0.0000000000
75495  -53.436  -16.096  60.002 0.0000000000
80219  -53.454  -12.862  53.578 0.0000000000
80217  -51.842  -12.693  54.199 0.0000000000
56384  -36.998  -32.254  70.216 0.0000000000
75499  -49.135  -17.108  58.437 0.0000000000
80267  -53.506  -12.866  50.896 0.0000000000
77889  -54.763  -14.035  53.034 0.0000000000
73059  -55.695  -18.135  51.035 0.0000000000
59746  -45.718  -29.117  66.777 0.0000000000
63356  -45.775  -26.280  68.493 0.0000000000
67169  -45.744  -23.409  69.258 0.0000000000
50462  -16.386  -37.808  79.966 0.0000000000
51576  -22.811  -35.696  78.040 0.0000000000
53940  -23.982  -34.422  77.853 0.0000000000
50480  -25.121  -36.633  76.753 0.0000000000
49351  -27.890  -38.070  75.185 0.0000000000
48213  -29.828  -39.352  74.535 0.0000000000
47178  -31.879  -39.200  73.825 0.0000000000
50522  -33.442  -37.570  74.585 0.0000000000
50597  -36.194  -37.332  72.059 0.0000000000
57478  -38.283  -31.395  73.361 0.0000000000
55252  -39.915  -32.566  71.913 0.0000000000
55293  -41.427  -33.769  69.833 0.0000000000
56396  -43.238  -32.084  69.351 0.0000000000
58661  -43.825  -30.584  68.293 0.0000000000
72816  -49.114  -18.816  65.001 0.0000000000
78986  -49.895  -13.823  55.341 0.0000000000
78949  -51.520  -13.707  58.462 0.0000000000
47150  -16.180  -40.031  78.356 0.0000000000
63312  -42.470  -26.534  71.451 0.0000000000
64623  -42.766  -25.877  70.841 0.0000000000
64649  -42.301  -26.461  70.087 0.0000000000
55261  -35.070  -33.634  71.666 0.0000000000
56345  -35.420  -32.970  73.532 0.0000000000
56374  -35.520  -33.010  71.802 0.0000000000
60837  -41.511  -28.330  70.839 0.0000000000
61985  -41.267  -28.383  72.683 0.0000000000
62007  -41.926  -27.326  72.230 0.0000000000
62009  -42.934  -27.808  72.317 0.0000000000
70573  -47.748  -20.399  68.041 0.0000000000
72768  -47.590  -19.071  67.500 0.0000000000
76629  -50.553  -15.907  60.553 0.0000000000
76597  -50.818  -16.524  61.153 0.0000000000
77788  -51.518  -15.937  60.947 0.0000000000
75486  -53.029  -16.336  60.372 0.0000000000
77816  -52.100  -14.673  60.351 0.0000000000
77887  -52.740  -13.612  54.057 0.0000000000
78990  -53.078  -13.046  54.968 0.0000000000
77886  -52.039  -13.757  54.298 0.0000000000
79071  -52.643  -13.932  49.460 0.0000000000
79046  -54.578  -13.560  51.235 0.0000000000
80234  -54.297  -13.202  52.281 0.0000000000
79035  -55.273  -14.033  52.083 0.0000000000
76716  -54.908  -15.107  52.489 0.0000000000
77937  -55.558  -15.374  51.975 0.0000000000
74340  -56.875  -17.480  50.629 0.0000000000
60882  -45.451  -28.607  68.160 0.0000000000
60902  -45.906  -27.937  67.605 0.0000000000
62096  -45.156  -27.786  68.469 0.0000000000
67147  -44.386  -24.173  69.478 0.0000000000
65955  -45.366  -24.285  69.700 0.0000000000
68307  -44.837  -23.405  69.513 0.0000000000
69489  -45.094  -22.053  68.979 0.0000000000
68358  -44.813  -22.844  67.961 0.0000000000
50457  -17.104  -36.487  79.527 0.0000000000
52710  -17.182  -35.508  80.118 0.0000000000
55177  -20.063  -34.453  77.746 0.0000000000
53953  -26.295  -34.877  76.251 0.0000000000
52743  -25.444  -35.165  77.474 0.0000000000
52731  -24.848  -35.249  77.836 0.0000000000
50472  -25.933  -36.458  76.946 0.0000000000
50497  -26.504  -37.574  75.943 0.0000000000
49325  -26.982  -36.893  76.398 0.0000000000
49354  -30.600  -38.493  75.397 0.0000000000
47177  -31.054  -39.677  74.110 0.0000000000
48202  -31.649  -39.002  74.903 0.0000000000
52780  -34.701  -35.934  74.230 0.0000000000
51651  -33.759  -36.820  74.290 0.0000000000
50545  -34.423  -37.364  74.268 0.0000000000
49372  -33.566  -38.378  73.939 0.0000000000
49393  -34.812  -37.767  73.827 0.0000000000
49427  -35.474  -37.730  72.436 0.0000000000
50580  -35.575  -37.019  73.128 0.0000000000
54022  -37.254  -34.414  72.128 0.0000000000
52842  -36.983  -35.449  71.415 0.0000000000
54037  -37.647  -34.256  71.193 0.0000000000
54038  -38.315  -33.832  70.762 0.0000000000
57496  -37.271  -31.335  72.440 0.0000000000
58592  -38.741  -30.713  72.429 0.0000000000
57498  -41.011  -30.990  72.764 0.0000000000
56366  -40.147  -31.912  72.858 0.0000000000
56377  -41.306  -32.143  71.492 0.0000000000
55278  -40.864  -33.388  70.427 0.0000000000
56386  -41.470  -32.466  70.700 0.0000000000
56387  -42.375  -32.179  70.352 0.0000000000
60839  -44.015  -28.783  70.373 0.0000000000
59708  -43.969  -30.421  69.405 0.0000000000
59709  -44.239  -29.902  69.182 0.0000000000
58662  -44.241  -29.878  67.917 0.0000000000
50476  -16.199  -38.140  77.198 0.0000000000
50460  -14.411  -37.513  79.706 0.0000000000
49313  -13.860  -38.015  80.313 0.0000000000
63385  -46.340  -26.442  67.086 0.0000000000
64684  -46.835  -25.465  66.101 0.0000000000
68432  -48.579  -22.737  64.753 0.0000000000
75415  -47.600  -17.522  64.304 0.0000000000
75388  -48.310  -17.911  65.348 0.0000000000
75402  -48.840  -17.854  64.265 0.0000000000
71699  -51.239  -19.625  62.419 0.0000000000
71678  -50.805  -19.845  62.956 0.0000000000
80189  -51.879  -12.670  56.178 0.0000000000
79002  -50.446  -13.250  54.999 0.0000000000
80188  -51.426  -13.257  56.344 0.0000000000
78977  -50.910  -13.885  56.641 0.0000000000
81317  -51.914  -12.792  57.792 0.0000000000
78951  -52.407  -14.413  58.981 0.0000000000
76779  -55.025  -15.462  49.838 0.0000000000
76768  -55.642  -15.578  50.992 0.0000000000
75630  -55.761  -16.313  49.248 0.0000000000
75647  -56.922  -16.444  49.068 0.0000000000
62049  -44.020  -27.843  70.699 0.0000000000
63332  -44.351  -26.773  70.111 0.0000000000
64624  -43.480  -25.919  70.595 0.0000000000
65937  -43.327  -25.296  69.963 0.0000000000
67190  -43.420  -24.437  69.141 0.0000000000
51585  -16.812  -36.598  77.411 0.0000000000
53932  -17.084  -35.373  78.133 0.0000000000
55204  -19.963  -34.450  75.742 0.0000000000
55195  -35.017  -34.401  74.562 0.0000000000
52802  -35.572  -35.344  74.018 0.0000000000
55197  -35.619  -34.063  74.239 0.0000000000
55231  -36.342  -33.716  73.665 0.0000000000
55232  -36.940  -32.994  73.417 0.0000000000
58608  -40.556  -30.377  71.127 0.0000000000
58593  -39.456  -30.204  72.759 0.0000000000
59646  -40.662  -29.548  73.399 0.0000000000
58568  -41.379  -29.567  73.561 0.0000000000
58595  -42.506  -30.320  72.279 0.0000000000
57514  -42.799  -30.966  71.167 0.0000000000
59662  -42.930  -29.524  71.972 0.0000000000
60815  -43.805  -28.770  71.283 0.0000000000
50492  -16.737  -37.847  76.142 0.0000000000
68360  -46.661  -23.057  68.291 0.0000000000
67258  -46.557  -23.911  66.987 0.0000000000
68380  -47.270  -22.406  67.215 0.0000000000
70582  -47.609  -20.652  66.836 0.0000000000
70596  -48.436  -20.260  66.233 0.0000000000
75469  -49.122  -16.524  62.028 0.0000000000
75436  -49.531  -17.303  63.137 0.0000000000
75452  -50.106  -17.140  62.010 0.0000000000
74159  -50.934  -17.872  61.985 0.0000000000
80249  -51.877  -12.653  52.062 0.0000000000
80248  -50.987  -12.932  52.269 0.0000000000
80218  -52.670  -12.662  53.920 0.0000000000
80191  -52.876  -12.935  55.169 0.0000000000
62094  -41.470  -27.727  69.268 0.0000000000
60860  -41.544  -29.293  69.919 0.0000000000
72814  -47.127  -19.154  65.921 0.0000000000
74175  -47.365  -17.289  61.870 0.0000000000
74188  -49.067  -16.984  60.836 0.0000000000
74203  -49.407  -16.996  59.823 0.0000000000
76638  -50.256  -16.067  59.086 0.0000000000
80265  -51.908  -12.848  51.023 0.0000000000
80233  -53.628  -12.685  52.455 0.0000000000
80220  -54.309  -13.352  53.042 0.0000000000
77904  -53.364  -13.908  53.335 0.0000000000
75584  -55.916  -16.270  52.061 0.0000000000
74338  -55.250  -17.338  51.245 0.0000000000
60918  -46.150  -28.584  66.330 0.0000000000
62118  -46.260  -27.246  67.377 0.0000000000
64653  -45.888  -25.476  68.322 0.0000000000
64651  -45.157  -25.831  69.236 0.0000000000
65972  -45.502  -24.616  69.322 0.0000000000
67192  -46.051  -23.412  68.888 0.0000000000
68325  -46.686  -22.356  69.081 0.0000000000
70556  -45.808  -20.931  68.573 0.0000000000
64674  -42.590  -26.264  68.108 0.0000000000
64675  -43.163  -25.415  67.789 0.0000000000
67237  -44.458  -23.230  67.324 0.0000000000
48179  -16.923  -39.196  78.107 0.0000000000
50478  -17.277  -38.226  78.059 0.0000000000
51627  -24.270  -36.100  75.792 0.0000000000
55205  -20.741  -34.261  75.045 0.0000000000
55190  -21.583  -33.924  75.828 0.0000000000
55169  -22.236  -34.264  77.672 0.0000000000
51591  -24.504  -35.914  77.338 0.0000000000
48225  -28.477  -38.512  74.067 0.0000000000
48226  -29.031  -39.097  73.626 0.0000000000
50542  -31.300  -37.791  74.703 0.0000000000
51650  -33.000  -37.365  74.559 0.0000000000
50521  -32.450  -37.826  74.921 0.0000000000
48203  -32.393  -38.683  74.562 0.0000000000
47180  -33.278  -39.103  73.020 0.0000000000
51687  -36.271  -36.161  72.739 0.0000000000
57495  -36.446  -31.861  72.643 0.0000000000
57477  -37.225  -31.653  73.295 0.0000000000
56364  -38.267  -32.310  73.344 0.0000000000
57479  -39.174  -31.110  73.414 0.0000000000
56365  -38.973  -32.142  72.953 0.0000000000
55251  -39.286  -32.801  72.344 0.0000000000
55277  -39.972  -33.734  70.662 0.0000000000
54076  -40.883  -34.303  69.604 0.0000000000
56422  -43.181  -32.552  67.720 0.0000000000
57538  -43.506  -31.332  69.699 0.0000000000
57551  -43.728  -31.521  69.000 0.0000000000
57574  -43.324  -31.457  67.246 0.0000000000
58682  -43.801  -30.535  66.584 0.0000000000
48174  -16.050  -39.475  79.179 0.0000000000
72792  -48.311  -18.660  66.392 0.0000000000
71619  -49.123  -19.074  66.278 0.0000000000
70614  -49.130  -20.150  65.293 0.0000000000
74116  -49.865  -18.314  63.536 0.0000000000
71658  -50.006  -19.565  64.089 0.0000000000
69580  -50.188  -21.346  64.127 0.0000000000
76656  -49.089  -16.174  57.152 0.0000000000
77834  -50.322  -15.223  58.173 0.0000000000
79033  -50.227  -13.573  53.581 0.0000000000
79017  -49.789  -13.715  53.786 0.0000000000
77867  -49.360  -14.554  55.585 0.0000000000
77846  -50.706  -14.443  57.849 0.0000000000
78932  -50.999  -14.290  59.420 0.0000000000
78916  -52.500  -14.345  59.592 0.0000000000
46136  -17.337  -40.536  76.788 0.0000000000
63311  -41.981  -26.706  71.428 0.0000000000
64637  -42.132  -26.057  70.851 0.0000000000
54052  -34.815  -34.718  70.591 0.0000000000
56373  -35.303  -33.307  71.511 0.0000000000
56381  -35.282  -33.243  71.195 0.0000000000
63330  -41.579  -27.235  70.749 0.0000000000
62028  -41.569  -27.719  71.345 0.0000000000
63310  -41.709  -27.098  71.217 0.0000000000
63296  -42.227  -26.842  71.818 0.0000000000
71604  -45.920  -19.910  67.379 0.0000000000
72767  -46.727  -19.320  67.748 0.0000000000
76630  -50.614  -15.590  59.983 0.0000000000
77799  -51.224  -15.478  60.893 0.0000000000
77815  -51.411  -14.920  60.500 0.0000000000
77800  -51.904  -15.501  60.711 0.0000000000
77947  -54.828  -14.258  50.456 0.0000000000
79060  -54.920  -13.974  50.840 0.0000000000
79047  -55.146  -14.032  51.402 0.0000000000
77926  -55.278  -14.889  52.349 0.0000000000
77936  -55.375  -15.021  51.677 0.0000000000
68321  -44.410  -23.382  69.099 0.0000000000
67167  -44.451  -23.552  69.269 0.0000000000
68340  -44.805  -22.706  68.725 0.0000000000
51566  -15.819  -36.055  79.743 0.0000000000
52713  -16.233  -35.817  79.405 0.0000000000
55178  -20.735  -34.323  77.326 0.0000000000
55167  -20.600  -34.304  78.191 0.0000000000
53942  -26.413  -35.092  76.652 0.0000000000
53941  -25.289  -34.584  77.208 0.0000000000
52744  -25.995  -35.219  77.046 0.0000000000
51592  -25.818  -35.456  77.250 0.0000000000
51593  -26.298  -35.659  77.061 0.0000000000
50473  -26.460  -36.450  76.761 0.0000000000
51581  -27.072  -36.218  76.700 0.0000000000
50502  -30.645  -38.000  75.627 0.0000000000
49342  -30.347  -38.076  75.738 0.0000000000
48201  -30.907  -39.082  75.100 0.0000000000
49355  -31.409  -38.416  75.154 0.0000000000
52781  -35.040  -35.719  74.298 0.0000000000
51633  -34.764  -36.510  74.249 0.0000000000
51652  -35.000  -37.012  74.112 0.0000000000
49374  -34.714  -37.645  74.110 0.0000000000
50565  -35.251  -37.170  73.690 0.0000000000
50579  -35.285  -37.363  73.326 0.0000000000
51670  -35.368  -36.642  73.820 0.0000000000
55249  -37.183  -33.403  72.752 0.0000000000
54053  -37.921  -34.301  70.192 0.0000000000
58606  -38.600  -31.025  71.651 0.0000000000
57499  -41.778  -31.126  72.253 0.0000000000
56367  -41.113  -31.735  72.192 0.0000000000
56368  -41.731  -31.659  71.778 0.0000000000
56378  -41.956  -31.852  71.149 0.0000000000
57527  -42.512  -31.489  70.954 0.0000000000
60861  -44.329  -28.946  69.435 0.0000000000
60881  -44.724  -29.095  68.695 0.0000000000
50468  -16.433  -37.032  77.933 0.0000000000
50467  -15.713  -37.565  78.606 0.0000000000
50461  -15.056  -36.702  79.646 0.0000000000
50454  -14.365  -37.205  80.211 0.0000000000
64664  -46.227  -25.579  67.637 0.0000000000
63393  -46.892  -26.383  66.261 0.0000000000
64677  -46.472  -25.586  66.832 0.0000000000
69578  -48.962  -22.314  64.570 0.0000000000
68433  -49.310  -22.903  64.434 0.0000000000
68434  -49.837  -22.402  64.179 0.0000000000
75433  -47.809  -17.033  63.534 0.0000000000
75416  -48.162  -17.314  64.207 0.0000000000
75434  -48.444  -16.912  63.472 0.0000000000
80263  -50.393  -13.127  51.690 0.0000000000
80179  -52.089  -12.953  56.801 0.0000000000
80178  -51.837  -12.995  56.921 0.0000000000
65936  -43.050  -25.540  70.208 0.0000000000
65953  -43.206  -25.073  69.651 0.0000000000
65954  -43.452  -24.788  69.559 0.0000000000
65971  -43.066  -24.852  69.235 0.0000000000
51602  -17.214  -36.795  76.432 0.0000000000
54020  -34.405  -34.717  72.566 0.0000000000
55245  -34.396  -34.438  73.261 0.0000000000
55229  -34.589  -34.681  73.801 0.0000000000
55210  -34.768  -34.285  74.363 0.0000000000
55196  -35.244  -34.037  74.508 0.0000000000
56327  -35.091  -33.818  74.534 0.0000000000
57475  -35.787  -32.413  73.274 0.0000000000
56332  -35.763  -33.323  73.844 0.0000000000
56333  -36.068  -32.811  73.975 0.0000000000
56347  -36.711  -32.562  73.466 0.0000000000
59673  -40.846  -29.790  71.704 0.0000000000
59660  -40.857  -29.152  72.666 0.0000000000
60773  -41.475  -28.772  73.061 0.0000000000
60759  -41.127  -29.070  73.396 0.0000000000
59647  -41.643  -29.301  73.306 0.0000000000
58579  -41.567  -30.088  73.287 0.0000000000
59648  -42.157  -29.443  73.045 0.0000000000
59661  -42.583  -29.526  72.571 0.0000000000
60792  -42.430  -28.966  72.593 0.0000000000
63299  -43.249  -27.408  71.945 0.0000000000
60794  -43.399  -28.418  71.679 0.0000000000
62030  -43.596  -27.956  71.388 0.0000000000
51621  -17.206  -37.276  75.722 0.0000000000
50477  -16.543  -37.344  77.300 0.0000000000
68342  -47.071  -22.358  68.891 0.0000000000
68361  -46.990  -22.422  68.002 0.0000000000
69515  -47.275  -21.540  68.437 0.0000000000
71597  -48.260  -19.614  67.934 0.0000000000
69526  -47.654  -20.634  67.648 0.0000000000
70583  -47.952  -19.981  66.863 0.0000000000
70595  -47.866  -20.876  65.933 0.0000000000
75482  -49.352  -16.759  61.376 0.0000000000
75451  -49.414  -16.812  62.488 0.0000000000
75454  -51.524  -16.950  61.354 0.0000000000
75453  -50.824  -17.206  61.502 0.0000000000
74160  -51.747  -17.621  61.329 0.0000000000
72878  -52.134  -18.473  61.241 0.0000000000
74178  -52.544  -17.411  60.728 0.0000000000
80232  -52.776  -12.391  52.878 0.0000000000
80231  -51.851  -12.739  53.109 0.0000000000
80190  -52.385  -12.845  55.782 0.0000000000
60859  -41.317  -28.501  69.933 0.0000000000
74187  -48.204  -17.764  60.991 0.0000000000
74217  -48.789  -17.544  58.759 0.0000000000
75493  -49.940  -16.478  59.799 0.0000000000
75500  -49.558  -16.770  58.770 0.0000000000
79057  -52.993  -13.317  50.199 0.0000000000
79056  -52.084  -13.377  50.003 0.0000000000
80266  -52.771  -12.804  50.830 0.0000000000
80250  -52.748  -12.609  51.783 0.0000000000
80251  -53.403  -12.647  51.472 0.0000000000
80221  -54.782  -13.587  52.810 0.0000000000
80207  -54.480  -13.550  53.046 0.0000000000
79020  -54.380  -13.684  53.125 0.0000000000
77888  -54.552  -14.011  53.154 0.0000000000
77924  -53.825  -14.625  52.657 0.0000000000
77905  -54.446  -14.231  52.962 0.0000000000
76741  -54.979  -15.942  52.503 0.0000000000
76769  -56.051  -16.403  50.937 0.0000000000
76760  -55.974  -15.810  51.787 0.0000000000
75603  -56.450  -16.862  50.914 0.0000000000
73060  -56.495  -18.084  50.794 0.0000000000
74339  -55.991  -17.256  51.234 0.0000000000
59759  -45.287  -29.346  65.967 0.0000000000
59760  -45.848  -28.929  65.605 0.0000000000
62097  -45.836  -27.200  68.233 0.0000000000
63374  -46.236  -26.427  67.979 0.0000000000
64639  -44.742  -25.806  69.610 0.0000000000
63354  -44.836  -26.559  69.274 0.0000000000
67168  -45.353  -23.624  69.571 0.0000000000
65956  -45.681  -24.012  69.300 0.0000000000
65973  -45.761  -24.424  68.761 0.0000000000
67170  -46.138  -22.932  69.054 0.0000000000
68324  -46.148  -22.606  68.957 0.0000000000
70555  -45.544  -21.373  68.188 0.0000000000
70543  -45.592  -21.735  68.668 0.0000000000
49321  -16.369  -38.901  78.939 0.0000000000
49329  -17.360  -38.666  77.830 0.0000000000
49317  -16.614  -38.270  78.904 0.0000000000
50458  -17.686  -36.226  79.468 0.0000000000
53933  -17.667  -35.125  77.783 0.0000000000
52742  -22.200  -35.450  78.048 0.0000000000
51589  -22.914  -35.612  77.454 0.0000000000
51608  -23.449  -35.668  76.640 0.0000000000
51590  -23.702  -35.704  77.445 0.0000000000
55224  -21.086  -34.392  74.138 0.0000000000
55170  -23.197  -34.340  77.285 0.0000000000
53939  -22.942  -34.554  78.205 0.0000000000
53925  -23.531  -34.811  78.596 0.0000000000
50471  -25.230  -36.339  77.250 0.0000000000
51578  -24.492  -35.510  77.813 0.0000000000
50495  -25.001  -36.481  75.883 0.0000000000
50517  -25.609  -37.189  75.388 0.0000000000
49338  -27.120  -37.588  75.659 0.0000000000
49350  -27.102  -37.688  75.219 0.0000000000
49371  -27.781  -38.192  74.606 0.0000000000
49353  -29.850  -38.334  75.581 0.0000000000
48199  -29.120  -38.467  75.261 0.0000000000
48212  -29.313  -38.987  74.418 0.0000000000
47186  -29.504  -39.838  74.002 0.0000000000
47176  -30.205  -39.754  74.468 0.0000000000
47169  -31.461  -39.299  74.519 0.0000000000
47188  -31.481  -39.628  73.189 0.0000000000
47201  -32.075  -39.550  72.361 0.0000000000
47189  -32.394  -39.489  73.049 0.0000000000
51631  -33.326  -37.263  74.551 0.0000000000
49356  -32.465  -38.366  74.989 0.0000000000
49357  -33.145  -38.329  74.602 0.0000000000
49392  -34.094  -38.289  73.375 0.0000000000
48228  -33.625  -38.718  73.222 0.0000000000
48229  -33.868  -38.745  72.842 0.0000000000
47191  -33.536  -39.205  72.566 0.0000000000
49443  -35.722  -38.240  71.066 0.0000000000
52816  -36.064  -35.317  73.574 0.0000000000
51688  -36.657  -35.625  72.518 0.0000000000
56383  -36.396  -32.487  70.642 0.0000000000
57509  -36.748  -31.805  71.634 0.0000000000
58575  -38.052  -31.102  72.894 0.0000000000
56348  -37.707  -32.150  73.546 0.0000000000
56349  -38.624  -31.742  73.347 0.0000000000
58577  -39.865  -30.221  73.446 0.0000000000
57480  -40.052  -30.989  73.532 0.0000000000
55265  -39.561  -33.265  71.479 0.0000000000
54056  -40.670  -34.078  70.098 0.0000000000
56408  -42.720  -32.596  69.043 0.0000000000
56409  -43.252  -32.349  68.564 0.0000000000
58610  -43.328  -30.310  71.210 0.0000000000
57528  -42.982  -31.219  70.463 0.0000000000
58626  -43.512  -30.521  70.224 0.0000000000
58639  -44.070  -30.635  69.211 0.0000000000
57539  -43.900  -31.083  69.306 0.0000000000
58650  -43.911  -31.014  68.702 0.0000000000
57563  -43.552  -31.439  68.204 0.0000000000
58672  -43.748  -30.544  67.601 0.0000000000
59733  -45.193  -29.621  67.357 0.0000000000
58673  -44.515  -29.936  67.044 0.0000000000
59745  -45.276  -29.458  66.509 0.0000000000
49312  -15.932  -38.022  80.193 0.0000000000
49315  -15.245  -38.672  79.988 0.0000000000
49316  -16.123  -38.528  79.628 0.0000000000
48178  -16.441  -39.455  78.593 0.0000000000
67259  -47.013  -23.106  66.555 0.0000000000
66024  -46.885  -24.647  65.729 0.0000000000
67275  -47.332  -23.570  65.290 0.0000000000
74092  -47.381  -18.521  65.345 0.0000000000
74071  -47.685  -18.504  65.923 0.0000000000
72794  -49.027  -18.434  65.621 0.0000000000
72793  -48.885  -18.533  66.270 0.0000000000
72815  -49.254  -18.744  65.874 0.0000000000
71638  -49.312  -19.328  65.708 0.0000000000
71639  -49.491  -19.487  64.816 0.0000000000
74135  -49.827  -17.793  62.942 0.0000000000
71659  -50.437  -19.695  63.431 0.0000000000
70630  -50.342  -20.360  63.894 0.0000000000
69581  -50.782  -20.833  63.772 0.0000000000
76657  -49.614  -15.652  57.381 0.0000000000
80230  -50.778  -13.325  53.305 0.0000000000
79018  -50.464  -13.621  54.125 0.0000000000
79001  -49.817  -13.729  54.523 0.0000000000
79000  -49.245  -14.140  54.077 0.0000000000
77883  -49.438  -14.303  54.808 0.0000000000
78976  -50.008  -14.070  56.237 0.0000000000
80155  -50.975  -13.280  57.853 0.0000000000
78963  -50.942  -13.914  57.500 0.0000000000
78948  -50.956  -13.741  58.469 0.0000000000
78933  -51.527  -13.938  59.242 0.0000000000
78915  -52.021  -14.062  59.848 0.0000000000
78934  -52.040  -14.023  59.153 0.0000000000
63313  -43.014  -26.561  71.418 0.0000000000
64638  -42.816  -25.849  70.251 0.0000000000
55246  -34.484  -33.740  72.831 0.0000000000
56344  -34.907  -33.503  73.659 0.0000000000
55247  -34.951  -33.188  72.600 0.0000000000
56362  -35.336  -32.627  72.793 0.0000000000
57494  -35.871  -32.117  72.964 0.0000000000
60812  -41.290  -28.639  71.878 0.0000000000
62006  -41.498  -28.017  72.211 0.0000000000
61986  -41.511  -28.189  72.678 0.0000000000
61987  -42.063  -27.950  72.639 0.0000000000
60775  -42.561  -28.418  72.505 0.0000000000
62008  -42.511  -27.479  72.394 0.0000000000
63297  -42.554  -26.935  71.978 0.0000000000
70557  -46.437  -20.693  68.483 0.0000000000
70558  -47.106  -20.858  68.400 0.0000000000
71585  -46.950  -20.060  68.312 0.0000000000
71596  -47.717  -19.502  67.933 0.0000000000
72747  -47.835  -19.237  67.851 0.0000000000
75483  -49.907  -16.560  60.694 0.0000000000
75471  -50.365  -16.718  61.248 0.0000000000
77797  -50.677  -15.966  60.774 0.0000000000
77787  -51.188  -16.009  60.977 0.0000000000
76599  -51.878  -16.207  61.064 0.0000000000
75485  -52.638  -16.574  60.610 0.0000000000
76615  -52.512  -15.886  60.853 0.0000000000
76616  -53.097  -15.641  60.584 0.0000000000
76617  -53.428  -15.544  60.259 0.0000000000
80206  -53.038  -12.916  54.584 0.0000000000
79005  -53.076  -13.227  54.279 0.0000000000
79004  -52.533  -13.490  54.783 0.0000000000
79058  -53.634  -13.499  50.491 0.0000000000
80268  -53.914  -13.036  51.112 0.0000000000
81420  -53.819  -12.654  51.113 0.0000000000
80252  -54.187  -13.154  51.636 0.0000000000
80235  -54.875  -13.697  52.419 0.0000000000
79021  -55.087  -14.027  52.602 0.0000000000
77906  -55.051  -14.533  52.565 0.0000000000
77907  -55.549  -15.338  52.435 0.0000000000
75562  -56.001  -15.970  52.682 0.0000000000
75604  -57.121  -17.120  50.644 0.0000000000
73084  -56.045  -18.312  50.283 0.0000000000
59734  -45.552  -29.248  67.492 0.0000000000
60901  -45.842  -28.653  67.245 0.0000000000
60883  -45.621  -27.889  68.104 0.0000000000
62071  -45.560  -26.701  68.538 0.0000000000
65939  -44.880  -24.820  69.902 0.0000000000
67148  -45.050  -23.935  69.789 0.0000000000
68308  -45.151  -23.476  69.585 0.0000000000
68323  -45.420  -22.937  69.214 0.0000000000
68322  -44.878  -22.726  69.126 0.0000000000
69502  -45.272  -22.112  68.794 0.0000000000
69513  -45.370  -22.142  67.964 0.0000000000
50463  -16.696  -37.343  79.121 0.0000000000
50456  -16.258  -37.049  79.966 0.0000000000
51564  -17.068  -36.187  79.983 0.0000000000
52712  -17.489  -35.916  79.902 0.0000000000
52728  -22.507  -35.096  78.701 0.0000000000
53926  -24.367  -34.890  78.167 0.0000000000
53927  -25.014  -34.947  77.749 0.0000000000
51579  -25.545  -35.768  77.360 0.0000000000
50481  -25.938  -37.011  76.590 0.0000000000
50482  -26.730  -37.353  76.162 0.0000000000
50483  -27.195  -37.449  75.974 0.0000000000
48200  -30.092  -38.933  74.895 0.0000000000
47167  -30.585  -39.394  74.820 0.0000000000
47168  -30.996  -39.547  74.813 0.0000000000
48214  -31.897  -38.932  74.411 0.0000000000
52815  -34.068  -36.270  73.789 0.0000000000
52800  -34.369  -36.025  74.103 0.0000000000
51632  -34.088  -36.745  74.388 0.0000000000
50544  -33.776  -37.914  74.332 0.0000000000
49409  -34.350  -38.497  72.627 0.0000000000
54021  -36.666  -34.364  72.770 0.0000000000
52830  -36.967  -35.210  72.386 0.0000000000
54073  -38.306  -34.293  69.781 0.0000000000
54074  -38.892  -34.138  69.647 0.0000000000
57523  -37.619  -31.682  70.396 0.0000000000
57510  -37.527  -31.383  71.449 0.0000000000
58591  -38.021  -31.074  72.115 0.0000000000
57481  -40.703  -30.650  73.348 0.0000000000
57497  -40.477  -31.168  73.244 0.0000000000
56376  -40.604  -32.328  71.828 0.0000000000
55266  -40.284  -32.970  71.234 0.0000000000
56385  -40.839  -32.573  71.074 0.0000000000
55279  -41.738  -32.970  70.045 0.0000000000
55280  -42.225  -32.727  69.826 0.0000000000
56395  -42.649  -32.468  69.654 0.0000000000
56388  -43.068  -31.942  69.954 0.0000000000
59694  -43.653  -29.672  70.080 0.0000000000
58651  -44.162  -30.350  68.699 0.0000000000
59720  -45.044  -29.565  68.207 0.0000000000
49320  -14.990  -38.461  78.695 0.0000000000
50466  -14.436  -38.161  79.344 0.0000000000
49311  -15.249  -37.780  80.246 0.0000000000
68415  -47.929  -22.537  65.198 0.0000000000
67276  -48.080  -23.151  64.913 0.0000000000
74114  -47.510  -17.764  64.789 0.0000000000
75399  -47.792  -17.687  65.137 0.0000000000
75400  -48.053  -17.595  64.924 0.0000000000
75401  -48.423  -17.833  64.739 0.0000000000
74095  -48.749  -18.338  64.861 0.0000000000
72858  -50.584  -19.019  62.639 0.0000000000
80204  -51.887  -12.521  55.262 0.0000000000
80216  -51.095  -12.911  54.582 0.0000000000
80203  -51.252  -12.903  55.554 0.0000000000
78987  -50.713  -13.558  55.831 0.0000000000
80177  -51.409  -13.619  57.088 0.0000000000
80156  -51.454  -12.989  57.653 0.0000000000
80126  -51.259  -13.153  58.147 0.0000000000
77966  -54.904  -14.663  50.256 0.0000000000
75617  -55.844  -16.344  50.178 0.0000000000
75631  -56.517  -16.520  49.511 0.0000000000
75632  -57.388  -16.514  49.409 0.0000000000
62069  -44.592  -27.764  69.498 0.0000000000
64625  -44.197  -25.758  70.026 0.0000000000
65938  -43.975  -25.095  69.762 0.0000000000
67146  -43.781  -24.663  69.559 0.0000000000
67166  -43.838  -24.344  69.260 0.0000000000
67191  -43.967  -23.972  68.803 0.0000000000
51573  -16.524  -36.549  78.323 0.0000000000
52722  -16.634  -35.736  78.798 0.0000000000
52736  -17.072  -35.784  77.611 0.0000000000
52737  -17.685  -35.609  77.357 0.0000000000
53950  -18.431  -35.118  76.771 0.0000000000
53951  -19.318  -34.635  77.402 0.0000000000
55188  -20.067  -34.586  76.795 0.0000000000
50519  -30.591  -37.710  75.242 0.0000000000
54006  -34.563  -35.450  73.910 0.0000000000
53988  -34.795  -35.328  74.211 0.0000000000
52782  -35.309  -35.489  74.172 0.0000000000
51654  -35.494  -36.007  74.003 0.0000000000
52783  -35.395  -34.984  74.153 0.0000000000
53971  -35.485  -34.540  74.228 0.0000000000
53990  -35.901  -34.419  73.951 0.0000000000
55211  -35.542  -33.780  74.151 0.0000000000
55212  -35.958  -33.666  73.902 0.0000000000
54007  -36.330  -34.449  73.454 0.0000000000
55248  -36.772  -33.949  73.135 0.0000000000
59672  -39.994  -30.039  72.284 0.0000000000
59659  -40.197  -29.740  72.905 0.0000000000
59645  -40.232  -29.817  73.346 0.0000000000
59634  -41.018  -29.383  73.614 0.0000000000
58594  -41.704  -30.603  72.636 0.0000000000
58596  -43.058  -29.955  71.757 0.0000000000
59675  -43.433  -29.564  71.509 0.0000000000
60793  -42.954  -28.705  72.109 0.0000000000
60814  -43.311  -28.997  71.710 0.0000000000
59676  -43.973  -29.700  71.035 0.0000000000
67238  -46.488  -23.887  67.746 0.0000000000
67239  -46.872  -23.176  67.483 0.0000000000
68399  -47.315  -22.419  66.613 0.0000000000
69516  -47.602  -20.994  68.112 0.0000000000
69525  -47.437  -21.461  67.635 0.0000000000
69542  -47.489  -21.673  66.562 0.0000000000
69556  -47.838  -21.699  65.610 0.0000000000
70612  -48.212  -21.220  65.425 0.0000000000
70613  -48.589  -20.794  65.383 0.0000000000
75450  -48.776  -16.679  62.753 0.0000000000
75435  -49.066  -16.942  63.339 0.0000000000
74158  -50.394  -17.615  62.298 0.0000000000
72877  -51.380  -18.670  61.874 0.0000000000
80205  -52.573  -12.647  54.897 0.0000000000
63352  -41.408  -27.375  70.406 0.0000000000
63373  -41.884  -27.023  69.527 0.0000000000
58623  -40.050  -31.154  70.651 0.0000000000
59691  -40.867  -30.190  70.913 0.0000000000
59692  -41.411  -29.955  70.553 0.0000000000
60838  -41.520  -29.143  70.632 0.0000000000
62067  -41.253  -27.700  70.086 0.0000000000
71637  -46.545  -19.829  65.727 0.0000000000
72834  -47.266  -18.841  64.585 0.0000000000
72833  -47.052  -18.186  63.769 0.0000000000
75432  -47.222  -17.324  63.431 0.0000000000
75448  -47.444  -16.918  62.799 0.0000000000
75467  -47.936  -16.860  62.326 0.0000000000
74176  -48.323  -16.984  61.696 0.0000000000
74177  -48.873  -16.692  61.673 0.0000000000
74202  -48.773  -17.450  59.923 0.0000000000
74189  -49.603  -16.777  60.301 0.0000000000
75494  -50.379  -15.973  59.685 0.0000000000
76639  -50.505  -15.502  59.333 0.0000000000
79055  -51.125  -13.573  50.477 0.0000000000
81411  -53.813  -12.767  51.734 0.0000000000
79019  -53.832  -13.511  53.325 0.0000000000
76759  -55.677  -15.515  51.550 0.0000000000
76742  -56.026  -15.805  52.481 0.0000000000
74314  -55.718  -16.648  51.793 0.0000000000
60919  -46.552  -28.020  66.638 0.0000000000
62070  -45.113  -27.006  68.665 0.0000000000
63355  -45.360  -26.304  68.852 0.0000000000
64640  -45.212  -25.120  69.463 0.0000000000
64652  -45.502  -25.424  68.936 0.0000000000
65987  -46.082  -24.615  68.031 0.0000000000
67216  -46.345  -23.644  68.371 0.0000000000
67193  -46.497  -22.806  68.819 0.0000000000
69492  -46.625  -21.877  69.171 0.0000000000
69491  -46.026  -22.009  68.734 0.0000000000
70544  -45.957  -21.422  68.788 0.0000000000
70545  -46.530  -21.363  68.856 0.0000000000
71617  -45.889  -20.070  66.580 0.0000000000
64663  -42.921  -25.489  68.768 0.0000000000
65985  -43.270  -24.750  68.633 0.0000000000
65986  -43.663  -24.518  68.295 0.0000000000
67214  -44.256  -24.063  68.329 0.0000000000
67215  -44.503  -23.499  67.931 0.0000000000
71636  -45.876  -20.248  66.031 0.0000000000
48185  -17.317  -39.435  77.600 0.0000000000
49330  -17.871  -38.658  77.134 0.0000000000
52723  -17.157  -35.294  78.995 0.0000000000
52715  -17.552  -35.356  79.470 0.0000000000
55189  -20.722  -34.095  76.278 0.0000000000
55179  -21.514  -34.219  76.950 0.0000000000
52729  -23.317  -35.247  78.622 0.0000000000
51571  -24.085  -35.284  78.349 0.0000000000
51609  -24.416  -36.049  76.705 0.0000000000
50518  -26.219  -37.546  75.583 0.0000000000
49334  -27.946  -37.244  76.270 0.0000000000
49339  -27.731  -37.586  75.725 0.0000000000
48198  -28.361  -38.129  75.414 0.0000000000
48211  -28.416  -38.532  74.903 0.0000000000
47187  -30.319  -39.954  73.247 0.0000000000
47200  -31.178  -39.661  72.263 0.0000000000
50541  -30.479  -37.514  74.716 0.0000000000
50520  -31.167  -37.998  75.243 0.0000000000
51668  -32.712  -37.709  73.914 0.0000000000
50543  -32.185  -37.852  74.687 0.0000000000
48215  -32.429  -38.769  73.948 0.0000000000
48204  -32.918  -38.616  74.134 0.0000000000
48216  -33.199  -38.826  73.512 0.0000000000
47179  -32.732  -39.159  73.397 0.0000000000
47190  -33.001  -39.351  72.779 0.0000000000
51671  -35.626  -36.225  73.703 0.0000000000
51705  -36.879  -35.880  72.191 0.0000000000
51704  -36.634  -36.540  71.591 0.0000000000
50613  -36.289  -37.473  70.821 0.0000000000
56382  -35.607  -32.975  70.757 0.0000000000
56375  -36.133  -32.459  71.677 0.0000000000
55233  -37.650  -32.641  73.242 0.0000000000
55250  -38.244  -32.897  72.667 0.0000000000
58576  -38.878  -30.727  73.184 0.0000000000
56350  -39.401  -31.577  73.328 0.0000000000
55264  -38.565  -33.454  71.612 0.0000000000
55276  -39.072  -33.615  70.683 0.0000000000
55291  -39.414  -33.900  70.177 0.0000000000
54055  -40.402  -33.971  70.308 0.0000000000
58638  -43.798  -30.745  69.580 0.0000000000
47146  -16.113  -39.973  78.876 0.0000000000
48184  -16.630  -39.595  78.042 0.0000000000
66015  -46.600  -24.736  66.550 0.0000000000
72790  -47.108  -18.889  66.840 0.0000000000
72791  -47.834  -18.829  66.623 0.0000000000
72769  -47.999  -19.068  67.249 0.0000000000
74073  -48.481  -18.119  65.871 0.0000000000
71607  -48.628  -19.203  66.569 0.0000000000
70597  -48.835  -19.658  66.382 0.0000000000
69558  -49.193  -21.019  64.660 0.0000000000
75418  -49.126  -17.470  63.755 0.0000000000
74115  -49.390  -18.035  64.018 0.0000000000
72836  -49.824  -18.758  64.281 0.0000000000
70615  -49.723  -20.271  64.434 0.0000000000
69559  -49.529  -20.678  64.592 0.0000000000
75509  -48.950  -16.883  57.898 0.0000000000
75510  -49.542  -16.294  57.841 0.0000000000
76646  -50.051  -15.679  58.289 0.0000000000
76647  -50.397  -15.558  58.820 0.0000000000
80247  -50.105  -13.221  52.205 0.0000000000
80229  -49.888  -13.401  52.617 0.0000000000
79031  -49.431  -13.569  52.518 0.0000000000
79016  -49.356  -13.954  53.252 0.0000000000
77866  -48.832  -15.122  55.876 0.0000000000
77854  -49.420  -14.995  56.622 0.0000000000
78962  -50.390  -14.408  57.075 0.0000000000
77845  -50.110  -14.989  57.715 0.0000000000
77835  -50.572  -14.917  58.644 0.0000000000
78913  -51.141  -14.739  60.051 0.0000000000
78914  -51.541  -14.349  59.940 0.0000000000
77817  -52.831  -14.645  60.079 0.0000000000
77828  -53.382  -15.156  59.788 0.0000000000
78935  -52.468  -14.386  59.219 0.0000000000
77839  -53.257  -15.354  59.706 0.0000000000
75505  -53.184  -16.312  59.847 0.0000000000
47160  -17.674  -40.438  76.567 0.0000000000
47175  -29.713  -39.540  74.349 0.0000000000
47181  -33.587  -39.040  72.795 0.0000000000
47192  -33.814  -39.042  72.508 0.0000000000
48217  -33.508  -38.930  73.055 0.0000000000
49310  -14.416  -37.613  80.388 0.0000000000
49322  -16.863  -38.676  78.401 0.0000000000
49323  -26.176  -36.628  76.767 0.0000000000
49324  -26.479  -36.744  76.594 0.0000000000
49326  -27.566  -37.026  76.377 0.0000000000
49331  -26.059  -36.801  76.638 0.0000000000
49332  -26.543  -37.038  76.430 0.0000000000
49333  -27.272  -37.213  76.187 0.0000000000
49391  -33.602  -38.586  73.490 0.0000000000
49411  -35.305  -37.457  73.051 0.0000000000
50464  -17.656  -36.487  79.083 0.0000000000
50469  -17.215  -37.893  78.460 0.0000000000
50474  -26.905  -36.596  76.551 0.0000000000
50498  -27.008  -37.528  75.882 0.0000000000
50523  -34.192  -37.036  74.480 0.0000000000
50546  -34.994  -37.294  74.056 0.0000000000
50566  -35.410  -36.786  73.633 0.0000000000
51565  -17.636  -36.061  79.757 0.0000000000
51580  -26.422  -36.096  77.011 0.0000000000
51634  -35.183  -36.025  74.264 0.0000000000
52711  -17.260  -35.723  79.974 0.0000000000
52714  -16.606  -35.671  79.653 0.0000000000
52716  -17.874  -35.646  79.615 0.0000000000
52720  -24.182  -35.056  78.741 0.0000000000
52721  -15.816  -35.976  79.111 0.0000000000
52730  -24.288  -35.182  78.260 0.0000000000
52801  -35.466  -35.810  74.069 0.0000000000
53917  -24.094  -35.055  78.504 0.0000000000
53918  -17.247  -35.212  78.486 0.0000000000
53968  -34.956  -35.477  74.284 0.0000000000
53969  -35.048  -35.055  74.300 0.0000000000
53970  -35.230  -34.688  74.319 0.0000000000
53989  -34.922  -34.719  74.369 0.0000000000
54054  -38.547  -33.903  70.149 0.0000000000
55166  -20.093  -34.363  78.302 0.0000000000
55209  -34.797  -34.843  74.165 0.0000000000
55213  -36.426  -33.193  73.652 0.0000000000
55262  -35.277  -33.162  72.268 0.0000000000
55290  -38.989  -33.738  70.082 0.0000000000
55292  -41.016  -33.961  70.042 0.0000000000
56326  -34.978  -33.984  74.652 0.0000000000
56330  -34.919  -33.821  74.325 0.0000000000
56331  -35.273  -33.626  74.137 0.0000000000
56346  -36.042  -32.673  73.623 0.0000000000
56361  -34.802  -32.986  73.116 0.0000000000
56363  -35.883  -32.409  72.439 0.0000000000
57522  -36.972  -31.797  70.834 0.0000000000
57552  -44.085  -30.995  69.014 0.0000000000
58567  -41.082  -29.657  73.664 0.0000000000
58580  -42.391  -29.924  73.049 0.0000000000
58605  -38.052  -31.106  71.570 0.0000000000
58609  -42.736  -30.664  71.570 0.0000000000
58611  -43.772  -30.043  71.062 0.0000000000
59635  -41.255  -29.278  73.511 0.0000000000
59674  -41.330  -29.500  71.067 0.0000000000
59693  -43.760  -30.257  69.685 0.0000000000
59721  -45.570  -29.076  67.795 0.0000000000
60758  -40.944  -29.215  73.438 0.0000000000
60772  -41.014  -28.746  73.112 0.0000000000
60791  -41.066  -28.641  72.594 0.0000000000
60879  -41.323  -28.252  69.448 0.0000000000
61988  -42.427  -28.039  72.571 0.0000000000
62010  -43.349  -27.827  71.888 0.0000000000
62029  -41.720  -27.331  71.723 0.0000000000
62048  -41.463  -27.640  70.671 0.0000000000
62068  -41.427  -27.334  69.774 0.0000000000
62093  -41.260  -28.036  69.672 0.0000000000
63298  -43.046  -27.148  72.007 0.0000000000
63353  -41.483  -27.033  70.196 0.0000000000
64622  -42.258  -26.184  71.195 0.0000000000
67165  -43.322  -24.578  69.345 0.0000000000
67213  -43.663  -24.385  68.778 0.0000000000
67217  -46.703  -23.248  68.033 0.0000000000
67274  -46.659  -23.956  66.170 0.0000000000
67291  -48.530  -23.776  64.653 0.0000000000
68341  -46.607  -22.916  68.495 0.0000000000
68357  -44.514  -23.423  68.303 0.0000000000
69490  -45.475  -22.173  68.888 0.0000000000
69503  -47.125  -21.724  69.116 0.0000000000
69514  -45.154  -22.404  67.732 0.0000000000
69557  -48.511  -21.704  64.843 0.0000000000
70559  -47.540  -20.284  68.121 0.0000000000
70572  -47.453  -20.943  68.299 0.0000000000
70584  -48.262  -19.526  66.704 0.0000000000
71586  -47.478  -19.923  68.110 0.0000000000
71587  -47.831  -20.065  68.006 0.0000000000
71605  -46.421  -19.444  67.545 0.0000000000
72731  -46.924  -19.898  68.241 0.0000000000
72732  -47.140  -19.823  68.130 0.0000000000
72745  -46.938  -19.685  68.068 0.0000000000
72746  -47.426  -19.518  67.930 0.0000000000
72770  -48.354  -18.980  66.650 0.0000000000
74070  -47.435  -18.841  66.034 0.0000000000
74072  -48.049  -18.290  66.035 0.0000000000
74074  -48.795  -18.235  65.707 0.0000000000
74094  -48.506  -18.117  65.368 0.0000000000
74190  -52.803  -16.839  60.368 0.0000000000
74218  -49.194  -17.257  59.306 0.0000000000
75387  -48.155  -17.859  65.530 0.0000000000
75417  -48.680  -17.367  63.969 0.0000000000
75468  -48.523  -16.670  62.245 0.0000000000
75473  -52.852  -16.072  60.854 0.0000000000
75474  -53.270  -15.902  60.517 0.0000000000
75484  -50.337  -16.122  60.180 0.0000000000
75561  -55.799  -16.012  52.681 0.0000000000
76598  -51.356  -16.462  61.159 0.0000000000
76613  -50.448  -16.264  60.873 0.0000000000
76614  -50.637  -16.358  61.005 0.0000000000
76631  -53.577  -15.541  60.016 0.0000000000
76640  -53.540  -15.627  59.859 0.0000000000
76651  -53.283  -15.682  59.821 0.0000000000
76717  -55.530  -15.461  52.587 0.0000000000
76718  -55.949  -15.703  52.692 0.0000000000
77786  -50.968  -16.093  60.998 0.0000000000
77798  -50.839  -15.879  60.904 0.0000000000
77801  -52.692  -15.231  60.525 0.0000000000
77802  -53.241  -15.168  60.314 0.0000000000
77813  -50.715  -15.763  60.708 0.0000000000
77814  -50.834  -15.289  60.529 0.0000000000
77818  -53.470  -15.023  60.029 0.0000000000
77827  -52.917  -14.800  59.684 0.0000000000
77927  -55.809  -15.518  52.437 0.0000000000
77965  -54.411  -14.560  50.084 0.0000000000
79006  -54.632  -13.790  53.071 0.0000000000
79007  -54.890  -13.845  52.921 0.0000000000
79032  -49.890  -13.562  53.170 0.0000000000
79034  -54.741  -13.602  51.877 0.0000000000
79045  -49.941  -13.273  51.679 0.0000000000
80127  -51.787  -13.114  57.894 0.0000000000
80208  -54.659  -13.601  53.028 0.0000000000
80228  -49.638  -13.416  52.418 0.0000000000
80246  -49.659  -13.333  52.240 0.0000000000
81318  -52.082  -12.909  57.658 0.0000000000
81340  -51.903  -12.835  57.508 0.0000000000
81412  -54.017  -12.923  51.879 0.0000000000
81421  -53.841  -12.747  51.373 0.0000000000
81428  -53.942  -12.677  51.090 0.0000000000
81429  -53.925  -12.457  51.108 0.0000000000
