#!ascii label  , from subject 3757 vox2ras=TkReg
528
86981  25.109  -8.597  -4.779 0.0000000000
95689  30.827  -0.084  -6.503 0.0000000000
106849  28.561  10.429  -10.454 0.0000000000
100758  25.417  4.450  -9.470 0.0000000000
81726  27.208  -13.215  -2.805 0.0000000000
84859  29.961  -10.220  -3.688 0.0000000000
90201  28.483  -5.393  -8.022 0.0000000000
94681  26.880  -0.847  -9.598 0.0000000000
101694  29.158  5.369  -8.361 0.0000000000
107847  30.589  11.483  -6.560 0.0000000000
111428  25.797  15.151  -12.132 0.0000000000
83872  25.809  -11.420  -4.249 0.0000000000
83854  28.377  -11.665  -3.601 0.0000000000
84884  27.756  -10.333  -5.463 0.0000000000
93574  25.655  -2.185  -7.578 0.0000000000
95714  24.595  -0.280  -7.510 0.0000000000
102695  26.630  6.518  -10.672 0.0000000000
100767  27.898  4.334  -10.572 0.0000000000
103682  28.697  7.418  -9.521 0.0000000000
103655  29.285  7.720  -6.786 0.0000000000
106834  28.819  10.537  -8.529 0.0000000000
110558  25.849  14.546  -8.544 0.0000000000
109770  25.779  13.498  -10.264 0.0000000000
112265  24.138  16.139  -12.200 0.0000000000
92424  30.113  -3.189  -7.369 0.0000000000
90176  30.693  -5.339  -5.541 0.0000000000
93534  31.521  -2.460  -4.840 0.0000000000
104744  25.969  9.329  -11.141 0.0000000000
98707  31.240  2.443  -5.057 0.0000000000
90168  24.507  -5.888  -5.387 0.0000000000
88070  26.944  -7.424  -7.032 0.0000000000
90204  25.793  -4.909  -7.489 0.0000000000
92438  28.265  -3.187  -8.736 0.0000000000
95712  29.697  -0.440  -8.711 0.0000000000
97715  26.181  1.861  -9.629 0.0000000000
98748  28.783  2.265  -9.517 0.0000000000
98731  30.095  2.457  -7.271 0.0000000000
101670  30.136  5.484  -5.432 0.0000000000
107910  26.239  11.332  -10.826 0.0000000000
109784  27.506  12.542  -11.689 0.0000000000
114007  24.585  18.592  -13.177 0.0000000000
112262  27.122  15.823  -11.108 0.0000000000
109769  28.475  13.241  -10.243 0.0000000000
110544  30.375  14.008  -7.745 0.0000000000
86999  29.053  -8.324  -6.474 0.0000000000
86972  24.073  -8.192  -3.539 0.0000000000
85911  24.187  -9.346  -3.386 0.0000000000
85923  25.352  -9.638  -4.526 0.0000000000
84872  26.792  -10.913  -4.928 0.0000000000
85936  26.338  -9.408  -5.406 0.0000000000
104732  28.235  8.367  -10.798 0.0000000000
103691  28.391  7.380  -10.387 0.0000000000
104723  28.612  8.414  -10.175 0.0000000000
105751  28.783  9.622  -8.859 0.0000000000
106835  28.611  10.462  -9.448 0.0000000000
112237  25.775  16.562  -8.575 0.0000000000
111412  25.440  15.645  -10.459 0.0000000000
113123  24.445  17.412  -10.328 0.0000000000
94646  30.459  -1.535  -6.900 0.0000000000
93550  30.745  -2.586  -6.273 0.0000000000
94633  31.206  -1.524  -5.914 0.0000000000
103700  25.140  7.542  -10.396 0.0000000000
105782  24.903  9.496  -10.296 0.0000000000
81747  25.709  -13.001  -3.276 0.0000000000
81704  25.929  -13.976  -2.530 0.0000000000
81703  26.898  -13.742  -1.987 0.0000000000
81702  28.047  -13.174  -2.125 0.0000000000
83853  29.149  -11.091  -4.132 0.0000000000
83828  29.807  -11.512  -1.882 0.0000000000
90178  25.028  -5.687  -6.313 0.0000000000
91287  24.809  -4.083  -6.339 0.0000000000
94657  26.132  -1.893  -8.420 0.0000000000
92440  26.730  -2.950  -8.764 0.0000000000
93596  27.848  -1.767  -9.778 0.0000000000
93584  29.067  -2.308  -8.974 0.0000000000
94679  28.324  -0.980  -9.657 0.0000000000
98742  24.877  2.592  -8.460 0.0000000000
99732  25.628  3.031  -9.309 0.0000000000
101706  28.566  5.193  -9.156 0.0000000000
99752  28.005  3.351  -10.186 0.0000000000
99740  28.743  3.111  -8.953 0.0000000000
98732  29.867  2.464  -8.124 0.0000000000
99721  29.749  3.675  -7.525 0.0000000000
99707  29.839  3.968  -6.632 0.0000000000
101683  29.026  5.568  -6.698 0.0000000000
105722  29.535  9.712  -6.559 0.0000000000
104669  29.815  8.552  -5.523 0.0000000000
110582  25.408  14.305  -12.052 0.0000000000
108879  25.689  12.565  -11.280 0.0000000000
109787  25.661  13.411  -12.457 0.0000000000
108886  26.897  12.297  -12.098 0.0000000000
110581  26.699  13.671  -12.810 0.0000000000
110565  27.575  14.833  -10.363 0.0000000000
111405  28.461  15.360  -9.168 0.0000000000
109761  29.061  13.803  -8.466 0.0000000000
88080  27.782  -7.011  -7.518 0.0000000000
88069  27.855  -7.650  -6.853 0.0000000000
88078  29.274  -7.112  -6.990 0.0000000000
90166  31.544  -5.380  -4.531 0.0000000000
89105  31.176  -6.429  -4.989 0.0000000000
83857  25.456  -11.589  -3.752 0.0000000000
82852  26.414  -12.455  -3.714 0.0000000000
82833  27.334  -12.763  -3.263 0.0000000000
83870  27.497  -11.645  -4.341 0.0000000000
83869  28.325  -11.230  -4.535 0.0000000000
84869  29.298  -10.339  -4.988 0.0000000000
93563  24.709  -2.205  -6.838 0.0000000000
93575  25.042  -1.547  -7.510 0.0000000000
95724  25.865  -0.280  -8.616 0.0000000000
101739  26.160  5.578  -10.563 0.0000000000
99755  25.853  4.106  -10.287 0.0000000000
101737  27.644  5.372  -10.798 0.0000000000
102680  28.442  6.361  -9.782 0.0000000000
102669  28.970  6.402  -8.953 0.0000000000
102660  29.264  6.958  -7.199 0.0000000000
104698  29.155  8.285  -8.230 0.0000000000
105737  29.312  9.908  -7.341 0.0000000000
106803  29.544  10.643  -7.010 0.0000000000
109764  25.730  13.375  -8.245 0.0000000000
110567  25.707  14.287  -9.622 0.0000000000
111420  25.575  15.212  -11.528 0.0000000000
111429  24.983  15.630  -12.128 0.0000000000
91295  29.314  -4.541  -7.934 0.0000000000
90188  29.721  -5.469  -6.929 0.0000000000
91284  30.044  -4.467  -6.422 0.0000000000
92403  31.001  -3.420  -5.268 0.0000000000
101707  24.681  5.114  -8.818 0.0000000000
102696  25.715  6.546  -10.457 0.0000000000
103699  26.183  7.624  -10.587 0.0000000000
105795  27.462  9.884  -11.447 0.0000000000
82820  29.186  -12.251  -1.773 0.0000000000
97665  31.149  1.512  -5.594 0.0000000000
96664  31.760  0.507  -4.730 0.0000000000
88054  24.950  -7.628  -5.187 0.0000000000
88061  25.626  -7.747  -5.990 0.0000000000
89114  25.379  -7.021  -6.382 0.0000000000
89123  25.662  -6.357  -6.914 0.0000000000
90202  27.521  -5.418  -8.066 0.0000000000
91298  25.833  -4.035  -7.379 0.0000000000
90212  27.006  -4.347  -8.269 0.0000000000
91306  28.340  -4.080  -8.388 0.0000000000
92437  29.023  -3.266  -8.469 0.0000000000
94655  30.154  -1.464  -7.725 0.0000000000
95702  30.477  -0.455  -7.111 0.0000000000
96719  24.910  1.065  -8.147 0.0000000000
96732  26.325  0.794  -9.450 0.0000000000
98760  27.015  2.630  -10.625 0.0000000000
96744  27.269  1.593  -10.334 0.0000000000
96730  28.008  0.804  -10.207 0.0000000000
96716  29.209  0.287  -9.491 0.0000000000
97690  30.203  1.482  -7.837 0.0000000000
97666  30.748  1.516  -6.281 0.0000000000
98708  30.921  2.490  -5.827 0.0000000000
100704  30.540  4.479  -5.161 0.0000000000
102650  29.405  6.598  -6.376 0.0000000000
106881  25.813  10.292  -11.122 0.0000000000
106879  27.065  10.514  -11.442 0.0000000000
107907  27.941  11.333  -11.408 0.0000000000
112280  24.225  17.243  -13.468 0.0000000000
112273  25.667  16.205  -12.566 0.0000000000
113131  25.702  17.149  -11.805 0.0000000000
111419  26.491  15.616  -11.771 0.0000000000
110572  27.316  14.248  -10.996 0.0000000000
109776  27.562  13.041  -11.123 0.0000000000
107884  28.430  11.343  -9.971 0.0000000000
108865  29.162  12.264  -8.634 0.0000000000
108858  29.253  12.552  -8.018 0.0000000000
108856  30.427  12.572  -7.175 0.0000000000
86990  27.387  -9.080  -6.184 0.0000000000
85947  28.325  -9.290  -6.324 0.0000000000
85932  29.587  -9.220  -5.689 0.0000000000
89113  29.865  -6.683  -5.915 0.0000000000
86987  30.849  -8.001  -5.190 0.0000000000
88044  24.525  -7.863  -4.269 0.0000000000
86971  24.601  -8.913  -4.109 0.0000000000
85910  24.770  -9.766  -3.990 0.0000000000
85922  26.307  -9.959  -4.977 0.0000000000
86980  25.758  -9.159  -5.226 0.0000000000
105778  28.427  9.468  -10.798 0.0000000000
105763  28.520  9.475  -9.817 0.0000000000
112247  25.434  16.678  -9.526 0.0000000000
95701  30.769  -0.744  -6.570 0.0000000000
95688  31.162  -0.419  -6.058 0.0000000000
81727  26.293  -13.342  -3.160 0.0000000000
81728  25.232  -13.152  -2.923 0.0000000000
81681  27.853  -13.786  -1.242 0.0000000000
84848  30.038  -10.495  -2.912 0.0000000000
84858  30.716  -9.860  -3.551 0.0000000000
91275  24.838  -4.896  -5.907 0.0000000000
92405  24.341  -3.865  -5.572 0.0000000000
93598  26.700  -1.531  -9.418 0.0000000000
93587  26.510  -2.133  -9.147 0.0000000000
93597  27.071  -1.661  -9.680 0.0000000000
94680  27.606  -0.943  -9.812 0.0000000000
99723  24.658  3.404  -8.189 0.0000000000
99744  25.429  3.798  -9.345 0.0000000000
101693  29.061  4.739  -8.693 0.0000000000
100743  28.879  4.049  -8.728 0.0000000000
100731  29.424  4.345  -8.256 0.0000000000
99731  29.279  3.312  -8.329 0.0000000000
100732  29.486  4.706  -7.738 0.0000000000
99722  29.450  4.329  -7.342 0.0000000000
101684  28.858  5.542  -7.465 0.0000000000
106802  30.218  10.603  -6.347 0.0000000000
105721  29.982  9.880  -5.978 0.0000000000
110589  25.735  14.143  -12.890 0.0000000000
109786  26.351  13.311  -12.932 0.0000000000
110588  26.251  14.251  -12.827 0.0000000000
112245  29.183  16.353  -8.771 0.0000000000
111397  29.197  15.254  -8.503 0.0000000000
89135  27.676  -6.199  -7.803 0.0000000000
88079  28.608  -7.117  -7.305 0.0000000000
89134  28.540  -6.316  -7.692 0.0000000000
90165  32.071  -5.338  -3.864 0.0000000000
84860  25.328  -10.979  -4.189 0.0000000000
84861  24.694  -10.568  -3.733 0.0000000000
83856  26.031  -11.843  -4.072 0.0000000000
82868  26.867  -12.200  -4.108 0.0000000000
83871  26.534  -11.706  -4.335 0.0000000000
84885  27.178  -10.499  -5.284 0.0000000000
84871  27.645  -11.010  -5.085 0.0000000000
84870  28.420  -10.747  -5.151 0.0000000000
84883  28.516  -10.099  -5.513 0.0000000000
95703  23.968  -0.288  -6.519 0.0000000000
94647  24.378  -1.185  -7.152 0.0000000000
94659  24.914  -0.927  -7.755 0.0000000000
95713  25.256  -0.270  -8.120 0.0000000000
101738  26.916  5.473  -11.015 0.0000000000
102694  27.427  6.432  -10.728 0.0000000000
102693  27.986  6.377  -10.465 0.0000000000
103670  29.003  7.478  -8.597 0.0000000000
104711  28.829  8.983  -8.258 0.0000000000
105750  28.805  9.755  -7.939 0.0000000000
106817  29.204  10.605  -7.766 0.0000000000
111399  26.153  15.493  -8.274 0.0000000000
110557  26.301  14.557  -7.879 0.0000000000
111413  25.087  16.345  -10.969 0.0000000000
111421  24.909  15.896  -11.495 0.0000000000
92414  29.815  -3.876  -7.480 0.0000000000
91285  29.673  -4.569  -7.195 0.0000000000
92413  30.231  -3.546  -6.821 0.0000000000
93549  31.148  -2.506  -5.577 0.0000000000
92391  31.467  -3.399  -4.617 0.0000000000
101708  24.163  5.373  -8.469 0.0000000000
101723  24.505  5.761  -8.999 0.0000000000
101741  24.991  5.982  -9.389 0.0000000000
102697  24.961  6.584  -9.958 0.0000000000
104735  25.543  8.715  -10.683 0.0000000000
104734  26.671  8.804  -10.919 0.0000000000
105780  27.349  9.256  -11.135 0.0000000000
105796  26.768  9.771  -11.447 0.0000000000
82850  27.964  -12.083  -3.538 0.0000000000
82832  28.234  -12.377  -2.868 0.0000000000
82831  28.906  -11.930  -2.593 0.0000000000
82819  30.340  -11.907  -1.453 0.0000000000
89094  24.366  -6.753  -4.549 0.0000000000
88062  25.053  -7.155  -5.875 0.0000000000
89106  24.698  -6.793  -5.461 0.0000000000
90189  25.285  -5.552  -6.823 0.0000000000
89124  25.187  -5.995  -6.565 0.0000000000
89137  25.927  -5.645  -7.474 0.0000000000
89136  26.655  -6.099  -7.687 0.0000000000
90203  26.682  -5.074  -7.908 0.0000000000
93562  25.204  -2.906  -7.054 0.0000000000
92415  25.209  -3.698  -6.940 0.0000000000
92427  25.744  -3.166  -7.540 0.0000000000
92439  27.456  -3.099  -8.853 0.0000000000
91308  26.888  -3.712  -8.465 0.0000000000
91307  27.583  -3.851  -8.480 0.0000000000
90211  27.547  -4.624  -8.232 0.0000000000
91305  29.085  -4.043  -8.330 0.0000000000
94668  29.281  -1.221  -9.137 0.0000000000
94656  29.668  -1.395  -8.458 0.0000000000
95711  30.141  -0.472  -7.998 0.0000000000
97702  25.129  1.759  -8.615 0.0000000000
96733  25.850  1.278  -9.343 0.0000000000
96718  25.549  0.743  -8.717 0.0000000000
100768  27.152  4.436  -10.813 0.0000000000
99754  26.522  3.518  -10.505 0.0000000000
99753  27.365  3.451  -10.569 0.0000000000
98749  28.275  2.415  -10.083 0.0000000000
98759  27.640  2.569  -10.384 0.0000000000
97713  27.940  1.742  -10.363 0.0000000000
97712  28.581  1.485  -10.022 0.0000000000
96729  28.729  0.535  -9.820 0.0000000000
97701  29.270  1.243  -9.436 0.0000000000
97691  29.811  1.403  -8.639 0.0000000000
97680  30.296  1.472  -6.956 0.0000000000
98720  30.427  2.443  -6.507 0.0000000000
100716  29.895  4.577  -5.906 0.0000000000
99706  30.442  3.519  -6.021 0.0000000000
100694  30.909  4.816  -4.413 0.0000000000
101654  30.480  5.559  -4.569 0.0000000000
103640  29.404  7.676  -5.863 0.0000000000
109771  25.780  13.165  -9.398 0.0000000000
108872  25.609  12.561  -10.163 0.0000000000
107895  25.441  11.578  -10.350 0.0000000000
106864  25.213  10.507  -10.599 0.0000000000
107909  26.738  11.401  -11.469 0.0000000000
107908  27.286  11.389  -11.478 0.0000000000
108884  27.905  12.100  -11.290 0.0000000000
113146  23.364  18.620  -13.722 0.0000000000
113144  24.523  17.734  -13.615 0.0000000000
112279  24.884  16.912  -13.231 0.0000000000
113138  25.245  17.447  -13.026 0.0000000000
112254  26.859  16.888  -10.670 0.0000000000
113130  26.329  17.426  -10.796 0.0000000000
112263  26.533  16.278  -11.328 0.0000000000
112264  26.080  16.365  -12.011 0.0000000000
111418  27.009  15.250  -11.728 0.0000000000
111411  27.358  15.342  -10.778 0.0000000000
110564  28.026  14.306  -9.813 0.0000000000
110571  27.767  13.690  -10.497 0.0000000000
108877  28.236  12.224  -10.525 0.0000000000
108870  28.711  12.298  -9.586 0.0000000000
110555  29.618  14.294  -8.230 0.0000000000
109753  29.363  13.257  -8.040 0.0000000000
110545  29.893  13.702  -7.875 0.0000000000
108857  29.740  12.326  -7.465 0.0000000000
109752  30.232  13.221  -7.522 0.0000000000
87002  26.412  -7.895  -6.427 0.0000000000
86991  26.427  -8.673  -5.769 0.0000000000
87001  27.147  -8.279  -6.552 0.0000000000
88068  28.705  -7.693  -6.710 0.0000000000
87000  28.149  -8.593  -6.512 0.0000000000
85945  29.352  -8.795  -6.295 0.0000000000
90187  30.208  -5.375  -6.232 0.0000000000
89121  29.777  -6.390  -6.580 0.0000000000
89120  30.273  -6.069  -6.008 0.0000000000
88052  31.387  -7.340  -4.849 0.0000000000
88059  30.702  -7.303  -5.355 0.0000000000
85931  30.416  -8.690  -4.966 0.0000000000
84874  25.222  -10.325  -4.139 0.0000000000
84873  25.894  -10.718  -4.497 0.0000000000
85935  26.984  -9.775  -5.574 0.0000000000
103698  27.169  7.536  -10.727 0.0000000000
103697  27.979  7.366  -10.954 0.0000000000
104712  28.737  8.507  -9.065 0.0000000000
111407  25.557  15.528  -9.115 0.0000000000
112255  25.088  16.835  -10.411 0.0000000000
112256  24.413  16.836  -11.205 0.0000000000
93561  30.493  -2.551  -6.929 0.0000000000
94634  30.732  -1.884  -6.444 0.0000000000
94618  31.530  -1.483  -5.076 0.0000000000
104736  24.630  8.471  -10.038 0.0000000000
105781  25.397  9.699  -11.133 0.0000000000
82835  24.909  -12.532  -3.060 0.0000000000
82836  24.348  -12.244  -2.725 0.0000000000
80608  27.644  -14.468  -0.774 0.0000000000
83841  28.753  -11.821  -2.968 0.0000000000
83840  29.410  -11.188  -2.737 0.0000000000
91274  25.140  -5.290  -6.465 0.0000000000
91286  25.175  -4.663  -6.822 0.0000000000
93573  26.232  -2.638  -8.240 0.0000000000
93586  27.249  -2.401  -9.359 0.0000000000
93585  28.114  -2.467  -9.299 0.0000000000
93595  28.639  -1.658  -9.489 0.0000000000
95722  29.280  -0.379  -9.262 0.0000000000
98751  25.841  2.587  -9.482 0.0000000000
100757  28.400  4.212  -9.827 0.0000000000
99741  28.446  3.172  -9.649 0.0000000000
98740  29.263  2.278  -8.799 0.0000000000
99720  30.286  3.259  -6.857 0.0000000000
100717  29.439  4.755  -6.555 0.0000000000
101682  29.586  5.524  -6.076 0.0000000000
104683  29.263  8.659  -6.236 0.0000000000
105710  29.644  9.306  -5.858 0.0000000000
105709  30.378  9.502  -5.471 0.0000000000
109778  25.550  13.533  -10.872 0.0000000000
108878  25.534  12.960  -11.028 0.0000000000
109779  25.431  13.510  -11.535 0.0000000000
108887  26.272  12.446  -11.935 0.0000000000
109785  27.278  13.013  -12.425 0.0000000000
112253  27.369  16.355  -10.422 0.0000000000
111406  27.739  15.428  -9.946 0.0000000000
110556  28.718  14.387  -8.745 0.0000000000
109762  28.619  13.287  -8.852 0.0000000000
90175  31.312  -5.024  -5.076 0.0000000000
90167  31.055  -5.735  -5.145 0.0000000000
89104  31.788  -6.333  -4.370 0.0000000000
83858  24.466  -11.514  -3.235 0.0000000000
82853  25.367  -12.422  -3.329 0.0000000000
81746  25.954  -12.845  -3.420 0.0000000000
82834  26.836  -13.010  -3.298 0.0000000000
82851  27.426  -12.267  -3.809 0.0000000000
83855  27.800  -11.904  -3.809 0.0000000000
83868  28.838  -10.922  -4.751 0.0000000000
94658  25.634  -1.181  -8.252 0.0000000000
95723  26.439  -0.305  -9.060 0.0000000000
100770  25.777  4.829  -10.275 0.0000000000
100769  26.400  4.627  -10.630 0.0000000000
101721  28.123  5.304  -10.152 0.0000000000
102661  28.704  6.580  -7.895 0.0000000000
103669  29.239  7.644  -7.707 0.0000000000
104697  29.206  8.834  -7.378 0.0000000000
107848  29.900  11.456  -6.884 0.0000000000
110566  25.820  14.103  -10.298 0.0000000000
110574  25.590  14.303  -10.913 0.0000000000
90200  29.240  -5.492  -7.608 0.0000000000
91273  30.438  -4.387  -5.650 0.0000000000
92404  30.454  -3.454  -5.914 0.0000000000
91272  31.065  -4.316  -5.106 0.0000000000
100745  25.013  4.797  -8.960 0.0000000000
101722  25.090  5.281  -9.178 0.0000000000
101740  25.518  5.605  -9.860 0.0000000000
104733  27.654  8.417  -10.963 0.0000000000
105779  27.948  9.219  -11.119 0.0000000000
105794  28.120  9.910  -11.317 0.0000000000
81725  27.679  -12.849  -2.736 0.0000000000
81701  28.632  -12.818  -1.736 0.0000000000
96682  30.949  0.600  -6.070 0.0000000000
96665  31.373  0.532  -5.442 0.0000000000
88053  25.542  -8.370  -5.394 0.0000000000
88071  26.090  -7.179  -6.602 0.0000000000
89115  24.962  -6.443  -6.192 0.0000000000
89122  26.503  -6.741  -7.104 0.0000000000
88081  27.098  -6.736  -7.485 0.0000000000
92426  26.359  -3.460  -8.019 0.0000000000
91297  26.482  -4.262  -7.855 0.0000000000
90210  28.130  -4.849  -8.202 0.0000000000
91296  28.694  -4.606  -8.194 0.0000000000
92425  29.567  -3.406  -7.887 0.0000000000
93572  29.529  -2.369  -8.105 0.0000000000
93571  30.118  -2.438  -7.519 0.0000000000
96708  24.468  0.747  -7.380 0.0000000000
96707  24.950  0.390  -7.969 0.0000000000
96717  26.064  0.223  -8.953 0.0000000000
95737  26.864  0.120  -9.574 0.0000000000
99743  25.795  3.392  -9.782 0.0000000000
99742  26.327  3.075  -10.136 0.0000000000
98761  26.610  2.659  -10.334 0.0000000000
97728  26.881  1.893  -10.446 0.0000000000
96731  27.194  1.055  -9.922 0.0000000000
95736  27.482  0.001  -9.716 0.0000000000
95735  28.165  -0.148  -9.702 0.0000000000
96706  29.651  0.420  -9.042 0.0000000000
96705  30.050  0.479  -8.316 0.0000000000
96696  30.411  0.521  -7.524 0.0000000000
96683  30.731  0.604  -6.778 0.0000000000
99693  30.891  3.378  -5.192 0.0000000000
102651  28.782  6.292  -7.056 0.0000000000
102637  30.155  6.532  -4.978 0.0000000000
105797  26.066  9.808  -11.401 0.0000000000
106880  26.530  10.382  -11.357 0.0000000000
106891  26.628  10.009  -11.622 0.0000000000
106878  27.764  10.573  -11.425 0.0000000000
106863  28.386  10.500  -11.187 0.0000000000
113125  23.723  17.884  -11.613 0.0000000000
112266  23.739  17.072  -12.019 0.0000000000
113139  23.254  18.214  -13.279 0.0000000000
112275  23.765  17.114  -12.918 0.0000000000
112274  24.734  16.211  -12.810 0.0000000000
112272  26.236  15.910  -12.022 0.0000000000
111427  26.306  15.158  -12.126 0.0000000000
110587  26.477  14.561  -12.363 0.0000000000
110580  26.847  14.157  -12.230 0.0000000000
109777  27.274  13.585  -11.804 0.0000000000
107894  28.384  11.331  -10.895 0.0000000000
107875  28.788  11.373  -9.065 0.0000000000
109754  29.057  12.848  -8.343 0.0000000000
107874  29.173  11.360  -8.254 0.0000000000
107862  29.489  11.405  -7.536 0.0000000000
108845  30.300  12.043  -6.936 0.0000000000
110543  31.096  14.330  -7.706 0.0000000000
109751  30.981  13.650  -7.306 0.0000000000
108844  30.977  12.288  -6.791 0.0000000000
86989  27.918  -9.221  -6.340 0.0000000000
85934  27.919  -9.681  -5.965 0.0000000000
85933  28.721  -9.589  -5.956 0.0000000000
84882  29.006  -9.794  -5.503 0.0000000000
85920  30.214  -9.615  -4.689 0.0000000000
89133  29.280  -6.379  -7.307 0.0000000000
88067  29.418  -7.381  -6.280 0.0000000000
89112  30.535  -6.425  -5.546 0.0000000000
88060  29.965  -7.342  -5.702 0.0000000000
86998  29.580  -8.214  -5.992 0.0000000000
86988  30.144  -8.134  -5.460 0.0000000000
85909  30.627  -9.619  -3.984 0.0000000000
95671  31.547  -0.479  -5.317 0.0000000000
81682  27.297  -14.219  -1.377 0.0000000000
82821  28.532  -12.670  -2.121 0.0000000000
82854  24.761  -12.188  -3.097 0.0000000000
82867  27.082  -12.012  -4.208 0.0000000000
85921  26.804  -10.305  -5.206 0.0000000000
85946  28.946  -9.101  -6.449 0.0000000000
90177  25.174  -5.545  -6.516 0.0000000000
90190  25.187  -5.751  -6.559 0.0000000000
94645  30.912  -1.224  -6.385 0.0000000000
94669  26.393  -1.274  -8.940 0.0000000000
94670  26.119  -0.783  -8.694 0.0000000000
94678  28.874  -0.924  -9.436 0.0000000000
95734  28.794  -0.290  -9.596 0.0000000000
96743  27.591  1.431  -10.301 0.0000000000
97703  24.537  1.727  -8.019 0.0000000000
97714  26.650  1.572  -9.915 0.0000000000
97716  25.616  1.806  -9.198 0.0000000000
97727  27.369  1.946  -10.505 0.0000000000
97729  26.513  2.139  -10.111 0.0000000000
98741  25.457  2.574  -8.979 0.0000000000
98750  26.290  2.665  -9.876 0.0000000000
99708  29.305  4.167  -6.988 0.0000000000
99733  25.330  3.438  -8.912 0.0000000000
100718  29.090  4.776  -7.113 0.0000000000
100744  28.586  4.378  -9.140 0.0000000000
100756  28.588  3.782  -9.250 0.0000000000
100759  25.222  4.006  -9.094 0.0000000000
101695  24.004  5.582  -7.912 0.0000000000
101705  28.744  4.608  -8.883 0.0000000000
104743  26.370  9.469  -11.226 0.0000000000
105807  26.990  10.027  -11.622 0.0000000000
105808  26.859  9.917  -11.663 0.0000000000
106788  30.384  10.143  -5.845 0.0000000000
106890  26.830  10.151  -11.594 0.0000000000
108864  29.299  11.994  -7.931 0.0000000000
108871  25.585  13.133  -10.619 0.0000000000
108885  27.420  12.116  -11.729 0.0000000000
109742  30.815  12.987  -7.105 0.0000000000
109763  25.969  14.060  -8.052 0.0000000000
109791  26.018  13.904  -13.260 0.0000000000
109792  25.853  13.691  -13.128 0.0000000000
110573  25.695  13.838  -10.627 0.0000000000
111426  26.720  14.797  -12.190 0.0000000000
112257  23.927  17.358  -11.383 0.0000000000
112281  23.661  17.803  -13.547 0.0000000000
113124  23.910  17.776  -10.705 0.0000000000
113145  23.888  18.109  -13.858 0.0000000000
114016  23.417  18.952  -14.023 0.0000000000
114017  22.909  18.985  -14.199 0.0000000000
