#!ascii label  , from subject 3150 vox2ras=TkReg
847
61694  -37.055  -16.555  50.323 0.0000000000
55108  -22.890  -22.826  52.008 0.0000000000
57191  -31.306  -21.293  48.611 0.0000000000
82261  -48.056  2.627  35.773 0.0000000000
83319  -54.398  3.687  30.097 0.0000000000
56111  -17.420  -21.660  56.398 0.0000000000
80106  -43.877  1.096  38.429 0.0000000000
62850  -39.786  -15.458  47.977 0.0000000000
60545  -34.464  -18.459  49.791 0.0000000000
56143  -19.670  -21.598  52.897 0.0000000000
50395  -20.181  -26.663  56.664 0.0000000000
62888  -33.636  -15.790  45.739 0.0000000000
64031  -34.818  -14.415  44.674 0.0000000000
55141  -27.400  -22.857  49.976 0.0000000000
65283  -29.685  -14.378  47.268 0.0000000000
71695  -41.140  -7.100  38.603 0.0000000000
74735  -44.387  -3.828  37.618 0.0000000000
78079  -47.180  -1.663  35.855 0.0000000000
48267  -13.776  -27.802  59.402 0.0000000000
49218  -11.406  -27.407  61.798 0.0000000000
67582  -35.317  -11.390  43.496 0.0000000000
70591  -36.658  -9.988  42.987 0.0000000000
69626  -38.644  -8.958  40.415 0.0000000000
49306  -16.722  -27.332  57.369 0.0000000000
53938  -22.506  -24.080  54.854 0.0000000000
52702  -24.805  -23.872  53.904 0.0000000000
61692  -35.569  -17.644  49.948 0.0000000000
57161  -22.172  -19.455  51.529 0.0000000000
55106  -20.944  -22.147  51.975 0.0000000000
52710  -21.291  -24.133  53.860 0.0000000000
65266  -33.124  -13.196  47.747 0.0000000000
65303  -31.464  -13.986  46.468 0.0000000000
75815  -40.710  -3.516  38.851 0.0000000000
73724  -42.775  -5.111  37.925 0.0000000000
76930  -41.944  -2.366  38.416 0.0000000000
79118  -44.866  -0.382  36.199 0.0000000000
80145  -47.066  0.523  35.251 0.0000000000
79135  -49.517  -0.986  35.246 0.0000000000
80162  -49.213  0.949  34.039 0.0000000000
81245  -50.804  1.419  33.082 0.0000000000
67551  -33.776  -11.733  45.911 0.0000000000
65328  -35.772  -13.583  44.036 0.0000000000
69534  -32.922  -10.026  45.203 0.0000000000
71623  -33.869  -7.408  43.025 0.0000000000
71644  -35.544  -7.502  41.406 0.0000000000
69603  -37.388  -9.085  41.197 0.0000000000
72642  -36.601  -6.913  40.797 0.0000000000
72644  -38.158  -6.517  40.015 0.0000000000
55156  -29.259  -22.894  49.427 0.0000000000
52653  -15.742  -24.223  57.894 0.0000000000
52668  -17.200  -24.438  56.377 0.0000000000
47199  -10.942  -30.257  63.704 0.0000000000
47197  -9.313  -29.438  64.327 0.0000000000
79071  -42.095  0.054  39.970 0.0000000000
63992  -41.368  -14.366  47.005 0.0000000000
58239  -32.654  -19.674  49.134 0.0000000000
56134  -18.232  -21.349  54.946 0.0000000000
51516  -18.090  -25.100  55.610 0.0000000000
52682  -19.711  -24.885  54.580 0.0000000000
83321  -56.017  4.101  29.653 0.0000000000
61719  -35.361  -16.775  48.517 0.0000000000
61751  -36.938  -16.530  46.773 0.0000000000
62889  -34.136  -15.411  45.383 0.0000000000
56176  -23.526  -21.011  50.466 0.0000000000
55109  -25.055  -23.044  51.313 0.0000000000
56187  -25.740  -20.866  49.524 0.0000000000
57203  -27.173  -20.759  48.589 0.0000000000
58269  -29.079  -19.463  47.459 0.0000000000
61728  -28.397  -16.498  47.851 0.0000000000
59436  -30.246  -18.506  47.030 0.0000000000
61715  -31.697  -17.204  47.656 0.0000000000
61733  -33.538  -16.978  47.364 0.0000000000
70650  -43.327  -8.948  40.758 0.0000000000
78066  -43.393  -1.228  37.342 0.0000000000
76943  -45.405  -2.802  36.923 0.0000000000
81255  -52.126  1.594  31.799 0.0000000000
48257  -12.290  -27.918  60.469 0.0000000000
47218  -12.644  -30.096  62.218 0.0000000000
62892  -37.493  -15.994  45.500 0.0000000000
64020  -38.717  -14.423  44.733 0.0000000000
66486  -39.058  -12.563  44.491 0.0000000000
69548  -32.703  -8.962  44.086 0.0000000000
68561  -36.223  -10.515  43.433 0.0000000000
68550  -39.056  -11.117  44.693 0.0000000000
70577  -38.992  -9.968  44.028 0.0000000000
69570  -39.823  -9.938  42.863 0.0000000000
69607  -41.475  -10.296  41.753 0.0000000000
71671  -40.158  -8.031  39.840 0.0000000000
74700  -39.483  -4.679  39.389 0.0000000000
53958  -26.431  -24.017  53.311 0.0000000000
51466  -14.890  -24.414  59.142 0.0000000000
49287  -14.902  -27.230  58.307 0.0000000000
49321  -18.409  -27.378  56.816 0.0000000000
48190  -8.220  -28.851  64.614 0.0000000000
53955  -22.777  -23.476  53.264 0.0000000000
53939  -23.850  -24.250  54.488 0.0000000000
53956  -24.124  -23.968  53.184 0.0000000000
61693  -36.026  -16.918  50.343 0.0000000000
56165  -22.191  -21.390  51.431 0.0000000000
56156  -21.588  -21.313  51.791 0.0000000000
55107  -22.157  -22.529  52.091 0.0000000000
55092  -21.974  -23.122  53.003 0.0000000000
76914  -40.719  -2.565  40.185 0.0000000000
75816  -41.443  -3.159  38.760 0.0000000000
76915  -41.143  -2.096  39.627 0.0000000000
81201  -47.535  2.592  36.535 0.0000000000
81211  -46.885  1.260  35.579 0.0000000000
81226  -47.815  1.556  34.988 0.0000000000
80161  -48.246  0.924  34.463 0.0000000000
81227  -48.738  1.722  34.442 0.0000000000
81243  -49.482  1.917  34.025 0.0000000000
68549  -33.301  -10.900  45.593 0.0000000000
72597  -34.845  -6.459  42.223 0.0000000000
71645  -36.174  -7.491  41.014 0.0000000000
73666  -36.514  -5.620  41.439 0.0000000000
73667  -37.137  -5.316  41.067 0.0000000000
56192  -30.412  -22.248  49.231 0.0000000000
55157  -29.949  -22.995  49.709 0.0000000000
56180  -30.779  -22.474  49.863 0.0000000000
55033  -16.774  -22.675  57.362 0.0000000000
55047  -17.277  -22.562  56.574 0.0000000000
82296  -53.638  2.598  30.360 0.0000000000
46258  -9.847  -30.299  64.588 0.0000000000
62830  -40.211  -15.657  50.042 0.0000000000
62851  -40.646  -14.968  48.205 0.0000000000
59371  -33.553  -18.939  49.238 0.0000000000
58227  -34.436  -19.579  50.522 0.0000000000
57148  -19.786  -20.535  52.652 0.0000000000
58171  -19.440  -19.745  54.107 0.0000000000
58157  -18.946  -19.699  54.690 0.0000000000
55077  -18.920  -22.148  53.861 0.0000000000
53934  -18.786  -22.769  54.243 0.0000000000
53935  -19.336  -23.039  53.777 0.0000000000
52685  -22.475  -24.888  55.663 0.0000000000
52684  -21.683  -25.280  55.297 0.0000000000
61748  -33.853  -16.484  46.285 0.0000000000
61749  -35.059  -16.657  46.545 0.0000000000
61763  -34.038  -16.071  45.713 0.0000000000
58221  -24.577  -19.304  50.481 0.0000000000
57175  -24.714  -20.223  49.918 0.0000000000
57176  -25.465  -20.189  49.662 0.0000000000
57189  -26.808  -20.181  48.866 0.0000000000
57190  -27.311  -19.686  48.604 0.0000000000
57226  -28.037  -20.271  47.641 0.0000000000
59386  -28.133  -18.246  47.995 0.0000000000
65236  -29.257  -13.285  48.826 0.0000000000
63984  -28.542  -15.145  47.699 0.0000000000
61729  -28.998  -16.682  46.891 0.0000000000
61730  -30.092  -16.849  46.847 0.0000000000
60592  -31.076  -17.827  47.706 0.0000000000
62859  -30.548  -16.032  46.829 0.0000000000
64003  -32.099  -14.778  46.341 0.0000000000
62870  -31.947  -15.814  46.341 0.0000000000
61718  -34.353  -16.945  48.492 0.0000000000
71683  -42.027  -7.580  39.302 0.0000000000
71672  -43.451  -8.262  40.143 0.0000000000
72660  -42.662  -7.098  38.870 0.0000000000
73725  -43.664  -4.908  38.267 0.0000000000
72677  -44.227  -5.463  38.644 0.0000000000
80088  -43.274  0.262  38.978 0.0000000000
79097  -42.486  -0.201  37.928 0.0000000000
80118  -43.248  0.181  37.532 0.0000000000
78078  -45.952  -1.505  35.715 0.0000000000
78068  -45.512  -2.067  36.433 0.0000000000
76957  -46.796  -2.299  36.474 0.0000000000
76944  -46.602  -3.040  37.369 0.0000000000
81246  -51.604  0.903  32.605 0.0000000000
82289  -51.213  2.771  32.507 0.0000000000
82290  -51.869  2.658  31.840 0.0000000000
51465  -14.022  -25.147  59.481 0.0000000000
50321  -12.526  -25.887  60.150 0.0000000000
49266  -13.281  -27.128  59.421 0.0000000000
47229  -12.419  -29.310  61.270 0.0000000000
46271  -12.416  -31.066  63.878 0.0000000000
62891  -36.108  -16.068  45.106 0.0000000000
61767  -37.211  -16.449  46.194 0.0000000000
62907  -36.480  -15.365  44.506 0.0000000000
66483  -36.076  -12.925  43.733 0.0000000000
64034  -37.573  -14.319  44.055 0.0000000000
65342  -37.731  -13.250  43.768 0.0000000000
65319  -39.459  -13.490  45.115 0.0000000000
66499  -37.809  -12.574  43.641 0.0000000000
71614  -32.642  -7.176  44.429 0.0000000000
70590  -35.500  -9.505  42.594 0.0000000000
69567  -34.869  -9.834  43.046 0.0000000000
69569  -36.585  -10.055  43.254 0.0000000000
68563  -37.645  -11.012  43.840 0.0000000000
70575  -37.483  -10.432  43.235 0.0000000000
69535  -39.302  -10.565  44.600 0.0000000000
70592  -37.655  -10.238  42.842 0.0000000000
69604  -38.313  -9.354  41.047 0.0000000000
69583  -38.483  -10.339  41.912 0.0000000000
69605  -39.353  -10.268  41.360 0.0000000000
69586  -41.301  -10.199  42.469 0.0000000000
69628  -40.123  -9.578  40.609 0.0000000000
70648  -40.831  -8.679  40.171 0.0000000000
70647  -39.800  -8.641  40.224 0.0000000000
74689  -38.602  -4.711  40.504 0.0000000000
73702  -38.809  -5.905  39.613 0.0000000000
74690  -39.362  -4.249  40.313 0.0000000000
55125  -25.543  -22.842  50.803 0.0000000000
53972  -25.848  -23.623  52.363 0.0000000000
53973  -26.968  -23.927  52.065 0.0000000000
51484  -16.130  -25.329  57.122 0.0000000000
51483  -15.304  -25.236  57.668 0.0000000000
49288  -15.738  -27.586  57.839 0.0000000000
51517  -19.056  -25.371  55.360 0.0000000000
51501  -18.559  -25.977  56.151 0.0000000000
50394  -19.100  -27.067  56.764 0.0000000000
53918  -22.912  -24.508  55.697 0.0000000000
53919  -23.576  -24.546  56.055 0.0000000000
53920  -24.720  -24.361  55.746 0.0000000000
53921  -25.773  -24.055  55.600 0.0000000000
60546  -35.123  -18.089  49.929 0.0000000000
60526  -34.872  -18.410  50.458 0.0000000000
58203  -21.989  -18.741  51.714 0.0000000000
56155  -20.804  -21.040  52.074 0.0000000000
55090  -20.321  -22.251  52.802 0.0000000000
53952  -19.978  -22.918  53.342 0.0000000000
55091  -21.342  -22.746  52.953 0.0000000000
53937  -21.947  -23.897  54.408 0.0000000000
65305  -32.637  -13.765  46.049 0.0000000000
64005  -33.592  -14.093  45.683 0.0000000000
65263  -30.481  -13.357  47.976 0.0000000000
64001  -30.562  -14.383  46.770 0.0000000000
65304  -32.184  -13.889  46.220 0.0000000000
73722  -40.709  -5.139  38.553 0.0000000000
72675  -42.522  -6.202  38.334 0.0000000000
73723  -41.710  -5.156  38.106 0.0000000000
74716  -42.098  -4.165  38.374 0.0000000000
75818  -43.207  -3.347  37.759 0.0000000000
81197  -44.404  1.072  36.785 0.0000000000
81198  -44.881  1.432  36.569 0.0000000000
80144  -46.258  0.465  35.506 0.0000000000
78090  -46.926  -0.872  35.502 0.0000000000
78092  -48.619  -1.209  35.719 0.0000000000
79134  -48.508  -0.589  34.998 0.0000000000
79148  -49.270  -0.187  34.299 0.0000000000
80163  -50.012  0.420  33.863 0.0000000000
80182  -49.984  1.174  33.525 0.0000000000
81244  -49.901  2.001  33.367 0.0000000000
48268  -14.380  -28.227  59.429 0.0000000000
48258  -13.322  -28.391  60.132 0.0000000000
48245  -15.155  -29.379  60.862 0.0000000000
66471  -34.488  -12.810  45.217 0.0000000000
64032  -35.656  -14.468  44.307 0.0000000000
66470  -34.017  -12.285  45.046 0.0000000000
66481  -34.182  -11.997  44.636 0.0000000000
68560  -34.197  -11.143  44.009 0.0000000000
72582  -32.946  -6.561  44.118 0.0000000000
72596  -34.260  -6.620  42.785 0.0000000000
71631  -34.475  -7.436  42.404 0.0000000000
70603  -35.249  -8.654  41.685 0.0000000000
70605  -37.137  -9.893  42.297 0.0000000000
69601  -36.355  -8.594  41.141 0.0000000000
70643  -36.890  -8.034  40.550 0.0000000000
71668  -37.762  -7.448  40.191 0.0000000000
71669  -38.625  -7.562  39.947 0.0000000000
72643  -37.286  -6.456  40.512 0.0000000000
55142  -28.401  -23.143  50.099 0.0000000000
53987  -27.900  -24.111  51.418 0.0000000000
55128  -28.602  -23.501  50.974 0.0000000000
52654  -16.557  -24.320  57.096 0.0000000000
51499  -16.770  -25.765  56.615 0.0000000000
48229  -10.788  -28.435  62.457 0.0000000000
50266  -10.735  -27.291  62.664 0.0000000000
48219  -10.030  -28.501  62.826 0.0000000000
48213  -9.561  -28.395  63.647 0.0000000000
49163  -9.508  -27.595  64.426 0.0000000000
65293  -41.760  -13.539  46.936 0.0000000000
57192  -32.012  -20.467  49.084 0.0000000000
57177  -32.196  -21.254  49.932 0.0000000000
58156  -18.467  -19.945  55.170 0.0000000000
56124  -17.830  -21.302  55.554 0.0000000000
55061  -17.668  -22.753  55.903 0.0000000000
53917  -18.390  -23.033  54.757 0.0000000000
52681  -18.583  -24.212  54.875 0.0000000000
51518  -20.078  -25.605  55.324 0.0000000000
52698  -20.598  -24.298  53.909 0.0000000000
51519  -20.881  -25.625  55.493 0.0000000000
51486  -20.994  -26.012  56.685 0.0000000000
83320  -55.350  4.042  29.880 0.0000000000
61707  -36.109  -16.586  49.456 0.0000000000
61721  -37.132  -16.157  48.446 0.0000000000
61735  -35.690  -16.772  47.540 0.0000000000
61765  -35.564  -16.467  45.764 0.0000000000
62905  -34.690  -15.148  44.874 0.0000000000
65306  -34.011  -13.399  46.019 0.0000000000
64019  -34.253  -14.340  45.242 0.0000000000
65317  -34.451  -13.524  45.305 0.0000000000
67535  -34.249  -12.009  46.564 0.0000000000
55123  -23.159  -22.480  51.398 0.0000000000
53984  -23.770  -22.861  51.544 0.0000000000
55124  -24.406  -22.504  51.020 0.0000000000
55139  -25.351  -21.977  50.372 0.0000000000
55140  -26.372  -22.224  49.955 0.0000000000
57188  -26.135  -20.202  49.418 0.0000000000
56188  -26.376  -21.178  49.284 0.0000000000
55154  -27.268  -22.084  49.139 0.0000000000
55173  -27.839  -22.094  48.784 0.0000000000
56221  -28.748  -21.224  47.966 0.0000000000
57206  -30.093  -21.070  47.655 0.0000000000
60575  -27.954  -17.249  48.404 0.0000000000
59407  -28.936  -18.465  47.402 0.0000000000
58270  -30.116  -19.444  47.482 0.0000000000
57230  -31.237  -20.157  47.767 0.0000000000
58248  -31.139  -18.784  48.187 0.0000000000
59388  -31.605  -18.323  48.219 0.0000000000
60578  -33.262  -18.163  48.535 0.0000000000
62869  -31.277  -16.016  46.708 0.0000000000
61732  -32.459  -16.885  47.362 0.0000000000
61704  -33.797  -17.572  49.092 0.0000000000
61705  -34.482  -17.520  49.391 0.0000000000
61706  -35.214  -16.913  49.465 0.0000000000
57163  -23.312  -20.239  50.737 0.0000000000
72661  -43.415  -6.739  39.009 0.0000000000
79083  -41.963  -0.837  38.994 0.0000000000
78052  -42.227  -1.292  38.108 0.0000000000
76941  -43.374  -2.462  37.541 0.0000000000
79109  -44.108  -0.302  36.794 0.0000000000
76942  -44.312  -2.500  37.262 0.0000000000
75835  -44.947  -3.662  37.589 0.0000000000
75836  -45.960  -3.525  37.741 0.0000000000
81263  -52.779  1.759  31.269 0.0000000000
82295  -52.976  2.863  30.623 0.0000000000
83315  -52.979  3.968  31.219 0.0000000000
50302  -12.467  -25.806  60.850 0.0000000000
49240  -11.731  -27.403  61.104 0.0000000000
48244  -13.006  -28.919  60.904 0.0000000000
47228  -11.868  -28.972  61.097 0.0000000000
47217  -11.412  -29.309  61.706 0.0000000000
47208  -11.518  -30.058  63.095 0.0000000000
61737  -37.405  -16.199  47.567 0.0000000000
62860  -38.085  -15.823  47.459 0.0000000000
62861  -38.863  -15.583  47.192 0.0000000000
62908  -37.493  -15.155  44.421 0.0000000000
62893  -38.391  -15.245  44.994 0.0000000000
62862  -39.677  -15.373  46.773 0.0000000000
63990  -40.278  -14.802  46.293 0.0000000000
65307  -40.292  -13.779  46.018 0.0000000000
66459  -40.225  -12.526  45.562 0.0000000000
69549  -33.053  -9.812  44.224 0.0000000000
68576  -34.362  -10.661  43.531 0.0000000000
70588  -33.449  -8.206  43.341 0.0000000000
67583  -36.453  -11.404  43.490 0.0000000000
67567  -37.250  -11.229  43.771 0.0000000000
67553  -39.034  -11.412  44.584 0.0000000000
70606  -38.024  -10.141  42.470 0.0000000000
70594  -39.314  -9.881  43.450 0.0000000000
69630  -42.242  -9.635  41.124 0.0000000000
70663  -41.665  -8.215  39.900 0.0000000000
71682  -40.867  -7.699  39.479 0.0000000000
71680  -39.151  -7.205  39.680 0.0000000000
72659  -39.760  -6.275  39.091 0.0000000000
72673  -40.511  -6.192  38.649 0.0000000000
74701  -39.938  -3.948  39.110 0.0000000000
75791  -40.283  -3.264  40.348 0.0000000000
53971  -24.710  -23.309  52.081 0.0000000000
53941  -26.045  -23.878  54.460 0.0000000000
53974  -28.095  -24.303  52.360 0.0000000000
51472  -14.351  -25.361  58.573 0.0000000000
52652  -15.281  -24.594  58.065 0.0000000000
51482  -14.657  -25.539  57.910 0.0000000000
49267  -14.279  -27.234  58.953 0.0000000000
48269  -15.379  -28.493  59.659 0.0000000000
51515  -17.605  -24.852  55.977 0.0000000000
51500  -17.528  -25.533  56.322 0.0000000000
49307  -17.888  -27.649  57.252 0.0000000000
46245  -9.222  -30.311  65.420 0.0000000000
48201  -8.633  -28.640  64.558 0.0000000000
49143  -9.131  -27.151  64.739 0.0000000000
62827  -37.439  -15.900  50.020 0.0000000000
53969  -22.801  -23.027  52.383 0.0000000000
53970  -23.505  -23.216  52.148 0.0000000000
55122  -22.480  -22.050  51.310 0.0000000000
81212  -47.586  1.970  35.800 0.0000000000
82271  -48.003  2.126  35.387 0.0000000000
82272  -48.482  2.518  34.940 0.0000000000
73640  -36.273  -5.379  42.200 0.0000000000
56207  -30.491  -21.534  48.277 0.0000000000
56181  -31.350  -22.190  50.087 0.0000000000
82297  -54.540  2.524  29.969 0.0000000000
62841  -40.502  -15.561  48.972 0.0000000000
59357  -34.367  -19.059  49.943 0.0000000000
56153  -19.516  -20.950  52.802 0.0000000000
57134  -19.572  -20.151  53.267 0.0000000000
56142  -19.143  -21.270  53.386 0.0000000000
57121  -19.031  -20.455  54.039 0.0000000000
55089  -19.538  -22.228  53.309 0.0000000000
59369  -27.192  -17.700  49.936 0.0000000000
58237  -27.262  -18.969  49.349 0.0000000000
59385  -27.386  -17.998  48.816 0.0000000000
58246  -27.759  -19.188  48.321 0.0000000000
65262  -29.334  -13.949  47.780 0.0000000000
63972  -28.886  -14.356  47.805 0.0000000000
63985  -29.069  -14.796  47.353 0.0000000000
62858  -29.563  -15.807  46.904 0.0000000000
62871  -32.874  -15.620  45.976 0.0000000000
71696  -41.960  -6.872  38.621 0.0000000000
74718  -44.022  -4.192  37.762 0.0000000000
73726  -44.467  -4.829  38.423 0.0000000000
74719  -44.964  -4.320  38.073 0.0000000000
80105  -43.108  0.389  37.990 0.0000000000
76945  -47.504  -2.495  37.325 0.0000000000
83311  -51.867  3.877  32.127 0.0000000000
50323  -13.770  -26.193  58.817 0.0000000000
50322  -12.978  -25.929  59.387 0.0000000000
62906  -35.455  -15.300  44.644 0.0000000000
66497  -35.782  -12.125  43.582 0.0000000000
66484  -36.649  -13.111  43.721 0.0000000000
66498  -36.885  -12.590  43.528 0.0000000000
69551  -37.047  -10.529  43.394 0.0000000000
70576  -38.229  -10.381  43.437 0.0000000000
69627  -39.190  -9.294  40.530 0.0000000000
70646  -38.990  -8.467  40.216 0.0000000000
55126  -26.556  -23.516  50.839 0.0000000000
50366  -16.489  -26.494  56.972 0.0000000000
49305  -16.113  -27.032  57.317 0.0000000000
49289  -17.015  -27.836  58.308 0.0000000000
51502  -19.576  -26.217  55.954 0.0000000000
50286  -11.548  -26.473  61.995 0.0000000000
62829  -39.226  -15.884  50.037 0.0000000000
52701  -24.483  -24.076  53.856 0.0000000000
53940  -24.954  -23.949  54.518 0.0000000000
61691  -35.118  -17.806  49.729 0.0000000000
58204  -22.684  -18.905  51.479 0.0000000000
55105  -20.486  -21.694  52.253 0.0000000000
53954  -21.724  -23.659  53.745 0.0000000000
65287  -32.760  -13.474  46.667 0.0000000000
63989  -33.349  -13.538  46.230 0.0000000000
66425  -31.178  -13.119  47.959 0.0000000000
74715  -40.991  -4.110  38.456 0.0000000000
75817  -42.409  -3.284  38.293 0.0000000000
82250  -44.862  2.010  36.790 0.0000000000
82251  -45.241  2.122  36.649 0.0000000000
81210  -46.259  1.032  35.747 0.0000000000
79132  -46.709  -0.198  35.358 0.0000000000
79133  -47.606  -0.104  35.085 0.0000000000
78091  -47.796  -0.988  35.570 0.0000000000
79147  -48.424  0.201  34.480 0.0000000000
80181  -49.658  1.499  33.698 0.0000000000
82286  -49.655  2.980  33.864 0.0000000000
67552  -34.046  -12.357  45.835 0.0000000000
67564  -33.542  -11.728  44.859 0.0000000000
67565  -34.216  -11.579  44.355 0.0000000000
68559  -33.519  -10.830  44.359 0.0000000000
72620  -35.349  -6.781  41.738 0.0000000000
71632  -35.087  -7.478  41.981 0.0000000000
69580  -36.166  -8.988  41.363 0.0000000000
70620  -35.963  -8.278  41.185 0.0000000000
71666  -36.632  -7.620  40.716 0.0000000000
71667  -37.094  -7.443  40.511 0.0000000000
70644  -37.391  -8.171  40.377 0.0000000000
55155  -28.231  -22.512  49.107 0.0000000000
55143  -29.397  -23.390  50.206 0.0000000000
55144  -30.507  -23.047  50.309 0.0000000000
55129  -29.568  -23.608  51.185 0.0000000000
53872  -17.011  -23.502  56.905 0.0000000000
51485  -16.849  -25.066  56.717 0.0000000000
47207  -10.617  -29.245  62.444 0.0000000000
48212  -9.258  -28.197  64.309 0.0000000000
62852  -41.258  -14.685  48.200 0.0000000000
63975  -41.638  -14.350  47.656 0.0000000000
65272  -42.258  -13.970  47.797 0.0000000000
58238  -32.133  -19.839  48.942 0.0000000000
57193  -32.895  -20.538  49.608 0.0000000000
57120  -18.488  -20.526  54.682 0.0000000000
57106  -18.103  -20.570  55.406 0.0000000000
55062  -18.154  -22.232  55.479 0.0000000000
55076  -18.484  -22.149  54.559 0.0000000000
52696  -18.934  -23.397  54.375 0.0000000000
52709  -21.132  -23.979  53.549 0.0000000000
52669  -22.076  -25.453  56.323 0.0000000000
52683  -20.789  -25.192  54.694 0.0000000000
51504  -21.327  -25.771  56.153 0.0000000000
61720  -36.313  -16.531  48.497 0.0000000000
61764  -34.595  -16.282  45.713 0.0000000000
62890  -35.039  -15.987  45.030 0.0000000000
65288  -33.753  -13.220  46.911 0.0000000000
66458  -34.431  -12.474  46.954 0.0000000000
66457  -34.172  -12.676  46.253 0.0000000000
56167  -23.627  -21.750  50.799 0.0000000000
56177  -24.253  -21.275  50.281 0.0000000000
56178  -25.105  -21.143  49.883 0.0000000000
55138  -24.782  -21.736  50.405 0.0000000000
56179  -25.767  -21.508  49.772 0.0000000000
56203  -26.844  -21.030  48.759 0.0000000000
55153  -26.709  -21.764  49.339 0.0000000000
56189  -26.884  -21.520  48.991 0.0000000000
55172  -27.676  -21.827  48.734 0.0000000000
56204  -27.395  -21.356  48.668 0.0000000000
58268  -28.071  -19.828  47.503 0.0000000000
57205  -28.343  -20.921  48.140 0.0000000000
57227  -28.540  -20.479  47.603 0.0000000000
56222  -29.255  -21.084  47.568 0.0000000000
57228  -29.598  -20.308  47.464 0.0000000000
62856  -28.372  -15.580  48.217 0.0000000000
62847  -28.310  -15.262  49.201 0.0000000000
61714  -27.843  -16.218  49.015 0.0000000000
60589  -28.583  -17.503  47.410 0.0000000000
60590  -29.617  -17.823  46.806 0.0000000000
59408  -29.827  -18.642  47.089 0.0000000000
58271  -30.978  -19.447  47.922 0.0000000000
59409  -30.597  -18.507  47.569 0.0000000000
60576  -31.680  -17.499  47.910 0.0000000000
59389  -32.762  -18.762  48.556 0.0000000000
60577  -32.463  -17.856  48.314 0.0000000000
64002  -31.171  -14.930  46.712 0.0000000000
61747  -32.708  -16.519  46.527 0.0000000000
61717  -33.359  -17.421  48.408 0.0000000000
61734  -34.634  -16.907  47.440 0.0000000000
58220  -23.857  -19.539  50.645 0.0000000000
56166  -22.899  -21.350  50.956 0.0000000000
70624  -43.640  -9.231  41.404 0.0000000000
71673  -43.988  -7.857  40.352 0.0000000000
72676  -43.549  -5.823  38.503 0.0000000000
79070  -41.862  -0.659  39.390 0.0000000000
78065  -42.724  -0.721  37.716 0.0000000000
78053  -42.821  -1.860  37.638 0.0000000000
80131  -44.559  0.550  36.556 0.0000000000
78067  -44.761  -1.517  36.511 0.0000000000
76932  -46.865  -3.436  38.046 0.0000000000
78093  -49.178  -1.329  35.945 0.0000000000
81229  -51.274  0.654  33.207 0.0000000000
81254  -51.334  1.775  32.169 0.0000000000
81247  -52.349  0.837  32.324 0.0000000000
81256  -52.956  1.055  31.818 0.0000000000
83314  -52.388  3.434  31.456 0.0000000000
82292  -52.522  2.532  31.196 0.0000000000
83317  -52.752  3.308  30.889 0.0000000000
51463  -13.041  -25.562  60.710 0.0000000000
49241  -12.235  -26.825  60.696 0.0000000000
48256  -11.900  -27.633  60.751 0.0000000000
47239  -13.784  -29.220  60.617 0.0000000000
47238  -13.376  -28.993  60.753 0.0000000000
48242  -11.580  -28.285  61.030 0.0000000000
45331  -11.705  -31.330  63.904 0.0000000000
61736  -36.619  -16.541  47.585 0.0000000000
61752  -37.625  -16.240  46.695 0.0000000000
62873  -38.198  -15.909  46.596 0.0000000000
64033  -36.645  -14.437  43.938 0.0000000000
64035  -38.201  -14.177  44.312 0.0000000000
62909  -38.122  -14.723  44.438 0.0000000000
64006  -39.011  -14.755  45.496 0.0000000000
62875  -39.588  -15.108  45.958 0.0000000000
64007  -39.670  -14.370  45.667 0.0000000000
65332  -39.039  -12.944  44.585 0.0000000000
66472  -39.488  -12.563  44.763 0.0000000000
65308  -40.990  -13.118  46.285 0.0000000000
69533  -32.692  -9.172  44.905 0.0000000000
68575  -33.539  -10.220  43.793 0.0000000000
71622  -33.055  -7.290  43.654 0.0000000000
69568  -35.993  -9.985  43.336 0.0000000000
68577  -35.625  -10.643  43.355 0.0000000000
68578  -36.210  -10.990  43.430 0.0000000000
67566  -36.796  -11.132  43.751 0.0000000000
68562  -36.742  -10.872  43.673 0.0000000000
68564  -38.473  -10.823  44.206 0.0000000000
67554  -39.630  -11.655  44.805 0.0000000000
68541  -39.972  -11.339  45.665 0.0000000000
69581  -36.845  -9.414  41.600 0.0000000000
69582  -37.686  -9.712  41.789 0.0000000000
69584  -39.380  -10.729  42.194 0.0000000000
70607  -38.913  -10.085  42.705 0.0000000000
68591  -41.792  -10.431  42.547 0.0000000000
68603  -42.021  -10.637  42.126 0.0000000000
69608  -42.465  -10.000  41.879 0.0000000000
72645  -38.726  -6.815  39.733 0.0000000000
73703  -39.130  -5.385  39.496 0.0000000000
72658  -39.134  -6.457  39.488 0.0000000000
73704  -39.874  -5.253  38.994 0.0000000000
74691  -39.811  -3.786  40.023 0.0000000000
53942  -27.195  -24.116  54.327 0.0000000000
53988  -28.765  -23.931  51.782 0.0000000000
55146  -32.122  -22.811  51.335 0.0000000000
52635  -15.508  -23.685  58.919 0.0000000000
50341  -15.108  -26.802  57.799 0.0000000000
50364  -14.945  -26.089  57.600 0.0000000000
50340  -14.485  -26.388  58.195 0.0000000000
49268  -15.212  -27.748  58.974 0.0000000000
53916  -17.950  -23.333  55.419 0.0000000000
53896  -17.374  -23.476  56.069 0.0000000000
52680  -17.719  -24.266  55.638 0.0000000000
50393  -17.977  -26.736  56.588 0.0000000000
50392  -17.135  -26.348  56.516 0.0000000000
47176  -8.294  -29.873  65.324 0.0000000000
49142  -8.897  -27.778  64.850 0.0000000000
57162  -22.516  -20.160  51.313 0.0000000000
57151  -21.954  -20.729  51.569 0.0000000000
75803  -40.774  -3.044  39.444 0.0000000000
75804  -41.193  -2.635  39.196 0.0000000000
76929  -41.473  -2.220  38.914 0.0000000000
81200  -46.772  2.106  36.300 0.0000000000
81225  -47.325  1.013  35.119 0.0000000000
80160  -47.642  0.712  34.877 0.0000000000
82285  -49.130  2.495  34.380 0.0000000000
68539  -33.481  -11.136  46.717 0.0000000000
69515  -33.175  -9.846  46.469 0.0000000000
72621  -35.942  -6.419  41.289 0.0000000000
72622  -36.575  -6.076  40.872 0.0000000000
55145  -31.470  -22.815  51.027 0.0000000000
81270  -54.083  1.863  30.473 0.0000000000
46259  -10.659  -30.669  64.335 0.0000000000
47198  -10.192  -29.663  63.546 0.0000000000
46257  -9.415  -30.129  64.966 0.0000000000
62842  -41.351  -15.202  48.790 0.0000000000
63974  -40.980  -14.622  47.578 0.0000000000
59370  -32.883  -19.209  48.878 0.0000000000
58240  -33.770  -19.920  49.691 0.0000000000
58228  -34.444  -20.141  50.917 0.0000000000
57149  -20.334  -19.917  52.494 0.0000000000
57135  -19.801  -19.317  53.027 0.0000000000
58172  -19.850  -19.082  53.818 0.0000000000
56135  -18.603  -21.314  54.172 0.0000000000
52697  -19.530  -23.909  54.188 0.0000000000
52700  -22.079  -24.625  55.057 0.0000000000
52699  -21.619  -24.423  54.430 0.0000000000
57174  -23.959  -20.258  50.264 0.0000000000
58236  -26.612  -19.305  49.830 0.0000000000
57204  -27.695  -20.451  48.162 0.0000000000
58247  -28.445  -19.048  47.833 0.0000000000
65235  -28.709  -13.905  48.371 0.0000000000
63971  -28.479  -14.609  48.191 0.0000000000
62857  -28.725  -15.726  47.363 0.0000000000
60607  -30.214  -18.240  46.874 0.0000000000
60591  -30.528  -17.730  47.041 0.0000000000
61731  -31.316  -17.008  47.196 0.0000000000
70664  -42.598  -8.381  39.912 0.0000000000
70665  -43.198  -8.412  40.008 0.0000000000
71684  -43.220  -7.767  39.553 0.0000000000
71685  -43.929  -7.131  39.676 0.0000000000
80073  -42.757  0.078  39.355 0.0000000000
79084  -42.383  -0.417  38.882 0.0000000000
79098  -42.740  0.000  38.465 0.0000000000
80104  -42.898  0.075  37.685 0.0000000000
79107  -43.026  -0.276  37.563 0.0000000000
79119  -45.482  -0.486  35.659 0.0000000000
78077  -45.135  -1.043  35.831 0.0000000000
76956  -46.010  -2.481  36.436 0.0000000000
49265  -12.585  -26.639  59.821 0.0000000000
49242  -12.659  -27.435  60.012 0.0000000000
47209  -12.349  -30.451  63.067 0.0000000000
61766  -36.581  -16.529  45.923 0.0000000000
65329  -36.536  -13.579  43.745 0.0000000000
64046  -37.478  -13.760  43.804 0.0000000000
65330  -37.918  -13.813  44.062 0.0000000000
65318  -39.051  -13.950  44.790 0.0000000000
65331  -38.604  -13.533  44.317 0.0000000000
65343  -38.253  -12.929  43.838 0.0000000000
66485  -38.655  -12.566  44.117 0.0000000000
70574  -32.615  -8.203  44.116 0.0000000000
70589  -34.430  -8.602  42.672 0.0000000000
69550  -36.504  -10.392  43.357 0.0000000000
69552  -37.929  -10.646  43.622 0.0000000000
69553  -38.588  -10.379  44.007 0.0000000000
70593  -38.531  -10.113  43.192 0.0000000000
68600  -39.539  -10.806  41.770 0.0000000000
69585  -40.387  -10.418  42.233 0.0000000000
68590  -40.084  -10.580  41.812 0.0000000000
69606  -40.354  -10.271  41.438 0.0000000000
69629  -41.155  -9.474  41.024 0.0000000000
74688  -38.200  -5.047  40.451 0.0000000000
72657  -38.638  -6.254  39.724 0.0000000000
73688  -38.517  -5.534  40.024 0.0000000000
73689  -38.878  -4.958  40.044 0.0000000000
55110  -25.657  -23.300  51.512 0.0000000000
55111  -26.252  -23.583  51.703 0.0000000000
50365  -15.716  -26.375  57.495 0.0000000000
62840  -39.471  -15.418  49.133 0.0000000000
52671  -23.231  -24.961  56.937 0.0000000000
53898  -24.531  -24.328  56.991 0.0000000000
60563  -34.505  -18.038  49.598 0.0000000000
60525  -34.617  -18.637  50.196 0.0000000000
58189  -21.151  -18.687  52.261 0.0000000000
57150  -21.497  -19.991  51.704 0.0000000000
56154  -20.010  -21.165  52.398 0.0000000000
53953  -20.746  -23.345  53.412 0.0000000000
64004  -32.788  -14.394  45.852 0.0000000000
62872  -33.401  -15.079  45.658 0.0000000000
63988  -33.007  -13.710  45.929 0.0000000000
65237  -30.481  -12.621  49.069 0.0000000000
63986  -30.236  -14.965  47.058 0.0000000000
65284  -30.211  -13.925  47.045 0.0000000000
65302  -30.799  -13.996  46.614 0.0000000000
65286  -31.833  -13.587  46.913 0.0000000000
72674  -41.403  -6.174  38.302 0.0000000000
74717  -43.008  -4.187  37.987 0.0000000000
80119  -43.909  0.878  37.263 0.0000000000
81181  -44.403  1.367  36.906 0.0000000000
80132  -45.450  0.513  35.986 0.0000000000
81199  -45.912  1.514  36.138 0.0000000000
80133  -45.955  0.895  35.797 0.0000000000
80143  -45.777  0.022  35.527 0.0000000000
79131  -46.068  -0.426  35.431 0.0000000000
78089  -46.396  -0.766  35.453 0.0000000000
78080  -48.029  -1.595  36.188 0.0000000000
80183  -50.455  0.791  33.499 0.0000000000
82287  -50.476  3.034  33.194 0.0000000000
48259  -14.580  -28.964  60.282 0.0000000000
65327  -34.929  -13.571  44.531 0.0000000000
66482  -34.900  -12.459  44.204 0.0000000000
66496  -35.147  -11.899  43.694 0.0000000000
72583  -33.686  -6.321  43.502 0.0000000000
72584  -34.664  -5.611  43.031 0.0000000000
70602  -34.759  -8.063  42.137 0.0000000000
70604  -36.170  -9.569  41.999 0.0000000000
69602  -36.725  -8.836  41.141 0.0000000000
70621  -36.508  -8.234  40.865 0.0000000000
70622  -37.068  -8.563  40.753 0.0000000000
70623  -37.635  -8.775  40.665 0.0000000000
70645  -38.144  -8.486  40.224 0.0000000000
73687  -37.812  -5.524  40.428 0.0000000000
74677  -37.961  -4.574  40.994 0.0000000000
55127  -27.688  -23.526  50.726 0.0000000000
53871  -16.434  -23.450  57.651 0.0000000000
50370  -20.954  -26.479  57.317 0.0000000000
49198  -11.060  -27.700  62.452 0.0000000000
50267  -10.974  -26.771  62.464 0.0000000000
49197  -10.525  -27.721  62.779 0.0000000000
49180  -10.155  -27.459  63.425 0.0000000000
49164  -9.931  -27.314  64.244 0.0000000000
80074  -43.224  0.506  39.962 0.0000000000
80089  -43.940  1.409  39.672 0.0000000000
56193  -31.540  -21.554  49.358 0.0000000000
59339  -34.627  -18.835  50.555 0.0000000000
58140  -18.413  -19.906  55.840 0.0000000000
57105  -17.700  -20.779  55.876 0.0000000000
56112  -17.787  -21.725  55.932 0.0000000000
55048  -17.709  -22.189  56.078 0.0000000000
51503  -20.557  -26.092  56.080 0.0000000000
53936  -20.009  -23.570  53.630 0.0000000000
50396  -20.718  -26.347  56.643 0.0000000000
61708  -36.927  -16.205  49.353 0.0000000000
61750  -36.065  -16.618  46.677 0.0000000000
67520  -34.762  -11.808  47.210 0.0000000000
58235  -26.002  -19.506  49.954 0.0000000000
56190  -28.512  -22.236  48.690 0.0000000000
56205  -28.294  -21.680  48.475 0.0000000000
56191  -29.060  -22.340  48.731 0.0000000000
56206  -29.479  -21.697  48.210 0.0000000000
57229  -30.539  -20.222  47.576 0.0000000000
57207  -30.958  -20.855  47.928 0.0000000000
57208  -31.543  -20.356  48.313 0.0000000000
58272  -31.441  -19.836  48.112 0.0000000000
58249  -31.834  -19.439  48.594 0.0000000000
59387  -31.054  -18.445  48.061 0.0000000000
58250  -32.483  -19.249  48.844 0.0000000000
59390  -33.444  -18.505  48.772 0.0000000000
63987  -30.819  -15.491  46.861 0.0000000000
61746  -31.904  -16.526  46.709 0.0000000000
61716  -32.118  -17.180  47.919 0.0000000000
60562  -33.858  -18.051  49.129 0.0000000000
58205  -23.429  -19.079  51.121 0.0000000000
70651  -44.503  -8.460  41.048 0.0000000000
78025  -41.473  -1.035  40.078 0.0000000000
78036  -41.682  -1.341  39.029 0.0000000000
78051  -41.764  -1.793  38.579 0.0000000000
78037  -41.989  -0.939  38.704 0.0000000000
76931  -42.610  -2.447  37.927 0.0000000000
75834  -44.034  -3.347  37.545 0.0000000000
79108  -43.532  -0.147  37.280 0.0000000000
75820  -45.677  -3.988  38.368 0.0000000000
75837  -46.506  -3.458  37.920 0.0000000000
81264  -53.462  1.598  30.991 0.0000000000
82293  -53.013  2.228  30.790 0.0000000000
83318  -53.405  3.695  30.553 0.0000000000
84353  -53.535  4.451  31.112 0.0000000000
50287  -12.215  -25.806  61.638 0.0000000000
49219  -11.763  -26.765  61.419 0.0000000000
48243  -12.389  -28.668  60.766 0.0000000000
48230  -11.259  -28.362  61.978 0.0000000000
47216  -10.980  -28.898  62.093 0.0000000000
46270  -11.393  -30.791  63.806 0.0000000000
62838  -37.678  -15.840  49.283 0.0000000000
62848  -37.901  -15.804  48.382 0.0000000000
62874  -38.833  -15.577  46.016 0.0000000000
63973  -40.440  -15.099  47.256 0.0000000000
63991  -40.830  -14.607  46.799 0.0000000000
65292  -41.015  -13.989  46.523 0.0000000000
70541  -32.558  -8.655  45.417 0.0000000000
70587  -32.858  -7.980  43.696 0.0000000000
69565  -32.897  -8.572  43.599 0.0000000000
69566  -33.581  -9.391  43.438 0.0000000000
67584  -37.546  -11.886  43.521 0.0000000000
67569  -39.095  -12.178  44.430 0.0000000000
67568  -38.491  -11.557  44.120 0.0000000000
67537  -40.182  -11.752  45.431 0.0000000000
66460  -41.034  -12.233  46.209 0.0000000000
69631  -42.875  -9.582  41.352 0.0000000000
70649  -41.980  -8.942  40.426 0.0000000000
71670  -39.434  -7.871  39.883 0.0000000000
71681  -39.823  -7.258  39.444 0.0000000000
71694  -40.371  -6.997  38.926 0.0000000000
53957  -25.119  -23.720  53.468 0.0000000000
53986  -27.219  -24.078  51.111 0.0000000000
53959  -27.568  -24.243  53.231 0.0000000000
53960  -28.390  -24.135  53.260 0.0000000000
52634  -15.298  -24.270  58.583 0.0000000000
51473  -14.907  -24.830  58.277 0.0000000000
49269  -16.176  -28.156  59.064 0.0000000000
50367  -17.178  -27.037  56.765 0.0000000000
50369  -19.923  -27.081  57.692 0.0000000000
50368  -19.355  -27.318  57.342 0.0000000000
83327  -54.979  3.277  29.749 0.0000000000
46236  -9.434  -30.986  65.820 0.0000000000
47186  -9.211  -29.824  64.947 0.0000000000
46244  -8.893  -30.212  65.527 0.0000000000
47185  -8.849  -29.541  64.813 0.0000000000
48202  -9.032  -28.128  64.566 0.0000000000
49154  -9.388  -27.394  64.598 0.0000000000
47175  -8.041  -29.787  65.147 0.0000000000
49141  -8.223  -27.873  64.779 0.0000000000
47196  -9.017  -29.084  64.411 0.0000000000
48211  -8.902  -28.693  64.473 0.0000000000
49153  -9.031  -27.870  64.637 0.0000000000
52686  -22.969  -24.752  56.195 0.0000000000
52711  -24.541  -23.936  53.515 0.0000000000
52712  -24.712  -23.878  53.677 0.0000000000
53985  -24.060  -23.095  51.625 0.0000000000
56123  -17.558  -21.210  56.025 0.0000000000
57089  -18.024  -20.347  56.086 0.0000000000
58214  -34.657  -19.123  50.928 0.0000000000
59410  -31.049  -18.226  47.941 0.0000000000
59435  -30.060  -18.465  46.866 0.0000000000
60606  -29.933  -18.273  46.772 0.0000000000
64021  -39.223  -14.225  45.144 0.0000000000
64045  -37.075  -13.968  43.627 0.0000000000
65261  -28.819  -14.178  48.024 0.0000000000
65285  -30.967  -13.485  46.956 0.0000000000
65291  -40.619  -14.318  46.374 0.0000000000
65341  -37.058  -13.380  43.675 0.0000000000
66500  -38.237  -12.571  43.797 0.0000000000
67581  -34.665  -11.540  43.809 0.0000000000
67585  -38.182  -12.210  43.745 0.0000000000
68589  -39.789  -10.718  41.931 0.0000000000
68601  -39.797  -10.611  41.670 0.0000000000
68602  -41.667  -10.511  42.198 0.0000000000
70562  -32.550  -8.197  45.458 0.0000000000
71621  -32.665  -7.659  44.069 0.0000000000
74736  -44.579  -4.034  37.718 0.0000000000
79085  -42.847  -0.121  38.841 0.0000000000
79146  -47.960  0.419  34.671 0.0000000000
80087  -42.880  -0.132  39.044 0.0000000000
80117  -43.081  -0.004  37.543 0.0000000000
81182  -44.704  1.872  37.146 0.0000000000
82231  -44.974  2.219  36.917 0.0000000000
83303  -48.979  2.810  34.638 0.0000000000
