#!ascii label  , from subject 3150 vox2ras=TkReg
1150
53744  -16.927  -24.010  63.018 0.0000000000
66392  -34.724  -12.855  50.484 0.0000000000
70544  -34.347  -8.935  47.724 0.0000000000
58195  -29.318  -17.170  53.675 0.0000000000
76902  -41.094  -1.976  40.632 0.0000000000
74637  -36.638  -4.284  42.794 0.0000000000
65105  -36.528  -11.839  55.629 0.0000000000
65135  -30.993  -13.086  53.500 0.0000000000
79036  -45.590  0.265  43.539 0.0000000000
80080  -47.995  2.568  41.594 0.0000000000
82222  -51.552  4.225  39.142 0.0000000000
74518  -35.375  -4.560  50.795 0.0000000000
72568  -33.266  -5.829  44.403 0.0000000000
74545  -38.032  -2.722  47.864 0.0000000000
73564  -40.953  -3.323  46.099 0.0000000000
126567  -23.632  -17.448  53.482 0.0000000000
53679  -14.294  -23.338  65.978 0.0000000000
67523  -36.403  -11.992  48.948 0.0000000000
71490  -35.613  -7.439  52.608 0.0000000000
59351  -25.285  -18.592  50.801 0.0000000000
59385  -27.386  -17.998  48.816 0.0000000000
83310  -51.121  3.955  32.826 0.0000000000
84292  -54.240  5.834  36.757 0.0000000000
73669  -39.110  -3.514  42.212 0.0000000000
74641  -43.001  -2.778  45.091 0.0000000000
55011  -16.382  -22.764  59.835 0.0000000000
50211  -9.838  -26.482  64.325 0.0000000000
80065  -46.904  1.466  41.985 0.0000000000
75651  -36.431  -2.785  49.360 0.0000000000
58188  -20.414  -18.598  53.110 0.0000000000
52526  -15.430  -23.459  64.699 0.0000000000
65289  -34.873  -12.989  47.894 0.0000000000
65270  -36.296  -13.184  49.141 0.0000000000
57164  -27.381  -17.468  52.640 0.0000000000
58224  -26.878  -18.203  50.466 0.0000000000
60543  -28.238  -16.481  51.745 0.0000000000
65189  -33.291  -13.132  52.057 0.0000000000
65211  -29.627  -13.124  49.893 0.0000000000
66408  -31.606  -12.536  48.737 0.0000000000
58176  -29.378  -17.572  54.708 0.0000000000
58175  -26.989  -17.847  53.439 0.0000000000
82252  -45.914  2.394  36.728 0.0000000000
82286  -49.655  2.980  33.864 0.0000000000
83249  -52.422  4.991  37.634 0.0000000000
73616  -34.972  -4.696  43.659 0.0000000000
74658  -37.494  -4.385  41.881 0.0000000000
73587  -42.386  -3.294  45.745 0.0000000000
59237  -19.123  -18.643  56.338 0.0000000000
58084  -18.041  -19.285  58.568 0.0000000000
58056  -17.635  -19.958  60.019 0.0000000000
56091  -16.620  -21.803  58.332 0.0000000000
49181  -10.550  -26.683  63.519 0.0000000000
65166  -34.982  -12.001  52.311 0.0000000000
65194  -36.806  -11.830  51.995 0.0000000000
65108  -38.173  -11.782  54.866 0.0000000000
62755  -31.426  -14.933  56.332 0.0000000000
62781  -29.602  -14.878  54.038 0.0000000000
66326  -32.311  -12.768  55.401 0.0000000000
65120  -33.995  -12.227  54.227 0.0000000000
79047  -43.374  -0.261  42.123 0.0000000000
79073  -44.573  0.906  41.067 0.0000000000
80109  -46.553  2.399  39.392 0.0000000000
81170  -47.749  3.059  38.663 0.0000000000
82236  -49.479  3.625  36.955 0.0000000000
81158  -49.809  3.324  40.003 0.0000000000
72500  -34.466  -6.476  49.159 0.0000000000
71591  -32.850  -7.296  46.555 0.0000000000
74563  -34.394  -4.572  48.380 0.0000000000
74600  -35.328  -3.902  46.047 0.0000000000
73582  -37.135  -3.573  45.459 0.0000000000
73601  -38.655  -3.918  44.396 0.0000000000
73547  -39.524  -3.047  47.155 0.0000000000
60472  -22.484  -17.569  55.173 0.0000000000
59278  -20.224  -18.604  54.690 0.0000000000
84339  -55.564  5.769  32.348 0.0000000000
54942  -13.218  -22.577  66.559 0.0000000000
67536  -34.508  -12.255  46.937 0.0000000000
69499  -35.220  -9.959  48.373 0.0000000000
68508  -37.169  -11.011  51.015 0.0000000000
70481  -36.377  -8.969  50.028 0.0000000000
71544  -35.252  -8.363  50.045 0.0000000000
72456  -34.515  -5.957  52.114 0.0000000000
62825  -28.797  -15.039  50.878 0.0000000000
59265  -26.119  -17.490  54.847 0.0000000000
60521  -24.556  -17.358  52.013 0.0000000000
83275  -51.323  4.611  35.552 0.0000000000
83293  -52.800  5.624  34.713 0.0000000000
84328  -53.998  6.243  33.515 0.0000000000
84303  -55.435  6.512  35.632 0.0000000000
51455  -14.032  -24.604  60.396 0.0000000000
51433  -13.225  -24.538  62.207 0.0000000000
75779  -40.547  -2.859  41.556 0.0000000000
72571  -40.286  -4.355  44.184 0.0000000000
73645  -40.955  -3.777  43.721 0.0000000000
75765  -42.006  -2.462  43.454 0.0000000000
76870  -43.928  -1.371  44.728 0.0000000000
53809  -16.325  -22.979  60.894 0.0000000000
51392  -13.123  -24.851  63.999 0.0000000000
52521  -11.883  -24.523  65.122 0.0000000000
52477  -11.135  -23.562  65.663 0.0000000000
53743  -15.923  -23.212  63.309 0.0000000000
66429  -34.140  -12.548  49.087 0.0000000000
65268  -34.905  -12.764  48.705 0.0000000000
66413  -35.552  -12.662  50.245 0.0000000000
58211  -28.281  -17.337  52.967 0.0000000000
59335  -27.660  -17.277  51.803 0.0000000000
59337  -28.780  -16.787  52.740 0.0000000000
63946  -34.015  -13.550  50.945 0.0000000000
65239  -32.501  -12.691  50.223 0.0000000000
66410  -33.394  -12.725  49.647 0.0000000000
66427  -32.407  -12.972  48.366 0.0000000000
58179  -30.191  -17.079  55.471 0.0000000000
58163  -30.303  -17.167  56.313 0.0000000000
58194  -29.306  -17.814  53.733 0.0000000000
57154  -28.373  -17.704  53.777 0.0000000000
83288  -49.001  3.146  34.906 0.0000000000
68540  -33.695  -10.537  47.272 0.0000000000
69515  -33.175  -9.846  46.469 0.0000000000
73617  -35.734  -4.730  43.064 0.0000000000
72598  -35.394  -5.991  41.790 0.0000000000
74657  -36.913  -4.535  42.231 0.0000000000
58123  -18.091  -19.711  56.624 0.0000000000
59217  -19.004  -18.597  57.549 0.0000000000
58104  -17.534  -19.939  57.196 0.0000000000
58083  -17.502  -19.948  58.085 0.0000000000
56100  -16.952  -21.663  57.280 0.0000000000
65140  -35.385  -11.693  53.570 0.0000000000
65142  -36.890  -11.778  53.387 0.0000000000
65107  -37.729  -12.082  54.995 0.0000000000
63861  -32.445  -14.095  57.140 0.0000000000
63884  -31.812  -13.798  56.322 0.0000000000
65082  -32.525  -13.126  57.016 0.0000000000
65104  -35.733  -12.102  55.828 0.0000000000
66328  -34.265  -12.387  55.093 0.0000000000
65121  -34.936  -12.061  54.680 0.0000000000
65139  -34.483  -12.093  53.344 0.0000000000
79048  -44.290  -0.131  42.617 0.0000000000
79059  -44.050  0.701  41.576 0.0000000000
79060  -44.837  0.935  42.135 0.0000000000
80066  -47.270  2.039  42.150 0.0000000000
81140  -46.753  1.632  41.274 0.0000000000
80093  -47.467  2.311  40.436 0.0000000000
81155  -47.198  2.603  39.286 0.0000000000
81156  -47.829  2.743  39.636 0.0000000000
81171  -48.778  3.431  38.831 0.0000000000
81143  -48.684  2.887  40.729 0.0000000000
74526  -34.722  -5.395  49.586 0.0000000000
73528  -33.940  -5.789  48.460 0.0000000000
74542  -34.482  -4.954  49.230 0.0000000000
76796  -37.280  -2.364  48.495 0.0000000000
75689  -35.788  -3.104  47.824 0.0000000000
74566  -37.264  -3.189  47.354 0.0000000000
74601  -36.348  -3.650  45.819 0.0000000000
73560  -37.795  -3.628  46.695 0.0000000000
73561  -38.537  -3.528  46.278 0.0000000000
74568  -38.925  -3.160  47.531 0.0000000000
59241  -24.365  -17.372  54.841 0.0000000000
60449  -24.398  -16.982  56.017 0.0000000000
60485  -23.102  -17.415  54.875 0.0000000000
59293  -20.496  -18.295  54.013 0.0000000000
84330  -56.161  6.321  33.304 0.0000000000
84331  -57.313  6.574  32.825 0.0000000000
54943  -14.035  -22.589  66.459 0.0000000000
65290  -35.551  -12.749  48.401 0.0000000000
66442  -34.209  -12.721  47.002 0.0000000000
66443  -35.095  -12.450  47.504 0.0000000000
67520  -34.762  -11.808  47.210 0.0000000000
68529  -35.473  -10.983  48.091 0.0000000000
67466  -37.534  -10.882  53.007 0.0000000000
67484  -37.346  -11.450  51.676 0.0000000000
68482  -37.497  -10.417  52.439 0.0000000000
71491  -36.470  -8.044  52.928 0.0000000000
70447  -36.782  -9.433  51.776 0.0000000000
70464  -36.356  -8.732  51.091 0.0000000000
70480  -35.968  -8.579  50.019 0.0000000000
71526  -35.462  -7.903  50.824 0.0000000000
72486  -34.773  -7.595  50.758 0.0000000000
72457  -35.069  -6.642  52.337 0.0000000000
59369  -27.192  -17.700  49.936 0.0000000000
63906  -30.392  -14.043  53.696 0.0000000000
61657  -29.333  -15.230  52.532 0.0000000000
63916  -29.881  -13.951  52.546 0.0000000000
63956  -28.434  -14.132  49.247 0.0000000000
57107  -27.597  -17.777  55.804 0.0000000000
58208  -26.330  -17.707  51.903 0.0000000000
59314  -25.719  -17.437  52.572 0.0000000000
59350  -24.726  -18.425  50.969 0.0000000000
58206  -24.165  -18.844  50.903 0.0000000000
83240  -50.602  3.691  38.326 0.0000000000
84290  -49.934  4.144  36.077 0.0000000000
82237  -51.284  4.250  37.983 0.0000000000
83265  -53.643  5.569  37.316 0.0000000000
83263  -52.461  4.996  36.645 0.0000000000
83277  -53.332  5.456  35.714 0.0000000000
84327  -53.209  5.818  33.841 0.0000000000
83278  -53.951  5.628  35.185 0.0000000000
84316  -55.255  6.247  34.478 0.0000000000
71605  -32.704  -6.776  45.765 0.0000000000
70561  -32.535  -8.284  44.870 0.0000000000
75790  -39.799  -3.684  40.430 0.0000000000
74679  -39.343  -3.491  41.600 0.0000000000
74604  -40.095  -3.815  45.622 0.0000000000
73602  -39.599  -4.157  44.429 0.0000000000
73586  -40.770  -3.572  45.239 0.0000000000
73607  -42.840  -2.970  45.286 0.0000000000
73623  -41.673  -3.708  44.206 0.0000000000
73647  -42.183  -3.052  44.369 0.0000000000
74663  -41.938  -2.953  43.802 0.0000000000
74664  -42.601  -2.688  44.506 0.0000000000
76880  -43.220  -1.743  43.708 0.0000000000
75751  -43.396  -2.120  44.906 0.0000000000
56083  -16.499  -21.673  59.782 0.0000000000
56062  -16.868  -21.657  61.124 0.0000000000
54987  -16.434  -22.488  61.448 0.0000000000
53830  -16.424  -23.066  60.076 0.0000000000
52620  -16.080  -23.223  60.517 0.0000000000
53829  -15.729  -23.306  59.535 0.0000000000
50287  -12.215  -25.806  61.638 0.0000000000
52556  -13.192  -24.673  63.223 0.0000000000
50268  -11.808  -25.813  62.713 0.0000000000
50224  -10.156  -26.511  63.890 0.0000000000
50225  -10.704  -25.810  63.635 0.0000000000
51370  -10.776  -25.057  64.036 0.0000000000
52499  -11.780  -24.191  65.617 0.0000000000
51368  -9.771  -25.581  64.757 0.0000000000
65067  -34.119  -13.031  57.589 0.0000000000
79037  -46.366  0.656  43.574 0.0000000000
80051  -46.411  0.851  42.629 0.0000000000
79039  -47.022  1.476  43.872 0.0000000000
75650  -35.581  -3.498  49.690 0.0000000000
59329  -22.843  -18.191  52.280 0.0000000000
59328  -22.066  -17.904  52.403 0.0000000000
54954  -15.947  -22.319  65.364 0.0000000000
52503  -14.911  -23.820  65.183 0.0000000000
65288  -33.753  -13.220  46.911 0.0000000000
65269  -35.713  -13.044  48.768 0.0000000000
66432  -36.848  -13.007  48.910 0.0000000000
72448  -35.424  -6.608  53.107 0.0000000000
58223  -26.233  -18.546  50.742 0.0000000000
59334  -27.488  -17.446  51.776 0.0000000000
59353  -27.418  -17.391  51.157 0.0000000000
60559  -27.687  -16.824  50.529 0.0000000000
66380  -32.106  -12.558  52.662 0.0000000000
65186  -30.280  -13.057  51.646 0.0000000000
65213  -31.469  -12.431  50.902 0.0000000000
65237  -30.481  -12.621  49.069 0.0000000000
65264  -31.406  -13.338  47.614 0.0000000000
57125  -29.277  -17.662  55.796 0.0000000000
57123  -27.990  -17.760  55.107 0.0000000000
57138  -28.256  -17.696  54.424 0.0000000000
58192  -26.975  -17.572  52.861 0.0000000000
81182  -44.704  1.872  37.146 0.0000000000
82274  -50.268  3.608  33.847 0.0000000000
82209  -52.341  4.647  39.738 0.0000000000
82239  -52.233  4.881  38.520 0.0000000000
72569  -34.134  -5.265  43.920 0.0000000000
74677  -37.961  -4.574  40.994 0.0000000000
74659  -38.350  -4.018  42.025 0.0000000000
73550  -41.831  -3.185  47.069 0.0000000000
72536  -41.764  -3.302  46.028 0.0000000000
73552  -42.967  -3.651  46.641 0.0000000000
60445  -20.375  -17.538  56.753 0.0000000000
60402  -19.412  -17.844  57.771 0.0000000000
58068  -18.408  -18.438  59.840 0.0000000000
58067  -17.780  -19.042  59.444 0.0000000000
57063  -16.464  -21.314  58.957 0.0000000000
55024  -15.927  -22.484  58.941 0.0000000000
53849  -15.809  -23.235  58.542 0.0000000000
53871  -16.434  -23.450  57.651 0.0000000000
65191  -34.862  -12.794  51.315 0.0000000000
66395  -35.876  -12.595  50.841 0.0000000000
65193  -36.344  -12.119  51.831 0.0000000000
65170  -37.390  -11.572  53.485 0.0000000000
60488  -30.334  -16.311  55.330 0.0000000000
60524  -29.498  -16.370  53.497 0.0000000000
62772  -30.568  -15.004  55.024 0.0000000000
63896  -31.075  -14.058  55.114 0.0000000000
66347  -32.092  -12.924  54.794 0.0000000000
66292  -34.044  -12.257  56.492 0.0000000000
66327  -33.384  -12.401  54.977 0.0000000000
65137  -32.779  -12.424  53.560 0.0000000000
65164  -33.396  -12.903  52.668 0.0000000000
63918  -34.155  -13.148  51.765 0.0000000000
61610  -31.080  -16.739  56.706 0.0000000000
78017  -42.057  -0.733  41.615 0.0000000000
78025  -41.473  -1.035  40.078 0.0000000000
79057  -42.540  -0.278  40.954 0.0000000000
80061  -43.369  0.649  40.683 0.0000000000
80089  -43.940  1.409  39.672 0.0000000000
80063  -45.537  1.116  41.545 0.0000000000
80076  -45.060  1.252  40.724 0.0000000000
80107  -44.733  1.678  38.819 0.0000000000
81168  -46.253  2.271  38.121 0.0000000000
81184  -46.588  2.553  37.352 0.0000000000
82253  -48.224  3.112  36.510 0.0000000000
82254  -48.812  3.336  36.591 0.0000000000
82235  -49.040  3.319  37.526 0.0000000000
82220  -49.917  3.494  39.041 0.0000000000
81173  -50.743  3.610  39.434 0.0000000000
82193  -50.206  3.626  41.426 0.0000000000
82195  -51.715  4.268  40.480 0.0000000000
70499  -34.163  -7.789  48.417 0.0000000000
70543  -33.518  -8.710  47.015 0.0000000000
71576  -33.564  -6.852  47.693 0.0000000000
72523  -33.434  -5.863  47.631 0.0000000000
73579  -33.639  -5.068  46.300 0.0000000000
74564  -35.122  -3.596  47.868 0.0000000000
74599  -34.411  -4.408  46.525 0.0000000000
73580  -34.292  -4.572  45.527 0.0000000000
73598  -34.777  -4.555  44.516 0.0000000000
73599  -36.067  -4.260  44.253 0.0000000000
74620  -36.629  -4.236  43.565 0.0000000000
74621  -37.279  -4.153  43.446 0.0000000000
73583  -38.484  -3.698  45.250 0.0000000000
73562  -39.579  -3.394  46.041 0.0000000000
73548  -40.368  -2.581  46.731 0.0000000000
74548  -41.042  -3.035  48.201 0.0000000000
73533  -41.590  -2.733  47.362 0.0000000000
60447  -21.968  -17.505  56.498 0.0000000000
59294  -21.214  -17.806  54.141 0.0000000000
59279  -20.935  -18.073  54.795 0.0000000000
59239  -20.795  -17.573  56.099 0.0000000000
59260  -19.243  -18.937  55.576 0.0000000000
68527  -34.123  -11.238  47.317 0.0000000000
69517  -34.688  -9.555  48.058 0.0000000000
65245  -36.356  -12.344  50.482 0.0000000000
66415  -36.243  -12.095  50.095 0.0000000000
67498  -36.529  -11.907  49.860 0.0000000000
69465  -36.846  -10.313  51.159 0.0000000000
68518  -36.144  -11.313  49.693 0.0000000000
69500  -35.658  -9.567  48.828 0.0000000000
70525  -35.864  -8.869  48.817 0.0000000000
70523  -34.538  -8.589  48.245 0.0000000000
72514  -34.247  -8.119  49.793 0.0000000000
72485  -34.523  -6.937  50.542 0.0000000000
73490  -35.219  -5.118  51.110 0.0000000000
73473  -35.252  -5.621  53.475 0.0000000000
74500  -35.309  -4.736  52.629 0.0000000000
61675  -29.312  -15.802  52.868 0.0000000000
61689  -28.698  -15.992  51.887 0.0000000000
61702  -28.206  -15.977  50.512 0.0000000000
63928  -29.341  -13.723  51.375 0.0000000000
62837  -28.483  -14.950  50.016 0.0000000000
59243  -26.418  -17.769  56.325 0.0000000000
59264  -24.801  -17.291  53.929 0.0000000000
59282  -26.245  -17.882  54.022 0.0000000000
60473  -25.358  -17.372  53.359 0.0000000000
126573  -23.828  -17.616  52.612 0.0000000000
59330  -23.406  -18.148  51.795 0.0000000000
83273  -49.377  3.612  35.738 0.0000000000
84313  -50.058  3.937  35.244 0.0000000000
83291  -51.076  4.524  34.653 0.0000000000
83262  -51.528  4.588  36.540 0.0000000000
83292  -51.885  4.956  34.807 0.0000000000
83306  -51.475  4.824  34.097 0.0000000000
84326  -52.602  5.321  33.461 0.0000000000
85430  -53.546  5.549  32.784 0.0000000000
84346  -54.012  5.008  31.626 0.0000000000
84338  -54.413  5.779  32.479 0.0000000000
52581  -15.422  -23.433  61.652 0.0000000000
52559  -15.457  -23.519  62.430 0.0000000000
52602  -13.767  -24.273  61.519 0.0000000000
69514  -32.664  -9.239  45.669 0.0000000000
76901  -40.803  -2.639  40.992 0.0000000000
73619  -38.805  -3.935  43.602 0.0000000000
73642  -38.946  -3.779  42.990 0.0000000000
73643  -39.522  -3.660  42.981 0.0000000000
73604  -40.931  -3.704  44.682 0.0000000000
72589  -40.686  -4.145  43.827 0.0000000000
74660  -39.735  -3.460  42.553 0.0000000000
75763  -40.729  -2.992  42.522 0.0000000000
75780  -40.899  -2.645  42.206 0.0000000000
76878  -41.475  -1.964  42.503 0.0000000000
77996  -42.697  -1.363  43.238 0.0000000000
78008  -44.060  -0.797  43.492 0.0000000000
79025  -44.987  -0.276  44.298 0.0000000000
56046  -16.575  -22.079  63.079 0.0000000000
56052  -16.477  -22.326  62.637 0.0000000000
52561  -16.671  -23.746  62.350 0.0000000000
52605  -15.501  -23.477  60.687 0.0000000000
51456  -14.648  -24.096  59.957 0.0000000000
52538  -14.612  -24.181  63.501 0.0000000000
52524  -14.484  -24.153  64.433 0.0000000000
52502  -14.144  -24.235  65.340 0.0000000000
50247  -11.710  -25.581  63.531 0.0000000000
52522  -12.550  -24.512  64.914 0.0000000000
52501  -13.312  -24.391  65.571 0.0000000000
52480  -13.060  -24.088  66.172 0.0000000000
53676  -12.013  -23.114  65.791 0.0000000000
51355  -9.042  -26.082  64.696 0.0000000000
52496  -9.217  -25.103  65.185 0.0000000000
54969  -16.287  -22.646  63.453 0.0000000000
66411  -34.311  -12.741  49.980 0.0000000000
66430  -34.792  -12.639  49.388 0.0000000000
66412  -35.109  -12.711  49.925 0.0000000000
58212  -28.857  -17.180  53.167 0.0000000000
59336  -28.506  -17.081  52.720 0.0000000000
58213  -29.092  -16.918  53.110 0.0000000000
65216  -34.803  -13.599  50.730 0.0000000000
63958  -33.976  -13.341  50.776 0.0000000000
59300  -30.134  -16.842  54.818 0.0000000000
58178  -29.957  -17.369  54.708 0.0000000000
82272  -48.482  2.518  34.940 0.0000000000
69516  -34.044  -9.779  47.531 0.0000000000
72585  -35.354  -5.579  42.432 0.0000000000
73640  -36.273  -5.379  42.200 0.0000000000
73641  -36.942  -5.140  41.847 0.0000000000
57088  -17.522  -20.648  56.632 0.0000000000
58122  -17.619  -20.028  56.790 0.0000000000
57076  -17.306  -20.743  57.626 0.0000000000
65122  -35.849  -11.415  54.785 0.0000000000
65123  -36.594  -11.622  54.679 0.0000000000
65106  -37.170  -12.130  55.252 0.0000000000
65083  -32.399  -13.707  56.834 0.0000000000
65066  -33.027  -13.423  57.594 0.0000000000
63851  -32.679  -14.293  58.068 0.0000000000
79035  -44.734  -0.238  43.490 0.0000000000
79049  -45.189  0.379  42.815 0.0000000000
80079  -47.597  2.186  41.117 0.0000000000
81142  -48.069  2.491  40.277 0.0000000000
81157  -48.810  3.000  39.770 0.0000000000
74527  -35.085  -4.770  49.918 0.0000000000
75670  -37.485  -2.492  48.019 0.0000000000
75691  -36.954  -2.672  47.828 0.0000000000
74544  -37.605  -2.781  47.736 0.0000000000
73545  -38.006  -3.747  47.312 0.0000000000
73546  -38.593  -3.731  47.195 0.0000000000
74567  -38.363  -3.295  47.562 0.0000000000
126568  -23.778  -17.255  54.446 0.0000000000
60463  -24.024  -17.060  55.211 0.0000000000
126565  -23.452  -17.328  54.483 0.0000000000
84318  -56.960  6.629  33.739 0.0000000000
84340  -56.654  5.932  32.106 0.0000000000
54944  -14.912  -22.586  66.372 0.0000000000
54930  -14.549  -22.259  67.302 0.0000000000
66444  -35.780  -12.369  48.391 0.0000000000
67521  -35.481  -11.754  47.796 0.0000000000
67522  -35.818  -11.818  48.559 0.0000000000
68487  -37.532  -10.651  52.526 0.0000000000
68481  -37.560  -10.367  52.970 0.0000000000
70446  -36.720  -8.797  52.434 0.0000000000
71507  -35.874  -8.167  51.967 0.0000000000
71506  -35.072  -7.340  51.716 0.0000000000
58221  -24.577  -19.304  50.481 0.0000000000
58222  -25.438  -19.305  50.289 0.0000000000
65161  -30.613  -12.992  52.875 0.0000000000
59333  -25.813  -18.360  51.226 0.0000000000
59332  -25.368  -17.702  51.572 0.0000000000
82221  -50.923  3.758  38.635 0.0000000000
83247  -50.840  4.065  37.589 0.0000000000
83264  -53.345  5.493  36.833 0.0000000000
84301  -53.751  5.547  36.109 0.0000000000
84302  -54.309  5.781  35.587 0.0000000000
72553  -32.954  -5.789  45.604 0.0000000000
72552  -32.626  -6.595  45.403 0.0000000000
72567  -32.596  -6.475  44.849 0.0000000000
74678  -38.860  -4.140  41.469 0.0000000000
74689  -38.602  -4.711  40.504 0.0000000000
73563  -40.331  -3.216  46.080 0.0000000000
73585  -40.173  -3.830  45.424 0.0000000000
74622  -43.325  -2.968  45.346 0.0000000000
73624  -42.218  -3.159  44.685 0.0000000000
74640  -42.514  -2.888  44.789 0.0000000000
75750  -43.248  -2.452  44.833 0.0000000000
74642  -43.435  -2.332  45.134 0.0000000000
56072  -16.384  -22.187  60.033 0.0000000000
56073  -16.645  -21.630  60.273 0.0000000000
54998  -16.484  -22.571  60.067 0.0000000000
54999  -16.500  -22.543  60.337 0.0000000000
55012  -16.637  -22.915  60.036 0.0000000000
50212  -10.351  -26.174  64.299 0.0000000000
50213  -10.379  -25.492  64.005 0.0000000000
51369  -10.379  -25.098  64.633 0.0000000000
75637  -36.343  -3.172  50.599 0.0000000000
58203  -21.989  -18.741  51.714 0.0000000000
53720  -15.723  -23.140  64.615 0.0000000000
53698  -15.462  -23.255  65.256 0.0000000000
54953  -15.365  -22.653  65.753 0.0000000000
52504  -15.406  -23.575  64.937 0.0000000000
65267  -34.066  -12.838  48.110 0.0000000000
65242  -35.369  -12.775  49.208 0.0000000000
66431  -36.275  -13.031  48.716 0.0000000000
58209  -27.099  -17.673  51.899 0.0000000000
59354  -27.782  -17.081  51.695 0.0000000000
60541  -27.715  -17.056  51.164 0.0000000000
60560  -27.915  -16.434  51.174 0.0000000000
65188  -32.627  -12.712  52.085 0.0000000000
65187  -31.612  -12.536  52.188 0.0000000000
65238  -31.486  -12.478  49.739 0.0000000000
66407  -31.068  -12.799  48.313 0.0000000000
66426  -31.676  -13.102  48.123 0.0000000000
65265  -32.219  -13.381  47.622 0.0000000000
58177  -29.659  -17.700  54.623 0.0000000000
58162  -29.868  -17.341  56.055 0.0000000000
58161  -29.563  -17.526  55.525 0.0000000000
57126  -29.697  -17.782  56.374 0.0000000000
58160  -29.404  -17.482  55.340 0.0000000000
57124  -28.643  -17.626  55.595 0.0000000000
57139  -28.867  -17.516  54.671 0.0000000000
57165  -27.788  -17.398  52.981 0.0000000000
57153  -27.916  -17.521  53.571 0.0000000000
57152  -27.411  -17.463  53.014 0.0000000000
82232  -45.301  2.369  37.074 0.0000000000
72584  -34.664  -5.611  43.031 0.0000000000
74570  -42.689  -3.231  47.446 0.0000000000
73551  -42.546  -3.486  46.849 0.0000000000
74590  -44.074  -3.193  46.450 0.0000000000
60444  -19.723  -17.876  56.727 0.0000000000
60424  -19.821  -17.480  57.350 0.0000000000
60423  -19.352  -17.987  57.130 0.0000000000
58106  -18.896  -19.021  58.346 0.0000000000
59197  -19.091  -18.055  58.482 0.0000000000
58085  -18.429  -18.525  58.965 0.0000000000
56092  -17.080  -21.302  57.964 0.0000000000
57064  -16.947  -20.825  58.494 0.0000000000
55032  -16.420  -22.670  58.085 0.0000000000
65192  -35.633  -12.400  51.502 0.0000000000
65167  -35.912  -11.828  52.584 0.0000000000
65125  -37.625  -11.623  54.316 0.0000000000
65143  -37.189  -11.476  53.671 0.0000000000
65126  -37.965  -11.650  54.215 0.0000000000
61621  -30.625  -15.733  55.765 0.0000000000
61638  -30.358  -15.686  55.094 0.0000000000
62763  -31.173  -15.017  55.619 0.0000000000
65119  -31.750  -13.494  55.643 0.0000000000
63897  -31.605  -13.963  55.721 0.0000000000
65118  -31.986  -13.364  54.941 0.0000000000
66325  -32.131  -13.077  55.029 0.0000000000
65084  -34.668  -12.436  57.160 0.0000000000
66271  -33.961  -12.505  57.149 0.0000000000
66349  -33.260  -12.346  54.098 0.0000000000
66348  -32.517  -12.535  54.498 0.0000000000
65138  -33.696  -12.519  53.345 0.0000000000
65165  -34.210  -12.741  52.249 0.0000000000
63932  -34.532  -13.192  51.310 0.0000000000
62747  -31.461  -15.148  56.772 0.0000000000
61609  -30.947  -15.687  56.251 0.0000000000
60464  -30.754  -16.036  56.267 0.0000000000
78006  -42.448  -0.853  42.534 0.0000000000
79046  -42.748  -0.407  41.695 0.0000000000
80062  -43.601  0.832  41.083 0.0000000000
80075  -43.929  1.252  40.768 0.0000000000
81139  -44.462  1.375  40.713 0.0000000000
80052  -46.704  1.105  42.610 0.0000000000
80064  -46.347  1.271  41.829 0.0000000000
80091  -45.897  2.112  40.063 0.0000000000
80077  -46.316  1.602  41.015 0.0000000000
80090  -44.780  2.112  39.873 0.0000000000
80108  -45.745  2.201  38.859 0.0000000000
81169  -46.879  2.551  38.463 0.0000000000
81185  -47.865  2.997  37.530 0.0000000000
82234  -48.494  3.267  37.040 0.0000000000
81186  -48.370  3.168  38.133 0.0000000000
81172  -49.787  3.487  39.295 0.0000000000
81159  -50.834  3.652  40.058 0.0000000000
81145  -51.095  3.930  40.363 0.0000000000
71542  -34.267  -7.333  48.969 0.0000000000
71559  -33.911  -7.001  48.406 0.0000000000
73544  -33.687  -5.190  48.037 0.0000000000
72522  -33.526  -5.887  48.137 0.0000000000
72534  -33.266  -5.970  46.823 0.0000000000
73559  -33.782  -5.125  47.102 0.0000000000
75668  -35.823  -3.120  48.544 0.0000000000
74565  -35.890  -3.050  47.239 0.0000000000
74583  -35.216  -3.768  46.903 0.0000000000
74602  -36.794  -3.562  45.659 0.0000000000
73581  -35.680  -4.120  45.264 0.0000000000
73600  -37.483  -3.992  44.283 0.0000000000
74549  -41.896  -2.499  47.984 0.0000000000
73532  -41.119  -2.279  47.342 0.0000000000
74569  -42.126  -2.947  47.550 0.0000000000
60448  -23.080  -17.055  56.026 0.0000000000
60462  -22.179  -17.640  55.646 0.0000000000
59311  -21.466  -17.740  53.236 0.0000000000
59310  -20.851  -18.062  53.598 0.0000000000
58172  -19.850  -19.082  53.818 0.0000000000
59263  -21.352  -17.579  55.590 0.0000000000
59262  -20.556  -18.116  55.445 0.0000000000
59238  -20.151  -18.168  56.183 0.0000000000
59261  -19.748  -18.671  55.406 0.0000000000
54928  -12.917  -21.870  66.957 0.0000000000
65306  -34.011  -13.399  46.019 0.0000000000
68528  -34.930  -11.106  47.606 0.0000000000
69498  -34.785  -10.347  47.935 0.0000000000
69497  -34.334  -10.597  47.575 0.0000000000
65219  -36.101  -12.667  51.236 0.0000000000
65220  -36.736  -12.388  51.283 0.0000000000
67485  -37.303  -11.446  51.190 0.0000000000
66397  -37.215  -11.892  50.859 0.0000000000
67499  -36.940  -11.718  50.644 0.0000000000
70465  -36.652  -9.580  51.182 0.0000000000
70448  -36.828  -9.874  51.443 0.0000000000
68495  -36.609  -10.504  50.247 0.0000000000
69488  -35.936  -9.954  49.368 0.0000000000
69489  -35.744  -9.872  49.198 0.0000000000
70501  -35.616  -8.610  49.227 0.0000000000
70524  -35.311  -8.942  48.501 0.0000000000
71561  -34.967  -8.475  49.586 0.0000000000
70500  -34.745  -8.418  48.984 0.0000000000
72515  -34.608  -8.279  50.033 0.0000000000
71505  -34.515  -6.814  51.330 0.0000000000
72484  -34.391  -6.366  50.956 0.0000000000
73502  -34.953  -5.679  50.685 0.0000000000
73489  -34.777  -5.394  51.530 0.0000000000
72439  -35.502  -6.572  54.140 0.0000000000
58236  -26.612  -19.305  49.830 0.0000000000
58235  -26.002  -19.506  49.954 0.0000000000
61676  -29.728  -15.915  53.646 0.0000000000
62811  -29.633  -15.644  53.241 0.0000000000
62794  -29.421  -14.820  52.297 0.0000000000
61674  -28.998  -15.301  52.035 0.0000000000
61688  -28.666  -15.492  51.447 0.0000000000
65185  -29.587  -13.040  50.804 0.0000000000
59242  -25.192  -17.784  55.447 0.0000000000
57136  -27.183  -18.183  53.792 0.0000000000
57122  -27.330  -18.096  54.479 0.0000000000
58174  -26.662  -18.022  53.709 0.0000000000
60505  -25.114  -17.272  52.206 0.0000000000
60486  -25.396  -17.404  52.857 0.0000000000
60504  -24.753  -17.431  52.802 0.0000000000
126574  -23.991  -17.537  52.260 0.0000000000
59331  -24.233  -17.855  51.359 0.0000000000
82255  -49.249  3.541  36.563 0.0000000000
82263  -48.916  3.400  36.182 0.0000000000
83261  -50.419  4.314  36.331 0.0000000000
84300  -50.061  4.153  35.765 0.0000000000
83274  -50.535  4.335  35.327 0.0000000000
83290  -50.361  3.997  34.512 0.0000000000
83248  -51.728  4.537  37.441 0.0000000000
83276  -52.213  5.115  35.683 0.0000000000
83307  -52.128  5.339  34.134 0.0000000000
84325  -51.774  4.918  33.611 0.0000000000
85415  -53.532  5.841  33.264 0.0000000000
85414  -53.169  5.606  33.438 0.0000000000
84337  -53.681  5.282  32.273 0.0000000000
85431  -53.898  5.735  32.581 0.0000000000
84317  -56.285  6.715  34.467 0.0000000000
52604  -14.644  -23.824  60.888 0.0000000000
52580  -14.396  -23.642  61.790 0.0000000000
52603  -14.034  -24.226  61.081 0.0000000000
70542  -32.660  -8.398  46.082 0.0000000000
75778  -39.863  -3.430  41.059 0.0000000000
75791  -40.283  -3.264  40.348 0.0000000000
73618  -37.993  -4.122  43.730 0.0000000000
72587  -39.789  -4.194  43.923 0.0000000000
72586  -39.352  -3.964  43.749 0.0000000000
72599  -39.332  -3.869  43.538 0.0000000000
72600  -39.709  -3.882  43.544 0.0000000000
72537  -42.021  -3.272  45.979 0.0000000000
72572  -41.157  -3.363  45.232 0.0000000000
72557  -41.832  -3.301  45.410 0.0000000000
73644  -40.222  -3.688  43.319 0.0000000000
74661  -40.463  -3.414  42.955 0.0000000000
75764  -41.351  -2.525  42.887 0.0000000000
76892  -41.124  -2.231  41.752 0.0000000000
76879  -41.894  -1.745  42.988 0.0000000000
76881  -43.537  -1.597  44.105 0.0000000000
77998  -44.287  -0.869  44.170 0.0000000000
56053  -16.810  -21.723  62.289 0.0000000000
54978  -16.234  -22.738  62.330 0.0000000000
53787  -16.140  -23.260  61.961 0.0000000000
52582  -16.114  -23.395  61.760 0.0000000000
52606  -16.061  -23.166  61.342 0.0000000000
51467  -15.140  -24.138  59.458 0.0000000000
51457  -15.005  -23.810  59.768 0.0000000000
51466  -14.890  -24.414  59.142 0.0000000000
52579  -13.734  -24.092  62.146 0.0000000000
52558  -14.620  -24.034  62.664 0.0000000000
52557  -13.777  -24.556  62.860 0.0000000000
52536  -13.193  -24.715  63.484 0.0000000000
52537  -13.653  -24.559  63.737 0.0000000000
52523  -13.396  -24.440  64.605 0.0000000000
50245  -10.580  -27.001  63.010 0.0000000000
50246  -10.992  -26.240  63.127 0.0000000000
51390  -11.678  -25.106  64.411 0.0000000000
50226  -11.654  -25.414  63.958 0.0000000000
52500  -12.478  -24.349  65.710 0.0000000000
52498  -10.931  -24.161  65.362 0.0000000000
52478  -11.571  -23.699  65.741 0.0000000000
52476  -8.999  -25.626  64.866 0.0000000000
51367  -9.278  -25.712  64.806 0.0000000000
53719  -15.305  -23.323  64.211 0.0000000000
65243  -35.762  -12.884  49.455 0.0000000000
58210  -27.648  -17.387  52.316 0.0000000000
58225  -27.837  -17.208  52.179 0.0000000000
59355  -28.088  -16.914  52.165 0.0000000000
59356  -28.459  -16.609  52.265 0.0000000000
63930  -33.914  -13.471  51.437 0.0000000000
65215  -33.418  -12.992  51.393 0.0000000000
65240  -33.603  -12.880  50.622 0.0000000000
66409  -32.458  -12.605  49.228 0.0000000000
66428  -33.279  -12.757  48.697 0.0000000000
59284  -31.024  -17.153  55.907 0.0000000000
59283  -30.515  -16.764  56.355 0.0000000000
59299  -29.581  -18.147  54.008 0.0000000000
58193  -28.935  -18.208  53.898 0.0000000000
57166  -28.103  -17.446  53.322 0.0000000000
81200  -46.772  2.106  36.300 0.0000000000
83304  -49.252  3.043  34.452 0.0000000000
68539  -33.481  -11.136  46.717 0.0000000000
59236  -18.563  -19.146  56.497 0.0000000000
59216  -18.550  -19.023  56.924 0.0000000000
58105  -18.350  -19.427  57.650 0.0000000000
56099  -16.645  -22.197  57.741 0.0000000000
55033  -16.774  -22.675  57.362 0.0000000000
65141  -36.420  -11.571  53.835 0.0000000000
65124  -36.984  -11.437  54.270 0.0000000000
63871  -31.556  -14.549  56.298 0.0000000000
63873  -32.117  -14.057  56.653 0.0000000000
65102  -32.115  -13.889  56.528 0.0000000000
65100  -32.381  -12.820  56.478 0.0000000000
65103  -34.787  -12.278  56.019 0.0000000000
63860  -32.237  -14.623  57.417 0.0000000000
81141  -46.867  1.602  41.526 0.0000000000
80078  -47.024  1.819  41.040 0.0000000000
80092  -46.901  2.336  40.186 0.0000000000
72513  -34.106  -6.499  48.614 0.0000000000
73513  -34.611  -5.736  49.253 0.0000000000
75669  -36.754  -2.541  48.392 0.0000000000
75690  -36.355  -2.777  47.777 0.0000000000
74584  -36.230  -3.467  46.507 0.0000000000
74585  -36.982  -3.393  46.221 0.0000000000
61590  -24.014  -16.800  55.521 0.0000000000
126569  -23.411  -17.209  55.412 0.0000000000
58158  -19.661  -19.236  54.673 0.0000000000
84348  -55.919  5.314  31.318 0.0000000000
84349  -57.000  5.666  30.915 0.0000000000
66458  -34.431  -12.474  46.954 0.0000000000
66383  -37.245  -11.608  52.157 0.0000000000
67473  -37.561  -11.113  52.267 0.0000000000
68488  -37.586  -10.616  52.046 0.0000000000
69450  -37.303  -8.856  53.043 0.0000000000
72502  -34.742  -7.895  50.440 0.0000000000
72471  -34.659  -6.604  51.804 0.0000000000
73463  -35.552  -5.292  54.416 0.0000000000
63905  -29.884  -14.582  53.996 0.0000000000
62795  -29.807  -15.131  53.141 0.0000000000
63915  -29.560  -14.240  51.915 0.0000000000
65236  -29.257  -13.285  48.826 0.0000000000
63957  -29.028  -13.684  49.760 0.0000000000
58143  -26.828  -17.975  55.610 0.0000000000
58191  -26.569  -17.539  52.931 0.0000000000
58190  -26.261  -17.506  53.099 0.0000000000
58207  -26.060  -17.542  52.405 0.0000000000
60522  -24.813  -17.407  51.716 0.0000000000
58220  -23.857  -19.539  50.645 0.0000000000
83246  -49.907  3.697  37.365 0.0000000000
83294  -53.640  5.688  34.909 0.0000000000
84314  -53.616  5.941  34.328 0.0000000000
84315  -54.313  5.920  34.519 0.0000000000
51464  -13.379  -25.391  60.186 0.0000000000
71590  -32.696  -7.717  46.003 0.0000000000
71604  -32.558  -7.486  45.380 0.0000000000
71613  -32.548  -7.761  44.634 0.0000000000
74690  -39.362  -4.249  40.313 0.0000000000
73584  -39.407  -3.954  45.234 0.0000000000
72570  -40.020  -4.306  44.281 0.0000000000
73603  -40.380  -4.156  44.654 0.0000000000
73588  -42.739  -3.217  45.601 0.0000000000
73606  -42.106  -3.281  45.023 0.0000000000
73646  -41.825  -3.515  43.923 0.0000000000
74662  -41.129  -3.170  43.402 0.0000000000
75748  -42.478  -2.137  43.542 0.0000000000
75766  -42.758  -2.500  44.182 0.0000000000
76882  -43.432  -1.884  44.516 0.0000000000
76859  -43.741  -1.622  45.108 0.0000000000
57034  -17.330  -20.829  60.639 0.0000000000
52619  -15.652  -23.474  59.762 0.0000000000
52618  -15.363  -23.996  59.179 0.0000000000
51444  -12.882  -25.044  61.849 0.0000000000
51432  -12.743  -24.935  62.554 0.0000000000
51414  -12.702  -25.099  63.473 0.0000000000
49165  -10.456  -26.844  63.928 0.0000000000
51389  -11.191  -24.698  64.763 0.0000000000
52520  -11.458  -24.421  65.256 0.0000000000
65086  -36.545  -12.196  56.719 0.0000000000
80039  -46.116  0.559  43.145 0.0000000000
79050  -46.654  0.886  42.908 0.0000000000
79051  -46.803  1.208  42.938 0.0000000000
80067  -47.954  2.480  42.427 0.0000000000
81131  -48.985  2.952  41.757 0.0000000000
74519  -35.710  -3.850  50.739 0.0000000000
75636  -35.606  -3.961  50.379 0.0000000000
76752  -37.195  -2.532  49.854 0.0000000000
76778  -37.806  -2.313  49.296 0.0000000000
74546  -39.191  -2.633  48.259 0.0000000000
126571  -23.838  -17.521  53.286 0.0000000000
59312  -23.271  -17.432  53.532 0.0000000000
53697  -14.881  -23.283  65.635 0.0000000000
66445  -36.434  -12.462  48.728 0.0000000000
59352  -25.710  -18.695  50.724 0.0000000000
60574  -27.319  -16.972  49.361 0.0000000000
65162  -31.589  -12.642  53.093 0.0000000000
66379  -31.808  -12.590  52.746 0.0000000000
65212  -30.445  -12.675  50.348 0.0000000000
65214  -32.592  -12.547  51.244 0.0000000000
57108  -28.432  -17.844  56.378 0.0000000000
57137  -27.539  -17.843  53.818 0.0000000000
80120  -44.634  1.654  37.982 0.0000000000
83305  -50.867  4.222  33.716 0.0000000000
82208  -51.772  4.454  39.741 0.0000000000
82238  -51.663  4.522  38.241 0.0000000000
82223  -52.202  4.759  39.174 0.0000000000
82240  -52.614  4.870  38.695 0.0000000000
72582  -32.946  -6.561  44.118 0.0000000000
72583  -33.686  -6.321  43.502 0.0000000000
72535  -41.441  -3.258  46.093 0.0000000000
73565  -41.869  -3.280  46.430 0.0000000000
73566  -42.543  -3.455  46.287 0.0000000000
74588  -42.989  -3.650  46.277 0.0000000000
74605  -42.925  -3.550  45.998 0.0000000000
74606  -43.354  -3.265  45.816 0.0000000000
74607  -43.931  -2.792  45.891 0.0000000000
74623  -43.600  -2.530  45.435 0.0000000000
58066  -17.381  -19.961  59.030 0.0000000000
57048  -16.709  -20.972  59.555 0.0000000000
56082  -16.395  -21.855  59.311 0.0000000000
55023  -15.873  -22.747  59.487 0.0000000000
53848  -15.618  -22.982  59.058 0.0000000000
49155  -10.024  -26.990  64.461 0.0000000000
66393  -35.118  -12.950  50.702 0.0000000000
66382  -35.314  -12.698  51.178 0.0000000000
65168  -36.738  -12.118  52.797 0.0000000000
65169  -37.371  -12.038  53.017 0.0000000000
66370  -37.531  -11.427  52.925 0.0000000000
65089  -38.222  -12.033  55.600 0.0000000000
59317  -29.563  -16.814  54.083 0.0000000000
60506  -29.854  -16.376  54.291 0.0000000000
61658  -29.998  -15.894  54.445 0.0000000000
62782  -29.892  -15.324  54.599 0.0000000000
62771  -30.133  -14.725  54.608 0.0000000000
63907  -30.802  -13.799  54.381 0.0000000000
65136  -31.573  -12.973  54.133 0.0000000000
66270  -33.412  -12.803  57.343 0.0000000000
66291  -33.367  -12.449  56.773 0.0000000000
66307  -33.284  -12.354  55.948 0.0000000000
66308  -33.982  -12.257  55.703 0.0000000000
65163  -32.465  -12.595  52.898 0.0000000000
63917  -33.871  -13.264  51.930 0.0000000000
63931  -34.282  -13.428  51.429 0.0000000000
65217  -35.157  -13.577  51.060 0.0000000000
61624  -32.099  -17.302  56.183 0.0000000000
60475  -30.690  -16.614  56.393 0.0000000000
60489  -30.351  -16.582  55.777 0.0000000000
78016  -41.496  -1.306  41.194 0.0000000000
78026  -41.899  -0.638  40.770 0.0000000000
79058  -43.226  0.242  41.234 0.0000000000
79072  -42.867  0.279  40.545 0.0000000000
80074  -43.224  0.506  39.962 0.0000000000
80038  -45.850  0.565  42.882 0.0000000000
80050  -45.711  0.873  42.306 0.0000000000
81128  -46.641  1.509  41.494 0.0000000000
81154  -44.539  1.686  40.457 0.0000000000
80121  -45.177  1.934  38.358 0.0000000000
81183  -45.557  2.151  37.803 0.0000000000
82233  -45.836  2.476  37.250 0.0000000000
81201  -47.535  2.592  36.535 0.0000000000
82262  -48.739  3.205  35.710 0.0000000000
82219  -49.441  3.399  38.420 0.0000000000
83245  -49.585  3.428  37.880 0.0000000000
82205  -49.924  3.512  38.663 0.0000000000
81174  -51.210  3.805  39.599 0.0000000000
81132  -49.556  3.378  41.431 0.0000000000
81144  -49.973  3.487  40.869 0.0000000000
81160  -51.369  4.071  39.821 0.0000000000
70522  -33.864  -8.050  47.603 0.0000000000
71558  -33.673  -6.427  48.225 0.0000000000
74543  -35.021  -4.029  48.957 0.0000000000
74582  -34.429  -4.424  47.442 0.0000000000
72554  -33.903  -5.199  44.787 0.0000000000
74603  -39.866  -3.726  45.638 0.0000000000
73549  -41.114  -2.551  46.633 0.0000000000
73530  -39.933  -3.010  47.786 0.0000000000
74530  -40.918  -3.133  49.048 0.0000000000
73531  -40.389  -2.515  47.548 0.0000000000
59295  -22.165  -17.492  54.302 0.0000000000
59280  -21.826  -18.024  54.955 0.0000000000
59240  -21.321  -17.479  56.211 0.0000000000
58142  -19.329  -19.210  55.174 0.0000000000
58141  -18.818  -19.325  55.518 0.0000000000
58124  -18.577  -19.317  56.144 0.0000000000
84341  -57.875  6.178  31.847 0.0000000000
67519  -34.285  -11.674  47.042 0.0000000000
68526  -33.896  -11.513  46.999 0.0000000000
65244  -35.975  -12.497  49.979 0.0000000000
66396  -37.200  -12.139  51.117 0.0000000000
65271  -36.121  -12.717  49.458 0.0000000000
66433  -36.572  -12.400  49.193 0.0000000000
69453  -37.382  -10.351  51.695 0.0000000000
69477  -37.050  -10.771  51.053 0.0000000000
68507  -36.594  -11.174  50.452 0.0000000000
68519  -36.831  -11.976  48.910 0.0000000000
68531  -36.072  -11.897  48.867 0.0000000000
68530  -35.608  -11.150  48.871 0.0000000000
70502  -36.185  -8.914  49.176 0.0000000000
69518  -34.991  -9.308  48.243 0.0000000000
70545  -34.822  -9.034  48.142 0.0000000000
70478  -34.342  -7.991  48.978 0.0000000000
72501  -34.411  -7.432  49.811 0.0000000000
73514  -34.789  -6.091  49.816 0.0000000000
73482  -34.989  -5.796  52.717 0.0000000000
73481  -34.831  -5.238  52.267 0.0000000000
74508  -34.909  -4.827  52.068 0.0000000000
74509  -35.277  -4.594  51.579 0.0000000000
74510  -35.764  -3.902  51.230 0.0000000000
60523  -29.138  -16.366  52.924 0.0000000000
60544  -28.792  -16.254  52.481 0.0000000000
60561  -28.014  -16.469  51.449 0.0000000000
61703  -28.107  -16.244  51.368 0.0000000000
61701  -27.964  -16.494  50.307 0.0000000000
63929  -29.749  -13.748  51.886 0.0000000000
62826  -28.848  -14.222  50.975 0.0000000000
63945  -29.122  -13.639  50.524 0.0000000000
63944  -28.828  -14.318  50.226 0.0000000000
61714  -27.843  -16.218  49.015 0.0000000000
60450  -25.510  -17.484  56.584 0.0000000000
126566  -24.148  -17.310  53.742 0.0000000000
58159  -26.795  -18.022  54.737 0.0000000000
58173  -26.345  -17.658  53.494 0.0000000000
59281  -25.753  -17.412  53.897 0.0000000000
126570  -24.084  -17.530  53.284 0.0000000000
59313  -23.535  -17.715  52.578 0.0000000000
58205  -23.429  -19.079  51.121 0.0000000000
83272  -49.156  3.375  35.224 0.0000000000
83289  -49.603  3.562  34.787 0.0000000000
83260  -49.712  3.907  36.343 0.0000000000
84312  -49.736  3.767  35.373 0.0000000000
84334  -51.393  4.479  33.354 0.0000000000
84335  -51.913  4.610  32.961 0.0000000000
84336  -52.829  4.905  32.504 0.0000000000
84347  -54.933  5.102  31.568 0.0000000000
84329  -55.019  6.066  33.437 0.0000000000
52560  -16.407  -23.747  62.291 0.0000000000
52540  -16.448  -23.999  62.828 0.0000000000
51445  -13.359  -24.713  61.656 0.0000000000
51454  -13.582  -24.982  60.994 0.0000000000
51453  -12.983  -25.392  61.294 0.0000000000
71622  -33.055  -7.290  43.654 0.0000000000
74638  -37.633  -4.195  42.899 0.0000000000
74639  -38.272  -4.146  42.686 0.0000000000
73668  -38.889  -3.749  42.351 0.0000000000
73621  -40.680  -4.291  44.296 0.0000000000
73605  -41.453  -3.555  44.603 0.0000000000
73622  -41.096  -4.168  44.124 0.0000000000
72588  -40.403  -4.267  43.906 0.0000000000
72601  -40.192  -3.918  43.618 0.0000000000
75762  -39.991  -3.107  42.074 0.0000000000
76891  -40.845  -2.618  41.440 0.0000000000
78005  -41.633  -1.374  42.189 0.0000000000
76869  -42.972  -1.752  43.533 0.0000000000
78007  -43.315  -0.938  43.204 0.0000000000
75737  -43.604  -1.933  45.347 0.0000000000
53766  -16.076  -23.154  63.053 0.0000000000
54977  -16.260  -22.814  62.848 0.0000000000
53767  -16.923  -23.632  62.727 0.0000000000
52635  -15.508  -23.685  58.919 0.0000000000
52539  -15.392  -23.717  63.071 0.0000000000
53742  -15.077  -23.547  63.682 0.0000000000
53718  -14.884  -23.645  64.197 0.0000000000
53741  -14.701  -23.836  63.944 0.0000000000
52525  -15.097  -23.689  64.681 0.0000000000
52482  -14.453  -23.867  65.672 0.0000000000
50267  -10.974  -26.771  62.464 0.0000000000
51391  -12.495  -25.187  64.234 0.0000000000
52481  -13.928  -24.159  66.066 0.0000000000
53678  -13.570  -23.396  66.241 0.0000000000
53677  -12.741  -23.303  66.260 0.0000000000
52479  -12.206  -23.957  66.182 0.0000000000
54941  -12.350  -22.341  66.402 0.0000000000
50204  -9.350  -26.711  64.690 0.0000000000
51356  -9.412  -26.060  64.493 0.0000000000
52497  -9.946  -24.637  65.136 0.0000000000
51415  -13.168  -24.771  63.717 0.0000000000
52475  -8.934  -25.875  64.612 0.0000000000
52541  -17.036  -24.140  62.583 0.0000000000
52583  -16.216  -23.481  62.045 0.0000000000
53828  -16.041  -22.825  59.273 0.0000000000
55010  -16.068  -22.904  59.612 0.0000000000
57047  -16.479  -21.380  59.268 0.0000000000
58226  -28.050  -17.135  52.205 0.0000000000
59296  -25.981  -17.455  53.384 0.0000000000
59297  -26.338  -17.778  53.694 0.0000000000
59298  -29.556  -18.030  54.315 0.0000000000
59301  -30.305  -16.754  55.607 0.0000000000
59315  -29.359  -18.205  54.125 0.0000000000
59316  -29.324  -18.189  53.860 0.0000000000
59338  -29.238  -16.767  53.317 0.0000000000
60474  -30.567  -15.985  56.003 0.0000000000
60476  -31.986  -17.120  55.794 0.0000000000
60487  -30.464  -15.896  55.484 0.0000000000
60542  -27.874  -16.801  51.388 0.0000000000
61589  -23.718  -16.925  55.573 0.0000000000
61591  -31.335  -15.456  56.643 0.0000000000
61592  -31.435  -15.991  56.920 0.0000000000
61593  -31.879  -16.893  57.084 0.0000000000
61606  -23.660  -17.275  55.083 0.0000000000
61607  -23.844  -16.980  55.363 0.0000000000
61608  -30.692  -15.812  56.068 0.0000000000
61611  -32.543  -17.196  56.014 0.0000000000
61622  -30.693  -15.465  55.512 0.0000000000
61623  -31.724  -17.146  56.429 0.0000000000
61637  -30.522  -15.664  55.423 0.0000000000
61656  -29.231  -15.003  52.225 0.0000000000
61673  -28.818  -15.402  51.707 0.0000000000
61690  -29.038  -16.103  52.712 0.0000000000
61713  -27.881  -16.564  49.919 0.0000000000
62756  -31.559  -14.832  56.726 0.0000000000
62770  -29.923  -14.622  54.225 0.0000000000
62780  -29.736  -14.748  54.136 0.0000000000
62796  -29.659  -15.491  53.899 0.0000000000
62809  -28.859  -15.212  51.540 0.0000000000
62810  -29.150  -14.694  51.564 0.0000000000
62812  -29.670  -15.579  53.482 0.0000000000
63872  -31.794  -14.409  56.674 0.0000000000
63883  -31.514  -14.385  55.984 0.0000000000
63885  -32.049  -13.773  56.379 0.0000000000
63894  -30.137  -14.429  54.061 0.0000000000
63895  -30.409  -14.318  54.354 0.0000000000
63947  -34.534  -13.837  51.066 0.0000000000
63948  -34.761  -13.522  51.225 0.0000000000
63959  -34.337  -13.782  50.719 0.0000000000
65065  -32.799  -13.048  57.353 0.0000000000
65081  -32.398  -12.915  56.698 0.0000000000
65101  -32.060  -13.224  56.385 0.0000000000
65109  -38.400  -11.622  55.143 0.0000000000
65144  -37.604  -11.453  53.828 0.0000000000
65190  -34.338  -13.007  51.520 0.0000000000
65218  -35.823  -12.598  51.083 0.0000000000
65241  -34.305  -13.104  50.629 0.0000000000
66269  -33.036  -12.966  57.410 0.0000000000
66289  -32.535  -12.871  56.906 0.0000000000
66290  -32.799  -12.733  57.064 0.0000000000
66305  -32.576  -12.749  56.661 0.0000000000
66306  -32.659  -12.676  56.368 0.0000000000
66329  -36.477  -11.537  54.350 0.0000000000
66330  -36.716  -11.564  54.434 0.0000000000
66351  -38.001  -11.471  53.827 0.0000000000
66368  -31.925  -12.641  52.955 0.0000000000
66369  -32.101  -12.617  52.936 0.0000000000
66371  -37.606  -11.448  53.448 0.0000000000
66381  -35.175  -12.976  51.081 0.0000000000
66394  -35.567  -12.719  50.906 0.0000000000
66414  -35.832  -12.589  50.593 0.0000000000
66416  -37.005  -12.050  50.683 0.0000000000
66446  -36.755  -12.431  48.871 0.0000000000
67443  -36.671  -11.483  54.203 0.0000000000
67474  -37.539  -11.080  51.709 0.0000000000
67482  -36.319  -10.129  49.645 0.0000000000
67483  -36.520  -10.570  49.998 0.0000000000
67495  -35.939  -10.816  49.513 0.0000000000
67496  -36.243  -10.710  49.703 0.0000000000
67497  -36.451  -10.876  50.039 0.0000000000
67507  -35.918  -11.039  49.515 0.0000000000
67508  -36.003  -11.230  49.615 0.0000000000
67509  -36.623  -11.053  50.028 0.0000000000
67510  -36.282  -12.046  49.456 0.0000000000
67518  -34.081  -11.651  46.905 0.0000000000
67534  -33.943  -11.642  46.693 0.0000000000
68494  -36.328  -10.141  49.744 0.0000000000
68496  -36.657  -10.616  50.566 0.0000000000
68497  -37.443  -10.816  51.469 0.0000000000
68504  -36.078  -10.776  49.632 0.0000000000
68505  -36.314  -10.096  49.465 0.0000000000
68506  -36.532  -10.914  50.273 0.0000000000
68516  -35.675  -10.987  49.298 0.0000000000
68517  -35.841  -10.900  49.429 0.0000000000
69463  -36.615  -10.176  49.949 0.0000000000
69464  -36.636  -10.116  50.375 0.0000000000
69466  -37.227  -10.593  51.311 0.0000000000
69474  -36.019  -10.466  49.545 0.0000000000
69475  -36.278  -9.908  49.590 0.0000000000
69476  -36.445  -9.665  49.799 0.0000000000
69478  -37.236  -10.799  51.173 0.0000000000
69487  -35.797  -10.435  49.355 0.0000000000
70466  -36.683  -9.987  51.232 0.0000000000
70479  -34.454  -8.209  49.276 0.0000000000
71524  -34.387  -6.901  50.954 0.0000000000
71525  -34.679  -7.346  51.042 0.0000000000
71543  -34.249  -7.975  49.443 0.0000000000
71560  -34.521  -8.278  49.559 0.0000000000
71575  -33.484  -6.261  47.931 0.0000000000
71603  -32.504  -7.834  44.967 0.0000000000
72470  -34.428  -6.158  51.476 0.0000000000
72512  -33.823  -6.001  48.423 0.0000000000
72555  -41.213  -3.339  45.758 0.0000000000
72556  -41.540  -3.323  45.579 0.0000000000
72573  -41.379  -3.352  45.056 0.0000000000
72574  -41.686  -3.345  44.973 0.0000000000
72602  -40.527  -3.933  43.677 0.0000000000
73501  -34.541  -5.859  51.110 0.0000000000
73529  -34.189  -5.669  48.634 0.0000000000
73543  -33.757  -5.678  48.334 0.0000000000
73567  -43.016  -3.665  46.523 0.0000000000
73620  -39.421  -4.069  43.941 0.0000000000
73625  -42.742  -2.904  45.064 0.0000000000
74499  -35.041  -4.929  52.341 0.0000000000
74550  -42.492  -2.793  47.850 0.0000000000
74586  -39.940  -3.419  45.857 0.0000000000
74587  -40.050  -3.606  45.744 0.0000000000
74665  -43.003  -2.578  44.744 0.0000000000
75709  -36.595  -3.475  46.067 0.0000000000
75710  -36.829  -3.447  46.014 0.0000000000
75721  -36.636  -3.544  45.849 0.0000000000
75722  -36.871  -3.495  45.779 0.0000000000
75734  -42.736  -2.071  43.617 0.0000000000
75735  -43.131  -2.006  43.775 0.0000000000
75749  -42.918  -2.138  43.760 0.0000000000
75767  -43.162  -2.325  44.462 0.0000000000
75768  -43.312  -2.238  44.683 0.0000000000
76777  -37.175  -2.379  49.006 0.0000000000
76856  -42.708  -1.895  43.141 0.0000000000
76857  -42.832  -1.878  43.544 0.0000000000
76868  -42.593  -1.829  43.429 0.0000000000
76871  -43.547  -1.751  44.815 0.0000000000
77997  -43.115  -1.362  43.421 0.0000000000
79052  -46.989  1.553  43.424 0.0000000000
79074  -44.881  0.800  41.317 0.0000000000
81129  -46.729  1.452  41.732 0.0000000000
81138  -44.145  1.609  40.439 0.0000000000
81146  -51.499  4.240  40.081 0.0000000000
81153  -44.229  1.921  40.161 0.0000000000
82182  -49.819  3.479  41.365 0.0000000000
82192  -49.987  3.565  41.695 0.0000000000
82204  -49.667  3.509  38.660 0.0000000000
82206  -50.356  3.564  38.735 0.0000000000
82207  -50.708  3.653  38.603 0.0000000000
82218  -49.668  3.461  38.451 0.0000000000
83217  -49.974  3.619  42.041 0.0000000000
83218  -50.319  3.720  41.752 0.0000000000
83225  -49.739  3.464  38.368 0.0000000000
83226  -49.950  3.487  38.417 0.0000000000
83227  -50.269  3.552  38.470 0.0000000000
83228  -50.503  3.598  38.545 0.0000000000
83237  -49.563  3.428  38.250 0.0000000000
83238  -49.813  3.450  38.154 0.0000000000
83239  -50.262  3.592  38.056 0.0000000000
83308  -52.659  5.619  34.055 0.0000000000
84289  -49.999  3.934  35.928 0.0000000000
84291  -53.914  5.667  36.318 0.0000000000
84299  -49.785  3.918  35.722 0.0000000000
84324  -51.373  4.613  33.700 0.0000000000
85416  -53.870  6.026  32.870 0.0000000000
85429  -53.199  5.402  33.128 0.0000000000
126563  -23.680  -17.266  53.978 0.0000000000
126564  -23.980  -17.225  53.994 0.0000000000
126572  -23.965  -17.424  53.466 0.0000000000
126575  -23.805  -17.373  53.643 0.0000000000
126576  -24.017  -17.633  53.067 0.0000000000
126591  -30.487  -16.221  55.996 0.0000000000
126661  -36.779  -11.464  53.782 0.0000000000
