#!ascii label  , from subject 3150 vox2ras=TkReg
1388
95111  -43.802  15.910  26.399 0.0000000000
93493  -55.643  13.631  14.931 0.0000000000
98001  -52.928  19.860  30.974 0.0000000000
91554  -52.426  11.977  22.898 0.0000000000
89455  -52.854  9.356  30.777 0.0000000000
96704  -50.366  18.257  18.898 0.0000000000
100993  -52.202  23.877  22.951 0.0000000000
102366  -49.268  25.067  26.860 0.0000000000
86440  -45.685  6.183  34.935 0.0000000000
93377  -47.857  12.934  24.486 0.0000000000
93427  -50.028  13.407  19.620 0.0000000000
96661  -47.206  17.676  23.172 0.0000000000
100163  -54.469  22.811  33.201 0.0000000000
127127  -56.348  21.635  26.743 0.0000000000
103086  -55.561  26.810  26.469 0.0000000000
103108  -51.728  27.303  22.180 0.0000000000
103733  -54.203  28.350  29.028 0.0000000000
94384  -51.142  14.775  13.686 0.0000000000
95092  -42.948  15.701  31.354 0.0000000000
98018  -46.502  19.597  28.476 0.0000000000
94234  -56.203  15.442  26.465 0.0000000000
92473  -51.383  12.669  27.170 0.0000000000
90502  -47.688  11.043  27.657 0.0000000000
87513  -47.197  7.592  30.912 0.0000000000
96012  -53.005  16.572  14.284 0.0000000000
99606  -53.249  21.108  13.933 0.0000000000
99492  -49.965  21.513  24.493 0.0000000000
98783  -54.423  21.385  20.569 0.0000000000
99569  -50.744  21.312  18.087 0.0000000000
101046  -47.323  24.527  17.922 0.0000000000
101723  -45.923  24.593  21.131 0.0000000000
94246  -45.552  14.855  25.450 0.0000000000
95151  -46.584  15.506  23.544 0.0000000000
95921  -45.061  16.844  25.010 0.0000000000
101604  -55.081  25.089  32.674 0.0000000000
102329  -53.833  24.830  29.322 0.0000000000
103032  -55.401  27.312  29.446 0.0000000000
104432  -55.783  29.310  27.362 0.0000000000
94386  -53.383  14.475  13.682 0.0000000000
93292  -43.437  13.404  33.936 0.0000000000
95084  -45.632  15.247  32.105 0.0000000000
90495  -52.571  10.829  28.643 0.0000000000
91510  -49.855  11.895  27.608 0.0000000000
89483  -49.573  9.542  29.237 0.0000000000
86475  -46.705  6.279  32.810 0.0000000000
89463  -41.445  9.557  30.749 0.0000000000
92437  -40.230  12.487  30.934 0.0000000000
90453  -38.966  10.619  32.170 0.0000000000
92587  -53.811  12.650  20.116 0.0000000000
95975  -49.669  16.566  19.243 0.0000000000
94341  -51.200  14.370  17.312 0.0000000000
96724  -50.883  17.528  16.689 0.0000000000
97460  -52.557  18.904  13.463 0.0000000000
98132  -52.303  19.559  16.858 0.0000000000
98013  -49.541  19.541  29.661 0.0000000000
98733  -48.249  21.083  26.506 0.0000000000
99447  -51.107  21.661  28.088 0.0000000000
100985  -55.918  23.297  24.425 0.0000000000
99497  -55.148  21.486  23.757 0.0000000000
100266  -54.858  22.321  21.904 0.0000000000
99555  -52.994  22.158  18.810 0.0000000000
100279  -51.395  22.153  21.543 0.0000000000
99538  -48.280  22.016  20.181 0.0000000000
101003  -49.714  23.882  21.998 0.0000000000
102389  -50.280  25.497  24.858 0.0000000000
102419  -48.874  26.218  21.469 0.0000000000
101704  -47.532  24.843  23.130 0.0000000000
101002  -45.147  23.769  22.178 0.0000000000
101685  -47.192  24.369  25.223 0.0000000000
92532  -49.383  12.087  23.386 0.0000000000
92559  -51.015  11.969  20.921 0.0000000000
92545  -48.618  12.925  22.050 0.0000000000
95172  -48.417  15.927  21.124 0.0000000000
96688  -48.672  17.763  21.442 0.0000000000
98689  -54.710  20.797  31.976 0.0000000000
99439  -54.485  21.606  29.293 0.0000000000
100922  -56.415  22.310  29.793 0.0000000000
101679  -55.441  24.002  27.254 0.0000000000
102412  -54.507  26.377  23.424 0.0000000000
102434  -52.106  26.769  21.016 0.0000000000
103811  -54.903  28.493  22.944 0.0000000000
103084  -53.524  27.151  25.795 0.0000000000
103054  -52.204  26.193  27.976 0.0000000000
95243  -49.812  15.801  14.161 0.0000000000
95912  -42.796  16.811  28.900 0.0000000000
97348  -43.955  18.188  27.290 0.0000000000
96625  -45.355  17.865  29.934 0.0000000000
96617  -48.476  17.274  30.919 0.0000000000
97315  -50.621  17.897  31.607 0.0000000000
96590  -50.177  17.117  33.635 0.0000000000
97969  -52.693  19.173  33.218 0.0000000000
93380  -54.809  14.147  24.823 0.0000000000
94231  -54.032  14.208  26.835 0.0000000000
93363  -51.878  12.932  25.406 0.0000000000
92486  -49.570  12.589  26.363 0.0000000000
92484  -47.355  12.730  26.429 0.0000000000
88454  -52.772  8.512  33.109 0.0000000000
87442  -49.020  7.529  35.244 0.0000000000
87475  -50.138  7.535  33.326 0.0000000000
88474  -49.839  8.091  31.278 0.0000000000
89481  -47.845  9.210  29.313 0.0000000000
93325  -43.031  13.161  28.213 0.0000000000
95217  -57.409  16.100  16.110 0.0000000000
93452  -52.512  13.248  18.194 0.0000000000
94358  -54.272  14.678  16.327 0.0000000000
96026  -55.609  16.308  13.697 0.0000000000
96034  -54.158  16.699  12.659 0.0000000000
96755  -51.852  18.354  12.489 0.0000000000
98155  -50.094  19.253  14.127 0.0000000000
98038  -46.467  20.047  25.588 0.0000000000
98758  -48.129  20.224  23.786 0.0000000000
98072  -50.076  20.063  22.042 0.0000000000
100210  -53.397  22.343  26.510 0.0000000000
99517  -52.589  21.226  22.612 0.0000000000
98107  -51.780  20.040  19.693 0.0000000000
98821  -53.414  21.190  18.175 0.0000000000
99590  -52.392  22.056  15.852 0.0000000000
98140  -49.331  19.548  15.380 0.0000000000
102443  -49.760  26.360  19.520 0.0000000000
101752  -46.623  25.830  17.661 0.0000000000
100313  -43.281  22.980  17.819 0.0000000000
100302  -42.377  22.988  19.661 0.0000000000
100260  -42.102  23.157  22.278 0.0000000000
94229  -44.443  14.812  26.153 0.0000000000
95126  -45.692  15.470  25.013 0.0000000000
95920  -44.530  16.808  25.573 0.0000000000
102320  -55.076  25.878  31.354 0.0000000000
103725  -55.584  28.386  30.305 0.0000000000
93504  -54.959  14.194  14.522 0.0000000000
89486  -52.421  9.815  29.687 0.0000000000
90478  -51.252  10.222  28.955 0.0000000000
88506  -51.746  9.135  29.946 0.0000000000
88471  -41.585  8.548  31.303 0.0000000000
89453  -40.455  9.622  31.268 0.0000000000
92548  -53.419  12.415  22.732 0.0000000000
92561  -53.232  11.994  21.750 0.0000000000
96711  -49.826  17.131  18.777 0.0000000000
95981  -50.262  17.073  17.848 0.0000000000
96717  -50.600  17.534  17.472 0.0000000000
97442  -51.507  18.557  16.613 0.0000000000
97426  -51.020  18.843  18.495 0.0000000000
97999  -50.667  19.350  30.431 0.0000000000
98709  -50.260  20.653  29.173 0.0000000000
98710  -51.339  20.825  29.533 0.0000000000
100995  -54.674  23.718  23.924 0.0000000000
100253  -55.436  22.548  23.218 0.0000000000
100265  -53.448  22.880  22.335 0.0000000000
100280  -52.769  22.330  21.431 0.0000000000
100264  -52.082  22.739  22.349 0.0000000000
100278  -50.032  22.693  21.777 0.0000000000
101005  -51.432  23.763  22.781 0.0000000000
102381  -50.023  25.112  25.959 0.0000000000
102397  -48.734  25.257  23.713 0.0000000000
101687  -48.767  24.878  25.158 0.0000000000
101694  -47.397  24.429  24.194 0.0000000000
101677  -47.837  24.853  26.307 0.0000000000
92516  -48.705  12.495  24.401 0.0000000000
92546  -49.172  12.339  22.402 0.0000000000
93391  -47.823  13.239  23.773 0.0000000000
95941  -47.003  16.691  23.343 0.0000000000
94295  -47.717  15.148  22.034 0.0000000000
95955  -47.762  16.778  22.338 0.0000000000
95962  -48.535  16.979  21.076 0.0000000000
96678  -48.133  17.708  22.109 0.0000000000
100152  -54.523  21.947  32.646 0.0000000000
99428  -55.671  21.245  30.815 0.0000000000
100920  -56.244  23.113  31.174 0.0000000000
102371  -55.221  25.862  28.217 0.0000000000
101647  -54.696  24.315  28.268 0.0000000000
102384  -55.207  25.300  26.585 0.0000000000
102401  -54.983  24.976  25.327 0.0000000000
103093  -55.388  26.690  24.889 0.0000000000
103111  -54.710  27.505  22.809 0.0000000000
103798  -55.576  28.319  24.988 0.0000000000
103758  -55.313  28.994  27.791 0.0000000000
103791  -54.965  28.674  26.165 0.0000000000
103056  -54.066  27.500  27.453 0.0000000000
103076  -52.740  26.422  26.795 0.0000000000
103756  -52.826  27.254  28.607 0.0000000000
95244  -50.446  15.439  13.844 0.0000000000
95896  -42.960  16.130  30.743 0.0000000000
96623  -43.400  17.236  29.783 0.0000000000
95897  -44.077  16.456  31.001 0.0000000000
95086  -47.678  15.187  31.938 0.0000000000
95900  -47.252  16.672  31.134 0.0000000000
96603  -48.785  16.618  31.480 0.0000000000
96618  -49.215  17.625  31.025 0.0000000000
95889  -50.112  16.631  32.382 0.0000000000
97297  -48.537  17.751  33.375 0.0000000000
97300  -51.273  18.328  33.744 0.0000000000
97968  -51.661  19.236  33.710 0.0000000000
98678  -52.624  20.586  33.331 0.0000000000
99402  -51.302  21.224  32.498 0.0000000000
93381  -55.584  14.410  24.416 0.0000000000
94261  -55.042  14.836  25.425 0.0000000000
93336  -54.263  13.619  27.755 0.0000000000
93334  -52.955  13.419  26.831 0.0000000000
93346  -52.797  13.437  26.250 0.0000000000
92488  -51.986  13.137  26.598 0.0000000000
92487  -50.869  12.930  26.198 0.0000000000
90503  -48.615  11.112  27.817 0.0000000000
92470  -48.782  12.067  27.091 0.0000000000
91507  -47.258  11.657  27.206 0.0000000000
86424  -47.710  6.675  35.208 0.0000000000
86477  -48.735  6.641  32.773 0.0000000000
86490  -48.625  6.842  32.243 0.0000000000
87503  -49.786  7.688  31.719 0.0000000000
87514  -48.186  7.591  30.995 0.0000000000
88489  -48.707  8.085  30.433 0.0000000000
88488  -47.712  8.052  30.347 0.0000000000
94213  -41.768  14.385  28.796 0.0000000000
92448  -41.715  12.602  29.277 0.0000000000
94345  -57.968  15.217  17.308 0.0000000000
92570  -50.140  12.875  20.206 0.0000000000
92585  -51.974  12.515  19.520 0.0000000000
93437  -50.946  13.317  18.737 0.0000000000
95229  -52.230  15.599  15.405 0.0000000000
94356  -52.136  14.447  16.340 0.0000000000
95230  -53.190  15.679  15.026 0.0000000000
95232  -55.419  15.750  15.077 0.0000000000
96013  -54.192  16.643  13.684 0.0000000000
95270  -54.946  16.416  12.854 0.0000000000
96024  -54.345  16.984  13.181 0.0000000000
98150  -52.565  19.895  13.659 0.0000000000
98164  -52.932  19.467  12.674 0.0000000000
98163  -52.194  19.890  12.529 0.0000000000
97467  -50.655  18.890  12.903 0.0000000000
98866  -51.677  20.669  13.363 0.0000000000
98017  -45.563  19.268  28.530 0.0000000000
98036  -45.026  19.274  26.020 0.0000000000
98024  -46.503  19.969  27.507 0.0000000000
99468  -49.588  21.622  26.397 0.0000000000
99477  -48.134  21.207  25.214 0.0000000000
98752  -49.207  20.946  24.081 0.0000000000
98767  -49.219  20.282  22.791 0.0000000000
98761  -50.393  21.052  23.113 0.0000000000
99451  -55.335  21.724  28.206 0.0000000000
99449  -53.906  22.307  28.034 0.0000000000
100224  -54.793  21.746  26.075 0.0000000000
99519  -54.417  21.232  21.996 0.0000000000
99507  -53.388  21.423  23.307 0.0000000000
98772  -53.577  20.875  21.667 0.0000000000
98780  -51.956  20.413  21.249 0.0000000000
98792  -53.344  20.583  20.244 0.0000000000
98118  -52.822  20.299  18.382 0.0000000000
98805  -54.213  21.599  19.075 0.0000000000
99554  -51.773  21.574  19.032 0.0000000000
100316  -52.647  22.052  17.480 0.0000000000
99582  -51.360  21.392  17.088 0.0000000000
98843  -50.799  20.876  16.163 0.0000000000
98834  -50.168  20.970  17.049 0.0000000000
98841  -48.520  20.227  16.505 0.0000000000
98820  -49.654  20.997  17.705 0.0000000000
100304  -47.507  22.786  19.546 0.0000000000
99550  -47.176  22.174  18.920 0.0000000000
103119  -51.952  27.400  21.269 0.0000000000
102433  -51.230  26.556  20.747 0.0000000000
103117  -50.585  27.082  20.895 0.0000000000
102429  -47.361  25.876  21.280 0.0000000000
101734  -47.526  26.038  19.795 0.0000000000
101741  -45.829  24.883  18.640 0.0000000000
101750  -45.011  24.571  17.490 0.0000000000
101034  -44.495  23.996  18.934 0.0000000000
101032  -42.931  23.088  19.326 0.0000000000
101024  -44.505  23.609  20.100 0.0000000000
100989  -44.172  23.364  23.247 0.0000000000
101000  -43.344  23.481  22.216 0.0000000000
100988  -43.384  23.302  23.001 0.0000000000
100248  -42.057  22.837  23.281 0.0000000000
93375  -46.474  14.208  24.878 0.0000000000
94260  -46.890  14.065  24.041 0.0000000000
94259  -46.469  14.581  24.167 0.0000000000
95141  -46.082  15.723  24.454 0.0000000000
96646  -45.849  17.923  24.152 0.0000000000
100928  -55.658  24.397  30.562 0.0000000000
101627  -55.646  24.998  31.508 0.0000000000
103031  -54.917  26.314  29.527 0.0000000000
103058  -55.368  26.717  28.515 0.0000000000
104451  -56.140  28.960  26.742 0.0000000000
103759  -55.872  28.126  28.565 0.0000000000
104418  -55.919  29.062  28.871 0.0000000000
94385  -52.304  14.490  13.649 0.0000000000
94184  -43.582  14.575  33.023 0.0000000000
95083  -44.579  15.119  31.932 0.0000000000
94185  -44.565  14.409  32.809 0.0000000000
91497  -52.323  11.444  28.165 0.0000000000
91511  -50.824  12.003  27.921 0.0000000000
90493  -50.861  10.858  28.224 0.0000000000
90492  -49.932  10.697  28.324 0.0000000000
90491  -49.078  10.483  28.377 0.0000000000
86459  -46.850  5.989  33.802 0.0000000000
86486  -45.171  6.686  31.495 0.0000000000
90472  -42.005  10.629  29.696 0.0000000000
91480  -41.381  11.650  29.754 0.0000000000
90461  -40.473  10.690  30.900 0.0000000000
90454  -39.741  10.639  31.500 0.0000000000
94317  -49.592  14.725  19.574 0.0000000000
93449  -50.226  14.063  18.702 0.0000000000
95194  -49.971  15.454  18.130 0.0000000000
95203  -50.729  15.463  16.955 0.0000000000
96001  -51.864  16.568  14.972 0.0000000000
96739  -52.803  17.696  13.737 0.0000000000
96730  -51.867  17.846  14.684 0.0000000000
97451  -51.892  18.757  15.355 0.0000000000
98133  -52.823  20.240  15.927 0.0000000000
98012  -48.444  19.521  29.307 0.0000000000
98715  -47.810  20.240  28.110 0.0000000000
98716  -48.522  20.400  28.282 0.0000000000
99445  -49.602  21.186  27.929 0.0000000000
100192  -50.880  22.358  26.922 0.0000000000
100977  -56.540  22.395  25.937 0.0000000000
100225  -55.924  21.709  25.430 0.0000000000
100241  -56.171  22.055  24.175 0.0000000000
99520  -55.125  21.758  21.990 0.0000000000
99532  -54.576  21.911  20.854 0.0000000000
98806  -54.630  22.005  19.518 0.0000000000
100295  -54.226  22.307  19.926 0.0000000000
99542  -52.631  21.760  19.801 0.0000000000
99541  -51.290  21.598  20.307 0.0000000000
99568  -49.512  21.178  18.503 0.0000000000
99540  -49.925  21.526  20.350 0.0000000000
100277  -48.740  22.445  21.193 0.0000000000
101027  -48.454  24.428  19.939 0.0000000000
102400  -51.135  26.465  23.493 0.0000000000
103106  -50.365  26.680  21.736 0.0000000000
102407  -49.720  26.308  22.472 0.0000000000
102405  -47.919  25.449  22.733 0.0000000000
101714  -46.600  25.070  22.206 0.0000000000
101014  -45.264  23.856  21.152 0.0000000000
101703  -46.487  24.439  23.243 0.0000000000
100991  -45.903  24.077  23.621 0.0000000000
100976  -45.492  23.872  24.860 0.0000000000
91552  -51.160  11.757  23.353 0.0000000000
91566  -51.584  11.671  22.420 0.0000000000
91565  -50.633  11.552  22.473 0.0000000000
92557  -49.395  12.790  21.389 0.0000000000
93416  -49.188  13.833  20.860 0.0000000000
94284  -47.624  14.634  22.554 0.0000000000
94296  -48.168  14.831  21.751 0.0000000000
94307  -49.317  14.705  20.394 0.0000000000
95178  -49.076  16.118  20.484 0.0000000000
95969  -49.365  16.762  19.997 0.0000000000
97418  -49.883  18.408  19.996 0.0000000000
98002  -53.538  20.363  31.137 0.0000000000
98696  -53.119  20.691  30.420 0.0000000000
99427  -54.806  21.116  30.272 0.0000000000
99440  -55.557  21.577  29.549 0.0000000000
100184  -56.572  22.029  27.581 0.0000000000
100938  -55.239  24.120  29.764 0.0000000000
127130  -56.227  23.266  28.436 0.0000000000
127135  -56.840  22.423  26.970 0.0000000000
101690  -55.893  23.465  25.469 0.0000000000
101698  -55.223  24.273  24.920 0.0000000000
101708  -53.228  24.683  23.734 0.0000000000
101719  -52.221  25.493  22.396 0.0000000000
103110  -54.125  26.782  22.515 0.0000000000
103819  -53.549  27.662  22.108 0.0000000000
103801  -53.155  27.483  23.037 0.0000000000
104463  -55.494  28.616  25.393 0.0000000000
103796  -54.140  27.899  24.906 0.0000000000
103091  -52.480  26.872  24.418 0.0000000000
102391  -51.941  26.424  24.912 0.0000000000
102368  -51.802  25.729  26.796 0.0000000000
102367  -50.615  25.469  27.101 0.0000000000
95915  -42.917  16.699  27.855 0.0000000000
95917  -43.281  16.982  26.882 0.0000000000
96631  -43.372  17.630  27.834 0.0000000000
97342  -44.462  18.542  28.680 0.0000000000
98009  -45.829  18.876  29.214 0.0000000000
95898  -45.099  16.599  31.054 0.0000000000
96615  -46.352  17.398  30.558 0.0000000000
97337  -47.507  18.595  29.849 0.0000000000
97338  -48.456  18.757  29.889 0.0000000000
97998  -49.967  18.877  30.297 0.0000000000
97328  -51.427  18.823  31.117 0.0000000000
95876  -49.998  16.131  33.031 0.0000000000
96596  -50.531  17.027  32.940 0.0000000000
97309  -51.816  17.736  32.597 0.0000000000
97992  -52.836  19.142  31.733 0.0000000000
98667  -53.918  19.831  33.228 0.0000000000
99405  -54.371  20.915  32.970 0.0000000000
100151  -53.607  22.273  33.188 0.0000000000
93392  -54.744  13.653  24.023 0.0000000000
92521  -53.659  13.081  24.367 0.0000000000
94223  -55.099  14.161  28.181 0.0000000000
94233  -55.518  15.305  26.891 0.0000000000
93365  -53.742  14.195  25.737 0.0000000000
93364  -52.749  13.350  25.282 0.0000000000
92519  -52.048  12.369  24.352 0.0000000000
92518  -51.177  12.141  24.317 0.0000000000
92502  -49.801  12.563  25.392 0.0000000000
92501  -48.680  12.556  25.612 0.0000000000
92471  -49.328  12.282  27.094 0.0000000000
92485  -48.437  12.407  26.573 0.0000000000
92500  -47.757  12.908  25.770 0.0000000000
93361  -46.984  13.325  25.933 0.0000000000
87443  -49.872  7.700  35.136 0.0000000000
86443  -48.111  6.650  34.501 0.0000000000
87458  -49.264  7.318  34.356 0.0000000000
88437  -50.659  7.851  34.185 0.0000000000
88452  -51.358  7.802  33.118 0.0000000000
87505  -51.166  7.995  32.188 0.0000000000
88491  -50.827  8.525  30.618 0.0000000000
88504  -50.244  8.766  29.832 0.0000000000
89482  -48.694  9.134  29.395 0.0000000000
89493  -47.477  9.767  28.658 0.0000000000
94221  -43.411  14.705  27.199 0.0000000000
95104  -42.397  15.436  28.348 0.0000000000
95095  -41.739  15.596  29.568 0.0000000000
95090  -41.548  15.304  30.656 0.0000000000
95065  -42.308  14.972  32.270 0.0000000000
93468  -58.050  14.574  16.807 0.0000000000
93481  -57.879  14.686  15.894 0.0000000000
93495  -57.707  14.881  14.999 0.0000000000
91592  -52.469  11.784  20.899 0.0000000000
92586  -53.061  12.643  19.681 0.0000000000
93463  -52.172  13.570  17.215 0.0000000000
93478  -52.905  13.826  16.676 0.0000000000
93480  -54.346  14.379  16.869 0.0000000000
94375  -55.830  15.379  15.646 0.0000000000
96004  -56.929  16.022  14.893 0.0000000000
94389  -56.258  15.033  14.344 0.0000000000
94405  -54.939  15.318  13.390 0.0000000000
95260  -53.575  15.798  12.851 0.0000000000
95259  -52.723  16.018  13.061 0.0000000000
97469  -53.447  17.980  13.010 0.0000000000
96032  -52.785  17.216  12.556 0.0000000000
96021  -51.480  16.782  13.099 0.0000000000
96020  -50.686  16.852  13.354 0.0000000000
96737  -49.596  17.632  13.938 0.0000000000
97459  -49.472  18.429  14.530 0.0000000000
96636  -44.292  17.712  26.122 0.0000000000
97358  -45.587  18.700  24.840 0.0000000000
97369  -46.417  18.730  23.974 0.0000000000
98741  -47.105  20.551  25.859 0.0000000000
98050  -47.178  20.106  24.557 0.0000000000
97371  -47.557  18.954  23.168 0.0000000000
98070  -48.698  19.476  22.584 0.0000000000
98079  -49.707  19.398  21.554 0.0000000000
97412  -50.358  18.901  20.223 0.0000000000
99437  -52.610  21.759  29.196 0.0000000000
100193  -51.766  22.235  27.128 0.0000000000
100222  -51.670  22.171  25.500 0.0000000000
99483  -54.141  21.847  24.839 0.0000000000
99494  -52.379  21.713  24.632 0.0000000000
99505  -51.313  21.424  23.513 0.0000000000
98769  -50.834  20.758  22.335 0.0000000000
98081  -51.168  19.988  21.136 0.0000000000
98116  -51.166  19.401  19.273 0.0000000000
98117  -51.904  19.688  18.723 0.0000000000
98845  -53.147  21.119  15.934 0.0000000000
98822  -53.818  21.912  18.031 0.0000000000
99584  -52.936  21.613  17.061 0.0000000000
99598  -52.658  21.615  14.820 0.0000000000
98860  -51.296  20.656  14.152 0.0000000000
98148  -49.812  19.306  14.768 0.0000000000
99567  -48.372  21.319  18.541 0.0000000000
102421  -51.156  25.706  21.432 0.0000000000
101727  -49.781  25.301  20.730 0.0000000000
101744  -48.663  25.861  18.765 0.0000000000
102431  -49.084  26.734  20.134 0.0000000000
102441  -48.126  26.526  19.168 0.0000000000
102456  -47.157  25.717  17.301 0.0000000000
101759  -45.286  24.999  16.460 0.0000000000
100323  -43.727  22.928  17.357 0.0000000000
99576  -42.963  22.105  17.626 0.0000000000
101012  -43.550  23.400  21.249 0.0000000000
101011  -42.739  23.349  21.206 0.0000000000
103052  -49.561  26.276  28.468 0.0000000000
102365  -48.233  25.157  27.140 0.0000000000
102378  -47.193  25.005  26.835 0.0000000000
101675  -46.016  24.483  25.995 0.0000000000
101674  -45.268  24.178  26.093 0.0000000000
95124  -44.439  15.885  25.845 0.0000000000
89470  -53.300  9.906  30.350 0.0000000000
89469  -52.577  9.446  30.259 0.0000000000
89468  -52.094  9.322  29.954 0.0000000000
87494  -41.209  7.816  31.654 0.0000000000
92547  -52.762  12.081  22.570 0.0000000000
96712  -50.356  17.655  18.355 0.0000000000
97433  -50.962  18.305  17.590 0.0000000000
98000  -51.877  19.492  30.928 0.0000000000
98694  -50.989  20.241  30.197 0.0000000000
98695  -52.093  20.368  30.340 0.0000000000
100994  -53.271  23.571  23.092 0.0000000000
100251  -53.699  23.167  22.761 0.0000000000
101007  -53.123  23.296  22.690 0.0000000000
101006  -52.603  23.365  22.686 0.0000000000
100992  -51.833  23.897  22.858 0.0000000000
102388  -49.447  25.178  25.058 0.0000000000
102380  -49.269  24.816  25.851 0.0000000000
101686  -48.038  24.654  25.192 0.0000000000
101678  -48.627  24.739  26.038 0.0000000000
95954  -47.346  16.407  22.772 0.0000000000
95942  -47.458  17.022  22.920 0.0000000000
96677  -47.568  17.686  22.612 0.0000000000
100164  -55.638  22.563  32.345 0.0000000000
103079  -55.504  26.397  27.540 0.0000000000
102370  -55.205  25.271  27.646 0.0000000000
103085  -55.367  26.039  26.551 0.0000000000
102385  -55.380  26.042  26.188 0.0000000000
102394  -55.394  26.524  25.710 0.0000000000
103102  -55.614  27.762  24.321 0.0000000000
103094  -55.593  27.423  25.384 0.0000000000
104416  -54.566  28.751  28.804 0.0000000000
103757  -54.380  28.121  28.183 0.0000000000
103055  -53.469  26.899  27.729 0.0000000000
103732  -53.434  27.958  29.458 0.0000000000
93501  -51.778  13.852  14.299 0.0000000000
93500  -50.854  13.903  14.592 0.0000000000
94383  -50.092  14.656  14.410 0.0000000000
96612  -43.476  16.741  30.381 0.0000000000
95883  -43.881  15.878  31.464 0.0000000000
95087  -48.320  15.215  32.087 0.0000000000
95887  -48.284  15.966  31.743 0.0000000000
95874  -48.607  15.554  32.261 0.0000000000
95888  -49.357  16.287  32.099 0.0000000000
97981  -50.824  19.693  33.062 0.0000000000
97982  -51.545  19.968  33.221 0.0000000000
94250  -55.625  15.199  25.908 0.0000000000
92489  -52.570  13.213  26.717 0.0000000000
91508  -48.229  11.756  27.237 0.0000000000
90501  -46.771  11.134  27.673 0.0000000000
86423  -47.021  6.578  35.570 0.0000000000
86489  -48.113  6.828  32.191 0.0000000000
87501  -47.663  7.268  31.617 0.0000000000
87502  -48.742  7.199  31.815 0.0000000000
91481  -42.430  11.629  29.089 0.0000000000
92449  -42.381  12.399  28.895 0.0000000000
93466  -55.941  14.570  17.645 0.0000000000
92583  -50.366  13.106  19.543 0.0000000000
93436  -50.404  13.455  19.067 0.0000000000
96002  -52.531  16.087  14.912 0.0000000000
95245  -53.904  16.085  14.408 0.0000000000
96740  -53.411  17.021  13.612 0.0000000000
99612  -53.412  20.970  13.425 0.0000000000
98868  -53.258  20.581  13.017 0.0000000000
99611  -53.277  21.153  13.269 0.0000000000
98157  -51.604  20.354  12.825 0.0000000000
98867  -52.632  21.008  12.842 0.0000000000
98023  -45.596  19.597  27.613 0.0000000000
99479  -49.728  21.684  25.483 0.0000000000
99491  -49.087  21.344  24.749 0.0000000000
98760  -49.669  20.882  23.460 0.0000000000
99504  -50.479  21.362  23.829 0.0000000000
99452  -55.676  21.585  27.224 0.0000000000
127125  -55.064  21.737  27.264 0.0000000000
127128  -56.078  21.533  26.788 0.0000000000
99531  -54.451  21.479  21.272 0.0000000000
98782  -54.005  20.923  20.968 0.0000000000
98781  -53.000  20.644  21.076 0.0000000000
98793  -54.211  21.020  19.966 0.0000000000
98804  -53.408  20.719  19.243 0.0000000000
99570  -52.178  22.192  17.835 0.0000000000
100315  -47.121  23.704  18.697 0.0000000000
100314  -46.765  23.073  18.556 0.0000000000
101045  -46.773  23.779  17.899 0.0000000000
101053  -46.434  24.473  16.933 0.0000000000
103118  -51.305  27.302  21.053 0.0000000000
103107  -51.045  26.788  21.805 0.0000000000
101724  -46.797  25.236  20.974 0.0000000000
101733  -46.834  25.434  19.622 0.0000000000
101732  -45.926  24.835  19.989 0.0000000000
101035  -45.339  24.358  19.208 0.0000000000
101025  -45.393  24.001  20.052 0.0000000000
100982  -44.970  23.563  24.178 0.0000000000
94247  -46.159  14.837  24.983 0.0000000000
95140  -45.509  16.139  24.846 0.0000000000
95930  -45.611  16.844  24.463 0.0000000000
95931  -46.346  16.729  23.978 0.0000000000
101620  -55.529  24.606  32.211 0.0000000000
101621  -55.715  24.910  32.227 0.0000000000
103025  -55.144  26.611  30.433 0.0000000000
104402  -55.883  29.135  29.715 0.0000000000
104417  -55.377  29.346  28.612 0.0000000000
93491  -53.408  13.250  14.837 0.0000000000
93502  -52.833  13.816  14.237 0.0000000000
94170  -44.058  14.001  33.534 0.0000000000
91496  -51.544  11.433  28.070 0.0000000000
90494  -51.807  10.774  28.436 0.0000000000
89484  -50.711  9.569  29.434 0.0000000000
90477  -50.314  10.258  28.918 0.0000000000
89495  -49.220  9.953  28.741 0.0000000000
88483  -42.969  8.749  30.676 0.0000000000
89464  -42.507  9.648  30.202 0.0000000000
90463  -41.795  10.107  30.261 0.0000000000
90462  -41.210  10.603  30.335 0.0000000000
89462  -40.856  10.096  30.763 0.0000000000
95187  -49.824  15.607  19.042 0.0000000000
94328  -49.944  14.710  18.792 0.0000000000
95987  -50.352  16.570  17.289 0.0000000000
95994  -51.024  16.601  16.038 0.0000000000
95995  -51.470  17.197  15.361 0.0000000000
96725  -51.260  17.789  15.729 0.0000000000
98142  -52.152  19.453  15.920 0.0000000000
98143  -52.530  19.868  14.827 0.0000000000
98707  -48.826  19.959  29.008 0.0000000000
98708  -49.402  20.287  29.089 0.0000000000
99435  -50.713  21.263  28.770 0.0000000000
98718  -50.018  21.051  28.426 0.0000000000
99446  -50.188  21.433  27.977 0.0000000000
99456  -50.370  21.817  27.214 0.0000000000
99457  -51.123  22.082  27.454 0.0000000000
99521  -55.522  22.137  22.417 0.0000000000
100282  -54.581  22.083  20.512 0.0000000000
100293  -52.284  22.044  20.686 0.0000000000
100294  -53.305  22.120  20.404 0.0000000000
99530  -50.423  21.815  21.105 0.0000000000
101018  -49.775  23.290  22.002 0.0000000000
101017  -49.341  23.754  21.670 0.0000000000
101016  -48.359  23.563  20.940 0.0000000000
101726  -48.936  24.604  20.642 0.0000000000
102390  -51.244  25.955  24.638 0.0000000000
102399  -50.436  25.982  23.661 0.0000000000
101705  -48.253  25.159  23.291 0.0000000000
101715  -47.351  25.481  22.410 0.0000000000
101693  -46.530  24.130  24.302 0.0000000000
100983  -45.742  23.852  24.256 0.0000000000
101684  -46.257  24.043  25.206 0.0000000000
91551  -50.248  11.607  23.384 0.0000000000
91573  -49.549  12.087  21.988 0.0000000000
92556  -48.792  13.098  21.618 0.0000000000
94272  -46.983  14.562  23.491 0.0000000000
93402  -47.508  13.944  23.237 0.0000000000
95152  -47.234  15.270  23.036 0.0000000000
95171  -47.985  15.535  21.839 0.0000000000
94297  -48.849  14.749  21.100 0.0000000000
95173  -49.052  15.434  20.627 0.0000000000
95968  -48.919  16.823  20.625 0.0000000000
96695  -48.957  17.456  20.914 0.0000000000
96696  -49.353  17.737  20.346 0.0000000000
96689  -49.171  18.084  20.972 0.0000000000
98688  -54.134  20.486  31.574 0.0000000000
98697  -54.054  20.752  30.777 0.0000000000
98698  -54.854  20.742  31.121 0.0000000000
100166  -56.280  22.064  30.231 0.0000000000
99441  -55.976  21.724  30.112 0.0000000000
100176  -56.209  21.988  29.332 0.0000000000
100175  -56.036  21.768  28.685 0.0000000000
101633  -54.855  24.596  29.772 0.0000000000
100929  -56.063  23.893  30.474 0.0000000000
127132  -55.334  23.634  28.022 0.0000000000
127137  -56.083  23.495  27.314 0.0000000000
127131  -56.231  23.281  27.876 0.0000000000
101680  -56.198  23.030  26.780 0.0000000000
101689  -55.440  24.402  25.931 0.0000000000
102402  -54.850  25.753  24.702 0.0000000000
101709  -53.960  25.143  24.424 0.0000000000
102411  -53.563  25.929  22.991 0.0000000000
103812  -55.426  28.485  23.539 0.0000000000
103122  -54.062  27.867  22.690 0.0000000000
103820  -54.205  28.093  22.615 0.0000000000
103809  -53.111  27.592  22.230 0.0000000000
103810  -53.956  27.832  22.630 0.0000000000
104464  -55.723  28.685  25.728 0.0000000000
104450  -55.702  28.961  26.415 0.0000000000
103790  -54.291  27.959  25.976 0.0000000000
103092  -53.218  27.355  24.749 0.0000000000
103083  -52.633  26.498  25.509 0.0000000000
103075  -52.165  26.013  27.295 0.0000000000
102347  -51.914  25.864  27.469 0.0000000000
102346  -51.489  25.733  27.639 0.0000000000
94382  -49.553  15.185  14.566 0.0000000000
96009  -49.328  16.650  14.270 0.0000000000
95914  -42.553  16.168  28.299 0.0000000000
96624  -44.253  17.840  29.866 0.0000000000
96629  -44.029  18.208  29.108 0.0000000000
97334  -44.667  18.266  29.435 0.0000000000
97343  -45.206  18.828  28.824 0.0000000000
95884  -44.871  15.913  31.556 0.0000000000
95885  -45.920  16.089  31.730 0.0000000000
96616  -47.446  17.276  30.710 0.0000000000
97323  -46.779  17.883  30.421 0.0000000000
97324  -47.530  17.972  30.446 0.0000000000
97325  -48.465  18.079  30.475 0.0000000000
97314  -49.899  17.624  31.486 0.0000000000
97326  -49.562  18.304  30.748 0.0000000000
97327  -50.708  18.485  30.930 0.0000000000
97316  -51.629  18.222  31.862 0.0000000000
97298  -49.484  18.014  33.604 0.0000000000
95871  -49.761  16.404  33.680 0.0000000000
96591  -50.979  17.555  33.471 0.0000000000
97301  -52.054  18.327  33.457 0.0000000000
96598  -51.992  17.723  33.078 0.0000000000
97310  -52.339  18.249  32.716 0.0000000000
97317  -52.376  18.607  32.090 0.0000000000
97983  -52.722  18.920  32.482 0.0000000000
97984  -53.450  19.434  32.636 0.0000000000
97970  -53.371  19.591  33.190 0.0000000000
99404  -53.372  20.982  33.357 0.0000000000
100137  -53.902  21.589  33.142 0.0000000000
100136  -53.108  21.788  33.115 0.0000000000
94273  -55.982  14.541  24.165 0.0000000000
92522  -54.233  13.496  24.400 0.0000000000
92537  -54.270  13.086  23.836 0.0000000000
93348  -53.977  13.942  27.107 0.0000000000
94232  -54.602  14.537  27.200 0.0000000000
94249  -54.632  14.865  26.160 0.0000000000
94248  -54.055  14.415  26.497 0.0000000000
93345  -51.893  13.248  25.905 0.0000000000
92520  -52.886  12.749  24.450 0.0000000000
92505  -52.230  12.783  24.929 0.0000000000
92504  -51.591  12.636  24.941 0.0000000000
92472  -50.281  12.526  27.142 0.0000000000
93343  -46.865  13.081  26.362 0.0000000000
88464  -52.294  8.298  32.320 0.0000000000
87433  -48.736  7.538  36.075 0.0000000000
87434  -49.529  7.675  35.924 0.0000000000
88413  -50.556  8.184  36.221 0.0000000000
85428  -46.470  5.958  33.352 0.0000000000
86460  -47.510  6.368  33.675 0.0000000000
86478  -49.258  6.846  33.127 0.0000000000
86462  -49.011  6.834  33.594 0.0000000000
87474  -49.560  7.215  33.534 0.0000000000
87459  -50.129  7.589  34.175 0.0000000000
87460  -50.607  7.728  33.788 0.0000000000
88438  -51.243  8.027  33.951 0.0000000000
87476  -50.794  7.708  33.239 0.0000000000
87504  -50.682  7.907  32.001 0.0000000000
88475  -50.355  8.206  31.354 0.0000000000
88476  -51.435  8.302  31.594 0.0000000000
88490  -49.731  8.253  30.700 0.0000000000
88502  -48.236  8.641  29.878 0.0000000000
89494  -48.586  9.695  28.745 0.0000000000
92459  -43.573  12.638  28.077 0.0000000000
92460  -44.271  12.486  27.796 0.0000000000
92466  -43.987  13.013  27.558 0.0000000000
93332  -44.258  13.685  27.012 0.0000000000
93331  -43.202  13.661  27.707 0.0000000000
94220  -42.704  14.671  27.795 0.0000000000
93330  -42.540  14.097  27.931 0.0000000000
94206  -41.402  14.321  29.410 0.0000000000
95099  -41.606  14.823  29.217 0.0000000000
91472  -40.681  11.585  30.385 0.0000000000
92442  -40.620  12.494  30.250 0.0000000000
94181  -40.684  13.857  32.088 0.0000000000
94182  -41.499  14.253  32.372 0.0000000000
94183  -42.601  14.571  32.910 0.0000000000
93469  -58.322  14.245  17.509 0.0000000000
94361  -57.678  15.378  16.181 0.0000000000
94362  -58.059  15.558  15.567 0.0000000000
91575  -51.129  11.727  21.475 0.0000000000
91576  -52.250  11.724  21.651 0.0000000000
91591  -51.767  11.797  20.886 0.0000000000
92598  -51.792  12.835  18.716 0.0000000000
94329  -50.505  14.558  18.076 0.0000000000
94330  -50.955  14.056  18.005 0.0000000000
94357  -53.242  14.407  16.163 0.0000000000
93479  -53.759  14.145  16.826 0.0000000000
94359  -55.369  14.981  16.259 0.0000000000
94374  -54.800  15.245  15.665 0.0000000000
96015  -56.178  16.234  14.393 0.0000000000
95248  -56.378  16.161  14.785 0.0000000000
96027  -56.402  16.068  14.175 0.0000000000
95249  -56.937  15.701  14.518 0.0000000000
95263  -56.162  15.917  13.875 0.0000000000
94406  -55.772  15.495  13.845 0.0000000000
95261  -54.440  15.812  12.796 0.0000000000
95268  -53.948  16.232  12.480 0.0000000000
95267  -53.324  16.235  12.680 0.0000000000
96731  -52.257  18.378  14.008 0.0000000000
96748  -53.379  17.931  13.176 0.0000000000
97468  -53.304  18.579  12.971 0.0000000000
97476  -52.335  18.838  12.473 0.0000000000
97477  -53.006  18.396  12.557 0.0000000000
96756  -52.330  17.776  12.472 0.0000000000
96747  -51.832  17.264  12.694 0.0000000000
96746  -51.302  17.825  12.826 0.0000000000
98156  -50.566  19.991  13.295 0.0000000000
97466  -50.086  18.681  13.674 0.0000000000
96634  -43.833  17.695  26.727 0.0000000000
97349  -44.284  18.536  26.879 0.0000000000
98037  -45.674  19.478  25.660 0.0000000000
97352  -45.069  18.629  25.399 0.0000000000
98048  -46.020  19.380  24.994 0.0000000000
97359  -46.024  18.895  24.451 0.0000000000
98049  -46.517  19.586  24.634 0.0000000000
98723  -48.444  20.891  27.400 0.0000000000
98722  -47.639  20.533  27.386 0.0000000000
98732  -47.666  20.756  26.535 0.0000000000
98750  -47.899  20.620  24.517 0.0000000000
98061  -47.467  19.711  23.728 0.0000000000
98062  -48.122  19.496  23.255 0.0000000000
97384  -47.897  18.632  22.565 0.0000000000
98071  -49.471  19.763  22.292 0.0000000000
97411  -49.689  18.836  20.710 0.0000000000
98093  -50.145  19.379  21.129 0.0000000000
99426  -53.841  21.287  30.089 0.0000000000
99425  -53.058  21.346  29.833 0.0000000000
100173  -53.273  22.187  28.923 0.0000000000
100194  -52.893  22.516  27.254 0.0000000000
100209  -52.273  22.313  26.343 0.0000000000
100223  -52.775  21.961  25.478 0.0000000000
100240  -55.720  21.694  24.316 0.0000000000
100239  -55.074  21.767  24.834 0.0000000000
99496  -54.236  21.574  24.011 0.0000000000
99495  -53.297  21.554  24.259 0.0000000000
99506  -52.425  21.438  23.515 0.0000000000
99516  -51.751  21.305  22.724 0.0000000000
98791  -52.342  20.374  20.436 0.0000000000
98095  -51.465  19.922  20.572 0.0000000000
98106  -50.968  19.389  20.024 0.0000000000
98126  -52.862  20.564  17.166 0.0000000000
98835  -53.153  21.498  17.152 0.0000000000
99556  -54.181  22.333  18.872 0.0000000000
99572  -53.602  22.163  17.799 0.0000000000
99583  -52.408  21.579  17.055 0.0000000000
99591  -53.061  21.753  15.880 0.0000000000
98853  -51.784  21.497  14.842 0.0000000000
98844  -51.509  21.453  15.611 0.0000000000
98851  -50.121  20.277  15.609 0.0000000000
98141  -50.203  19.863  15.130 0.0000000000
97450  -49.385  18.888  15.028 0.0000000000
98139  -48.562  19.170  15.719 0.0000000000
99552  -49.159  21.444  19.494 0.0000000000
99581  -46.629  21.371  17.567 0.0000000000
99566  -47.151  21.508  18.159 0.0000000000
102423  -52.738  26.305  21.917 0.0000000000
101718  -51.563  24.993  22.401 0.0000000000
102422  -51.853  25.989  21.536 0.0000000000
102432  -50.084  26.456  20.280 0.0000000000
101728  -50.624  25.870  20.858 0.0000000000
101736  -49.737  26.071  19.640 0.0000000000
101735  -49.133  25.449  19.604 0.0000000000
102442  -49.131  26.256  19.212 0.0000000000
102420  -49.826  26.663  21.055 0.0000000000
102440  -47.325  26.181  18.987 0.0000000000
102447  -47.299  26.340  18.197 0.0000000000
102448  -48.019  26.119  18.186 0.0000000000
102455  -46.890  25.867  17.354 0.0000000000
102477  -46.282  25.716  16.101 0.0000000000
101760  -45.785  25.592  16.616 0.0000000000
101043  -43.714  23.717  17.870 0.0000000000
100322  -43.240  22.527  17.683 0.0000000000
100312  -42.715  22.626  17.941 0.0000000000
101031  -42.163  23.201  18.979 0.0000000000
100301  -41.677  22.891  19.342 0.0000000000
101013  -44.448  23.436  21.201 0.0000000000
101001  -44.264  23.685  22.245 0.0000000000
100999  -42.588  23.369  21.902 0.0000000000
100274  -42.041  23.104  21.213 0.0000000000
100273  -41.324  22.753  21.258 0.0000000000
103072  -48.024  25.832  27.916 0.0000000000
102379  -47.701  25.068  26.948 0.0000000000
102364  -47.524  25.423  27.363 0.0000000000
102377  -46.418  25.001  26.663 0.0000000000
94230  -45.160  14.544  25.868 0.0000000000
94245  -44.916  15.149  25.666 0.0000000000
95125  -45.128  15.869  25.353 0.0000000000
102307  -55.468  25.358  32.175 0.0000000000
103021  -55.271  27.054  31.393 0.0000000000
103734  -55.762  28.322  29.493 0.0000000000
103022  -55.412  27.804  30.777 0.0000000000
104393  -55.604  29.129  30.620 0.0000000000
105092  -55.760  29.818  31.005 0.0000000000
93503  -53.898  13.910  14.307 0.0000000000
93283  -43.518  13.798  34.628 0.0000000000
93293  -44.395  13.618  33.969 0.0000000000
90480  -53.120  10.482  29.425 0.0000000000
90479  -52.161  10.230  29.061 0.0000000000
89485  -51.667  9.586  29.547 0.0000000000
89454  -41.025  9.031  31.174 0.0000000000
92549  -54.221  12.882  22.981 0.0000000000
92562  -54.283  12.480  22.017 0.0000000000
92573  -53.144  12.126  20.664 0.0000000000
95980  -49.887  16.517  18.275 0.0000000000
97441  -50.937  18.010  17.075 0.0000000000
97434  -51.658  19.028  17.609 0.0000000000
98014  -50.172  20.004  29.716 0.0000000000
99436  -51.637  21.488  29.028 0.0000000000
100996  -55.480  23.206  23.818 0.0000000000
100252  -54.257  22.958  22.926 0.0000000000
100281  -53.942  22.296  21.070 0.0000000000
100263  -50.869  22.874  22.297 0.0000000000
101004  -50.125  23.574  22.228 0.0000000000
101696  -48.923  25.175  24.430 0.0000000000
101695  -48.268  24.849  24.160 0.0000000000
92531  -48.535  12.687  23.085 0.0000000000
93403  -48.085  13.591  22.631 0.0000000000
95162  -47.059  15.908  22.952 0.0000000000
95163  -47.519  15.715  22.365 0.0000000000
95164  -48.061  16.145  21.917 0.0000000000
95956  -48.271  16.867  21.681 0.0000000000
99418  -54.876  21.284  32.319 0.0000000000
98699  -55.201  20.963  31.476 0.0000000000
100153  -55.501  21.761  32.055 0.0000000000
100165  -56.076  22.076  31.175 0.0000000000
100921  -56.448  22.614  30.295 0.0000000000
102349  -54.243  25.314  28.532 0.0000000000
102348  -53.876  24.593  28.701 0.0000000000
102393  -55.200  25.562  25.631 0.0000000000
103101  -55.203  27.078  23.826 0.0000000000
103112  -55.526  28.101  23.357 0.0000000000
104473  -55.426  28.580  23.821 0.0000000000
103778  -55.213  28.778  27.142 0.0000000000
103777  -54.534  27.990  26.968 0.0000000000
103077  -53.749  27.308  26.809 0.0000000000
95907  -42.781  16.559  29.738 0.0000000000
96613  -44.232  17.112  30.502 0.0000000000
95085  -46.668  15.422  32.088 0.0000000000
95886  -47.015  16.031  31.657 0.0000000000
95901  -48.076  16.748  31.177 0.0000000000
96604  -49.556  16.971  31.598 0.0000000000
96605  -50.519  17.272  32.217 0.0000000000
97299  -50.457  18.102  33.891 0.0000000000
97967  -50.653  18.996  33.874 0.0000000000
98665  -52.292  19.918  33.409 0.0000000000
98677  -51.849  20.592  33.047 0.0000000000
94262  -55.927  14.978  24.807 0.0000000000
93366  -54.546  14.508  25.560 0.0000000000
93335  -53.471  13.427  27.231 0.0000000000
93347  -53.480  13.990  26.662 0.0000000000
93344  -51.364  12.978  25.638 0.0000000000
90504  -49.468  11.183  27.887 0.0000000000
91509  -49.067  11.703  27.418 0.0000000000
91522  -47.661  12.124  26.790 0.0000000000
91521  -46.936  12.211  26.802 0.0000000000
86476  -47.771  6.470  32.811 0.0000000000
87487  -49.478  7.131  32.623 0.0000000000
87488  -50.313  7.623  32.586 0.0000000000
87516  -49.597  7.977  31.218 0.0000000000
88501  -47.275  8.642  29.803 0.0000000000
91492  -43.230  11.745  28.532 0.0000000000
93324  -42.395  13.620  28.363 0.0000000000
92457  -42.196  12.974  28.810 0.0000000000
93323  -41.672  13.552  28.980 0.0000000000
93315  -41.007  13.468  29.720 0.0000000000
94344  -56.959  15.019  17.083 0.0000000000
94360  -56.687  15.393  16.197 0.0000000000
92558  -50.496  12.218  21.012 0.0000000000
92571  -51.208  12.176  20.333 0.0000000000
92584  -50.951  12.803  19.291 0.0000000000
95204  -51.384  15.019  16.536 0.0000000000
94371  -52.178  15.017  15.819 0.0000000000
94372  -52.734  14.914  15.619 0.0000000000
94373  -53.735  15.036  15.601 0.0000000000
95231  -54.320  15.576  14.956 0.0000000000
95246  -54.874  16.272  14.492 0.0000000000
96014  -55.332  16.581  14.026 0.0000000000
96036  -55.071  16.502  13.104 0.0000000000
96025  -54.822  16.823  13.252 0.0000000000
96750  -54.424  17.107  13.150 0.0000000000
96759  -54.329  17.025  12.922 0.0000000000
98158  -53.092  19.662  12.976 0.0000000000
97475  -51.548  18.947  12.565 0.0000000000
98162  -51.221  19.690  12.726 0.0000000000
98022  -44.831  19.148  27.660 0.0000000000
98027  -44.899  19.226  26.775 0.0000000000
98028  -45.653  19.641  26.660 0.0000000000
98029  -46.299  20.114  26.495 0.0000000000
99467  -48.837  21.385  26.477 0.0000000000
98743  -48.354  21.134  25.866 0.0000000000
99478  -48.845  21.427  25.567 0.0000000000
99490  -48.449  21.188  24.812 0.0000000000
98751  -48.606  20.723  24.258 0.0000000000
98759  -48.753  20.339  23.412 0.0000000000
98768  -49.889  20.528  22.611 0.0000000000
99450  -54.144  22.109  28.415 0.0000000000
99458  -54.177  22.315  27.489 0.0000000000
99509  -55.232  21.543  22.840 0.0000000000
99508  -54.347  21.470  23.031 0.0000000000
99518  -53.519  21.200  22.389 0.0000000000
98771  -52.751  20.794  21.858 0.0000000000
98803  -52.704  20.352  19.767 0.0000000000
98108  -52.558  20.195  19.168 0.0000000000
99571  -53.247  22.348  18.029 0.0000000000
99589  -51.723  21.570  16.309 0.0000000000
98842  -49.504  20.367  16.216 0.0000000000
98131  -48.696  19.845  15.904 0.0000000000
98833  -49.125  20.600  17.095 0.0000000000
100305  -47.841  22.206  19.926 0.0000000000
99551  -47.980  21.846  19.587 0.0000000000
99549  -46.996  22.329  18.711 0.0000000000
103130  -52.307  27.242  21.201 0.0000000000
103129  -51.637  27.169  20.829 0.0000000000
103128  -50.994  27.082  20.574 0.0000000000
102430  -48.007  26.210  20.627 0.0000000000
101725  -47.294  25.770  20.504 0.0000000000
101742  -46.679  25.669  18.399 0.0000000000
101751  -45.817  25.438  17.444 0.0000000000
101740  -45.022  24.303  18.409 0.0000000000
101042  -43.135  23.109  18.421 0.0000000000
101033  -43.654  23.567  19.129 0.0000000000
101023  -43.625  23.430  20.229 0.0000000000
100990  -45.125  23.784  23.255 0.0000000000
100261  -42.859  23.308  22.552 0.0000000000
100249  -42.913  23.074  23.306 0.0000000000
93376  -47.086  13.489  24.740 0.0000000000
93390  -47.259  13.850  23.865 0.0000000000
94271  -46.587  14.843  23.677 0.0000000000
96660  -46.633  17.729  23.651 0.0000000000
100919  -55.448  23.872  32.297 0.0000000000
101626  -55.553  24.720  30.871 0.0000000000
102323  -54.735  25.018  29.796 0.0000000000
102325  -55.426  25.339  31.444 0.0000000000
102324  -55.152  25.524  30.509 0.0000000000
102330  -54.321  25.525  29.416 0.0000000000
103057  -54.603  26.003  28.875 0.0000000000
103792  -55.856  28.122  26.077 0.0000000000
103779  -55.764  27.818  27.373 0.0000000000
104433  -56.093  29.033  27.859 0.0000000000
94402  -52.021  15.341  13.411 0.0000000000
95066  -43.102  15.108  32.458 0.0000000000
95067  -43.991  14.938  32.427 0.0000000000
94196  -44.921  14.654  32.352 0.0000000000
94197  -45.213  14.806  32.204 0.0000000000
94171  -45.082  13.942  33.444 0.0000000000
94186  -45.639  14.501  32.714 0.0000000000
95069  -46.412  14.909  32.457 0.0000000000
91513  -52.794  12.009  27.738 0.0000000000
91512  -51.904  12.047  27.645 0.0000000000
90505  -50.204  11.283  27.904 0.0000000000
90490  -48.094  10.464  28.285 0.0000000000
86441  -46.456  6.162  34.654 0.0000000000
85413  -46.255  5.780  33.797 0.0000000000
85427  -46.017  5.841  33.088 0.0000000000
86474  -45.680  6.186  32.304 0.0000000000
86487  -46.177  6.668  31.601 0.0000000000
90471  -41.419  11.014  29.953 0.0000000000
91473  -41.143  11.204  30.081 0.0000000000
91466  -40.023  11.602  31.222 0.0000000000
93435  -49.854  13.972  19.261 0.0000000000
94340  -50.707  14.885  17.510 0.0000000000
95986  -49.933  16.057  17.747 0.0000000000
95202  -50.213  15.739  17.542 0.0000000000
95215  -51.205  15.648  16.054 0.0000000000
96000  -51.354  16.119  15.618 0.0000000000
96011  -52.442  17.026  14.328 0.0000000000
96738  -52.233  17.293  14.433 0.0000000000
97452  -52.077  19.001  14.271 0.0000000000
98862  -53.069  20.657  13.893 0.0000000000
98854  -53.207  20.767  14.869 0.0000000000
98011  -47.471  19.305  29.270 0.0000000000
98019  -47.468  19.835  28.427 0.0000000000
98020  -48.225  19.987  28.625 0.0000000000
98717  -49.338  20.780  28.268 0.0000000000
98724  -49.100  21.131  27.607 0.0000000000
99455  -49.463  21.437  27.265 0.0000000000
99469  -50.379  22.005  26.292 0.0000000000
99480  -50.656  22.024  25.419 0.0000000000
127133  -56.454  21.720  26.427 0.0000000000
99498  -55.758  21.663  23.560 0.0000000000
99510  -55.859  21.838  22.908 0.0000000000
98794  -54.706  21.663  19.937 0.0000000000
99544  -55.043  22.118  19.990 0.0000000000
100307  -54.580  22.387  19.696 0.0000000000
99543  -53.586  22.201  19.520 0.0000000000
99553  -50.407  21.358  19.318 0.0000000000
99539  -48.810  21.967  20.455 0.0000000000
99529  -49.485  21.990  21.029 0.0000000000
100276  -47.986  22.802  21.002 0.0000000000
101026  -47.971  23.496  20.182 0.0000000000
101036  -47.626  24.322  19.266 0.0000000000
103098  -51.571  26.952  23.177 0.0000000000
102409  -51.185  26.852  22.695 0.0000000000
102408  -50.608  26.575  22.685 0.0000000000
102398  -49.461  25.577  23.870 0.0000000000
102406  -48.700  25.661  22.765 0.0000000000
102418  -47.778  26.083  22.004 0.0000000000
102417  -47.078  25.729  21.870 0.0000000000
101713  -45.788  24.387  22.185 0.0000000000
101702  -45.614  24.222  22.945 0.0000000000
91553  -51.997  11.809  23.084 0.0000000000
91567  -52.292  11.822  22.465 0.0000000000
91564  -49.740  11.700  22.537 0.0000000000
91574  -50.066  11.804  21.723 0.0000000000
92569  -49.621  13.348  20.670 0.0000000000
93426  -49.554  13.779  20.048 0.0000000000
94285  -48.174  14.210  22.185 0.0000000000
93415  -48.627  13.734  21.669 0.0000000000
95179  -49.447  15.694  19.940 0.0000000000
96703  -49.801  17.698  19.344 0.0000000000
100930  -56.487  23.272  30.038 0.0000000000
101646  -54.495  24.348  29.106 0.0000000000
100939  -55.738  23.523  28.969 0.0000000000
100931  -56.410  22.623  29.235 0.0000000000
127126  -56.413  22.943  28.446 0.0000000000
127134  -56.927  22.383  26.740 0.0000000000
101699  -55.675  23.611  24.929 0.0000000000
101697  -55.220  24.623  25.455 0.0000000000
100984  -55.289  23.723  24.450 0.0000000000
101707  -52.352  24.604  23.111 0.0000000000
102410  -52.751  25.468  22.925 0.0000000000
103120  -53.185  26.917  21.598 0.0000000000
103121  -53.709  27.321  22.023 0.0000000000
103131  -53.195  27.203  21.272 0.0000000000
103818  -52.930  27.513  21.702 0.0000000000
103808  -52.113  27.582  22.106 0.0000000000
103109  -52.509  27.457  22.515 0.0000000000
104469  -55.478  28.529  24.657 0.0000000000
104468  -55.310  28.645  24.399 0.0000000000
103797  -54.882  28.477  25.129 0.0000000000
103803  -54.765  28.570  24.062 0.0000000000
103802  -53.934  27.818  23.740 0.0000000000
103100  -52.952  27.429  23.898 0.0000000000
103099  -52.277  27.202  23.339 0.0000000000
103090  -51.826  26.532  23.980 0.0000000000
102369  -52.291  26.059  26.217 0.0000000000
102383  -51.868  25.906  25.664 0.0000000000
102382  -51.021  25.461  25.848 0.0000000000
95110  -43.165  15.834  26.990 0.0000000000
97345  -43.884  18.184  27.880 0.0000000000
96628  -43.384  17.626  28.860 0.0000000000
97341  -43.794  18.094  28.477 0.0000000000
97346  -44.355  18.611  27.779 0.0000000000
98016  -44.831  18.947  28.302 0.0000000000
98010  -46.540  19.105  29.267 0.0000000000
96614  -45.241  17.321  30.554 0.0000000000
95899  -46.171  16.681  31.092 0.0000000000
96626  -46.114  17.940  29.945 0.0000000000
97336  -46.533  18.422  29.814 0.0000000000
97339  -49.226  18.931  29.904 0.0000000000
96597  -51.359  17.422  32.896 0.0000000000
96606  -51.255  17.632  32.266 0.0000000000
97991  -52.033  18.860  31.604 0.0000000000
97993  -53.599  19.845  31.746 0.0000000000
98679  -54.222  20.209  32.518 0.0000000000
98666  -53.230  20.025  33.460 0.0000000000
99394  -54.251  20.263  33.118 0.0000000000
98680  -54.563  20.675  32.522 0.0000000000
99417  -54.533  21.440  32.739 0.0000000000
100150  -52.475  22.602  32.590 0.0000000000
93393  -55.592  14.097  23.790 0.0000000000
93404  -54.921  13.432  23.301 0.0000000000
92536  -53.555  12.624  23.684 0.0000000000
92535  -52.611  12.224  23.456 0.0000000000
93379  -53.682  13.653  24.870 0.0000000000
93378  -53.187  13.294  24.703 0.0000000000
92534  -51.737  11.945  23.780 0.0000000000
91541  -51.056  11.879  23.888 0.0000000000
92517  -50.109  12.087  24.352 0.0000000000
92503  -50.882  12.688  25.180 0.0000000000
92515  -47.903  12.683  25.003 0.0000000000
93360  -46.197  14.003  25.567 0.0000000000
93359  -45.570  14.276  25.816 0.0000000000
94222  -44.041  14.451  26.648 0.0000000000
88477  -52.633  8.782  31.318 0.0000000000
89403  -50.595  8.944  36.715 0.0000000000
88426  -51.496  8.386  35.048 0.0000000000
86442  -47.295  6.362  34.579 0.0000000000
87457  -48.667  7.146  34.727 0.0000000000
86461  -48.328  6.560  33.588 0.0000000000
86444  -48.691  6.881  34.156 0.0000000000
88425  -50.656  7.983  34.794 0.0000000000
88453  -52.021  8.013  33.224 0.0000000000
88463  -51.564  7.976  32.515 0.0000000000
88492  -51.949  8.793  30.446 0.0000000000
88505  -51.224  8.953  29.891 0.0000000000
88503  -49.208  8.664  29.855 0.0000000000
90489  -47.098  10.516  28.200 0.0000000000
88487  -46.734  8.118  30.323 0.0000000000
88500  -46.372  8.689  29.766 0.0000000000
89480  -46.803  9.285  29.295 0.0000000000
89479  -45.469  9.444  29.502 0.0000000000
89492  -46.423  9.893  28.660 0.0000000000
95105  -42.766  15.590  27.681 0.0000000000
94214  -42.266  14.599  28.359 0.0000000000
95100  -41.823  15.341  29.005 0.0000000000
95911  -42.268  16.152  28.950 0.0000000000
95895  -41.971  15.817  30.394 0.0000000000
95091  -42.293  15.631  31.095 0.0000000000
92447  -40.952  12.530  29.737 0.0000000000
93314  -40.673  12.971  30.005 0.0000000000
94195  -41.152  14.639  31.199 0.0000000000
95080  -41.826  15.164  31.623 0.0000000000
95081  -42.649  15.399  31.786 0.0000000000
94169  -43.079  13.983  33.487 0.0000000000
93281  -42.107  13.210  34.228 0.0000000000
93291  -42.539  13.478  33.868 0.0000000000
92620  -57.301  13.625  16.488 0.0000000000
92630  -57.165  13.589  15.755 0.0000000000
93494  -57.092  14.345  15.009 0.0000000000
92560  -52.646  11.878  22.122 0.0000000000
91577  -52.814  11.771  21.219 0.0000000000
92572  -52.268  12.197  20.328 0.0000000000
93450  -50.713  13.795  18.434 0.0000000000
93451  -51.453  13.558  18.195 0.0000000000
93464  -53.280  13.629  17.489 0.0000000000
93465  -54.599  14.183  17.484 0.0000000000
94343  -55.732  14.849  16.942 0.0000000000
95233  -56.729  15.865  15.213 0.0000000000
95218  -57.794  16.040  15.600 0.0000000000
95235  -57.556  15.567  14.901 0.0000000000
94390  -57.104  15.097  14.500 0.0000000000
93505  -56.045  14.420  14.522 0.0000000000
94388  -55.425  14.835  14.043 0.0000000000
94387  -54.432  14.625  13.830 0.0000000000
95262  -55.281  16.058  13.147 0.0000000000
94404  -53.952  15.262  13.351 0.0000000000
94403  -52.970  15.231  13.330 0.0000000000
96749  -53.740  17.327  13.125 0.0000000000
96758  -53.694  17.196  12.798 0.0000000000
96757  -53.130  17.557  12.571 0.0000000000
96033  -53.315  16.776  12.621 0.0000000000
96022  -52.372  16.772  12.720 0.0000000000
95258  -51.812  16.079  13.293 0.0000000000
94401  -51.422  15.498  13.430 0.0000000000
95257  -50.954  15.873  13.344 0.0000000000
95256  -50.331  16.144  13.672 0.0000000000
96010  -49.907  16.791  13.692 0.0000000000
96745  -50.359  17.786  13.430 0.0000000000
95918  -43.897  16.859  26.141 0.0000000000
96637  -44.698  17.740  25.411 0.0000000000
97351  -44.528  18.624  26.008 0.0000000000
96645  -45.205  17.780  24.768 0.0000000000
97370  -46.990  18.682  23.419 0.0000000000
98721  -46.897  20.366  27.129 0.0000000000
98731  -46.960  20.522  26.497 0.0000000000
98742  -47.653  20.766  25.528 0.0000000000
98039  -46.985  20.211  25.223 0.0000000000
98060  -46.812  19.444  23.957 0.0000000000
97383  -47.381  18.334  22.930 0.0000000000
97398  -48.504  18.622  21.922 0.0000000000
98078  -49.049  19.207  21.910 0.0000000000
97399  -49.019  18.725  21.318 0.0000000000
98711  -52.330  21.012  29.683 0.0000000000
99448  -52.011  21.869  28.430 0.0000000000
100182  -53.386  22.362  28.176 0.0000000000
100181  -52.386  22.247  27.903 0.0000000000
100180  -51.672  21.994  27.802 0.0000000000
100208  -51.229  22.312  26.265 0.0000000000
127129  -55.301  21.720  25.458 0.0000000000
99482  -53.346  21.801  25.063 0.0000000000
99481  -52.809  21.773  25.079 0.0000000000
100238  -52.383  21.844  25.058 0.0000000000
99493  -51.192  21.777  24.620 0.0000000000
98770  -51.842  20.772  22.076 0.0000000000
98779  -51.237  20.409  21.608 0.0000000000
98080  -50.548  19.891  21.507 0.0000000000
98094  -50.639  19.428  20.776 0.0000000000
97419  -50.424  18.761  19.441 0.0000000000
97427  -51.709  19.320  18.170 0.0000000000
98125  -52.276  19.701  17.830 0.0000000000
99599  -53.143  21.370  14.831 0.0000000000
100329  -53.442  22.143  17.544 0.0000000000
98836  -53.523  21.960  17.436 0.0000000000
99605  -52.980  21.397  13.829 0.0000000000
98861  -52.205  21.260  13.899 0.0000000000
98149  -50.450  19.965  14.416 0.0000000000
98852  -50.795  20.772  15.090 0.0000000000
98819  -48.755  21.011  17.743 0.0000000000
98818  -47.769  21.103  17.681 0.0000000000
101717  -50.546  24.894  21.900 0.0000000000
101743  -47.894  25.336  18.494 0.0000000000
102449  -48.639  26.170  18.697 0.0000000000
101761  -46.699  25.146  16.634 0.0000000000
101059  -45.534  24.599  16.141 0.0000000000
101051  -44.854  23.988  16.327 0.0000000000
101758  -44.648  24.280  16.785 0.0000000000
101050  -44.184  23.749  16.961 0.0000000000
101041  -42.536  22.962  18.577 0.0000000000
100311  -41.970  22.604  18.397 0.0000000000
101022  -42.888  23.213  20.336 0.0000000000
100289  -42.218  22.922  20.348 0.0000000000
100259  -41.292  22.690  22.284 0.0000000000
104400  -54.289  28.827  29.566 0.0000000000
103755  -51.586  26.880  28.788 0.0000000000
103053  -50.785  26.179  28.400 0.0000000000
103074  -49.829  25.703  27.779 0.0000000000
103051  -48.610  26.425  28.442 0.0000000000
103073  -48.922  25.723  27.809 0.0000000000
101664  -48.159  24.982  26.715 0.0000000000
101676  -46.839  24.614  26.045 0.0000000000
102363  -46.804  25.548  27.260 0.0000000000
101683  -45.600  24.046  25.483 0.0000000000
87486  -48.926  6.855  32.308 0.0000000000
87489  -50.994  7.787  32.608 0.0000000000
87515  -49.137  7.737  31.106 0.0000000000
88493  -52.531  9.057  30.679 0.0000000000
89487  -52.867  9.896  29.920 0.0000000000
90476  -49.622  10.204  28.748 0.0000000000
91479  -40.848  12.051  29.979 0.0000000000
91540  -50.740  11.847  23.891 0.0000000000
91590  -51.279  11.905  20.901 0.0000000000
92533  -51.299  11.897  23.863 0.0000000000
92597  -51.281  13.109  18.737 0.0000000000
93290  -41.704  13.480  33.661 0.0000000000
93362  -51.411  12.825  25.324 0.0000000000
93482  -57.901  14.964  15.282 0.0000000000
93506  -56.691  14.695  14.524 0.0000000000
94168  -42.171  13.985  33.292 0.0000000000
94189  -48.209  14.847  32.403 0.0000000000
94198  -47.892  14.830  32.190 0.0000000000
94199  -48.084  14.929  32.046 0.0000000000
94228  -43.726  15.112  26.614 0.0000000000
94342  -54.852  14.581  16.782 0.0000000000
94376  -57.576  14.949  14.789 0.0000000000
94377  -57.962  15.141  14.822 0.0000000000
94391  -57.565  15.260  14.762 0.0000000000
94407  -56.464  15.497  14.269 0.0000000000
95068  -44.531  14.757  32.356 0.0000000000
95071  -47.632  14.841  32.226 0.0000000000
95082  -43.509  15.431  31.817 0.0000000000
95195  -50.411  15.210  17.654 0.0000000000
95216  -51.746  15.225  15.944 0.0000000000
95219  -57.912  15.814  15.204 0.0000000000
95228  -51.612  15.799  15.565 0.0000000000
95234  -57.335  15.930  14.997 0.0000000000
95247  -55.862  16.216  14.660 0.0000000000
95250  -57.357  15.403  14.666 0.0000000000
95269  -54.646  16.332  12.644 0.0000000000
95870  -49.324  16.377  34.000 0.0000000000
95882  -43.330  15.817  31.364 0.0000000000
96003  -56.632  16.099  14.791 0.0000000000
96016  -56.798  16.022  14.619 0.0000000000
96023  -52.928  16.430  12.712 0.0000000000
96035  -54.715  16.667  12.839 0.0000000000
96592  -51.632  17.758  33.413 0.0000000000
96633  -43.616  17.767  27.288 0.0000000000
97335  -45.420  18.472  29.463 0.0000000000
97478  -53.387  17.836  12.809 0.0000000000
98025  -47.268  20.196  27.701 0.0000000000
98690  -55.036  21.116  31.849 0.0000000000
98874  -52.901  20.287  12.695 0.0000000000
98875  -53.030  20.072  12.810 0.0000000000
99393  -53.896  20.372  33.335 0.0000000000
99406  -54.719  20.898  32.490 0.0000000000
99419  -55.395  21.297  31.680 0.0000000000
99429  -56.049  21.763  30.593 0.0000000000
99438  -53.520  21.708  29.420 0.0000000000
99454  -48.751  21.295  27.101 0.0000000000
99528  -49.045  22.140  20.893 0.0000000000
99557  -54.690  22.166  19.655 0.0000000000
99565  -46.744  22.392  18.348 0.0000000000
99585  -53.397  22.092  17.292 0.0000000000
100138  -54.327  21.495  32.923 0.0000000000
100154  -55.768  21.552  31.473 0.0000000000
100172  -52.693  22.195  28.577 0.0000000000
100174  -53.835  21.993  28.973 0.0000000000
100183  -53.664  22.204  28.645 0.0000000000
100226  -56.066  21.540  26.369 0.0000000000
100237  -52.056  21.912  25.053 0.0000000000
100262  -50.322  22.983  22.192 0.0000000000
100267  -55.361  22.311  22.480 0.0000000000
100275  -47.855  22.905  20.850 0.0000000000
100290  -47.850  22.860  20.577 0.0000000000
100291  -48.082  22.234  20.473 0.0000000000
100292  -48.511  22.173  20.766 0.0000000000
100296  -54.727  22.247  19.874 0.0000000000
100303  -47.059  22.538  18.828 0.0000000000
100306  -54.508  22.239  19.548 0.0000000000
100317  -52.926  22.267  17.596 0.0000000000
100318  -53.278  22.254  17.676 0.0000000000
100327  -52.886  21.948  17.334 0.0000000000
100328  -53.202  22.091  17.438 0.0000000000
101015  -47.934  23.122  20.813 0.0000000000
101037  -48.348  25.182  19.228 0.0000000000
101044  -44.407  24.183  17.947 0.0000000000
101054  -47.132  24.963  17.118 0.0000000000
101060  -45.975  24.711  15.926 0.0000000000
101061  -46.356  24.987  16.173 0.0000000000
101605  -55.506  25.180  32.320 0.0000000000
101606  -55.677  25.226  32.142 0.0000000000
101622  -55.820  25.106  32.125 0.0000000000
101628  -55.768  25.150  31.856 0.0000000000
101665  -48.430  24.910  26.649 0.0000000000
101688  -55.280  24.611  25.697 0.0000000000
101706  -51.880  24.178  22.861 0.0000000000
101716  -49.803  24.339  21.851 0.0000000000
101753  -47.466  25.394  17.633 0.0000000000
101762  -47.055  25.435  17.022 0.0000000000
101769  -45.744  25.254  15.954 0.0000000000
101770  -46.137  25.354  15.870 0.0000000000
101771  -46.398  25.427  16.229 0.0000000000
102306  -55.145  25.781  32.233 0.0000000000
102321  -55.519  25.391  31.928 0.0000000000
102350  -54.920  25.934  28.553 0.0000000000
102392  -55.167  24.824  25.633 0.0000000000
102424  -53.517  26.689  22.111 0.0000000000
102435  -52.649  26.927  21.296 0.0000000000
102454  -46.272  25.658  17.048 0.0000000000
102462  -45.714  25.622  16.131 0.0000000000
102463  -46.182  25.750  16.432 0.0000000000
102464  -46.585  25.598  16.732 0.0000000000
102465  -46.965  25.646  16.983 0.0000000000
102476  -45.957  25.755  15.876 0.0000000000
102478  -46.386  25.646  16.305 0.0000000000
103078  -55.349  25.973  26.961 0.0000000000
103132  -53.216  27.454  21.770 0.0000000000
103718  -55.371  28.200  31.120 0.0000000000
103804  -55.649  28.456  24.003 0.0000000000
103817  -52.395  27.408  21.445 0.0000000000
103827  -52.595  27.346  21.440 0.0000000000
103828  -52.797  27.424  21.568 0.0000000000
103829  -53.101  27.549  21.820 0.0000000000
104472  -55.208  28.648  23.752 0.0000000000
127136  -56.217  21.530  26.588 0.0000000000
127138  -56.754  22.489  26.619 0.0000000000
