#!ascii label  , from subject 3150 vox2ras=TkReg
905
66013  -24.974  -13.492  -6.407 0.5555555820
66014  -25.901  -13.574  -6.671 0.6666666865
66034  -26.397  -13.028  -7.211 0.7777777910
67197  -26.860  -12.529  -7.786 0.7777777910
68244  -26.946  -11.269  -8.505 0.8888888955
68246  -29.015  -11.578  -8.782 0.8888888955
66001  -24.448  -13.859  -5.814 0.5555555820
67176  -24.495  -12.519  -6.315 0.5555555820
67194  -24.769  -12.148  -6.854 0.6666666865
67195  -25.327  -12.331  -7.328 0.8888888955
68245  -28.039  -11.365  -8.560 0.8888888955
69199  -28.642  -10.328  -9.067 1.0000000000
69200  -29.669  -10.516  -9.167 1.0000000000
68212  -24.520  -11.629  -6.514 0.7777777910
69179  -25.396  -10.401  -7.940 1.0000000000
69196  -25.802  -10.151  -8.524 1.0000000000
69197  -26.639  -10.187  -8.781 1.0000000000
70185  -27.467  -9.736  -9.211 1.0000000000
70201  -28.334  -9.553  -9.721 1.0000000000
70200  -27.469  -9.245  -9.910 1.0000000000
70216  -28.651  -9.408  -10.479 1.0000000000
70187  -29.652  -9.391  -9.643 1.0000000000
70215  -28.165  -9.169  -10.557 1.0000000000
71256  -28.945  -9.044  -11.083 1.0000000000
71229  -29.956  -8.877  -10.027 1.0000000000
71257  -29.456  -8.254  -10.880 1.0000000000
72238  -30.604  -7.571  -10.513 0.7777777910
71227  -25.346  -8.611  -8.556 0.8888888955
70183  -25.991  -9.464  -8.748 1.0000000000
70214  -27.444  -8.739  -10.460 1.0000000000
71241  -26.103  -8.718  -9.492 1.0000000000
72248  -28.833  -8.294  -11.146 1.0000000000
72249  -29.300  -8.119  -11.491 1.0000000000
72250  -30.141  -7.636  -11.390 1.0000000000
73279  -30.497  -6.806  -10.685 0.8888888955
74305  -30.811  -6.357  -9.994 0.7777777910
72237  -25.021  -7.488  -9.111 0.5555555820
73278  -26.467  -6.554  -10.777 0.7777777910
72247  -26.306  -7.347  -10.548 0.8888888955
71268  -27.328  -7.945  -11.255 1.0000000000
71255  -28.052  -8.474  -11.125 1.0000000000
72259  -26.851  -7.311  -11.155 0.8888888955
72260  -27.648  -7.303  -11.364 1.0000000000
72261  -28.543  -7.612  -11.544 1.0000000000
73289  -29.448  -6.390  -11.995 1.0000000000
73290  -30.052  -6.369  -11.440 0.8888888955
74323  -29.698  -5.593  -11.926 1.0000000000
74324  -30.229  -5.201  -11.513 0.8888888955
75382  -31.276  -4.301  -10.315 0.7777777910
74307  -32.041  -5.018  -9.029 0.6666666865
75373  -31.816  -4.330  -9.780 0.6666666865
74303  -24.769  -5.598  -9.372 0.4444444478
74304  -25.321  -5.707  -10.046 0.7777777910
75372  -25.414  -5.163  -10.402 0.6666666865
74321  -27.130  -5.455  -11.546 0.7777777910
73298  -28.299  -5.959  -12.428 0.8888888955
73288  -28.777  -6.669  -12.134 1.0000000000
74322  -27.747  -5.397  -12.266 1.0000000000
74331  -29.108  -4.992  -12.571 1.0000000000
74332  -29.513  -5.057  -12.330 1.0000000000
75400  -29.743  -4.301  -12.084 0.8888888955
75391  -30.043  -4.316  -11.668 0.7777777910
75381  -30.758  -4.316  -10.909 0.7777777910
75374  -32.126  -4.327  -9.007 0.5555555820
76474  -30.772  -3.090  -10.673 0.7777777910
76463  -31.762  -3.179  -9.577 0.6666666865
75379  -24.951  -4.097  -10.650 0.6666666865
75387  -26.390  -4.530  -11.622 0.7777777910
76482  -25.859  -3.758  -11.517 0.7777777910
75388  -27.157  -4.448  -12.361 0.8888888955
75389  -27.790  -4.753  -12.382 0.8888888955
75396  -27.429  -3.823  -12.642 1.0000000000
75397  -27.920  -4.141  -12.677 1.0000000000
75398  -28.811  -4.037  -12.918 1.0000000000
76493  -29.875  -3.248  -12.299 0.8888888955
77640  -30.106  -2.716  -11.889 0.8888888955
76485  -30.288  -3.380  -11.605 0.7777777910
77661  -29.477  -2.281  -13.008 0.8888888955
77650  -29.785  -2.461  -12.494 0.7777777910
77641  -30.362  -2.331  -10.962 0.7777777910
77628  -31.511  -2.463  -10.152 0.7777777910
77612  -31.846  -2.511  -9.543 0.6666666865
76472  -24.503  -3.437  -10.353 0.6666666865
76473  -25.248  -3.533  -11.036 0.7777777910
76483  -26.473  -3.569  -12.074 0.8888888955
76490  -27.037  -3.408  -12.668 0.8888888955
77648  -27.233  -2.345  -13.102 1.0000000000
76491  -27.655  -3.303  -12.979 1.0000000000
77660  -28.995  -2.368  -13.313 1.0000000000
76502  -29.480  -3.127  -13.143 0.8888888955
78699  -29.831  -1.740  -11.469 0.7777777910
79701  -30.140  -0.684  -10.793 0.7777777910
78685  -31.062  -1.570  -10.382 0.6666666865
78687  -32.355  -1.227  -9.612 0.5555555820
78671  -32.591  -1.589  -9.197 0.5555555820
77626  -24.989  -2.767  -10.978 0.7777777910
77625  -24.454  -2.320  -10.574 0.6666666865
77638  -25.837  -2.436  -11.754 0.8888888955
77647  -26.496  -2.048  -12.632 1.0000000000
78724  -28.525  -1.531  -12.906 0.8888888955
78725  -29.081  -1.882  -12.837 0.8888888955
79714  -28.786  -0.598  -12.317 0.8888888955
78713  -29.407  -1.673  -12.287 0.8888888955
79700  -29.597  -0.748  -11.489 0.7777777910
80743  -30.224  -0.068  -11.055 0.7777777910
79687  -30.886  -0.611  -10.221 0.7777777910
79688  -31.721  -0.594  -10.180 0.5555555820
80741  -28.949  0.264  -11.614 0.7777777910
80728  -30.748  0.136  -10.264 0.5555555820
80730  -32.346  -0.004  -10.224 0.5555555820
81760  -30.767  0.849  -9.881 0.6666666865
78666  -23.743  -1.502  -9.568 0.4444444478
78683  -24.255  -1.398  -10.324 0.5555555820
79698  -25.440  -0.877  -12.030 0.7777777910
78710  -26.151  -1.323  -12.532 1.0000000000
78698  -25.664  -1.298  -12.114 0.8888888955
79713  -26.500  -0.392  -12.982 1.0000000000
79725  -27.032  -0.416  -13.521 0.8888888955
79726  -27.602  -0.444  -13.271 0.8888888955
79727  -28.156  -0.530  -12.854 0.8888888955
79699  -29.280  -0.352  -11.789 0.8888888955
80727  -30.326  0.416  -10.640 0.6666666865
81761  -31.629  0.884  -9.985 0.5555555820
81758  -23.815  1.064  -10.830 0.6666666865
80726  -24.106  0.471  -10.876 0.6666666865
80750  -25.267  0.667  -12.365 0.7777777910
80752  -26.260  0.507  -12.988 0.8888888955
81785  -26.063  1.071  -13.071 0.7777777910
81798  -26.501  1.569  -13.443 0.7777777910
80765  -27.396  0.462  -13.298 0.8888888955
82820  -26.966  2.314  -13.495 0.7777777910
80766  -27.938  0.394  -12.966 0.8888888955
81786  -27.746  1.743  -12.927 0.7777777910
81787  -28.218  1.336  -12.523 0.7777777910
81773  -28.781  1.212  -11.685 0.6666666865
82791  -27.741  2.642  -11.836 0.6666666865
82793  -28.931  1.876  -10.676 0.6666666865
81774  -29.411  1.103  -11.021 0.5555555820
83793  -28.521  3.310  -9.978 0.6666666865
83806  -28.516  2.596  -10.481 0.5555555820
83795  -30.356  2.612  -9.445 0.5555555820
83794  -29.237  2.745  -9.697 0.5555555820
82761  -22.240  2.646  -9.201 0.3333333433
82776  -23.108  2.676  -9.611 0.3333333433
81771  -24.114  2.214  -11.289 0.5555555820
81772  -24.360  1.617  -11.474 0.6666666865
82790  -24.519  2.756  -11.743 0.5555555820
82804  -25.532  2.543  -12.919 0.7777777910
82818  -25.975  2.644  -13.374 0.7777777910
83831  -26.190  3.520  -13.369 0.6666666865
82819  -26.430  2.663  -13.313 0.6666666865
82805  -26.777  2.896  -13.021 0.6666666865
83804  -27.377  3.352  -11.719 0.6666666865
84857  -27.616  3.976  -10.953 0.6666666865
84842  -28.183  4.246  -10.051 0.6666666865
84843  -29.241  4.111  -9.354 0.5555555820
83792  -23.544  3.605  -10.277 0.4444444478
83777  -22.302  3.495  -9.104 0.4444444478
84853  -23.952  4.540  -10.884 0.5555555820
83803  -24.401  3.681  -11.835 0.5555555820
83815  -24.962  3.605  -12.461 0.6666666865
83816  -25.456  3.417  -12.973 0.6666666865
84864  -25.646  4.426  -12.997 0.6666666865
83817  -26.559  3.600  -13.075 0.6666666865
84866  -26.627  4.227  -12.559 0.6666666865
84856  -26.970  4.447  -11.522 0.6666666865
85927  -28.070  5.418  -9.948 0.6666666865
85928  -28.832  5.237  -9.264 0.5555555820
84827  -30.280  4.548  -9.219 0.6666666865
84840  -23.490  4.453  -10.037 0.4444444478
84863  -24.904  4.631  -12.381 0.6666666865
85948  -25.778  5.577  -12.630 0.6666666865
84865  -26.269  4.557  -13.071 0.6666666865
85926  -27.276  5.517  -10.582 0.6666666865
67215  -26.707  -11.998  -8.164 0.8888888955
68224  -25.525  -11.351  -7.748 1.0000000000
68243  -26.053  -10.849  -8.343 1.0000000000
69198  -27.662  -10.398  -8.738 1.0000000000
75371  -24.863  -4.667  -10.050 0.5555555820
75399  -29.471  -4.134  -12.541 0.8888888955
76471  -24.056  -2.826  -10.153 0.5555555820
79685  -24.007  -0.464  -10.118 0.5555555820
77637  -24.981  -2.077  -11.275 0.7777777910
78711  -26.747  -1.316  -13.143 1.0000000000
79670  -23.531  -0.514  -9.306 0.2222222239
81759  -30.112  1.020  -10.464 0.6666666865
82779  -30.652  1.747  -9.755 0.4444444478
85946  -24.609  5.637  -12.331 0.6666666865
76462  -24.374  -3.921  -9.421 0.4444444478
84828  -31.117  4.337  -9.230 0.5555555820
84824  -22.243  4.039  -8.847 0.2222222239
84839  -23.207  4.172  -9.634 0.3333333433
85910  -29.921  5.284  -9.147 0.5555555820
64803  -25.068  -14.535  -5.914 0.5555555820
63605  -25.922  -15.485  -6.165 0.5555555820
64850  -27.018  -13.647  -7.343 0.5555555820
66054  -28.357  -13.183  -8.116 0.7777777910
67218  -29.316  -12.798  -8.086 0.8888888955
64802  -24.281  -14.556  -5.271 0.5555555820
66035  -27.524  -13.150  -7.625 0.6666666865
66053  -27.825  -12.983  -8.230 0.8888888955
68247  -29.871  -11.607  -8.466 0.7777777910
65999  -23.836  -13.285  -4.767 0.4444444478
68205  -24.321  -11.814  -5.867 0.5555555820
69165  -24.351  -10.368  -6.121 0.2222222239
69178  -24.854  -10.673  -7.419 0.6666666865
71244  -30.636  -8.309  -9.592 0.8888888955
72239  -30.891  -7.730  -9.663 0.6666666865
73270  -30.860  -7.078  -10.067 0.7777777910
73271  -31.407  -6.758  -9.331 0.6666666865
71214  -24.891  -9.194  -7.959 0.5555555820
73272  -31.998  -5.948  -9.096 0.6666666865
71226  -24.825  -8.128  -7.933 0.4444444478
75363  -32.631  -4.351  -8.320 0.5555555820
73259  -24.341  -6.263  -7.811 0.2222222239
76449  -32.774  -3.213  -8.514 0.5555555820
75358  -24.348  -4.744  -9.121 0.4444444478
78654  -33.114  -1.923  -8.775 0.5555555820
76443  -24.106  -3.591  -8.693 0.3333333433
79656  -32.935  -1.286  -8.922 0.5555555820
79675  -33.283  -0.434  -8.788 0.4444444478
78647  -23.444  -1.690  -8.855 0.3333333433
80712  -32.451  0.544  -9.942 0.5555555820
82766  -32.174  1.439  -9.509 0.4444444478
81739  -22.291  1.753  -9.244 0.3333333433
81756  -23.298  1.810  -9.706 0.3333333433
80724  -23.416  1.210  -9.858 0.4444444478
83796  -31.502  2.719  -9.462 0.4444444478
84845  -31.061  3.417  -9.238 0.4444444478
85912  -32.050  5.149  -9.136 0.2222222239
84825  -22.911  4.432  -9.356 0.3333333433
85939  -24.165  5.528  -11.515 0.6666666865
85947  -25.202  5.630  -12.721 0.6666666865
85940  -26.291  5.674  -12.298 0.6666666865
85941  -26.578  5.579  -11.373 0.6666666865
86946  -27.242  6.548  -10.815 0.6666666865
86947  -27.769  6.449  -9.855 0.6666666865
86948  -28.622  6.262  -9.360 0.6666666865
86932  -29.583  6.187  -9.181 0.4444444478
85911  -30.953  5.314  -9.153 0.3333333433
66012  -24.242  -13.215  -6.000 0.5555555820
64829  -25.823  -14.334  -6.386 0.6666666865
67177  -24.971  -12.708  -6.778 0.6666666865
66033  -25.507  -13.006  -6.850 0.7777777910
67196  -26.172  -12.131  -7.731 0.8888888955
68225  -26.254  -11.543  -8.144 1.0000000000
67217  -28.346  -12.410  -8.370 0.8888888955
66000  -24.019  -13.480  -5.337 0.4444444478
67167  -24.185  -12.603  -5.563 0.5555555820
68223  -24.753  -11.520  -7.227 0.8888888955
67216  -27.508  -12.312  -8.231 0.8888888955
70186  -28.091  -9.837  -8.972 1.0000000000
69216  -29.175  -9.826  -9.454 1.0000000000
69157  -24.386  -11.054  -6.026 0.5555555820
69166  -24.406  -10.765  -6.799 0.6666666865
70168  -25.315  -9.618  -8.251 0.8888888955
70184  -26.642  -9.336  -9.327 1.0000000000
69215  -28.827  -9.734  -9.559 1.0000000000
70199  -26.775  -8.838  -10.027 1.0000000000
70202  -29.052  -9.567  -10.186 1.0000000000
71230  -30.232  -8.741  -9.496 0.8888888955
71242  -29.556  -8.959  -10.430 1.0000000000
71243  -30.296  -8.326  -10.355 1.0000000000
71228  -26.145  -8.959  -8.920 1.0000000000
70213  -26.892  -8.542  -10.410 1.0000000000
71240  -25.693  -8.089  -9.572 0.8888888955
71267  -26.703  -7.888  -10.912 1.0000000000
72262  -29.473  -7.408  -12.043 1.0000000000
72263  -29.846  -7.046  -11.833 1.0000000000
74314  -30.633  -5.635  -10.621 0.8888888955
74306  -31.450  -5.564  -9.781 0.7777777910
72236  -24.753  -7.062  -8.312 0.5555555820
72226  -24.925  -7.745  -8.290 0.5555555820
73268  -24.737  -6.409  -8.806 0.6666666865
72246  -25.728  -7.468  -9.913 0.6666666865
73277  -25.803  -6.569  -10.263 0.7777777910
74312  -25.931  -5.676  -10.635 0.6666666865
74313  -26.693  -5.847  -10.940 0.8888888955
73286  -27.132  -6.500  -11.262 0.8888888955
71253  -26.309  -8.172  -10.232 0.8888888955
73287  -27.873  -6.480  -11.910 1.0000000000
73300  -29.338  -5.603  -12.266 1.0000000000
74315  -31.327  -4.858  -10.413 0.7777777910
76475  -31.307  -3.624  -10.236 0.6666666865
74294  -24.519  -5.426  -8.479 0.3333333433
73269  -25.178  -6.563  -9.621 0.6666666865
75380  -25.519  -4.633  -10.971 0.6666666865
74320  -26.348  -5.222  -11.112 0.7777777910
74330  -28.378  -5.020  -12.458 1.0000000000
76494  -29.782  -3.859  -11.997 0.7777777910
77627  -30.907  -2.360  -10.550 0.7777777910
77613  -32.263  -2.524  -8.960 0.5555555820
76492  -28.257  -3.537  -13.048 1.0000000000
78700  -30.317  -1.382  -10.644 0.7777777910
78686  -31.831  -1.371  -9.973 0.6666666865
77639  -26.541  -2.794  -12.536 0.8888888955
77649  -27.772  -2.738  -13.214 1.0000000000
77659  -28.129  -2.284  -13.372 0.8888888955
79689  -32.365  -0.587  -9.889 0.5555555820
79674  -32.865  -0.696  -9.207 0.5555555820
77624  -23.838  -2.312  -9.942 0.5555555820
78684  -24.682  -1.358  -11.168 0.6666666865
78723  -27.903  -1.311  -13.266 1.0000000000
78712  -28.956  -1.380  -12.451 0.8888888955
80742  -29.722  0.234  -11.181 0.8888888955
80729  -31.803  0.244  -10.301 0.6666666865
80753  -28.507  0.362  -12.398 0.8888888955
79697  -25.101  -0.397  -11.858 0.7777777910
81745  -32.325  1.022  -9.846 0.5555555820
81757  -23.637  1.719  -10.687 0.4444444478
80740  -24.664  0.569  -11.697 0.6666666865
81783  -25.084  1.595  -12.324 0.6666666865
79686  -24.455  -0.438  -11.006 0.7777777910
81784  -25.769  1.598  -13.031 0.7777777910
80751  -25.776  0.599  -12.685 0.7777777910
81800  -27.739  1.112  -13.116 0.7777777910
82806  -27.363  2.531  -12.744 0.6666666865
82792  -28.336  2.168  -11.531 0.6666666865
83805  -27.790  3.055  -10.775 0.6666666865
82778  -29.747  1.809  -10.129 0.5555555820
82780  -31.570  1.653  -9.428 0.4444444478
84844  -30.187  3.617  -9.274 0.5555555820
82777  -23.545  2.701  -10.459 0.5555555820
82803  -24.984  2.595  -12.337 0.6666666865
83830  -25.829  3.360  -13.350 0.7777777910
84841  -27.555  4.702  -10.543 0.6666666865
83802  -24.040  3.657  -11.041 0.5555555820
84854  -24.348  4.625  -11.716 0.6666666865
84855  -26.505  4.907  -12.236 0.6666666865
76444  -24.321  -4.160  -8.863 0.4444444478
76461  -23.895  -3.138  -9.657 0.4444444478
84829  -32.074  3.845  -9.399 0.3333333433
86933  -30.623  6.247  -8.878 0.3333333433
70188  -30.446  -9.639  -9.082 0.7777777910
64801  -23.780  -13.999  -4.699 0.3333333433
72227  -31.432  -7.578  -8.924 0.6666666865
70167  -24.774  -9.760  -7.488 0.7777777910
74293  -24.086  -5.180  -7.683 0.1111111119
77611  -23.571  -2.532  -9.207 0.3333333433
80706  -22.907  0.884  -9.193 0.3333333433
62512  -28.341  -16.056  -6.269 0.4444444478
64780  -29.132  -14.991  -4.834 0.2222222239
63606  -26.985  -16.103  -6.124 0.4444444478
63625  -26.324  -14.820  -6.512 0.4444444478
63626  -26.881  -15.228  -6.575 0.4444444478
63627  -27.869  -15.820  -6.493 0.4444444478
63628  -28.853  -15.424  -6.568 0.4444444478
63629  -29.828  -15.638  -7.323 0.2222222239
64831  -27.610  -14.651  -6.695 0.4444444478
64832  -28.581  -14.642  -6.626 0.4444444478
63630  -30.746  -15.450  -7.464 0.1111111119
64834  -31.039  -15.433  -7.143 0.1111111119
66015  -28.911  -13.981  -6.583 0.4444444478
64853  -29.933  -15.122  -7.703 0.3333333433
64851  -27.586  -13.854  -6.998 0.4444444478
64852  -28.130  -13.989  -6.479 0.4444444478
64833  -29.304  -14.991  -7.245 0.3333333433
66038  -30.375  -14.473  -7.716 0.3333333433
64855  -30.951  -15.520  -7.799 0.2222222239
66016  -29.213  -14.095  -6.763 0.4444444478
66037  -29.569  -13.899  -7.534 0.3333333433
66036  -28.638  -13.573  -6.943 0.4444444478
68226  -30.576  -12.614  -7.517 0.2222222239
67200  -31.155  -13.680  -7.160 0.1111111119
68213  -32.621  -12.625  -6.744 0.1111111119
67199  -30.070  -13.348  -7.753 0.3333333433
69201  -30.569  -10.687  -8.590 0.6666666865
69180  -31.721  -11.095  -7.287 0.4444444478
70170  -32.916  -9.537  -6.816 0.3333333433
70189  -31.239  -9.782  -8.418 0.6666666865
71232  -31.917  -8.474  -8.293 0.5555555820
72216  -32.571  -7.993  -7.939 0.5555555820
71216  -32.378  -8.550  -7.627 0.4444444478
72217  -32.869  -7.575  -7.584 0.3333333433
71231  -31.173  -8.544  -8.865 0.5555555820
73262  -33.021  -6.499  -7.946 0.4444444478
74295  -32.587  -5.644  -8.488 0.5555555820
72229  -32.603  -7.143  -8.133 0.4444444478
86961  -26.044  6.629  -12.290 0.5555555820
86962  -26.491  6.586  -11.515 0.5555555820
87956  -27.715  7.538  -10.150 0.5555555820
87957  -28.656  7.329  -9.527 0.5555555820
62500  -27.893  -16.573  -6.154 0.4444444478
63608  -29.131  -15.568  -6.114 0.2222222239
64854  -30.510  -15.255  -7.711 0.2222222239
68248  -30.631  -11.599  -7.835 0.4444444478
68227  -31.340  -12.123  -7.308 0.3333333433
70169  -31.901  -9.890  -7.465 0.4444444478
74296  -33.427  -5.331  -7.799 0.4444444478
76450  -33.227  -3.545  -8.020 0.4444444478
87970  -26.201  7.519  -11.547 0.5555555820
88974  -26.054  8.415  -11.708 0.5555555820
64830  -26.670  -14.199  -6.910 0.4444444478
69181  -32.645  -10.833  -6.812 0.2222222239
60219  -26.547  -18.123  -5.172 0.4444444478
61353  -27.472  -17.206  -4.818 0.4444444478
62483  -28.354  -16.191  -4.815 0.2222222239
63563  -28.847  -15.537  -4.066 0.2222222239
63564  -29.363  -15.434  -3.675 0.1111111119
62497  -25.538  -16.167  -5.715 0.4444444478
62498  -26.273  -16.752  -5.635 0.4444444478
64805  -29.928  -15.126  -5.754 0.1111111119
64806  -30.925  -14.968  -6.485 0.1111111119
64781  -29.569  -14.875  -4.597 0.1111111119
64835  -31.496  -15.079  -7.404 0.1111111119
66017  -31.693  -14.626  -7.257 0.1111111119
66019  -33.075  -14.002  -7.552 0.1111111119
69167  -32.849  -11.811  -6.665 0.1111111119
71217  -33.391  -8.485  -7.003 0.1111111119
73251  -33.523  -6.891  -7.392 0.2222222239
74286  -33.726  -6.206  -7.507 0.3333333433
76429  -33.928  -3.402  -7.858 0.3333333433
77596  -32.960  -2.594  -8.678 0.4444444478
77597  -33.611  -2.710  -8.259 0.3333333433
80725  -23.579  0.567  -10.019 0.4444444478
80713  -32.880  0.283  -9.608 0.4444444478
83797  -31.962  2.295  -9.245 0.3333333433
87938  -29.323  6.877  -9.361 0.5555555820
86972  -24.857  6.657  -12.690 0.5555555820
87969  -25.664  7.543  -12.230 0.5555555820
87955  -27.012  7.551  -10.985 0.5555555820
88954  -27.467  8.741  -10.606 0.5555555820
88955  -28.536  8.466  -9.784 0.5555555820
87982  -25.154  7.599  -12.681 0.5555555820
66055  -28.983  -13.327  -7.676 0.5555555820
73260  -31.801  -7.193  -8.759 0.5555555820
73261  -32.265  -6.715  -8.612 0.4444444478
83781  -31.985  3.174  -9.652 0.3333333433
67198  -29.617  -13.354  -7.838 0.3333333433
62511  -28.050  -16.249  -6.344 0.4444444478
62501  -28.413  -16.140  -5.618 0.4444444478
63585  -28.866  -15.413  -4.708 0.3333333433
64804  -29.227  -15.049  -5.242 0.1111111119
62499  -27.218  -16.931  -6.102 0.4444444478
63607  -27.529  -16.431  -6.229 0.4444444478
63609  -30.233  -15.592  -6.729 0.1111111119
66039  -31.071  -14.900  -7.653 0.2222222239
67201  -31.884  -12.768  -6.916 0.1111111119
68228  -32.230  -11.864  -7.067 0.1111111119
67179  -32.314  -13.618  -7.007 0.1111111119
67219  -30.100  -12.409  -8.026 0.3333333433
69202  -31.238  -10.730  -7.895 0.4444444478
68249  -31.203  -11.350  -7.535 0.4444444478
71215  -31.630  -8.988  -8.042 0.4444444478
72228  -32.247  -7.802  -8.423 0.5555555820
86973  -25.412  6.630  -12.590 0.5555555820
61370  -27.467  -17.052  -5.685 0.4444444478
62482  -27.818  -16.551  -5.279 0.4444444478
67178  -31.903  -14.173  -7.158 0.1111111119
88973  -25.452  8.281  -12.184 0.5555555820
61352  -26.907  -17.975  -4.777 0.4444444478
61369  -26.935  -17.547  -5.498 0.4444444478
61354  -28.005  -16.567  -4.543 0.4444444478
62468  -28.531  -15.996  -3.958 0.2222222239
62481  -25.860  -17.287  -5.307 0.4444444478
62480  -25.202  -16.715  -5.149 0.4444444478
55879  -27.768  -22.261  0.741 0.1111111119
57875  -25.085  -20.788  -2.018 0.3333333433
57855  -26.739  -20.814  -0.900 0.2222222239
56858  -27.278  -21.289  -0.252 0.2222222239
56832  -27.983  -21.340  0.282 0.1111111119
57842  -28.149  -20.877  -0.092 0.1111111119
58965  -24.325  -19.198  -3.348 0.3333333433
57905  -24.228  -20.427  -3.104 0.3333333433
57891  -24.486  -20.847  -2.588 0.3333333433
57893  -26.085  -19.978  -2.333 0.3333333433
58950  -26.735  -19.847  -1.935 0.3333333433
57856  -27.408  -20.741  -0.609 0.2222222239
57877  -27.183  -20.150  -1.325 0.2222222239
61335  -23.697  -17.490  -3.367 0.2222222239
61336  -24.344  -18.051  -3.782 0.2222222239
61316  -24.140  -18.153  -3.220 0.2222222239
58979  -24.762  -19.561  -3.707 0.3333333433
57907  -25.271  -20.022  -3.421 0.3333333433
58951  -27.395  -19.413  -1.497 0.1111111119
62479  -24.127  -16.616  -4.447 0.2222222239
61349  -23.858  -17.391  -4.106 0.3333333433
61350  -24.772  -17.785  -4.546 0.3333333433
60205  -25.575  -18.727  -4.632 0.3333333433
60204  -24.846  -18.818  -4.128 0.3333333433
60190  -26.189  -18.788  -3.749 0.3333333433
60179  -26.893  -18.640  -2.609 0.3333333433
60191  -26.768  -18.184  -3.447 0.3333333433
60158  -27.869  -18.567  -1.599 0.1111111119
60180  -27.622  -17.950  -2.336 0.2222222239
63583  -23.550  -15.596  -4.195 0.2222222239
63584  -24.396  -15.597  -4.754 0.3333333433
61337  -26.625  -18.188  -4.133 0.3333333433
61317  -27.181  -17.839  -2.958 0.3333333433
64778  -23.616  -14.466  -3.959 0.3333333433
64779  -23.836  -14.822  -4.563 0.3333333433
63604  -24.972  -15.554  -5.598 0.3333333433
61368  -26.248  -17.731  -5.345 0.3333333433
61338  -27.195  -17.589  -3.830 0.3333333433
61339  -28.026  -16.928  -3.884 0.3333333433
75365  -34.196  -4.392  -7.601 0.2222222239
74297  -34.071  -4.804  -7.490 0.2222222239
79657  -33.371  -1.005  -8.620 0.3333333433
78655  -33.900  -1.712  -8.324 0.2222222239
57892  -25.373  -20.357  -2.641 0.3333333433
57876  -26.277  -20.625  -1.518 0.3333333433
58932  -27.906  -19.902  -0.804 0.1111111119
62467  -23.433  -16.584  -3.733 0.3333333433
58980  -25.565  -19.434  -3.690 0.3333333433
58981  -26.128  -19.360  -3.296 0.3333333433
58967  -26.416  -19.425  -2.633 0.3333333433
60157  -27.165  -18.909  -1.852 0.3333333433
55878  -26.725  -22.481  0.680 0.1111111119
57890  -23.804  -20.636  -2.553 0.3333333433
56885  -24.003  -21.038  -2.493 0.3333333433
56874  -24.508  -21.158  -1.869 0.3333333433
56875  -25.404  -21.136  -1.381 0.3333333433
56876  -25.975  -21.079  -1.046 0.3333333433
56857  -26.575  -21.207  -0.623 0.3333333433
55851  -28.507  -22.810  1.383 0.1111111119
58964  -23.977  -19.703  -3.065 0.3333333433
57843  -28.607  -20.947  0.223 0.1111111119
57857  -28.518  -20.383  -0.075 0.1111111119
58952  -28.113  -19.225  -0.992 0.1111111119
61296  -28.436  -17.640  -1.884 0.1111111119
61318  -27.933  -17.245  -2.844 0.1111111119
65975  -24.015  -13.604  -3.491 0.1111111119
75347  -34.261  -4.025  -7.713 0.2222222239
80693  -34.434  0.071  -7.842 0.2222222239
79658  -34.226  -0.847  -8.194 0.2222222239
67166  -23.982  -12.882  -5.039 0.2222222239
70158  -24.577  -10.244  -7.122 0.5555555820
67161  -24.244  -12.408  -4.972 0.3333333433
77578  -35.022  -2.825  -7.143 0.2222222239
55880  -28.750  -22.027  0.967 0.1111111119
56831  -27.072  -21.743  0.130 0.1111111119
57874  -24.683  -20.958  -2.200 0.3333333433
57906  -24.762  -20.338  -3.281 0.3333333433
60188  -24.450  -18.755  -3.531 0.3333333433
58978  -24.412  -20.077  -3.377 0.3333333433
60177  -24.066  -18.745  -3.016 0.2222222239
58966  -25.748  -19.726  -2.992 0.3333333433
58968  -26.827  -19.208  -2.032 0.2222222239
58998  -24.904  -19.219  -4.018 0.3333333433
61351  -25.594  -17.900  -5.209 0.3333333433
60189  -25.569  -18.941  -3.985 0.3333333433
58999  -25.179  -19.154  -4.080 0.3333333433
60178  -26.468  -19.124  -3.130 0.3333333433
60206  -26.381  -18.516  -4.731 0.3333333433
60218  -26.100  -18.417  -5.233 0.3333333433
56873  -23.915  -21.106  -2.089 0.3333333433
56855  -24.875  -21.641  -0.994 0.3333333433
56856  -25.705  -21.500  -0.732 0.3333333433
60176  -23.685  -18.784  -2.285 0.2222222239
75348  -34.811  -4.504  -7.432 0.1111111119
74288  -35.542  -5.493  -7.223 0.1111111119
74289  -36.506  -5.505  -7.593 0.1111111119
75349  -35.924  -4.552  -7.496 0.1111111119
76432  -36.365  -3.629  -7.523 0.1111111119
77598  -34.243  -2.208  -7.956 0.1111111119
77599  -36.725  -2.677  -7.632 0.1111111119
78637  -35.422  -2.140  -7.450 0.1111111119
78638  -36.205  -2.101  -7.534 0.1111111119
81746  -32.971  1.231  -9.615 0.2222222239
78656  -34.777  -1.573  -7.840 0.1111111119
78657  -35.839  -1.362  -7.638 0.1111111119
82768  -33.710  2.267  -9.489 0.1111111119
82767  -32.794  1.997  -9.672 0.2222222239
83782  -32.369  2.920  -9.659 0.1111111119
83784  -34.187  3.518  -9.055 0.1111111119
87980  -24.252  7.420  -11.769 0.4444444478
84830  -33.037  4.008  -9.717 0.1111111119
88953  -26.684  8.359  -11.255 0.4444444478
87939  -30.143  7.134  -9.094 0.3333333433
86934  -31.669  6.206  -9.129 0.1111111119
85913  -32.869  4.986  -10.104 0.1111111119
89930  -27.007  9.314  -11.844 0.4444444478
89931  -27.683  9.878  -11.030 0.4444444478
89932  -28.428  9.665  -10.136 0.4444444478
89933  -29.729  9.276  -9.451 0.4444444478
89912  -30.104  8.322  -9.438 0.2222222239
89913  -30.778  8.616  -9.472 0.2222222239
88937  -31.437  7.934  -9.705 0.2222222239
87941  -32.109  7.111  -9.628 0.2222222239
92926  -32.815  12.446  -12.873 0.1111111119
90977  -32.919  10.684  -11.454 0.1111111119
87959  -32.285  6.774  -11.050 0.1111111119
88980  -24.606  8.439  -11.830 0.4444444478
89969  -25.586  9.074  -11.849 0.4444444478
89957  -25.525  8.570  -11.952 0.4444444478
89970  -26.115  9.560  -12.179 0.3333333433
90950  -29.226  10.647  -9.948 0.4444444478
91957  -28.802  11.731  -10.402 0.3333333433
90951  -30.412  10.617  -9.522 0.3333333433
90952  -31.529  10.603  -9.758 0.1111111119
89934  -31.072  9.572  -9.447 0.1111111119
89935  -32.057  9.480  -9.868 0.1111111119
88957  -32.226  8.209  -10.209 0.1111111119
89959  -32.495  9.222  -10.824 0.1111111119
88972  -24.270  9.019  -11.409 0.2222222239
90975  -26.478  9.898  -12.287 0.3333333433
90948  -27.243  10.786  -11.691 0.3333333433
90949  -28.192  10.774  -10.658 0.3333333433
91958  -29.916  11.655  -10.078 0.2222222239
92901  -30.594  12.551  -10.288 0.1111111119
92886  -31.223  12.273  -9.937 0.1111111119
91947  -31.663  12.162  -10.035 0.1111111119
90954  -32.962  10.729  -10.975 0.1111111119
92902  -31.516  12.526  -10.349 0.1111111119
92903  -32.162  12.309  -11.056 0.1111111119
91961  -32.694  11.306  -10.964 0.1111111119
90992  -26.012  9.859  -12.234 0.3333333433
90974  -26.029  10.737  -11.754 0.3333333433
91971  -25.452  11.511  -11.278 0.3333333433
90947  -26.432  11.300  -11.371 0.3333333433
92900  -29.417  12.684  -10.504 0.2222222239
93772  -31.748  13.131  -10.889 0.1111111119
92915  -32.576  12.447  -11.927 0.1111111119
93803  -32.657  13.524  -13.252 0.1111111119
92896  -25.043  12.536  -10.438 0.1111111119
92914  -25.792  12.758  -11.095 0.2222222239
92897  -26.445  13.015  -10.809 0.2222222239
91955  -26.608  11.982  -10.821 0.3333333433
92898  -27.280  12.830  -10.618 0.2222222239
91956  -27.720  11.785  -10.647 0.3333333433
93769  -28.887  13.728  -10.947 0.1111111119
94644  -29.444  14.422  -10.557 0.1111111119
93770  -29.991  13.581  -10.555 0.1111111119
93771  -31.057  13.484  -10.668 0.1111111119
93783  -31.588  13.780  -11.088 0.1111111119
94662  -32.154  14.011  -11.969 0.1111111119
93784  -32.137  13.424  -11.491 0.1111111119
91997  -32.719  11.380  -13.500 0.1111111119
93765  -25.180  13.114  -9.936 0.1111111119
93749  -25.207  13.872  -9.207 0.1111111119
93781  -25.075  13.101  -10.747 0.1111111119
93766  -25.773  13.486  -10.325 0.1111111119
94641  -26.624  14.329  -10.018 0.1111111119
94642  -27.391  14.382  -10.399 0.1111111119
93768  -27.812  13.827  -11.299 0.2222222239
94643  -27.901  14.383  -10.849 0.1111111119
93750  -28.080  14.255  -11.246 0.1111111119
95473  -28.740  15.279  -10.373 0.1111111119
95492  -30.120  15.625  -11.055 0.1111111119
94645  -30.494  14.518  -10.884 0.1111111119
94624  -26.017  14.396  -9.368 0.1111111119
94615  -25.733  14.455  -8.367 0.1111111119
95452  -26.552  14.997  -8.712 0.1111111119
95471  -26.943  15.199  -10.088 0.1111111119
96213  -26.951  15.651  -9.779 0.1111111119
96214  -27.162  16.294  -10.017 0.1111111119
96216  -28.706  16.494  -10.602 0.1111111119
95453  -27.346  15.469  -8.820 0.1111111119
95439  -27.199  15.267  -7.998 0.1111111119
96201  -27.376  16.207  -9.367 0.1111111119
76431  -35.462  -3.639  -7.325 0.1111111119
75350  -36.754  -4.575  -7.980 0.1111111119
79659  -35.206  -0.619  -7.829 0.1111111119
80694  -35.582  0.393  -7.577 0.1111111119
83783  -33.321  3.201  -9.488 0.1111111119
87981  -24.648  7.605  -12.553 0.4444444478
87958  -29.520  7.451  -9.422 0.4444444478
88935  -29.970  7.773  -9.430 0.3333333433
87940  -31.235  7.166  -9.079 0.2222222239
86935  -32.315  5.999  -9.917 0.1111111119
90953  -32.404  10.453  -10.510 0.1111111119
90976  -32.774  10.076  -11.260 0.1111111119
89971  -33.008  9.068  -11.707 0.1111111119
91973  -32.586  11.676  -11.607 0.1111111119
93767  -26.865  13.682  -10.633 0.2222222239
93751  -28.359  14.154  -11.145 0.1111111119
95470  -26.663  14.999  -9.601 0.1111111119
95472  -27.771  15.134  -10.274 0.1111111119
95491  -29.367  15.834  -10.673 0.1111111119
74299  -37.514  -5.674  -9.101 0.1111111119
74298  -37.198  -5.583  -8.244 0.1111111119
81724  -33.881  0.517  -8.337 0.2222222239
86971  -24.336  6.570  -12.138 0.4444444478
88981  -25.106  8.432  -12.597 0.4444444478
74287  -34.432  -5.637  -7.310 0.1111111119
73264  -37.443  -6.646  -8.704 0.1111111119
75367  -37.696  -4.682  -9.462 0.1111111119
76451  -37.101  -3.592  -8.134 0.1111111119
77600  -37.370  -2.524  -8.343 0.1111111119
78658  -36.994  -1.461  -7.717 0.1111111119
79660  -36.348  -0.379  -7.649 0.1111111119
81726  -35.974  1.309  -7.583 0.1111111119
82752  -35.880  2.509  -8.250 0.1111111119
83785  -35.340  3.613  -8.834 0.1111111119
84831  -33.937  4.348  -9.894 0.1111111119
86949  -32.632  5.794  -10.991 0.1111111119
85930  -33.816  5.092  -10.719 0.1111111119
88979  -24.333  7.961  -11.335 0.4444444478
87972  -33.014  6.572  -11.488 0.1111111119
87971  -32.788  6.990  -11.937 0.1111111119
89956  -24.329  9.557  -10.993 0.2222222239
89968  -24.984  9.352  -11.408 0.3333333433
90973  -25.075  10.510  -11.162 0.2222222239
89977  -32.740  9.062  -12.780 0.1111111119
90946  -24.813  10.940  -10.276 0.1111111119
90999  -32.622  10.261  -13.133 0.1111111119
92001  -32.271  11.387  -14.541 0.1111111119
91945  -25.053  11.785  -10.002 0.1111111119
91937  -25.324  11.758  -9.340 0.1111111119
93736  -25.204  13.351  -8.805 0.1111111119
93737  -25.661  13.720  -8.400 0.1111111119
92938  -32.676  12.468  -13.909 0.1111111119
95423  -26.350  14.927  -6.931 0.1111111119
95504  -31.439  15.638  -12.148 0.1111111119
95515  -32.275  15.510  -13.136 0.1111111119
94679  -32.519  14.563  -13.582 0.1111111119
95438  -26.251  15.022  -7.593 0.1111111119
96215  -27.755  16.406  -10.480 0.1111111119
96931  -28.853  17.225  -10.749 0.1111111119
81747  -33.787  1.264  -8.941 0.1111111119
88956  -29.429  8.108  -9.521 0.4444444478
76430  -34.617  -3.536  -7.526 0.1111111119
89958  -26.045  9.051  -11.929 0.4444444478
77579  -35.965  -2.788  -6.997 0.1111111119
75366  -37.507  -4.617  -8.536 0.1111111119
81748  -34.553  1.714  -8.464 0.1111111119
82769  -34.673  2.547  -8.602 0.1111111119
85914  -33.433  4.590  -10.154 0.1111111119
85929  -33.163  5.458  -10.865 0.1111111119
89914  -31.626  8.763  -9.613 0.1111111119
91987  -32.822  11.312  -12.357 0.1111111119
91974  -32.927  11.092  -11.616 0.1111111119
90994  -32.853  10.262  -12.065 0.1111111119
88975  -32.823  8.016  -11.249 0.2222222239
91959  -31.024  11.715  -9.673 0.2222222239
91960  -31.868  11.661  -10.209 0.1111111119
90991  -25.601  9.893  -11.699 0.3333333433
91972  -25.867  11.868  -11.406 0.3333333433
92899  -28.327  12.778  -10.678 0.2222222239
93791  -32.512  13.423  -12.310 0.1111111119
91954  -25.030  11.695  -10.813 0.1111111119
92885  -25.203  12.600  -9.644 0.1111111119
92913  -25.272  12.473  -11.097 0.1111111119
93782  -25.328  13.093  -11.017 0.1111111119
94626  -28.696  14.308  -10.388 0.1111111119
94646  -31.200  14.118  -11.021 0.1111111119
94670  -32.351  14.560  -12.505 0.1111111119
94661  -31.530  14.610  -11.576 0.1111111119
93748  -24.990  13.231  -9.020 0.1111111119
95455  -28.338  14.654  -10.222 0.1111111119
95474  -29.662  15.138  -10.643 0.1111111119
94660  -30.765  15.106  -11.258 0.1111111119
95493  -30.839  15.649  -11.558 0.1111111119
96200  -27.045  15.391  -9.325 0.1111111119
73254  -36.250  -6.428  -7.122 0.1111111119
81725  -34.721  1.067  -8.086 0.1111111119
88982  -32.563  7.951  -12.259 0.1111111119
96231  -29.492  16.593  -10.863 0.1111111119
96919  -27.557  17.362  -9.512 0.1111111119
94600  -26.000  14.392  -7.389 0.1111111119
82751  -35.156  1.869  -8.181 0.1111111119
82770  -35.492  3.020  -8.593 0.1111111119
87960  -32.847  6.311  -11.280 0.1111111119
90935  -24.701  11.026  -9.435 0.1111111119
92874  -25.384  12.790  -9.185 0.1111111119
96233  -30.824  16.262  -11.965 0.1111111119
94669  -31.876  15.058  -12.171 0.1111111119
96930  -28.119  17.495  -10.439 0.1111111119
71213  -24.481  -8.728  -7.342 0.2222222239
72225  -24.525  -7.475  -7.589 0.2222222239
69140  -24.334  -11.264  -5.468 0.3333333433
70166  -24.464  -9.393  -7.111 0.3333333433
86959  -23.547  5.677  -10.583 0.3333333433
86944  -23.423  5.773  -10.152 0.2222222239
87954  -23.822  7.422  -9.954 0.1111111119
88971  -23.730  8.565  -10.833 0.1111111119
80707  -23.373  0.283  -9.292 0.1111111119
70157  -24.423  -9.815  -6.693 0.2222222239
82746  -21.138  2.817  -8.368 0.1111111119
84809  -21.249  4.220  -8.102 0.1111111119
86928  -23.606  5.531  -9.045 0.1111111119
88952  -23.725  8.300  -9.680 0.1111111119
88970  -23.486  9.041  -9.912 0.1111111119
85925  -23.502  5.198  -10.172 0.2222222239
84811  -22.332  4.550  -8.761 0.1111111119
68195  -24.345  -11.853  -5.215 0.2222222239
75357  -24.415  -4.510  -8.327 0.2222222239
85907  -23.162  5.014  -9.075 0.1111111119
86960  -23.793  6.317  -11.058 0.3333333433
87968  -24.149  7.376  -10.823 0.3333333433
71205  -24.164  -9.146  -6.467 0.2222222239
86945  -23.594  6.531  -10.084 0.1111111119
86907  -20.862  5.238  -7.520 0.1111111119
86910  -22.526  5.573  -8.129 0.1111111119
86911  -23.399  5.932  -8.050 0.1111111119
86929  -23.782  6.326  -9.170 0.1111111119
69168  -33.499  -11.451  -6.559 0.1111111119
55903  -24.521  -22.335  -0.359 0.1111111119
55904  -25.337  -22.088  -0.340 0.1111111119
56853  -23.006  -21.729  -0.701 0.1111111119
56854  -23.835  -21.613  -1.172 0.1111111119
57873  -23.449  -20.632  -1.606 0.1111111119
58949  -23.462  -19.732  -2.056 0.1111111119
68194  -24.369  -11.940  -4.604 0.1111111119
72215  -24.233  -7.841  -6.905 0.1111111119
71212  -24.338  -9.260  -6.899 0.1111111119
57854  -23.225  -21.001  -0.968 0.1111111119
56830  -26.093  -21.863  0.050 0.1111111119
57853  -22.622  -20.734  -0.476 0.1111111119
57872  -22.973  -20.369  -1.003 0.1111111119
58948  -23.050  -19.743  -1.257 0.1111111119
61295  -23.490  -17.818  -1.723 0.1111111119
61315  -23.764  -17.928  -2.661 0.1111111119
62447  -23.493  -16.779  -2.558 0.1111111119
68172  -24.221  -12.082  -4.044 0.1111111119
69139  -24.396  -11.124  -4.843 0.1111111119
70147  -24.228  -9.738  -5.750 0.1111111119
71206  -24.380  -8.555  -6.411 0.1111111119
78631  -23.826  -2.241  -8.450 0.2222222239
79636  -23.707  -1.305  -8.657 0.2222222239
79650  -23.549  -0.714  -8.744 0.1111111119
55876  -24.297  -23.038  0.310 0.1111111119
69156  -24.308  -10.583  -5.459 0.1111111119
77589  -23.817  -2.769  -8.560 0.2222222239
63562  -23.756  -15.478  -3.157 0.1111111119
67160  -24.042  -12.674  -4.469 0.1111111119
69113  -24.600  -11.498  -4.264 0.1111111119
71192  -24.110  -9.016  -5.825 0.1111111119
55902  -23.470  -22.716  -0.293 0.1111111119
69093  -24.637  -11.726  -3.886 0.1111111119
60156  -23.179  -18.827  -1.313 0.1111111119
68149  -24.488  -12.146  -3.568 0.1111111119
79637  -24.031  -0.989  -8.587 0.1111111119
80673  -23.289  -0.041  -8.449 0.1111111119
80705  -21.573  0.933  -8.828 0.1111111119
76422  -24.472  -3.686  -7.925 0.1111111119
80685  -22.434  0.513  -8.241 0.1111111119
81737  -20.423  1.634  -8.379 0.1111111119
81738  -21.080  1.897  -8.975 0.1111111119
56886  -24.178  -21.097  -2.319 0.3333333433
63586  -29.266  -15.231  -4.294 0.2222222239
63610  -30.772  -15.521  -6.971 0.1111111119
63631  -30.968  -15.411  -7.571 0.2222222239
63639  -30.204  -15.440  -7.632 0.2222222239
63640  -30.540  -15.427  -7.605 0.1111111119
63641  -30.744  -15.583  -7.582 0.1111111119
66064  -27.973  -12.975  -8.392 0.8888888955
66065  -28.129  -13.092  -8.295 0.8888888955
67228  -27.954  -12.721  -8.338 0.8888888955
67229  -28.182  -12.856  -8.353 0.8888888955
71252  -25.922  -7.916  -9.904 0.8888888955
71254  -27.096  -8.338  -10.801 1.0000000000
71269  -27.916  -7.879  -11.340 1.0000000000
73299  -28.902  -5.818  -12.379 1.0000000000
75364  -33.635  -4.246  -7.757 0.2222222239
75390  -29.815  -4.799  -12.075 0.8888888955
75407  -29.107  -3.531  -13.205 0.8888888955
75408  -29.244  -3.707  -13.043 1.0000000000
76464  -32.117  -3.637  -8.933 0.5555555820
76484  -30.089  -3.122  -11.967 0.8888888955
76500  -28.109  -3.010  -13.245 1.0000000000
76501  -28.740  -3.154  -13.344 1.0000000000
77576  -33.899  -2.966  -7.928 0.3333333433
77577  -34.271  -2.833  -7.729 0.2222222239
77658  -27.658  -1.799  -13.310 1.0000000000
78636  -34.712  -2.281  -7.558 0.2222222239
78670  -32.054  -1.934  -9.584 0.6666666865
78697  -25.305  -1.396  -11.660 0.8888888955
78722  -27.357  -1.277  -13.385 1.0000000000
79711  -25.422  0.099  -12.394 0.7777777910
79712  -25.748  -0.401  -12.484 0.7777777910
79715  -29.220  -0.952  -12.098 0.8888888955
80692  -33.687  -0.240  -8.394 0.2222222239
80704  -20.554  1.060  -8.408 0.1111111119
80714  -33.353  0.140  -8.897 0.4444444478
80764  -26.850  0.552  -13.374 0.8888888955
81797  -26.146  2.122  -13.446 0.7777777910
81799  -27.293  1.518  -13.417 0.7777777910
82760  -21.751  2.800  -8.787 0.4444444478
82781  -32.263  2.002  -9.214 0.4444444478
82789  -24.084  2.786  -11.149 0.5555555820
82807  -27.890  2.093  -12.346 0.7777777910
83761  -20.939  3.490  -7.980 0.1111111119
83762  -21.356  3.664  -8.334 0.1111111119
83776  -21.780  3.495  -8.630 0.2222222239
83791  -23.006  3.631  -9.588 0.3333333433
83818  -26.877  3.492  -12.445 0.6666666865
84808  -21.012  4.121  -7.745 0.1111111119
84810  -21.736  4.300  -8.534 0.1111111119
84826  -23.432  4.783  -9.771 0.2222222239
84874  -25.747  3.844  -13.373 0.6666666865
84875  -25.970  4.029  -13.546 0.6666666865
85873  -20.744  4.942  -7.410 0.1111111119
85889  -21.127  4.792  -7.701 0.1111111119
85890  -21.474  4.900  -8.124 0.1111111119
85891  -21.989  5.065  -8.510 0.1111111119
85892  -22.627  4.966  -8.765 0.1111111119
85908  -23.427  5.108  -9.589 0.1111111119
85938  -23.712  5.307  -10.749 0.4444444478
86895  -20.703  5.731  -7.276 0.1111111119
86896  -21.225  5.804  -7.573 0.1111111119
86908  -21.192  5.355  -7.659 0.1111111119
86909  -21.664  5.509  -7.882 0.1111111119
86927  -22.962  5.206  -8.735 0.1111111119
88936  -30.608  7.807  -9.544 0.3333333433
90993  -26.252  9.779  -12.302 0.3333333433
90995  -32.893  10.740  -11.777 0.1111111119
91946  -31.482  12.066  -9.867 0.1111111119
91962  -33.070  10.984  -11.194 0.1111111119
91988  -32.868  10.882  -12.008 0.1111111119
92887  -31.458  12.288  -10.016 0.1111111119
92944  -32.343  12.503  -14.664 0.1111111119
94625  -28.264  14.376  -10.678 0.1111111119
95454  -28.060  14.518  -10.353 0.1111111119
95505  -32.005  15.361  -12.518 0.1111111119
