#!ascii label  , from subject 3150 vox2ras=TkReg
866
97964  38.699  15.970  28.660 0.0000000000
98038  43.510  15.261  18.213 0.0000000000
103590  44.294  22.441  15.472 0.0000000000
93670  42.912  10.598  12.803 0.0000000000
95429  39.305  12.276  24.160 0.0000000000
102042  47.584  20.268  23.012 0.0000000000
98874  44.853  15.751  12.715 0.0000000000
101266  37.873  19.364  18.263 0.0000000000
100399  47.984  18.735  23.688 0.0000000000
98779  42.326  16.612  23.369 0.0000000000
93589  42.135  10.562  20.738 0.0000000000
104273  39.189  23.897  15.358 0.0000000000
101303  41.417  19.559  14.567 0.0000000000
101282  46.484  20.411  16.727 0.0000000000
100505  43.596  18.592  9.794 0.0000000000
102126  35.975  21.347  17.416 0.0000000000
99619  43.542  17.609  26.579 0.0000000000
99622  40.645  17.419  26.074 0.0000000000
94524  41.089  11.660  22.396 0.0000000000
102102  42.840  19.904  18.402 0.0000000000
102105  39.743  21.174  18.499 0.0000000000
103591  41.157  22.405  15.685 0.0000000000
103621  39.986  23.169  13.915 0.0000000000
103641  42.388  22.990  12.969 0.0000000000
99678  45.415  17.166  20.250 0.0000000000
100425  48.009  18.939  20.062 0.0000000000
99697  44.789  17.545  18.029 0.0000000000
95543  45.848  13.548  10.778 0.0000000000
99741  44.484  17.324  11.657 0.0000000000
127891  43.811  14.184  10.751 0.0000000000
127894  42.073  15.187  13.225 0.0000000000
94609  41.869  11.079  14.297 0.0000000000
91823  41.175  8.385  17.084 0.0000000000
97183  35.888  14.722  27.143 0.0000000000
97978  37.786  15.388  25.588 0.0000000000
102082  45.440  20.351  19.285 0.0000000000
95493  43.085  12.601  17.082 0.0000000000
98853  43.072  15.524  16.005 0.0000000000
95512  44.830  13.067  14.103 0.0000000000
95540  47.939  13.253  11.160 0.0000000000
101151  49.165  19.788  27.309 0.0000000000
100381  46.580  18.466  26.800 0.0000000000
99649  45.174  17.235  23.785 0.0000000000
98800  43.313  16.501  21.456 0.0000000000
97992  39.991  15.031  23.754 0.0000000000
97217  41.648  14.312  21.202 0.0000000000
96392  42.720  13.279  19.277 0.0000000000
93606  43.220  10.187  18.224 0.0000000000
95395  34.894  13.044  29.405 0.0000000000
104246  39.150  23.848  18.370 0.0000000000
104966  37.265  24.862  16.271 0.0000000000
102890  37.520  22.554  15.189 0.0000000000
101285  39.194  19.414  16.679 0.0000000000
98846  39.303  16.370  16.252 0.0000000000
101187  50.242  20.513  22.863 0.0000000000
102838  49.362  21.888  18.275 0.0000000000
102882  45.909  21.906  15.426 0.0000000000
100478  43.535  18.507  14.297 0.0000000000
101309  44.415  20.253  12.773 0.0000000000
102909  44.182  22.217  12.791 0.0000000000
100493  42.062  18.757  11.959 0.0000000000
98062  40.933  15.936  14.277 0.0000000000
102845  35.431  21.652  17.865 0.0000000000
103584  35.670  22.974  16.746 0.0000000000
99606  40.985  17.383  27.995 0.0000000000
98748  39.584  16.929  27.514 0.0000000000
102856  43.249  21.386  16.741 0.0000000000
102135  41.957  21.304  16.765 0.0000000000
102885  42.754  22.316  15.552 0.0000000000
104280  42.097  23.524  14.364 0.0000000000
104293  43.198  23.140  13.614 0.0000000000
99688  44.534  16.763  19.420 0.0000000000
99687  45.582  17.698  19.024 0.0000000000
99698  43.976  16.629  18.243 0.0000000000
94641  44.290  12.228  11.370 0.0000000000
95545  43.978  13.598  10.755 0.0000000000
94631  42.934  11.661  12.271 0.0000000000
95523  42.481  12.167  12.699 0.0000000000
94620  42.436  11.168  12.898 0.0000000000
92761  41.633  9.291  14.481 0.0000000000
91868  42.077  8.453  13.636 0.0000000000
96336  35.754  13.365  26.221 0.0000000000
101250  44.848  19.950  19.995 0.0000000000
101233  46.744  20.273  20.825 0.0000000000
94582  43.656  11.746  15.870 0.0000000000
95506  43.784  12.892  15.221 0.0000000000
94596  44.740  11.749  15.000 0.0000000000
95519  48.174  12.759  12.402 0.0000000000
93676  48.314  11.924  11.918 0.0000000000
94627  47.005  12.315  11.435 0.0000000000
99638  43.049  17.167  24.819 0.0000000000
99626  44.365  17.366  25.759 0.0000000000
98778  43.398  16.790  23.514 0.0000000000
99661  43.791  16.927  21.953 0.0000000000
98790  43.096  16.802  22.509 0.0000000000
96344  38.640  13.412  24.580 0.0000000000
97984  38.937  15.270  24.678 0.0000000000
96343  39.331  13.285  24.076 0.0000000000
94534  41.615  11.420  21.649 0.0000000000
96357  40.947  12.905  22.204 0.0000000000
95473  41.765  12.326  21.206 0.0000000000
97227  41.986  13.821  20.692 0.0000000000
95479  42.444  12.423  19.676 0.0000000000
94557  42.579  11.671  18.268 0.0000000000
92697  42.765  9.744  19.255 0.0000000000
91811  45.930  8.557  18.582 0.0000000000
103575  39.114  22.264  17.387 0.0000000000
102830  38.943  22.258  18.436 0.0000000000
104265  38.892  23.650  16.993 0.0000000000
104949  38.725  24.525  17.515 0.0000000000
104971  38.293  25.005  15.125 0.0000000000
103608  37.341  23.439  15.024 0.0000000000
104298  38.182  24.250  14.619 0.0000000000
102157  40.926  20.630  14.564 0.0000000000
102146  39.765  20.453  15.800 0.0000000000
101294  40.502  19.529  15.414 0.0000000000
100473  39.569  18.036  15.903 0.0000000000
99722  40.135  17.470  15.277 0.0000000000
101167  48.487  19.360  25.643 0.0000000000
101158  50.067  20.530  25.568 0.0000000000
100398  49.072  19.321  23.139 0.0000000000
100444  47.085  19.394  18.199 0.0000000000
101247  49.368  20.583  19.173 0.0000000000
101271  48.283  20.999  17.248 0.0000000000
102866  47.820  22.242  16.400 0.0000000000
102132  46.913  21.267  16.245 0.0000000000
127879  44.204  14.911  14.112 0.0000000000
99720  43.252  17.117  15.218 0.0000000000
99727  43.732  17.171  13.679 0.0000000000
99747  44.322  17.369  10.600 0.0000000000
100492  44.261  18.605  12.040 0.0000000000
101324  44.557  19.989  10.855 0.0000000000
102171  44.755  21.031  12.315 0.0000000000
102187  44.258  20.812  10.088 0.0000000000
102172  43.566  21.272  11.474 0.0000000000
100506  42.853  18.588  10.222 0.0000000000
127885  41.907  14.026  14.209 0.0000000000
127887  41.397  15.510  13.886 0.0000000000
96419  41.355  13.705  15.748 0.0000000000
96420  40.885  13.842  16.536 0.0000000000
102015  48.319  20.721  24.579 0.0000000000
102109  35.706  20.620  18.068 0.0000000000
102125  36.583  20.884  17.446 0.0000000000
99610  44.442  18.041  27.679 0.0000000000
99612  42.726  17.609  27.453 0.0000000000
99621  41.595  17.449  26.222 0.0000000000
98756  41.189  16.973  24.865 0.0000000000
94509  40.167  11.661  23.353 0.0000000000
102104  40.543  20.644  18.337 0.0000000000
102858  40.373  21.358  17.012 0.0000000000
103592  40.410  22.661  15.484 0.0000000000
104296  39.971  24.012  13.766 0.0000000000
104295  41.038  24.005  13.689 0.0000000000
103633  41.102  23.123  13.326 0.0000000000
102899  42.059  20.697  13.740 0.0000000000
100418  46.404  18.055  21.854 0.0000000000
100417  47.656  18.549  21.371 0.0000000000
100426  46.823  18.221  20.539 0.0000000000
100436  46.183  18.100  18.925 0.0000000000
101274  45.284  19.104  17.807 0.0000000000
127896  46.064  14.655  11.475 0.0000000000
127904  45.506  15.490  11.334 0.0000000000
127905  44.768  15.785  10.471 0.0000000000
127900  43.971  15.104  10.322 0.0000000000
98885  43.598  16.476  10.225 0.0000000000
98880  42.602  16.554  11.217 0.0000000000
127901  43.425  15.068  11.744 0.0000000000
96430  42.082  12.848  13.876 0.0000000000
94598  41.658  11.217  15.274 0.0000000000
90876  41.202  7.297  15.989 0.0000000000
97965  37.390  15.688  28.427 0.0000000000
98754  37.712  16.171  26.537 0.0000000000
97974  36.529  15.239  26.695 0.0000000000
96340  37.287  13.390  25.344 0.0000000000
95423  37.813  12.510  25.160 0.0000000000
101236  43.369  19.528  20.823 0.0000000000
102101  43.911  20.381  18.411 0.0000000000
102854  45.012  21.518  16.865 0.0000000000
97256  42.869  14.248  17.946 0.0000000000
98048  43.281  15.435  17.276 0.0000000000
96418  42.853  14.151  16.284 0.0000000000
95513  43.982  13.593  14.653 0.0000000000
127889  45.432  14.180  13.181 0.0000000000
95510  46.703  12.246  13.786 0.0000000000
96436  46.454  13.496  12.669 0.0000000000
97287  46.655  14.156  11.748 0.0000000000
95542  47.001  13.311  10.797 0.0000000000
94628  45.899  11.865  11.699 0.0000000000
93669  43.862  10.460  12.966 0.0000000000
91867  42.779  8.546  13.533 0.0000000000
100380  47.421  18.893  27.168 0.0000000000
100385  46.608  18.353  25.727 0.0000000000
99617  45.076  17.872  26.950 0.0000000000
100386  45.767  18.035  25.370 0.0000000000
99648  46.004  17.538  24.076 0.0000000000
99659  45.175  17.190  22.685 0.0000000000
99669  44.319  16.766  21.476 0.0000000000
98024  43.379  15.122  19.674 0.0000000000
98758  39.427  16.658  25.339 0.0000000000
98769  39.568  16.123  24.562 0.0000000000
98781  40.386  15.914  23.581 0.0000000000
96359  40.110  13.462  22.931 0.0000000000
97207  40.538  14.514  22.273 0.0000000000
98001  41.260  15.503  22.145 0.0000000000
98009  42.052  15.066  21.121 0.0000000000
98017  42.998  15.004  20.135 0.0000000000
97235  43.291  14.517  19.265 0.0000000000
95494  42.665  12.609  17.884 0.0000000000
94569  42.860  11.698  17.479 0.0000000000
93618  44.560  10.106  16.984 0.0000000000
91814  43.486  9.100  18.845 0.0000000000
92726  44.941  9.506  17.453 0.0000000000
97175  36.274  14.329  28.983 0.0000000000
96324  35.347  13.701  28.475 0.0000000000
94457  33.922  11.646  29.680 0.0000000000
103556  39.393  22.626  19.592 0.0000000000
104245  39.678  24.381  18.969 0.0000000000
103596  36.099  23.754  16.021 0.0000000000
102877  36.492  22.395  16.029 0.0000000000
102138  37.870  21.237  16.747 0.0000000000
102902  39.315  22.592  14.459 0.0000000000
102147  38.977  21.298  15.852 0.0000000000
101286  38.700  19.104  17.268 0.0000000000
102028  49.515  20.915  23.447 0.0000000000
101215  49.462  19.762  21.487 0.0000000000
102050  50.431  21.178  21.263 0.0000000000
102063  48.740  21.214  20.660 0.0000000000
102828  47.808  21.610  18.476 0.0000000000
102853  46.018  21.594  16.970 0.0000000000
103588  45.542  22.114  15.586 0.0000000000
99713  42.994  16.876  16.983 0.0000000000
100463  43.899  18.564  16.771 0.0000000000
101292  44.106  19.469  16.048 0.0000000000
99734  44.164  17.466  12.602 0.0000000000
101310  44.077  19.678  13.608 0.0000000000
101291  44.633  20.372  15.480 0.0000000000
102153  44.842  21.116  14.725 0.0000000000
102897  44.933  21.883  14.225 0.0000000000
103618  44.594  22.401  14.379 0.0000000000
103631  43.369  22.687  12.900 0.0000000000
102165  42.215  19.852  12.545 0.0000000000
100487  41.851  19.103  13.538 0.0000000000
99749  41.930  17.377  11.790 0.0000000000
99735  41.436  17.606  13.371 0.0000000000
99729  40.754  17.312  14.560 0.0000000000
98056  40.523  15.597  15.392 0.0000000000
91815  40.724  8.468  18.146 0.0000000000
104259  35.544  23.184  18.042 0.0000000000
104258  36.445  23.932  17.864 0.0000000000
97963  39.370  16.245  28.718 0.0000000000
98742  40.063  16.735  28.537 0.0000000000
98743  39.130  16.474  28.156 0.0000000000
102870  43.995  21.944  16.103 0.0000000000
102871  42.810  21.635  16.214 0.0000000000
102884  43.567  22.261  15.690 0.0000000000
103603  42.697  23.014  14.793 0.0000000000
103602  43.851  22.694  14.979 0.0000000000
99689  44.248  16.153  18.905 0.0000000000
98827  43.913  15.788  18.550 0.0000000000
93681  43.269  11.343  12.356 0.0000000000
94630  43.560  11.787  11.653 0.0000000000
93671  42.199  10.247  13.313 0.0000000000
92768  42.499  9.460  13.462 0.0000000000
102030  47.403  20.294  23.880 0.0000000000
101190  46.610  19.896  23.155 0.0000000000
101218  46.262  19.870  21.521 0.0000000000
101217  47.362  20.360  21.566 0.0000000000
93646  44.604  11.321  15.655 0.0000000000
94581  44.243  11.536  15.602 0.0000000000
93645  45.147  11.012  15.651 0.0000000000
93677  47.342  11.817  11.855 0.0000000000
100458  37.777  17.864  18.088 0.0000000000
98766  42.675  16.945  24.199 0.0000000000
98765  43.524  16.866  24.279 0.0000000000
95430  38.846  12.498  24.586 0.0000000000
93590  41.824  10.959  21.187 0.0000000000
94541  41.978  11.525  20.914 0.0000000000
95472  42.191  12.358  20.497 0.0000000000
94540  42.246  11.510  20.113 0.0000000000
94547  42.437  11.556  19.167 0.0000000000
93596  42.443  10.624  19.657 0.0000000000
103581  39.110  22.744  16.672 0.0000000000
104264  38.950  23.691  16.325 0.0000000000
104956  38.577  24.342  16.517 0.0000000000
104963  38.620  24.313  15.476 0.0000000000
104970  38.705  24.741  14.930 0.0000000000
101304  40.794  19.881  14.885 0.0000000000
100471  40.999  18.934  15.038 0.0000000000
100472  40.373  18.503  15.506 0.0000000000
100481  40.780  18.105  14.792 0.0000000000
101175  48.706  19.413  24.582 0.0000000000
100453  46.748  19.612  17.777 0.0000000000
101261  47.692  19.982  17.944 0.0000000000
101272  47.391  20.386  17.283 0.0000000000
101281  47.134  20.867  16.554 0.0000000000
102133  46.154  20.832  16.167 0.0000000000
127890  43.546  15.715  14.520 0.0000000000
100504  44.232  18.926  9.835 0.0000000000
100498  44.237  18.960  10.598 0.0000000000
101330  44.468  19.735  10.147 0.0000000000
102186  44.691  20.664  10.274 0.0000000000
101338  44.038  20.147  9.520 0.0000000000
101332  43.432  19.751  9.897 0.0000000000
100512  43.445  19.184  9.607 0.0000000000
95500  41.588  12.307  15.602 0.0000000000
127883  41.743  14.727  14.028 0.0000000000
102108  36.906  20.154  18.482 0.0000000000
99604  42.822  17.293  28.540 0.0000000000
99605  41.932  17.376  28.262 0.0000000000
99614  40.870  17.470  26.996 0.0000000000
99613  41.785  17.494  27.243 0.0000000000
99629  41.325  17.264  25.195 0.0000000000
102085  41.812  20.036  19.595 0.0000000000
102103  41.690  20.286  18.420 0.0000000000
102872  41.588  21.852  16.266 0.0000000000
102857  41.233  21.091  16.914 0.0000000000
102873  40.449  22.062  16.244 0.0000000000
103605  40.416  23.464  14.824 0.0000000000
104281  41.261  23.832  14.278 0.0000000000
104294  42.106  23.665  13.680 0.0000000000
104304  41.824  23.358  13.283 0.0000000000
103632  41.983  22.629  13.256 0.0000000000
102911  41.292  22.267  13.568 0.0000000000
102910  42.224  21.427  13.305 0.0000000000
100419  45.875  17.497  21.607 0.0000000000
100427  45.993  17.601  20.936 0.0000000000
99696  45.402  18.017  18.325 0.0000000000
100445  46.039  18.572  18.293 0.0000000000
100446  45.262  18.387  17.998 0.0000000000
127903  45.732  14.657  10.755 0.0000000000
127902  44.648  14.267  10.438 0.0000000000
95524  42.321  11.524  13.155 0.0000000000
95514  42.302  12.599  13.235 0.0000000000
95515  42.149  11.882  13.600 0.0000000000
95507  41.870  12.052  14.584 0.0000000000
93647  41.597  10.228  14.884 0.0000000000
91847  41.407  8.413  14.846 0.0000000000
97971  36.541  15.278  27.677 0.0000000000
97970  37.184  15.764  27.209 0.0000000000
96341  36.500  13.395  25.749 0.0000000000
95424  36.936  12.581  25.469 0.0000000000
101249  45.396  20.121  19.911 0.0000000000
102083  44.397  19.970  19.265 0.0000000000
102100  45.125  20.557  18.419 0.0000000000
102119  43.984  20.823  17.555 0.0000000000
102118  44.970  20.959  17.634 0.0000000000
96411  42.794  13.598  17.323 0.0000000000
97264  43.180  14.652  17.131 0.0000000000
96410  43.028  13.282  16.566 0.0000000000
95505  44.338  12.417  14.901 0.0000000000
127880  44.214  14.080  14.340 0.0000000000
95522  45.502  13.519  13.451 0.0000000000
94607  46.353  11.808  14.380 0.0000000000
95530  47.954  13.135  11.851 0.0000000000
95520  47.096  12.711  12.825 0.0000000000
96435  47.042  13.370  12.300 0.0000000000
127892  46.474  13.995  12.230 0.0000000000
97283  46.845  13.903  11.947 0.0000000000
96453  46.951  13.867  11.091 0.0000000000
95541  47.628  13.307  10.910 0.0000000000
93667  46.179  11.221  12.461 0.0000000000
94618  45.210  11.239  12.202 0.0000000000
94619  44.693  11.087  12.315 0.0000000000
93668  44.846  10.788  12.874 0.0000000000
100376  46.615  18.793  27.904 0.0000000000
100375  47.325  19.120  27.697 0.0000000000
100384  47.523  18.776  26.193 0.0000000000
99611  43.606  17.735  27.588 0.0000000000
99618  44.397  17.680  26.754 0.0000000000
99637  44.150  16.936  24.598 0.0000000000
99636  45.360  17.364  24.924 0.0000000000
99635  45.889  17.711  24.588 0.0000000000
99658  45.930  17.722  22.964 0.0000000000
99670  43.851  16.734  21.547 0.0000000000
98808  44.085  16.214  21.064 0.0000000000
98818  44.235  16.089  20.298 0.0000000000
98809  43.385  15.670  20.503 0.0000000000
98760  37.662  15.894  26.022 0.0000000000
98753  38.471  16.666  26.465 0.0000000000
98759  38.180  16.207  25.767 0.0000000000
97983  39.595  15.373  24.238 0.0000000000
97976  39.179  15.902  24.725 0.0000000000
97982  40.090  15.605  23.801 0.0000000000
98768  40.259  16.252  24.223 0.0000000000
94525  40.596  11.433  22.872 0.0000000000
95436  40.141  12.174  23.190 0.0000000000
95450  40.426  12.364  22.770 0.0000000000
96371  41.398  13.296  21.433 0.0000000000
96372  40.915  13.495  21.998 0.0000000000
97218  40.925  14.176  21.775 0.0000000000
98011  40.783  14.939  21.908 0.0000000000
98010  41.359  14.967  21.543 0.0000000000
98000  41.883  15.512  21.641 0.0000000000
96382  42.423  13.321  20.116 0.0000000000
97226  42.621  14.351  20.241 0.0000000000
97236  42.899  13.994  19.610 0.0000000000
97225  43.042  14.604  19.779 0.0000000000
96391  43.168  13.898  18.967 0.0000000000
96403  42.762  13.540  18.409 0.0000000000
95487  42.583  12.510  18.791 0.0000000000
93620  42.738  11.091  17.838 0.0000000000
93619  43.397  10.606  17.370 0.0000000000
91813  43.895  8.632  18.748 0.0000000000
92711  45.431  9.081  18.043 0.0000000000
92725  45.830  9.593  17.272 0.0000000000
97174  36.886  14.779  29.166 0.0000000000
96318  35.506  13.436  29.349 0.0000000000
96323  35.927  13.962  28.886 0.0000000000
96319  34.884  13.231  28.928 0.0000000000
96325  34.768  13.020  28.272 0.0000000000
95396  34.377  12.514  29.110 0.0000000000
103566  38.976  22.794  18.880 0.0000000000
104237  39.370  23.322  19.161 0.0000000000
104236  40.133  23.796  19.625 0.0000000000
104957  38.189  24.801  16.776 0.0000000000
104959  37.141  24.786  16.636 0.0000000000
104275  36.516  24.365  16.221 0.0000000000
104287  36.637  24.475  15.890 0.0000000000
103594  36.911  22.648  15.523 0.0000000000
102876  37.389  21.990  16.084 0.0000000000
102860  37.170  21.274  16.886 0.0000000000
103622  39.111  23.415  14.150 0.0000000000
102136  39.458  19.893  16.437 0.0000000000
102137  38.727  20.428  16.743 0.0000000000
100465  38.588  17.991  17.119 0.0000000000
100464  39.190  18.491  16.652 0.0000000000
101150  49.810  20.523  26.774 0.0000000000
101173  50.229  20.511  23.747 0.0000000000
101999  50.962  20.906  25.066 0.0000000000
102013  50.323  21.070  24.317 0.0000000000
102014  49.247  20.696  24.356 0.0000000000
102027  50.183  20.917  23.178 0.0000000000
100416  48.596  19.256  20.974 0.0000000000
100424  48.641  19.369  20.335 0.0000000000
102078  49.654  20.877  19.295 0.0000000000
101229  49.966  20.587  20.043 0.0000000000
102825  49.667  21.177  19.673 0.0000000000
102051  49.772  21.404  21.437 0.0000000000
102816  48.879  21.240  19.746 0.0000000000
102079  48.327  20.831  19.724 0.0000000000
102827  48.546  21.323  18.857 0.0000000000
102867  47.046  22.159  16.113 0.0000000000
102852  47.329  22.139  16.784 0.0000000000
102868  46.013  22.006  16.012 0.0000000000
98845  42.874  16.118  17.146 0.0000000000
98854  42.866  16.315  16.606 0.0000000000
99712  43.301  17.587  16.394 0.0000000000
100470  43.459  18.567  15.596 0.0000000000
127895  45.024  16.447  11.090 0.0000000000
101318  44.330  19.400  12.682 0.0000000000
101301  44.082  19.741  14.798 0.0000000000
102154  44.460  20.503  14.403 0.0000000000
102162  44.483  20.902  13.606 0.0000000000
102919  44.667  21.650  11.940 0.0000000000
102908  44.503  21.711  13.033 0.0000000000
102898  44.472  22.185  13.600 0.0000000000
103619  43.655  22.695  13.822 0.0000000000
101319  42.464  19.463  11.778 0.0000000000
102173  42.977  20.636  12.024 0.0000000000
102174  42.411  19.801  12.172 0.0000000000
102164  42.044  20.266  13.109 0.0000000000
101320  42.083  19.253  12.354 0.0000000000
127898  42.665  15.733  12.153 0.0000000000
98881  42.127  17.051  11.523 0.0000000000
98875  42.170  16.052  12.268 0.0000000000
98868  41.595  16.757  13.137 0.0000000000
98068  41.205  16.457  13.755 0.0000000000
99736  41.106  17.275  13.992 0.0000000000
98861  40.908  16.729  14.196 0.0000000000
98855  40.404  16.527  14.978 0.0000000000
96413  40.605  13.774  17.303 0.0000000000
97266  40.594  14.539  16.387 0.0000000000
92741  41.273  9.415  16.436 0.0000000000
92742  41.039  9.128  16.942 0.0000000000
102846  34.742  22.051  18.344 0.0000000000
103577  35.444  22.439  17.839 0.0000000000
102862  35.871  22.145  17.198 0.0000000000
99607  40.279  17.246  27.603 0.0000000000
99615  40.064  17.282  26.765 0.0000000000
101265  43.173  20.090  17.811 0.0000000000
102121  41.636  20.752  17.429 0.0000000000
102134  42.506  21.136  16.918 0.0000000000
102886  41.926  22.491  15.430 0.0000000000
103604  41.446  23.125  15.008 0.0000000000
103620  42.748  23.296  14.008 0.0000000000
104303  42.576  23.135  13.138 0.0000000000
95544  44.433  13.067  10.993 0.0000000000
95533  43.245  13.000  11.453 0.0000000000
94621  42.076  10.982  13.471 0.0000000000
93658  41.906  10.167  14.023 0.0000000000
92769  41.992  9.308  13.805 0.0000000000
91859  41.590  8.425  14.013 0.0000000000
97184  35.448  14.061  27.450 0.0000000000
97188  35.640  13.964  26.775 0.0000000000
96337  34.983  13.278  26.850 0.0000000000
101235  44.504  19.511  20.750 0.0000000000
101219  45.193  19.436  21.543 0.0000000000
101234  45.652  19.878  20.522 0.0000000000
102066  45.851  20.268  19.791 0.0000000000
95499  43.293  12.595  16.214 0.0000000000
94617  48.180  12.539  13.004 0.0000000000
94616  48.948  12.499  12.335 0.0000000000
94626  47.905  12.705  11.495 0.0000000000
94637  47.972  13.061  10.914 0.0000000000
100377  45.544  18.298  27.433 0.0000000000
99627  43.373  17.349  25.606 0.0000000000
99650  44.335  16.859  23.393 0.0000000000
99651  43.834  16.855  22.730 0.0000000000
97196  38.309  14.086  24.781 0.0000000000
97190  38.411  14.859  25.015 0.0000000000
97195  39.022  14.370  24.482 0.0000000000
97194  39.713  14.355  23.926 0.0000000000
95449  40.984  12.317  22.347 0.0000000000
95465  41.318  12.323  21.891 0.0000000000
96383  41.982  13.028  20.798 0.0000000000
93607  42.735  10.627  18.514 0.0000000000
91812  44.929  8.403  18.666 0.0000000000
91810  46.817  8.590  18.564 0.0000000000
102843  39.411  21.687  17.884 0.0000000000
102829  39.116  21.743  19.006 0.0000000000
102844  38.955  22.357  17.933 0.0000000000
103567  38.792  22.891  18.232 0.0000000000
104247  38.756  23.308  17.936 0.0000000000
104255  38.997  24.012  17.177 0.0000000000
104972  37.677  24.984  15.547 0.0000000000
104286  36.932  24.734  15.727 0.0000000000
104285  37.670  24.556  14.923 0.0000000000
103624  37.910  24.064  14.774 0.0000000000
103607  37.950  22.893  14.747 0.0000000000
102901  40.492  22.032  14.352 0.0000000000
102887  40.319  21.086  15.109 0.0000000000
102145  40.436  20.313  15.139 0.0000000000
101295  39.824  19.172  16.158 0.0000000000
99723  39.661  17.162  15.999 0.0000000000
98856  39.849  16.677  15.598 0.0000000000
101159  49.317  19.876  26.192 0.0000000000
101166  49.464  19.993  25.125 0.0000000000
101174  49.725  19.945  24.201 0.0000000000
101188  49.814  19.889  23.387 0.0000000000
100434  47.786  19.460  18.882 0.0000000000
101248  48.671  19.706  19.388 0.0000000000
100443  47.777  19.787  18.254 0.0000000000
101259  49.381  20.862  18.258 0.0000000000
102114  49.623  21.900  17.612 0.0000000000
102850  49.214  22.292  17.422 0.0000000000
102130  48.353  22.046  16.398 0.0000000000
102142  47.099  21.918  15.776 0.0000000000
102143  46.454  21.629  15.823 0.0000000000
98055  43.184  15.170  15.231 0.0000000000
99721  42.995  16.700  16.230 0.0000000000
99740  44.333  18.305  11.156 0.0000000000
100491  44.293  19.203  11.293 0.0000000000
101317  44.637  19.980  11.854 0.0000000000
102178  45.136  20.960  11.234 0.0000000000
102928  44.682  21.433  10.879 0.0000000000
102920  43.858  21.799  11.857 0.0000000000
102929  44.318  21.275  10.600 0.0000000000
101326  43.046  19.672  10.970 0.0000000000
100499  42.310  18.706  11.238 0.0000000000
127884  41.508  15.015  14.770 0.0000000000
97271  40.902  15.026  15.687 0.0000000000
97265  41.159  14.607  15.692 0.0000000000
96412  41.128  13.403  16.752 0.0000000000
102110  35.048  21.309  18.483 0.0000000000
102107  37.806  19.915  18.262 0.0000000000
99620  42.584  17.524  26.421 0.0000000000
99628  42.353  17.400  25.483 0.0000000000
99639  42.096  17.286  24.759 0.0000000000
98767  41.504  16.810  24.421 0.0000000000
93564  39.936  10.934  23.785 0.0000000000
93575  40.932  10.947  22.704 0.0000000000
93574  41.432  10.764  22.295 0.0000000000
93583  41.811  10.356  21.531 0.0000000000
93582  42.083  10.165  21.158 0.0000000000
92685  42.512  9.792  20.143 0.0000000000
102086  40.683  20.367  19.470 0.0000000000
102122  40.767  20.958  17.536 0.0000000000
102842  40.152  21.142  17.879 0.0000000000
102859  39.563  21.919  16.825 0.0000000000
102874  39.745  22.423  16.125 0.0000000000
103593  39.553  23.196  15.578 0.0000000000
104283  39.185  24.162  14.724 0.0000000000
103606  39.760  23.956  14.927 0.0000000000
104306  40.415  23.811  13.563 0.0000000000
104305  40.768  23.678  13.531 0.0000000000
102912  40.608  22.863  13.593 0.0000000000
102900  41.518  21.278  14.012 0.0000000000
101302  42.086  19.703  14.132 0.0000000000
100409  47.345  18.341  22.562 0.0000000000
99677  46.134  17.821  19.854 0.0000000000
99686  46.186  17.981  19.238 0.0000000000
100435  46.890  18.353  19.164 0.0000000000
100454  46.479  19.244  17.981 0.0000000000
101273  46.120  19.521  17.606 0.0000000000
127897  45.695  15.190  11.938 0.0000000000
127899  44.732  16.514  10.644 0.0000000000
99753  43.771  17.869  10.234 0.0000000000
99754  43.263  17.665  10.189 0.0000000000
98886  42.987  16.989  10.330 0.0000000000
127886  42.374  13.539  12.807 0.0000000000
96426  41.718  12.986  14.796 0.0000000000
93636  41.563  10.299  15.916 0.0000000000
91835  41.138  8.833  16.602 0.0000000000
92750  41.387  9.333  15.411 0.0000000000
91834  41.297  8.376  16.005 0.0000000000
91822  41.289  7.764  16.576 0.0000000000
98744  38.307  16.388  28.075 0.0000000000
97973  37.288  15.565  26.332 0.0000000000
97186  36.965  14.882  25.889 0.0000000000
97187  36.296  14.243  26.319 0.0000000000
97192  36.868  14.076  25.658 0.0000000000
97191  37.643  14.315  25.275 0.0000000000
96345  37.963  13.422  24.897 0.0000000000
95431  38.322  12.812  24.778 0.0000000000
94497  38.706  11.971  24.891 0.0000000000
102067  42.686  19.603  20.558 0.0000000000
102084  43.100  19.742  19.688 0.0000000000
101251  44.021  19.625  20.076 0.0000000000
101264  43.418  20.199  18.068 0.0000000000
101275  43.687  20.454  17.960 0.0000000000
102855  44.022  21.399  16.819 0.0000000000
97255  43.299  14.816  17.824 0.0000000000
98039  43.474  15.552  17.788 0.0000000000
97263  43.417  15.016  17.458 0.0000000000
127882  43.116  15.025  15.440 0.0000000000
96417  43.160  13.451  15.853 0.0000000000
96425  43.392  14.435  15.117 0.0000000000
127881  44.692  14.392  13.662 0.0000000000
94595  45.778  11.435  15.110 0.0000000000
94608  45.512  12.072  14.494 0.0000000000
95511  46.026  12.443  13.801 0.0000000000
95521  46.011  13.210  13.438 0.0000000000
96437  45.865  13.676  13.103 0.0000000000
127888  45.985  13.961  12.653 0.0000000000
127893  45.913  14.587  12.250 0.0000000000
94638  47.483  12.895  10.885 0.0000000000
94639  46.469  12.759  11.071 0.0000000000
94640  45.251  12.472  11.234 0.0000000000
94629  44.570  11.474  11.791 0.0000000000
93680  43.711  11.115  12.367 0.0000000000
92767  43.292  9.573  13.433 0.0000000000
91866  43.641  8.515  13.657 0.0000000000
101160  48.319  19.364  26.690 0.0000000000
100388  47.610  18.794  25.069 0.0000000000
99609  45.006  18.105  27.385 0.0000000000
100382  45.732  18.165  26.360 0.0000000000
99625  45.117  17.705  26.018 0.0000000000
100389  46.538  18.101  24.596 0.0000000000
100400  46.763  17.984  23.445 0.0000000000
100410  46.593  18.033  22.714 0.0000000000
99667  45.741  17.476  22.123 0.0000000000
99668  45.250  17.101  21.514 0.0000000000
99660  44.459  16.983  22.280 0.0000000000
99679  44.704  16.584  20.721 0.0000000000
98819  44.058  15.705  19.486 0.0000000000
98029  43.621  15.122  18.957 0.0000000000
98749  38.767  16.676  27.379 0.0000000000
98752  39.301  17.034  26.543 0.0000000000
99623  39.835  17.341  25.890 0.0000000000
97977  38.606  15.768  25.129 0.0000000000
99630  40.283  17.137  25.498 0.0000000000
98757  40.693  16.791  24.961 0.0000000000
98780  41.099  16.177  23.255 0.0000000000
95437  39.755  12.491  23.388 0.0000000000
96348  39.910  13.622  23.268 0.0000000000
96347  40.198  14.078  23.045 0.0000000000
96358  40.414  13.628  22.593 0.0000000000
97198  40.261  14.564  22.796 0.0000000000
97991  40.297  15.402  23.165 0.0000000000
97990  40.883  15.676  22.707 0.0000000000
98792  41.352  15.886  22.607 0.0000000000
98791  42.089  16.180  22.237 0.0000000000
98801  42.611  15.707  21.164 0.0000000000
97216  42.199  14.550  20.759 0.0000000000
98018  42.668  15.161  20.623 0.0000000000
98810  42.873  15.564  20.705 0.0000000000
97246  42.934  14.077  18.393 0.0000000000
93635  43.588  11.193  16.504 0.0000000000
93634  44.285  10.927  16.225 0.0000000000
92696  43.218  9.412  18.890 0.0000000000
92713  43.597  9.568  18.291 0.0000000000
92712  44.504  9.155  18.138 0.0000000000
92727  44.186  9.773  17.643 0.0000000000
93633  45.528  10.281  16.432 0.0000000000
97177  36.730  15.075  28.530 0.0000000000
97178  36.070  14.549  28.260 0.0000000000
97179  35.395  14.034  27.983 0.0000000000
96331  35.033  13.539  27.746 0.0000000000
94463  33.744  11.305  28.590 0.0000000000
104942  39.171  24.829  18.695 0.0000000000
104950  38.325  25.057  17.719 0.0000000000
104268  36.113  23.800  16.953 0.0000000000
103583  35.955  22.447  16.358 0.0000000000
103609  36.646  24.031  15.398 0.0000000000
103595  36.101  23.048  15.603 0.0000000000
102861  36.488  21.799  16.780 0.0000000000
102124  37.664  20.606  17.538 0.0000000000
102106  38.070  19.628  18.075 0.0000000000
104297  38.905  23.991  14.552 0.0000000000
102903  38.545  22.912  14.459 0.0000000000
102889  38.396  22.151  15.175 0.0000000000
102888  39.589  21.682  15.192 0.0000000000
102875  38.294  21.495  16.167 0.0000000000
102123  38.292  19.895  17.737 0.0000000000
101277  38.167  19.190  17.882 0.0000000000
100457  38.219  18.386  17.693 0.0000000000
99714  38.993  17.378  16.541 0.0000000000
102785  49.016  21.018  24.806 0.0000000000
102029  48.435  20.527  23.697 0.0000000000
102041  48.586  20.604  22.778 0.0000000000
100408  48.570  19.042  22.258 0.0000000000
101201  49.614  19.808  22.524 0.0000000000
101230  49.395  19.717  20.251 0.0000000000
101214  50.220  20.396  20.916 0.0000000000
102039  50.267  21.097  22.254 0.0000000000
102040  49.593  21.059  22.499 0.0000000000
102052  48.456  20.764  21.763 0.0000000000
101216  47.836  20.487  21.850 0.0000000000
101232  47.336  20.507  20.964 0.0000000000
102080  47.444  20.942  19.310 0.0000000000
102081  46.406  20.698  19.231 0.0000000000
102840  47.475  21.785  17.735 0.0000000000
102117  45.818  21.037  17.712 0.0000000000
102869  44.966  21.970  16.162 0.0000000000
103589  44.922  22.321  15.568 0.0000000000
98837  43.424  16.011  17.702 0.0000000000
99707  43.306  16.632  17.651 0.0000000000
99706  43.670  17.567  17.486 0.0000000000
100456  44.068  18.161  17.331 0.0000000000
100462  44.408  19.096  16.943 0.0000000000
101283  45.110  19.836  16.700 0.0000000000
100486  43.964  18.487  13.135 0.0000000000
102144  45.622  21.092  15.527 0.0000000000
102883  45.474  21.738  14.918 0.0000000000
102896  45.522  22.084  14.831 0.0000000000
103617  45.203  22.285  14.712 0.0000000000
103601  44.864  22.614  15.018 0.0000000000
103640  42.955  22.747  12.775 0.0000000000
102921  42.923  22.093  12.846 0.0000000000
101311  42.024  19.579  13.619 0.0000000000
100479  41.986  19.071  14.042 0.0000000000
99748  42.250  17.663  11.119 0.0000000000
100500  41.844  18.062  11.808 0.0000000000
98073  41.832  16.136  12.841 0.0000000000
99742  41.717  17.474  12.476 0.0000000000
100494  41.709  18.425  12.632 0.0000000000
100488  41.589  18.557  13.564 0.0000000000
100480  41.398  18.630  14.399 0.0000000000
98057  39.831  16.020  15.612 0.0000000000
98049  40.368  15.111  15.943 0.0000000000
90899  41.699  7.627  13.750 0.0000000000
90848  44.274  8.115  19.049 0.0000000000
90849  43.910  8.257  19.113 0.0000000000
90893  41.412  7.601  14.257 0.0000000000
92714  43.053  9.873  18.605 0.0000000000
93678  46.627  11.754  11.812 0.0000000000
93679  44.301  10.950  12.446 0.0000000000
94510  39.572  11.575  23.941 0.0000000000
94568  43.312  11.721  16.753 0.0000000000
94597  44.090  12.022  15.277 0.0000000000
95422  38.433  12.265  24.942 0.0000000000
95451  40.008  13.110  22.903 0.0000000000
95531  47.464  13.327  12.186 0.0000000000
95532  43.830  12.499  11.322 0.0000000000
96402  43.034  13.997  18.619 0.0000000000
96444  47.647  13.497  11.314 0.0000000000
96445  47.256  13.657  11.763 0.0000000000
96446  46.835  13.700  12.170 0.0000000000
96452  47.648  13.496  11.062 0.0000000000
97199  40.043  14.513  23.349 0.0000000000
97245  43.238  14.485  18.535 0.0000000000
97966  36.655  15.180  28.227 0.0000000000
98002  40.553  15.171  22.430 0.0000000000
98047  43.436  15.222  17.707 0.0000000000
98067  41.421  15.976  13.476 0.0000000000
98750  37.866  16.410  27.391 0.0000000000
98764  43.878  16.806  24.340 0.0000000000
98777  43.885  16.720  24.058 0.0000000000
98799  43.923  16.584  21.360 0.0000000000
98828  43.759  16.111  18.077 0.0000000000
98836  43.652  15.750  18.053 0.0000000000
98869  41.239  16.955  13.692 0.0000000000
98876  41.952  16.740  12.145 0.0000000000
99631  39.835  17.078  25.567 0.0000000000
99640  41.652  17.168  24.784 0.0000000000
99699  43.628  16.367  17.902 0.0000000000
99705  44.257  17.944  17.580 0.0000000000
99728  41.180  17.886  14.111 0.0000000000
99755  42.772  17.477  10.564 0.0000000000
100378  44.970  18.209  27.640 0.0000000000
100390  45.826  17.838  24.842 0.0000000000
100447  37.831  18.719  18.245 0.0000000000
100455  44.550  18.624  17.491 0.0000000000
100510  44.165  19.610  9.558 0.0000000000
100511  43.902  19.353  9.463 0.0000000000
101165  50.284  20.504  24.644 0.0000000000
101189  49.056  19.492  23.795 0.0000000000
101200  50.006  20.540  21.912 0.0000000000
101202  47.775  20.358  22.211 0.0000000000
101203  46.904  19.977  22.306 0.0000000000
101231  48.677  19.429  20.015 0.0000000000
101246  49.797  20.793  19.568 0.0000000000
101260  48.535  20.463  18.055 0.0000000000
101262  45.741  18.931  17.917 0.0000000000
101263  45.567  18.715  18.017 0.0000000000
101276  43.432  20.404  17.742 0.0000000000
101284  44.325  19.255  16.636 0.0000000000
101293  40.919  19.458  14.972 0.0000000000
101300  44.513  20.447  14.844 0.0000000000
101312  41.729  19.329  13.011 0.0000000000
101325  43.492  20.307  10.506 0.0000000000
101331  43.779  20.488  10.040 0.0000000000
101337  44.373  19.948  9.764 0.0000000000
101339  43.722  19.613  9.534 0.0000000000
102053  47.855  20.734  21.072 0.0000000000
102061  50.363  20.960  20.505 0.0000000000
102062  49.554  21.476  20.806 0.0000000000
102064  47.614  20.522  20.338 0.0000000000
102065  46.616  20.295  19.965 0.0000000000
102077  49.970  21.024  19.820 0.0000000000
102095  49.497  21.035  19.203 0.0000000000
102096  49.449  21.280  18.459 0.0000000000
102097  49.409  21.299  17.731 0.0000000000
102098  47.022  21.337  18.671 0.0000000000
102099  46.295  20.942  18.313 0.0000000000
102115  49.056  21.718  16.926 0.0000000000
102116  48.135  21.427  16.811 0.0000000000
102120  42.934  20.558  17.425 0.0000000000
102131  47.565  21.661  16.311 0.0000000000
102155  42.124  20.114  13.806 0.0000000000
102156  41.835  20.343  14.230 0.0000000000
102163  44.268  20.223  14.097 0.0000000000
102179  43.684  21.044  10.813 0.0000000000
102180  43.330  20.451  11.047 0.0000000000
102192  44.372  20.433  9.845 0.0000000000
102193  44.184  20.491  9.774 0.0000000000
102773  49.260  21.246  25.278 0.0000000000
102774  48.699  21.069  25.028 0.0000000000
102806  50.146  21.483  21.019 0.0000000000
102807  49.923  21.562  20.822 0.0000000000
102814  50.136  21.373  20.492 0.0000000000
102815  49.511  21.441  20.217 0.0000000000
102826  49.175  21.099  19.224 0.0000000000
102837  49.352  21.032  18.848 0.0000000000
102839  48.591  22.311  17.944 0.0000000000
102841  46.602  21.549  17.468 0.0000000000
102851  48.390  22.331  16.904 0.0000000000
102881  46.644  22.023  15.744 0.0000000000
102937  44.605  21.180  10.346 0.0000000000
102938  44.385  21.110  10.250 0.0000000000
103576  38.718  22.849  17.529 0.0000000000
103582  38.748  23.270  16.992 0.0000000000
103600  45.441  22.278  15.111 0.0000000000
103610  36.518  24.275  15.806 0.0000000000
103623  38.262  23.594  14.536 0.0000000000
103634  40.476  23.533  13.556 0.0000000000
104256  38.823  23.538  17.497 0.0000000000
104274  36.903  24.718  16.353 0.0000000000
104282  40.284  24.108  14.291 0.0000000000
104284  38.518  24.574  14.787 0.0000000000
104299  37.904  24.340  14.672 0.0000000000
104310  42.391  23.221  13.061 0.0000000000
104311  41.896  23.279  12.906 0.0000000000
104964  38.128  24.700  15.892 0.0000000000
104965  37.697  24.882  16.193 0.0000000000
104973  37.390  24.903  15.888 0.0000000000
