#!ascii label  , from subject 3130 vox2ras=TkReg
596
23489  -30.547  -59.874  67.218 0.0000000000
51287  -37.372  -39.973  64.657 0.0000000000
52547  -42.281  -39.286  64.829 0.0000000000
54922  -51.060  -37.726  65.234 0.0000000000
51349  -32.698  -40.596  61.896 0.0000000000
51268  -47.581  -40.461  65.563 0.0000000000
62472  -53.833  -31.533  58.281 0.0000000000
66506  -58.209  -28.727  57.071 0.0000000000
48397  -38.739  -42.079  68.261 0.0000000000
49781  -41.527  -41.932  70.586 0.0000000000
53680  -39.254  -37.827  66.236 0.0000000000
26419  -30.029  -58.693  65.616 0.0000000000
30944  -32.504  -55.487  64.844 0.0000000000
36184  -33.446  -51.522  65.924 0.0000000000
41792  -33.280  -47.950  64.227 0.0000000000
45760  -31.785  -44.722  62.126 0.0000000000
48502  -32.310  -42.281  63.090 0.0000000000
48472  -35.065  -42.377  65.445 0.0000000000
47059  -45.395  -43.344  68.082 0.0000000000
69272  -59.444  -26.896  58.217 0.0000000000
51234  -37.690  -40.981  66.614 0.0000000000
51212  -39.503  -40.355  67.782 0.0000000000
52522  -38.509  -39.024  65.163 0.0000000000
27973  -29.209  -58.097  64.069 0.0000000000
27950  -31.748  -57.876  65.087 0.0000000000
45770  -30.836  -44.394  61.556 0.0000000000
47144  -31.559  -43.257  62.083 0.0000000000
48511  -31.489  -42.363  62.208 0.0000000000
51329  -35.519  -40.079  62.741 0.0000000000
51308  -33.771  -41.030  63.811 0.0000000000
51261  -36.089  -41.173  65.536 0.0000000000
48437  -37.182  -42.149  66.375 0.0000000000
52488  -42.955  -39.978  68.214 0.0000000000
47045  -43.499  -43.164  70.363 0.0000000000
51216  -44.485  -40.556  67.987 0.0000000000
52527  -49.648  -39.663  64.904 0.0000000000
51220  -48.729  -40.613  67.007 0.0000000000
51223  -51.088  -40.133  67.156 0.0000000000
53722  -52.889  -38.493  64.943 0.0000000000
61127  -56.369  -32.013  60.658 0.0000000000
61113  -54.233  -32.884  61.662 0.0000000000
49954  -31.447  -41.428  60.698 0.0000000000
54985  -48.779  -37.327  61.606 0.0000000000
63835  -56.547  -30.637  57.856 0.0000000000
62462  -58.082  -31.706  59.730 0.0000000000
65184  -60.396  -28.587  57.479 0.0000000000
48399  -40.206  -42.470  68.716 0.0000000000
49793  -39.975  -41.753  69.172 0.0000000000
52477  -40.826  -39.902  68.286 0.0000000000
24926  -29.913  -59.305  67.168 0.0000000000
32261  -34.321  -54.548  67.589 0.0000000000
33508  -32.562  -53.473  65.603 0.0000000000
33489  -34.475  -53.001  68.028 0.0000000000
37640  -35.097  -50.274  67.713 0.0000000000
40467  -34.779  -48.710  66.658 0.0000000000
41794  -34.775  -47.566  64.989 0.0000000000
43098  -32.606  -46.409  62.555 0.0000000000
45762  -33.524  -45.039  61.682 0.0000000000
51326  -32.188  -40.804  62.971 0.0000000000
49904  -33.342  -41.801  63.851 0.0000000000
49906  -35.394  -42.021  64.119 0.0000000000
49886  -37.347  -42.158  65.354 0.0000000000
49842  -39.217  -42.239  66.984 0.0000000000
51218  -46.402  -40.704  67.897 0.0000000000
59898  -51.517  -33.563  61.940 0.0000000000
57376  -52.666  -35.575  64.757 0.0000000000
24925  -28.706  -59.743  67.141 0.0000000000
51262  -37.576  -40.322  65.460 0.0000000000
51235  -38.452  -40.019  66.328 0.0000000000
52521  -37.903  -39.547  64.718 0.0000000000
47154  -30.693  -43.510  60.987 0.0000000000
47143  -31.014  -43.324  61.920 0.0000000000
48522  -30.879  -42.709  61.331 0.0000000000
51330  -36.188  -39.925  62.926 0.0000000000
51310  -36.099  -40.187  63.463 0.0000000000
51286  -36.419  -40.438  64.489 0.0000000000
49863  -36.888  -41.407  65.927 0.0000000000
51215  -43.520  -40.320  68.245 0.0000000000
52525  -43.595  -39.830  66.504 0.0000000000
53721  -50.428  -38.457  64.723 0.0000000000
52504  -50.628  -39.268  66.270 0.0000000000
53684  -51.444  -38.564  66.253 0.0000000000
52530  -51.899  -39.323  66.116 0.0000000000
54882  -51.996  -38.003  66.541 0.0000000000
59903  -57.207  -33.351  61.259 0.0000000000
59902  -56.804  -33.294  61.847 0.0000000000
58743  -56.819  -34.339  61.015 0.0000000000
65232  -55.814  -29.082  55.463 0.0000000000
63857  -57.077  -30.074  57.141 0.0000000000
63823  -57.296  -30.698  58.834 0.0000000000
63824  -58.359  -30.559  58.879 0.0000000000
62477  -58.784  -31.481  58.834 0.0000000000
65163  -58.926  -29.879  58.590 0.0000000000
67890  -60.004  -27.439  58.419 0.0000000000
48398  -39.433  -42.268  68.439 0.0000000000
49807  -39.563  -41.622  68.697 0.0000000000
52484  -39.509  -39.599  67.241 0.0000000000
51213  -39.947  -40.419  68.117 0.0000000000
52498  -40.202  -38.919  66.889 0.0000000000
52499  -41.260  -39.149  66.732 0.0000000000
53681  -40.062  -38.109  66.210 0.0000000000
26374  -30.707  -58.776  67.015 0.0000000000
26397  -31.290  -58.539  66.441 0.0000000000
29496  -32.111  -56.432  64.597 0.0000000000
34858  -32.373  -52.378  65.132 0.0000000000
34848  -32.839  -52.424  65.647 0.0000000000
33499  -33.904  -53.530  67.099 0.0000000000
34849  -33.525  -52.405  66.648 0.0000000000
36164  -34.546  -51.859  67.747 0.0000000000
37652  -34.021  -50.913  66.479 0.0000000000
40481  -34.543  -48.416  65.668 0.0000000000
41780  -34.700  -47.961  65.512 0.0000000000
41793  -34.107  -47.913  64.960 0.0000000000
44381  -32.223  -45.610  61.975 0.0000000000
43097  -32.353  -46.018  62.106 0.0000000000
43099  -33.426  -46.319  62.906 0.0000000000
44382  -32.669  -45.570  62.278 0.0000000000
44383  -33.593  -45.632  62.206 0.0000000000
45761  -32.716  -44.687  61.820 0.0000000000
48512  -31.992  -42.588  62.286 0.0000000000
47145  -32.197  -43.563  61.881 0.0000000000
48513  -32.772  -42.491  62.073 0.0000000000
49939  -33.449  -42.244  62.541 0.0000000000
49938  -31.992  -41.000  62.179 0.0000000000
49883  -34.795  -42.056  65.445 0.0000000000
49905  -34.591  -41.766  64.204 0.0000000000
49924  -34.777  -42.040  63.185 0.0000000000
49884  -34.992  -42.514  64.977 0.0000000000
48474  -36.365  -42.324  65.593 0.0000000000
48413  -37.646  -42.073  67.119 0.0000000000
48438  -37.829  -42.401  66.897 0.0000000000
48415  -38.878  -42.552  67.934 0.0000000000
48416  -39.656  -42.392  67.811 0.0000000000
24990  -28.819  -59.017  65.001 0.0000000000
24968  -28.533  -59.124  65.511 0.0000000000
24945  -29.079  -59.318  66.395 0.0000000000
47030  -41.236  -43.581  70.714 0.0000000000
45647  -42.096  -44.594  71.637 0.0000000000
47058  -44.846  -43.172  69.036 0.0000000000
51289  -45.693  -40.416  65.338 0.0000000000
51266  -45.812  -40.429  66.282 0.0000000000
51267  -46.668  -40.358  65.964 0.0000000000
49847  -49.292  -41.277  66.763 0.0000000000
49845  -47.794  -41.552  66.983 0.0000000000
59890  -54.754  -33.381  62.882 0.0000000000
59912  -53.090  -33.183  61.428 0.0000000000
59880  -53.855  -33.974  63.848 0.0000000000
58697  -51.910  -34.361  63.418 0.0000000000
58664  -54.075  -35.018  64.559 0.0000000000
56111  -53.862  -36.312  64.481 0.0000000000
67923  -57.924  -27.132  56.459 0.0000000000
66507  -58.946  -28.316  57.574 0.0000000000
70716  -57.845  -25.376  57.320 0.0000000000
71910  -58.486  -24.559  58.217 0.0000000000
49818  -38.301  -41.716  67.647 0.0000000000
49806  -38.887  -41.325  68.120 0.0000000000
51211  -38.604  -40.699  67.311 0.0000000000
52483  -38.998  -39.518  66.749 0.0000000000
53679  -38.825  -37.590  65.950 0.0000000000
26442  -29.344  -58.636  64.807 0.0000000000
26420  -31.030  -58.482  65.481 0.0000000000
45771  -31.186  -44.594  61.984 0.0000000000
47136  -32.024  -44.227  62.181 0.0000000000
47134  -31.237  -43.681  62.265 0.0000000000
48501  -31.816  -42.243  62.879 0.0000000000
51350  -33.842  -40.448  61.954 0.0000000000
51327  -33.195  -40.647  62.983 0.0000000000
51328  -34.307  -40.437  62.989 0.0000000000
51309  -35.083  -40.833  63.843 0.0000000000
51260  -35.340  -41.729  65.624 0.0000000000
48456  -36.019  -42.214  65.780 0.0000000000
49862  -36.005  -41.910  65.924 0.0000000000
49839  -37.045  -41.860  66.356 0.0000000000
27971  -27.651  -58.078  64.066 0.0000000000
51194  -42.142  -40.818  69.830 0.0000000000
49783  -42.879  -42.391  70.554 0.0000000000
51204  -43.088  -40.785  69.250 0.0000000000
49810  -44.374  -41.601  69.178 0.0000000000
49811  -45.357  -41.427  68.542 0.0000000000
51269  -48.459  -40.508  65.172 0.0000000000
51241  -48.544  -40.419  66.141 0.0000000000
52489  -49.227  -40.341  66.443 0.0000000000
51221  -49.776  -40.348  67.163 0.0000000000
61140  -55.339  -31.895  59.702 0.0000000000
61139  -54.320  -32.424  59.747 0.0000000000
61126  -55.210  -32.389  60.726 0.0000000000
59891  -55.567  -33.521  62.786 0.0000000000
52586  -36.862  -39.208  62.814 0.0000000000
52584  -35.921  -39.718  62.076 0.0000000000
52548  -43.477  -39.652  65.238 0.0000000000
51317  -47.657  -40.614  63.314 0.0000000000
51318  -48.481  -40.292  62.914 0.0000000000
52575  -49.314  -39.246  63.084 0.0000000000
54944  -50.129  -37.998  63.549 0.0000000000
62491  -55.102  -30.940  57.992 0.0000000000
62460  -56.013  -31.412  59.414 0.0000000000
62453  -57.236  -31.793  60.256 0.0000000000
59927  -57.961  -33.571  59.473 0.0000000000
66490  -59.811  -28.310  58.314 0.0000000000
63838  -59.665  -30.262  57.854 0.0000000000
48400  -41.242  -42.827  69.035 0.0000000000
48384  -40.554  -42.717  69.675 0.0000000000
49794  -40.509  -41.573  69.662 0.0000000000
51200  -39.514  -40.857  68.282 0.0000000000
51201  -40.378  -40.667  68.705 0.0000000000
51193  -41.276  -40.750  69.610 0.0000000000
52479  -41.704  -40.267  68.644 0.0000000000
52500  -42.334  -39.641  67.146 0.0000000000
53715  -37.765  -38.082  64.175 0.0000000000
54919  -38.299  -37.232  64.830 0.0000000000
54898  -39.217  -36.847  65.209 0.0000000000
24927  -31.009  -59.221  67.308 0.0000000000
32254  -34.707  -54.464  68.407 0.0000000000
30976  -31.200  -55.045  63.920 0.0000000000
32278  -32.073  -54.889  64.682 0.0000000000
32269  -32.351  -54.456  65.124 0.0000000000
33500  -34.378  -53.816  68.017 0.0000000000
37641  -35.755  -50.201  67.838 0.0000000000
40469  -35.870  -48.751  67.384 0.0000000000
41803  -32.908  -47.891  63.437 0.0000000000
41823  -32.419  -46.918  62.035 0.0000000000
41804  -33.049  -47.385  63.935 0.0000000000
43087  -33.297  -46.853  63.735 0.0000000000
43088  -34.169  -46.636  63.797 0.0000000000
49937  -31.560  -41.603  61.849 0.0000000000
49920  -31.630  -41.571  62.839 0.0000000000
49902  -32.052  -41.713  63.431 0.0000000000
51307  -32.813  -41.251  63.513 0.0000000000
49922  -33.013  -42.180  63.203 0.0000000000
49923  -33.841  -42.077  63.297 0.0000000000
48457  -36.655  -42.314  66.011 0.0000000000
49864  -37.839  -42.315  66.401 0.0000000000
49865  -38.507  -42.077  66.047 0.0000000000
49843  -40.356  -41.792  66.847 0.0000000000
51265  -44.954  -40.359  66.443 0.0000000000
51207  -45.763  -40.902  68.355 0.0000000000
49812  -46.215  -41.176  68.294 0.0000000000
51219  -47.455  -40.713  67.507 0.0000000000
48420  -46.815  -41.743  67.525 0.0000000000
48419  -45.890  -42.563  67.455 0.0000000000
56167  -49.286  -36.393  61.769 0.0000000000
56150  -50.309  -36.486  63.121 0.0000000000
61138  -53.172  -32.473  59.811 0.0000000000
61123  -51.643  -32.777  60.699 0.0000000000
59897  -50.401  -33.876  61.945 0.0000000000
57393  -51.375  -35.476  63.765 0.0000000000
56109  -51.902  -36.297  64.929 0.0000000000
54903  -53.042  -36.876  65.490 0.0000000000
23488  -29.339  -60.401  67.203 0.0000000000
52543  -36.768  -39.814  63.667 0.0000000000
52524  -42.457  -39.386  66.028 0.0000000000
53701  -50.852  -38.488  65.647 0.0000000000
54900  -51.271  -38.055  65.699 0.0000000000
54901  -51.668  -37.716  65.948 0.0000000000
59915  -56.925  -34.015  60.381 0.0000000000
58744  -57.246  -33.944  60.984 0.0000000000
66526  -57.519  -28.334  56.253 0.0000000000
63858  -57.697  -29.802  57.510 0.0000000000
63836  -57.609  -30.246  58.023 0.0000000000
65181  -58.490  -29.514  57.859 0.0000000000
52497  -39.470  -38.707  66.618 0.0000000000
24970  -29.883  -58.932  66.060 0.0000000000
29475  -32.863  -56.386  65.195 0.0000000000
36183  -32.978  -51.875  65.474 0.0000000000
36173  -34.233  -51.441  67.157 0.0000000000
40493  -33.777  -48.653  64.422 0.0000000000
40494  -34.225  -48.594  65.074 0.0000000000
48473  -35.555  -42.421  65.449 0.0000000000
48414  -38.340  -42.247  67.560 0.0000000000
26418  -29.606  -58.773  65.386 0.0000000000
24991  -29.066  -59.059  65.221 0.0000000000
24969  -29.435  -58.976  65.699 0.0000000000
48373  -41.687  -42.755  70.865 0.0000000000
47017  -41.767  -44.118  71.415 0.0000000000
48361  -41.914  -43.457  71.332 0.0000000000
45689  -44.486  -44.280  69.611 0.0000000000
45690  -45.090  -44.530  68.896 0.0000000000
51290  -46.592  -40.567  64.881 0.0000000000
62471  -52.800  -31.515  58.275 0.0000000000
59881  -54.678  -33.797  63.657 0.0000000000
59889  -53.775  -33.533  63.031 0.0000000000
58679  -53.702  -34.487  64.305 0.0000000000
51210  -38.047  -41.039  67.087 0.0000000000
51263  -38.434  -39.538  65.781 0.0000000000
52496  -38.806  -38.682  66.118 0.0000000000
29495  -31.232  -56.428  64.076 0.0000000000
45759  -31.095  -44.145  62.271 0.0000000000
48510  -31.147  -42.621  61.775 0.0000000000
51351  -34.899  -40.265  61.889 0.0000000000
51285  -35.125  -41.245  65.049 0.0000000000
49817  -37.856  -41.475  67.075 0.0000000000
27972  -28.608  -58.127  64.058 0.0000000000
51214  -42.784  -40.294  68.564 0.0000000000
51195  -42.763  -41.050  69.991 0.0000000000
51205  -43.995  -41.013  68.644 0.0000000000
51206  -44.949  -41.004  68.459 0.0000000000
51270  -49.199  -40.234  65.029 0.0000000000
51242  -49.031  -40.359  65.688 0.0000000000
52503  -49.599  -39.877  65.892 0.0000000000
52491  -50.481  -39.773  67.115 0.0000000000
51222  -50.507  -40.273  67.258 0.0000000000
49825  -50.353  -40.630  67.062 0.0000000000
51244  -51.225  -40.300  66.547 0.0000000000
61115  -56.035  -32.488  61.624 0.0000000000
52585  -36.456  -39.516  62.468 0.0000000000
53781  -48.532  -38.500  61.654 0.0000000000
53762  -49.369  -38.570  62.685 0.0000000000
53742  -49.741  -38.548  63.471 0.0000000000
54964  -49.811  -37.512  62.828 0.0000000000
63856  -55.993  -30.269  56.827 0.0000000000
65203  -55.419  -29.776  56.057 0.0000000000
63855  -54.674  -30.502  56.620 0.0000000000
63834  -55.497  -30.709  57.459 0.0000000000
62474  -55.542  -31.179  58.661 0.0000000000
62475  -56.365  -30.989  58.767 0.0000000000
63818  -57.847  -31.000  59.394 0.0000000000
62461  -57.070  -31.321  59.510 0.0000000000
62454  -57.691  -32.135  60.328 0.0000000000
61129  -57.944  -32.710  60.322 0.0000000000
61142  -58.337  -32.672  59.495 0.0000000000
62493  -59.250  -30.960  58.580 0.0000000000
67907  -59.246  -27.343  57.899 0.0000000000
66489  -59.359  -28.581  58.106 0.0000000000
67908  -59.677  -27.417  58.258 0.0000000000
65166  -60.430  -28.682  58.013 0.0000000000
65165  -60.045  -29.154  58.280 0.0000000000
48417  -40.901  -42.084  67.800 0.0000000000
48401  -41.881  -43.115  68.740 0.0000000000
48383  -39.941  -42.164  69.128 0.0000000000
47029  -40.786  -43.082  70.249 0.0000000000
51199  -39.092  -40.813  67.920 0.0000000000
52485  -40.363  -39.757  67.746 0.0000000000
51192  -40.783  -40.808  69.300 0.0000000000
51202  -41.236  -40.523  68.947 0.0000000000
52478  -41.287  -40.060  68.508 0.0000000000
30939  -34.304  -55.542  67.123 0.0000000000
30932  -34.673  -55.364  68.057 0.0000000000
30925  -35.000  -55.137  68.686 0.0000000000
30954  -31.930  -55.332  64.526 0.0000000000
32270  -33.285  -54.282  66.085 0.0000000000
33490  -34.917  -53.571  68.585 0.0000000000
34834  -35.154  -52.545  68.548 0.0000000000
36174  -34.788  -50.855  67.523 0.0000000000
36165  -35.179  -51.433  68.124 0.0000000000
39090  -34.625  -49.403  66.867 0.0000000000
40451  -35.660  -48.931  67.552 0.0000000000
40468  -35.506  -48.646  67.096 0.0000000000
40482  -35.211  -48.338  66.217 0.0000000000
41781  -35.187  -47.870  65.518 0.0000000000
41795  -35.569  -47.596  64.886 0.0000000000
43074  -34.929  -47.089  64.366 0.0000000000
43112  -32.416  -46.459  62.117 0.0000000000
43086  -32.844  -47.145  63.349 0.0000000000
43072  -33.531  -47.427  64.295 0.0000000000
47135  -31.583  -43.936  62.296 0.0000000000
49953  -31.017  -42.062  61.048 0.0000000000
49921  -31.715  -41.127  62.697 0.0000000000
51305  -31.776  -41.411  63.287 0.0000000000
51325  -31.643  -41.048  63.209 0.0000000000
49903  -32.533  -41.848  63.590 0.0000000000
49885  -36.035  -42.388  64.881 0.0000000000
48436  -36.522  -42.134  66.077 0.0000000000
49841  -38.308  -42.396  66.784 0.0000000000
49840  -37.989  -42.443  66.731 0.0000000000
49820  -40.174  -42.127  67.463 0.0000000000
48375  -43.199  -42.765  70.477 0.0000000000
47019  -42.884  -44.099  71.651 0.0000000000
47033  -43.739  -44.246  70.725 0.0000000000
52549  -44.515  -40.121  65.605 0.0000000000
52526  -44.338  -40.152  66.310 0.0000000000
51239  -46.645  -40.485  66.974 0.0000000000
51238  -45.713  -40.424  67.174 0.0000000000
51240  -47.625  -40.473  66.602 0.0000000000
48421  -47.507  -41.615  67.177 0.0000000000
48445  -46.347  -42.584  66.821 0.0000000000
56149  -49.752  -36.443  62.456 0.0000000000
57410  -50.181  -35.713  62.715 0.0000000000
61125  -54.068  -32.735  60.798 0.0000000000
59913  -53.604  -32.958  61.336 0.0000000000
59899  -52.755  -33.509  61.986 0.0000000000
61112  -52.417  -33.022  61.270 0.0000000000
61111  -51.880  -33.155  61.421 0.0000000000
61122  -50.584  -32.919  60.557 0.0000000000
59911  -51.188  -33.098  61.181 0.0000000000
59910  -50.491  -33.389  61.182 0.0000000000
58678  -52.670  -34.623  64.089 0.0000000000
58677  -51.793  -34.795  63.788 0.0000000000
57394  -52.056  -35.163  64.232 0.0000000000
56130  -51.601  -35.987  64.221 0.0000000000
56110  -52.521  -36.052  65.115 0.0000000000
56089  -52.679  -36.473  65.399 0.0000000000
57363  -53.033  -35.932  65.205 0.0000000000
49936  -31.086  -42.224  61.711 0.0000000000
52501  -43.143  -39.842  67.645 0.0000000000
51236  -44.016  -40.111  67.404 0.0000000000
52553  -49.975  -39.130  64.623 0.0000000000
52528  -50.289  -39.223  65.333 0.0000000000
52505  -51.289  -39.489  66.559 0.0000000000
52506  -52.137  -39.114  66.428 0.0000000000
53703  -52.296  -38.674  66.019 0.0000000000
61116  -56.960  -32.617  61.503 0.0000000000
58722  -56.919  -33.778  61.397 0.0000000000
65204  -56.591  -29.337  56.222 0.0000000000
63819  -58.213  -31.086  59.398 0.0000000000
62476  -58.431  -31.174  59.313 0.0000000000
63825  -59.266  -30.346  58.631 0.0000000000
69250  -59.323  -25.974  58.488 0.0000000000
69252  -60.095  -26.671  58.389 0.0000000000
67891  -60.278  -27.434  58.155 0.0000000000
65207  -60.338  -28.440  57.062 0.0000000000
52486  -41.388  -39.573  67.851 0.0000000000
53682  -40.619  -38.625  66.463 0.0000000000
26373  -30.169  -58.774  66.877 0.0000000000
26395  -30.125  -58.764  66.609 0.0000000000
26396  -30.480  -58.697  66.396 0.0000000000
30938  -33.716  -55.237  66.408 0.0000000000
33509  -33.141  -53.222  66.256 0.0000000000
34841  -34.197  -52.404  67.472 0.0000000000
34833  -34.669  -52.225  68.059 0.0000000000
41779  -34.460  -48.071  65.376 0.0000000000
43073  -34.088  -47.171  64.459 0.0000000000
44399  -31.339  -45.167  61.604 0.0000000000
43111  -32.112  -46.209  61.682 0.0000000000
48514  -33.594  -42.442  61.818 0.0000000000
51348  -31.974  -40.943  61.269 0.0000000000
48439  -38.587  -42.439  67.329 0.0000000000
48440  -39.051  -42.523  67.551 0.0000000000
26417  -27.841  -58.862  65.274 0.0000000000
24967  -27.864  -59.066  65.667 0.0000000000
47046  -43.952  -43.577  70.065 0.0000000000
51288  -45.198  -40.386  65.781 0.0000000000
49823  -49.067  -40.943  67.377 0.0000000000
59901  -54.634  -33.013  62.215 0.0000000000
59900  -53.837  -33.192  62.094 0.0000000000
59888  -52.630  -33.880  63.194 0.0000000000
58663  -53.360  -35.024  64.580 0.0000000000
56090  -53.297  -36.382  65.143 0.0000000000
66527  -58.364  -27.964  56.808 0.0000000000
67924  -58.592  -27.175  57.323 0.0000000000
69271  -58.995  -26.303  58.004 0.0000000000
70697  -58.310  -25.209  57.751 0.0000000000
70678  -59.096  -25.264  58.274 0.0000000000
26443  -30.369  -58.174  64.633 0.0000000000
27975  -31.512  -57.208  64.562 0.0000000000
27976  -32.052  -57.317  64.863 0.0000000000
40492  -33.357  -48.456  63.921 0.0000000000
48455  -35.366  -42.198  65.632 0.0000000000
49861  -35.274  -42.004  65.729 0.0000000000
49838  -36.453  -41.929  66.096 0.0000000000
26441  -28.296  -58.706  64.740 0.0000000000
49796  -42.260  -41.410  70.326 0.0000000000
49782  -42.376  -42.171  70.608 0.0000000000
49797  -43.337  -41.697  70.096 0.0000000000
48386  -43.757  -42.577  70.084 0.0000000000
49809  -43.731  -41.242  69.305 0.0000000000
49798  -44.074  -42.007  69.856 0.0000000000
48387  -44.365  -42.473  69.549 0.0000000000
48402  -44.919  -42.113  68.863 0.0000000000
51291  -47.598  -40.639  64.460 0.0000000000
52490  -49.738  -39.964  66.809 0.0000000000
49824  -49.863  -40.671  67.059 0.0000000000
61154  -54.450  -31.877  59.014 0.0000000000
61153  -53.486  -32.038  58.980 0.0000000000
61114  -55.049  -32.715  61.754 0.0000000000
61106  -55.836  -32.913  62.315 0.0000000000
61105  -55.215  -33.072  62.466 0.0000000000
59882  -55.203  -33.773  63.373 0.0000000000
52569  -37.083  -39.157  63.292 0.0000000000
52544  -37.494  -39.350  64.024 0.0000000000
51370  -33.491  -40.476  60.905 0.0000000000
51352  -35.490  -39.957  61.939 0.0000000000
52568  -36.585  -39.658  63.103 0.0000000000
52571  -43.438  -39.659  64.088 0.0000000000
52572  -44.492  -39.905  64.467 0.0000000000
51315  -45.484  -40.387  64.204 0.0000000000
51316  -46.617  -40.643  63.736 0.0000000000
51292  -48.689  -40.299  64.074 0.0000000000
51293  -49.260  -39.931  64.499 0.0000000000
52551  -49.051  -39.880  63.319 0.0000000000
52552  -49.467  -39.451  64.011 0.0000000000
53720  -49.943  -38.765  64.167 0.0000000000
53743  -50.193  -38.282  63.976 0.0000000000
54945  -50.512  -37.534  64.078 0.0000000000
62490  -54.342  -31.154  57.544 0.0000000000
62473  -54.766  -31.373  58.530 0.0000000000
62459  -55.301  -31.475  59.086 0.0000000000
61141  -56.058  -31.677  59.989 0.0000000000
62452  -56.560  -31.664  59.973 0.0000000000
61128  -57.351  -32.299  60.780 0.0000000000
59916  -57.483  -33.544  60.464 0.0000000000
59926  -56.960  -33.844  59.463 0.0000000000
61143  -58.572  -32.540  58.808 0.0000000000
65182  -59.027  -28.916  58.064 0.0000000000
65164  -59.386  -29.324  58.276 0.0000000000
63826  -59.602  -29.760  58.313 0.0000000000
48385  -40.948  -43.194  69.663 0.0000000000
47042  -40.824  -43.373  70.029 0.0000000000
48372  -40.873  -42.491  70.439 0.0000000000
49780  -40.922  -41.756  70.401 0.0000000000
49808  -40.064  -41.422  69.096 0.0000000000
49795  -41.357  -41.243  70.243 0.0000000000
51203  -42.062  -40.559  68.949 0.0000000000
52487  -42.227  -39.910  68.240 0.0000000000
52545  -38.154  -38.822  64.458 0.0000000000
53716  -38.286  -38.013  64.724 0.0000000000
54918  -37.839  -37.361  64.455 0.0000000000
53698  -38.612  -37.850  65.420 0.0000000000
54879  -39.070  -37.174  65.889 0.0000000000
54880  -39.545  -37.449  65.785 0.0000000000
54881  -39.956  -37.698  65.677 0.0000000000
26421  -31.829  -58.247  65.798 0.0000000000
30953  -31.502  -55.539  64.220 0.0000000000
30945  -33.249  -55.541  65.609 0.0000000000
32260  -33.894  -54.623  66.847 0.0000000000
36150  -35.451  -52.025  68.680 0.0000000000
37653  -34.580  -50.343  66.908 0.0000000000
39076  -34.915  -49.641  67.416 0.0000000000
39077  -35.424  -49.499  67.667 0.0000000000
41791  -33.114  -48.211  63.785 0.0000000000
41812  -32.647  -47.446  62.639 0.0000000000
45772  -32.879  -44.007  61.477 0.0000000000
48500  -31.683  -41.996  62.771 0.0000000000
48488  -31.727  -41.910  63.062 0.0000000000
48490  -32.204  -42.016  63.461 0.0000000000
51306  -32.138  -41.313  63.416 0.0000000000
48475  -36.861  -42.358  65.839 0.0000000000
48458  -37.249  -42.295  66.179 0.0000000000
49819  -39.836  -42.169  67.296 0.0000000000
48362  -42.357  -43.534  71.412 0.0000000000
51264  -44.373  -40.091  66.778 0.0000000000
51237  -44.849  -40.329  67.287 0.0000000000
51217  -45.412  -40.630  67.903 0.0000000000
48403  -45.752  -42.042  68.247 0.0000000000
49822  -47.972  -41.211  67.608 0.0000000000
49821  -47.029  -41.054  68.132 0.0000000000
48404  -46.484  -41.379  68.089 0.0000000000
54986  -49.483  -36.934  62.092 0.0000000000
54965  -50.415  -36.989  63.487 0.0000000000
56108  -51.188  -36.983  64.759 0.0000000000
61152  -52.388  -32.000  59.031 0.0000000000
61137  -52.004  -32.533  59.785 0.0000000000
61124  -52.833  -32.773  60.736 0.0000000000
61151  -51.256  -32.173  58.934 0.0000000000
59909  -49.513  -33.800  60.935 0.0000000000
58717  -50.058  -34.403  62.200 0.0000000000
59887  -51.373  -34.101  62.692 0.0000000000
58696  -51.192  -34.765  63.078 0.0000000000
58695  -50.323  -34.954  62.548 0.0000000000
57392  -50.722  -35.877  63.318 0.0000000000
56129  -50.983  -36.430  63.976 0.0000000000
54923  -51.558  -37.069  65.416 0.0000000000
56088  -52.067  -36.921  65.712 0.0000000000
54902  -52.598  -37.576  65.861 0.0000000000
54924  -53.023  -37.760  65.238 0.0000000000
54925  -53.321  -37.220  64.988 0.0000000000
53723  -53.147  -37.831  64.886 0.0000000000
26462  -29.769  -57.997  63.999 0.0000000000
40452  -36.003  -48.871  67.556 0.0000000000
45646  -41.801  -44.555  71.453 0.0000000000
45657  -41.575  -44.521  71.119 0.0000000000
47018  -42.307  -43.995  71.669 0.0000000000
47031  -42.703  -43.650  71.443 0.0000000000
47032  -43.343  -43.709  71.067 0.0000000000
48374  -42.552  -43.045  70.990 0.0000000000
48444  -45.879  -42.891  67.001 0.0000000000
48489  -31.939  -42.037  63.302 0.0000000000
49901  -31.778  -41.707  63.238 0.0000000000
52492  -50.895  -39.882  67.222 0.0000000000
52502  -49.138  -40.314  66.079 0.0000000000
53683  -50.738  -38.484  65.962 0.0000000000
53685  -51.892  -38.625  66.387 0.0000000000
53702  -51.281  -38.282  65.927 0.0000000000
54883  -52.295  -38.204  66.363 0.0000000000
54963  -49.102  -38.135  62.176 0.0000000000
54984  -47.972  -37.962  61.301 0.0000000000
57362  -52.754  -35.977  65.181 0.0000000000
57375  -51.944  -35.687  64.377 0.0000000000
57377  -53.537  -35.656  64.793 0.0000000000
57411  -50.779  -35.351  63.048 0.0000000000
58681  -55.134  -34.052  63.727 0.0000000000
59879  -53.239  -34.179  63.935 0.0000000000
59886  -50.650  -34.376  62.500 0.0000000000
61107  -56.486  -32.840  62.103 0.0000000000
61117  -57.403  -32.900  60.908 0.0000000000
61155  -54.961  -31.671  59.065 0.0000000000
62463  -58.442  -32.081  59.262 0.0000000000
62492  -55.822  -30.988  58.113 0.0000000000
63833  -54.894  -30.830  57.401 0.0000000000
65205  -57.609  -29.333  56.988 0.0000000000
65206  -60.219  -28.977  56.668 0.0000000000
66491  -60.253  -28.189  58.269 0.0000000000
66508  -59.484  -28.004  58.014 0.0000000000
66529  -60.403  -28.018  57.314 0.0000000000
69251  -59.665  -26.541  58.474 0.0000000000
69291  -58.316  -25.925  56.839 0.0000000000
71909  -57.792  -24.344  58.089 0.0000000000
