#!ascii label  , from subject 3130 vox2ras=TkReg
1067
84312  -24.412  -15.181  3.745 0.4285714328
86957  -24.611  -13.209  3.198 0.2857142985
85656  -24.618  -14.104  3.450 0.4285714328
86958  -25.206  -13.289  3.663 0.4285714328
88273  -25.579  -12.506  3.594 0.4285714328
88289  -24.391  -12.523  2.632 0.2857142985
89643  -25.018  -11.896  3.241 0.4285714328
89644  -25.824  -11.677  3.376 0.4285714328
90994  -24.698  -10.781  1.884 0.4285714328
90995  -25.311  -10.736  2.219 0.4285714328
91034  -24.530  -10.033  0.938 0.4285714328
93386  -25.925  -9.214  1.317 0.4285714328
92309  -24.651  -9.069  -0.339 0.5714285970
93404  -25.790  -8.838  0.816 0.5714285970
93405  -26.644  -8.470  0.904 0.2857142985
93428  -25.318  -8.447  -0.160 0.7142857313
94533  -26.191  -8.190  0.386 0.7142857313
94552  -27.321  -7.107  -0.017 0.7142857313
94553  -27.903  -6.996  -0.013 0.4285714328
94551  -26.148  -7.289  0.014 0.7142857313
94534  -26.981  -7.854  0.361 0.5714285970
95685  -28.582  -6.255  -0.251 0.5714285970
95683  -26.916  -6.381  -0.383 0.5714285970
95684  -27.945  -6.469  -0.347 0.5714285970
96838  -27.612  -5.561  -0.457 0.5714285970
96839  -28.567  -5.615  -0.495 0.5714285970
96820  -28.971  -5.801  -0.310 0.4285714328
97967  -28.254  -4.826  -0.669 0.5714285970
97989  -30.002  -4.799  -1.276 0.5714285970
97965  -26.245  -4.346  -0.688 0.7142857313
99102  -28.861  -4.399  -1.103 0.7142857313
99126  -29.479  -4.028  -1.407 0.7142857313
99127  -30.420  -3.899  -1.461 0.5714285970
97966  -27.282  -4.573  -0.522 0.5714285970
97987  -24.797  -4.340  -1.436 0.5714285970
99101  -28.020  -3.826  -1.024 0.8571428657
100299  -29.358  -3.280  -0.822 0.7142857313
99100  -26.898  -3.614  -0.719 0.7142857313
99099  -25.840  -3.352  -0.736 0.5714285970
101448  -29.516  -1.881  -0.984 0.7142857313
100301  -30.475  -2.861  -2.070 0.5714285970
100274  -28.559  -2.849  -0.548 0.7142857313
100275  -29.314  -2.562  -0.704 0.7142857313
101470  -30.173  -2.138  -1.535 0.5714285970
100324  -30.867  -2.365  -2.190 0.5714285970
101446  -27.724  -1.809  -0.505 0.5714285970
101447  -28.728  -1.733  -0.490 0.7142857313
102673  -30.871  -1.375  -1.621 0.7142857313
102672  -30.530  -1.724  -1.475 0.7142857313
102649  -29.087  -0.786  -0.505 0.7142857313
102650  -30.219  -1.045  -0.885 0.7142857313
102652  -31.147  -0.211  -1.514 0.7142857313
102674  -31.250  -0.696  -2.127 0.5714285970
102647  -27.004  -0.996  -0.914 0.5714285970
103926  -31.323  0.288  -2.553 0.5714285970
103942  -30.883  0.287  -3.759 0.5714285970
103880  -29.401  0.379  -0.495 0.8571428657
103879  -28.495  0.150  -0.729 0.8571428657
105166  -31.415  0.766  -2.460 0.7142857313
105146  -31.321  1.222  -1.649 0.7142857313
105121  -30.893  0.785  -1.068 0.7142857313
106386  -31.590  2.647  -3.052 0.8571428657
105184  -31.176  1.526  -3.857 0.5714285970
106363  -31.148  2.006  -1.173 0.8571428657
106337  -30.460  2.292  -0.879 0.8571428657
105119  -29.117  1.456  -0.520 0.8571428657
105145  -30.806  1.532  -1.057 0.8571428657
108773  -31.386  4.522  -1.907 0.8571428657
108795  -31.284  4.469  -2.721 0.8571428657
110001  -30.953  5.395  -2.916 0.8571428657
106338  -31.175  2.640  -0.991 0.8571428657
109980  -30.999  4.866  -1.831 0.8571428657
109978  -29.920  5.569  -0.808 1.0000000000
109979  -30.698  5.398  -1.759 1.0000000000
108749  -30.991  4.051  -0.763 0.8571428657
111089  -30.316  6.488  -1.547 1.0000000000
112110  -29.898  7.229  -1.390 1.0000000000
114196  -28.292  9.274  -0.720 0.7142857313
112109  -29.127  7.587  -0.900 1.0000000000
112133  -29.867  7.905  -1.564 1.0000000000
115325  -28.789  10.961  -3.948 1.0000000000
116349  -27.611  11.596  -2.154 0.8571428657
117432  -27.789  12.675  -4.140 0.8571428657
117433  -28.124  12.135  -3.504 1.0000000000
118534  -26.341  13.503  -6.369 0.8571428657
117445  -26.956  12.910  -5.791 0.8571428657
117446  -27.430  12.374  -5.207 1.0000000000
119585  -24.757  14.288  -8.330 0.8571428657
118546  -24.855  13.790  -8.809 0.8571428657
120661  -24.607  15.099  -8.641 0.7142857313
120646  -25.543  15.332  -6.974 0.5714285970
121678  -24.305  16.351  -8.301 0.7142857313
120685  -24.856  16.427  -9.729 0.5714285970
121668  -24.576  16.977  -6.995 0.5714285970
121669  -25.223  16.209  -6.375 0.5714285970
121661  -24.616  17.104  -5.618 0.4285714328
154003  -23.014  18.723  -7.096 0.4285714328
124772  -23.655  19.882  -8.508 0.4285714328
122676  -22.404  18.949  -4.602 0.2857142985
124737  -24.205  19.553  -3.621 0.2857142985
122687  -22.679  18.273  -5.126 0.2857142985
154018  -24.740  20.122  -3.340 0.2857142985
100300  -29.606  -2.977  -1.609 0.5714285970
103941  -30.614  0.190  -4.523 0.5714285970
103882  -31.074  0.102  -1.109 0.7142857313
103909  -31.497  0.619  -2.023 0.7142857313
106364  -31.541  2.389  -1.782 0.8571428657
107602  -31.416  3.679  -2.998 0.8571428657
110002  -31.081  4.955  -2.213 0.8571428657
114197  -29.162  9.197  -0.923 0.8571428657
154036  -25.375  21.611  -1.516 0.1428571492
88288  -23.955  -13.002  2.313 0.2857142985
88313  -24.331  -11.942  1.851 0.2857142985
89660  -24.710  -11.413  2.435 0.2857142985
89661  -25.446  -11.177  2.919 0.4285714328
92247  -26.598  -9.924  2.665 0.4285714328
91012  -24.192  -10.568  1.307 0.2857142985
92282  -24.787  -9.445  0.487 0.4285714328
89683  -24.313  -11.240  1.763 0.4285714328
92263  -26.218  -9.801  1.708 0.4285714328
92281  -24.306  -9.714  0.163 0.5714285970
94550  -24.909  -7.257  -0.856 0.2857142985
95682  -25.769  -6.210  -0.566 0.5714285970
96822  -30.195  -5.157  -0.060 0.4285714328
96837  -26.545  -5.364  -0.508 0.7142857313
97968  -28.936  -5.024  -0.906 0.7142857313
97988  -29.426  -4.826  -1.219 0.5714285970
99125  -28.926  -3.708  -0.880 0.7142857313
97964  -25.461  -4.036  -0.928 0.5714285970
101489  -30.894  -2.026  -2.502 0.5714285970
100272  -26.533  -2.785  -0.641 0.5714285970
100302  -31.200  -2.719  -1.927 0.5714285970
101472  -30.923  -1.638  -2.361 0.5714285970
103881  -30.587  0.137  -0.606 0.7142857313
107554  -29.937  2.981  -0.416 1.0000000000
111112  -30.779  6.467  -2.684 1.0000000000
109977  -28.820  5.534  -0.482 1.0000000000
113163  -28.592  8.453  -0.869 0.8571428657
115282  -28.058  10.078  -0.879 0.7142857313
115283  -28.868  9.904  -1.038 1.0000000000
114223  -29.687  9.257  -3.026 1.0000000000
116350  -28.428  11.019  -2.086 0.7142857313
115307  -29.147  10.047  -2.087 1.0000000000
115305  -27.795  10.684  -1.481 0.7142857313
116371  -28.473  11.450  -3.086 0.8571428657
116388  -27.941  11.973  -4.831 1.0000000000
119586  -25.306  14.371  -7.469 0.7142857313
122694  -24.148  18.316  -6.622 0.7142857313
122716  -23.880  17.465  -9.676 0.7142857313
123731  -22.036  18.973  -5.392 0.2857142985
154008  -22.862  19.849  -7.288 0.4285714328
122715  -23.729  18.134  -9.919 0.4285714328
124767  -23.370  20.144  -7.798 0.4285714328
124750  -23.822  19.943  -4.160 0.2857142985
154004  -22.814  19.514  -5.503 0.4285714328
95681  -25.094  -6.088  -1.681 0.4285714328
122688  -23.734  18.401  -5.595 0.4285714328
122701  -24.205  18.071  -7.735 0.7142857313
123732  -22.974  19.055  -5.465 0.2857142985
123722  -22.568  19.598  -4.962 0.2857142985
85657  -25.446  -13.991  4.158 0.4285714328
86976  -23.658  -13.351  2.131 0.2857142985
85679  -23.495  -14.102  2.346 0.2857142985
86959  -26.075  -13.259  4.194 0.4285714328
88272  -24.879  -12.647  3.384 0.4285714328
88312  -23.781  -12.678  1.716 0.2857142985
91013  -25.178  -10.209  1.394 0.4285714328
91014  -25.798  -10.459  1.877 0.4285714328
91033  -24.077  -10.086  0.408 0.4285714328
93427  -24.015  -8.374  -0.648 0.2857142985
96840  -29.412  -5.314  -0.811 0.4285714328
97969  -30.692  -4.660  -0.876 0.5714285970
96836  -25.469  -5.119  -1.081 0.7142857313
100273  -27.429  -2.814  -0.679 0.5714285970
101445  -26.782  -1.969  -0.743 0.7142857313
102648  -27.872  -0.542  -0.660 0.8571428657
102651  -30.919  -0.544  -1.237 0.7142857313
105165  -31.421  1.228  -2.663 0.8571428657
107556  -31.349  3.356  -1.215 0.8571428657
107580  -31.757  3.656  -2.112 0.8571428657
106335  -28.834  2.043  -0.483 0.8571428657
108771  -30.358  4.689  -0.858 1.0000000000
118533  -25.726  13.742  -7.124 0.8571428657
120662  -24.657  15.130  -7.771 0.7142857313
121679  -24.875  15.975  -7.316 0.5714285970
121653  -24.658  17.006  -4.810 0.4285714328
123751  -23.426  18.718  -8.615 0.4285714328
124738  -24.869  19.299  -3.359 0.2857142985
125720  -25.251  20.107  -2.920 0.2857142985
89682  -23.810  -11.614  1.142 0.2857142985
115306  -28.539  10.444  -1.556 1.0000000000
122706  -23.580  17.751  -8.876 0.5714285970
154028  -25.403  21.724  -5.939 0.2857142985
154046  -23.901  24.546  -5.065 0.1428571492
154026  -24.548  21.719  -5.936 0.2857142985
154025  -24.739  23.448  -4.614 0.1428571492
154062  -23.440  25.565  -4.050 0.1428571492
154014  -24.346  20.958  -5.237 0.1428571492
154007  -24.583  21.679  -5.251 0.1428571492
154035  -25.623  19.708  -7.256 0.2857142985
154022  -25.529  21.244  -6.134 0.2857142985
121671  -26.683  16.127  -6.849 0.2857142985
123746  -26.049  17.963  -7.810 0.2857142985
154017  -24.215  20.530  -8.288 0.2857142985
121689  -25.297  16.393  -9.834 0.2857142985
154020  -25.082  20.628  -7.073 0.2857142985
119598  -26.417  13.828  -9.522 0.1428571492
122702  -26.155  17.207  -8.521 0.2857142985
124774  -25.614  18.604  -8.652 0.2857142985
154061  -24.205  24.000  -4.030 0.1428571492
123760  -25.220  18.844  -9.662 0.2857142985
154021  -24.847  20.158  -7.918 0.2857142985
116418  -27.419  11.365  -8.845 0.1428571492
118563  -27.433  13.021  -8.681 0.1428571492
120663  -26.171  15.396  -8.395 0.4285714328
121701  -25.040  17.202  -10.162 0.2857142985
116409  -26.554  11.604  -8.553 0.2857142985
118574  -25.476  13.625  -9.504 0.4285714328
120676  -25.191  15.578  -10.052 0.2857142985
123750  -23.540  19.107  -9.167 0.2857142985
114282  -26.707  9.698  -8.664 0.1428571492
117482  -26.123  12.457  -9.198 0.2857142985
119596  -25.074  14.608  -9.814 0.4285714328
117471  -26.045  12.498  -8.153 0.5714285970
119595  -24.853  14.454  -9.139 0.7142857313
113232  -28.001  8.965  -7.646 0.1428571492
115366  -26.906  10.092  -7.877 0.1428571492
120675  -24.709  15.559  -9.421 0.4285714328
116402  -26.620  11.793  -7.691 0.4285714328
113234  -28.975  7.858  -7.763 0.2857142985
114274  -28.321  9.360  -6.622 0.7142857313
118548  -25.996  13.123  -7.368 0.7142857313
116398  -28.251  11.414  -4.991 0.8571428657
115351  -27.732  10.900  -6.306 0.8571428657
117458  -26.624  12.498  -6.915 0.5714285970
112173  -30.191  7.336  -7.211 0.2857142985
112178  -29.607  7.702  -7.251 0.2857142985
116403  -27.222  11.521  -6.832 0.7142857313
118522  -26.645  13.677  -5.212 0.5714285970
117459  -27.242  12.201  -6.104 0.8571428657
111151  -29.951  6.850  -6.657 0.1428571492
113218  -28.868  9.244  -5.295 0.7142857313
153178  -30.955  6.392  -6.646 0.1428571492
110000  -26.087  5.353  -1.823 0.5714285970
111087  -28.366  6.569  -0.585 0.8571428657
112108  -27.909  7.556  -0.811 0.8571428657
111086  -27.253  6.478  -0.840 0.4285714328
115326  -29.444  10.385  -3.418 0.8571428657
113184  -30.243  8.288  -3.257 0.8571428657
115343  -29.196  10.464  -4.409 0.8571428657
153183  -30.450  6.052  -6.082 0.2857142985
113197  -29.730  8.149  -4.465 0.8571428657
114267  -29.083  9.692  -5.226 0.8571428657
116397  -27.710  11.571  -5.671 0.8571428657
153179  -32.076  6.011  -6.638 0.4285714328
153195  -29.576  7.029  -5.732 0.7142857313
113225  -28.833  8.550  -5.747 0.7142857313
108808  -24.736  4.378  -2.538 0.2857142985
109976  -27.685  5.453  -0.569 0.5714285970
111088  -29.480  6.551  -0.770 0.8571428657
113183  -29.906  8.467  -2.203 0.8571428657
114224  -30.018  8.759  -3.703 0.8571428657
114241  -30.112  9.326  -4.037 0.8571428657
153182  -30.608  5.739  -5.729 0.4285714328
153192  -30.268  6.612  -4.553 0.8571428657
153177  -31.705  5.492  -6.632 0.4285714328
102687  -25.813  -0.285  -2.952 0.7142857313
105182  -25.334  1.362  -3.108 0.4285714328
103904  -26.574  0.322  -1.591 0.7142857313
105164  -27.130  1.584  -1.655 0.8571428657
106383  -25.863  2.079  -2.650 0.5714285970
107600  -25.966  3.292  -2.211 0.5714285970
107615  -24.471  3.268  -3.183 0.4285714328
106362  -28.286  2.584  -0.472 0.8571428657
107601  -26.615  3.462  -1.541 0.5714285970
108792  -25.629  4.392  -2.213 0.5714285970
108747  -29.453  3.552  -0.268 0.8571428657
108769  -28.168  4.442  -0.349 0.7142857313
108768  -27.243  4.228  -1.111 0.5714285970
108809  -31.005  4.625  -4.194 0.7142857313
111128  -30.964  6.253  -3.583 0.7142857313
112150  -30.840  6.980  -3.291 0.8571428657
107657  -31.583  3.343  -8.001 0.2857142985
108833  -31.740  3.625  -6.982 0.4285714328
108832  -31.205  4.621  -6.261 0.5714285970
100298  -25.868  -2.288  -0.971 0.4285714328
101488  -25.343  -1.224  -2.731 0.4285714328
102701  -25.097  -0.445  -3.492 0.4285714328
105144  -28.855  1.040  -0.584 0.7142857313
105142  -27.593  1.321  -1.108 0.7142857313
105143  -28.316  1.528  -0.579 0.7142857313
107579  -28.660  3.544  -0.338 0.8571428657
106420  -30.812  2.697  -4.942 0.7142857313
106433  -31.045  2.453  -7.197 0.2857142985
107632  -30.926  3.381  -5.491 0.5714285970
108824  -31.226  3.983  -4.255 0.5714285970
100297  -25.308  -2.574  -1.681 0.4285714328
100322  -24.653  -2.623  -2.352 0.5714285970
102669  -25.996  -0.831  -2.157 0.5714285970
102688  -25.917  -0.164  -2.081 0.5714285970
103906  -28.007  0.758  -0.885 0.7142857313
105183  -30.770  0.800  -4.583 0.4285714328
105212  -30.761  1.453  -6.447 0.4285714328
106419  -30.849  2.285  -5.839 0.4285714328
96858  -24.835  -5.020  -1.427 0.5714285970
99129  -31.576  -3.033  -1.678 0.4285714328
100325  -31.255  -2.239  -2.380 0.4285714328
102718  -31.861  -0.342  -4.361 0.4285714328
102689  -31.102  -0.485  -3.130 0.4285714328
103957  -31.668  0.361  -5.048 0.4285714328
103955  -30.709  0.279  -5.002 0.4285714328
93388  -27.066  -8.617  1.740 0.1428571492
101490  -31.193  -1.521  -3.009 0.4285714328
101505  -31.793  -1.172  -3.468 0.4285714328
102704  -32.098  -0.877  -3.843 0.4285714328
93406  -27.328  -8.111  0.954 0.1428571492
94519  -28.341  -7.111  1.358 0.1428571492
96804  -29.557  -5.403  0.685 0.2857142985
100252  -32.388  -2.689  0.352 0.2857142985
101449  -33.311  -1.636  -0.864 0.2857142985
100277  -32.838  -2.414  -1.145 0.2857142985
99103  -30.835  -4.244  -1.167 0.4285714328
101474  -33.043  -1.443  -2.012 0.2857142985
100304  -32.689  -1.986  -1.553 0.2857142985
99105  -31.824  -3.327  -1.264 0.2857142985
101491  -32.187  -1.513  -2.916 0.4285714328
94506  -27.615  -8.169  2.350 0.1428571492
94518  -27.681  -7.756  1.611 0.1428571492
93387  -26.298  -8.936  1.445 0.1428571492
95634  -28.815  -6.548  1.937 0.2857142985
95648  -28.716  -6.378  0.988 0.2857142985
97928  -30.579  -4.292  1.251 0.2857142985
100251  -31.848  -2.985  1.140 0.2857142985
99080  -31.405  -3.636  0.418 0.2857142985
97946  -30.739  -4.382  0.191 0.2857142985
99081  -31.943  -3.396  -0.454 0.2857142985
94507  -28.375  -7.600  2.668 0.1428571492
95636  -30.068  -5.550  3.016 0.2857142985
94508  -29.236  -6.783  2.775 0.2857142985
96788  -29.656  -5.352  1.506 0.2857142985
95649  -29.206  -5.899  1.340 0.2857142985
96805  -30.096  -4.872  0.943 0.2857142985
92234  -26.720  -9.900  3.043 0.1428571492
90996  -26.088  -10.591  2.638 0.2857142985
93365  -27.460  -9.118  3.438 0.1428571492
84313  -25.133  -14.840  4.207 0.2857142985
82913  -24.973  -15.702  4.272 0.2857142985
89645  -26.506  -11.144  3.566 0.2857142985
85635  -25.908  -14.622  4.532 0.1428571492
82912  -24.277  -16.300  4.005 0.2857142985
95635  -29.558  -5.908  2.326 0.2857142985
97910  -30.783  -3.964  2.097 0.2857142985
99079  -30.901  -4.002  0.783 0.2857142985
100253  -32.922  -2.319  -0.445 0.2857142985
99128  -31.134  -3.356  -1.634 0.4285714328
100303  -32.055  -2.615  -1.796 0.4285714328
101473  -32.314  -1.920  -2.154 0.2857142985
102675  -33.413  -0.629  -2.273 0.2857142985
105162  -25.877  1.216  -2.522 0.7142857313
102690  -32.524  -1.067  -3.364 0.4285714328
102703  -31.421  -0.410  -3.823 0.4285714328
106401  -30.788  1.833  -4.781 0.4285714328
105222  -31.250  1.645  -7.267 0.2857142985
106448  -31.924  2.504  -8.191 0.2857142985
107646  -31.305  3.191  -6.472 0.5714285970
153186  -30.568  6.131  -4.654 0.7142857313
115342  -28.618  10.910  -4.677 0.8571428657
119573  -25.820  14.400  -6.234 0.4285714328
108835  -31.829  4.984  -6.985 0.2857142985
115353  -28.884  10.260  -5.092 0.8571428657
113226  -29.378  7.963  -6.767 0.5714285970
122727  -24.429  18.211  -10.679 0.2857142985
115365  -26.527  10.562  -8.646 0.4285714328
154060  -23.665  25.368  -2.972 0.1428571492
119587  -26.025  14.860  -9.129 0.2857142985
118562  -26.657  13.293  -9.028 0.1428571492
154052  -26.101  19.236  -6.797 0.2857142985
85655  -23.879  -14.646  3.103 0.2857142985
88258  -26.761  -12.727  4.361 0.1428571492
90975  -26.665  -10.240  3.211 0.1428571492
89662  -25.928  -11.084  3.205 0.2857142985
93374  -27.362  -8.801  2.799 0.1428571492
94491  -29.220  -7.227  3.659 0.1428571492
95666  -28.836  -6.267  0.166 0.2857142985
96821  -29.395  -5.514  -0.112 0.2857142985
100323  -25.128  -1.985  -2.297 0.5714285970
97947  -31.178  -4.159  -0.183 0.2857142985
103928  -33.382  0.146  -2.654 0.2857142985
103924  -26.200  0.551  -2.009 0.7142857313
103905  -27.177  0.502  -1.351 0.5714285970
106398  -24.111  2.240  -3.717 0.4285714328
106400  -25.471  1.956  -3.145 0.5714285970
102691  -32.994  -0.563  -3.049 0.4285714328
108807  -24.324  4.414  -3.396 0.2857142985
107616  -25.151  3.583  -2.520 0.5714285970
102705  -32.610  -0.524  -3.714 0.2857142985
106360  -27.057  2.580  -1.341 0.7142857313
109999  -25.438  5.354  -2.417 0.2857142985
103958  -32.678  0.168  -4.325 0.1428571492
103968  -31.961  0.885  -5.962 0.4285714328
103967  -31.257  0.722  -5.866 0.4285714328
105213  -32.619  1.668  -5.802 0.1428571492
112134  -30.590  7.505  -2.335 0.8571428657
105224  -32.563  2.300  -6.851 0.1428571492
108823  -30.747  4.165  -4.932 0.5714285970
153191  -29.954  6.628  -5.281 0.7142857313
115352  -28.295  10.711  -5.565 0.8571428657
112188  -32.654  6.442  -7.425 0.2857142985
112187  -32.551  7.729  -7.863 0.1428571492
154005  -23.594  20.122  -5.460 0.2857142985
111155  -30.498  7.815  -7.606 0.1428571492
114273  -27.675  9.784  -7.214 0.5714285970
112179  -29.908  8.178  -7.789 0.1428571492
113233  -28.508  8.629  -7.297 0.1428571492
114291  -28.016  9.326  -8.827 0.1428571492
116410  -26.943  11.032  -7.881 0.5714285970
113243  -28.222  8.266  -8.267 0.1428571492
115372  -26.307  10.156  -9.214 0.1428571492
119597  -25.831  14.326  -9.709 0.2857142985
118561  -26.163  13.374  -9.658 0.2857142985
116417  -26.492  11.146  -9.078 0.2857142985
117483  -26.906  12.273  -8.775 0.1428571492
120647  -26.541  15.615  -7.418 0.2857142985
119575  -27.262  14.430  -7.688 0.1428571492
118549  -27.346  13.724  -8.376 0.1428571492
86943  -27.194  -13.312  4.808 0.1428571492
93366  -28.036  -8.672  3.528 0.1428571492
106452  -33.207  3.729  -8.320 0.2857142985
118550  -28.067  13.269  -8.067 0.1428571492
120648  -27.314  15.358  -6.810 0.2857142985
84333  -23.110  -14.908  2.758 0.2857142985
85658  -25.980  -13.969  4.496 0.1428571492
86942  -26.692  -13.362  4.496 0.1428571492
89626  -26.832  -11.779  4.271 0.1428571492
92264  -26.566  -9.149  1.816 0.1428571492
94535  -27.826  -7.360  0.560 0.2857142985
95665  -28.331  -6.790  0.026 0.4285714328
94536  -28.391  -6.780  0.585 0.2857142985
102670  -26.455  -0.233  -1.504 0.5714285970
101469  -26.303  -1.323  -1.368 0.4285714328
102717  -31.099  -0.256  -4.772 0.4285714328
107553  -29.106  2.808  -0.306 0.7142857313
110017  -30.970  5.415  -3.982 0.7142857313
108770  -29.369  4.486  -0.378 0.8571428657
111113  -30.898  6.840  -3.060 0.8571428657
113164  -29.386  8.485  -1.338 0.8571428657
119574  -26.321  14.004  -5.803 0.5714285970
118547  -25.326  13.432  -8.151 0.7142857313
121700  -24.333  17.347  -10.197 0.2857142985
120686  -24.986  16.597  -9.938 0.2857142985
124779  -23.996  19.953  -9.478 0.2857142985
106402  -31.122  2.588  -4.152 0.4285714328
92248  -26.807  -9.327  2.305 0.1428571492
96835  -24.917  -5.390  -1.500 0.5714285970
100326  -31.726  -1.991  -2.483 0.4285714328
115344  -29.825  10.009  -4.339 0.8571428657
154016  -23.056  20.120  -7.318 0.2857142985
123759  -24.470  19.058  -9.806 0.2857142985
125754  -23.688  20.396  -7.430 0.2857142985
106361  -27.384  2.261  -1.080 0.8571428657
154033  -24.503  23.921  -5.276 0.1428571492
154019  -24.751  22.318  -5.158 0.2857142985
125737  -26.017  20.885  -6.590 0.2857142985
154015  -24.544  21.601  -5.526 0.1428571492
154027  -25.249  20.222  -7.596 0.2857142985
121670  -26.401  16.424  -7.717 0.2857142985
154068  -25.901  18.681  -7.200 0.2857142985
121702  -25.334  17.020  -9.789 0.2857142985
121680  -25.988  16.237  -8.697 0.2857142985
120677  -25.671  15.588  -9.407 0.2857142985
124780  -25.147  20.016  -8.975 0.2857142985
154067  -25.368  19.283  -7.999 0.2857142985
119588  -26.648  14.379  -8.839 0.1428571492
122707  -25.372  18.236  -9.676 0.2857142985
117484  -27.874  12.370  -8.532 0.1428571492
120664  -26.759  15.005  -7.805 0.1428571492
118560  -25.155  13.321  -9.050 0.5714285970
117481  -25.687  13.089  -9.340 0.4285714328
119611  -25.438  14.115  -9.605 0.5714285970
114290  -26.955  9.618  -9.262 0.1428571492
114283  -27.575  9.391  -7.939 0.1428571492
115358  -27.466  10.588  -7.130 0.5714285970
114266  -28.523  9.659  -5.647 0.7142857313
115359  -27.964  10.141  -6.384 0.7142857313
112172  -29.621  7.254  -6.772 0.5714285970
114256  -29.592  9.305  -4.985 0.8571428657
109975  -26.732  5.364  -1.106 0.5714285970
112107  -26.795  7.406  -1.301 0.4285714328
111111  -25.936  6.282  -2.001 0.4285714328
112149  -30.474  7.095  -3.821 0.8571428657
153194  -29.868  7.234  -4.685 0.8571428657
153187  -30.227  6.282  -5.603 0.4285714328
101504  -25.253  -0.773  -3.220 0.5714285970
103923  -25.636  0.611  -2.808 0.4285714328
103925  -26.859  1.014  -1.933 0.7142857313
105163  -26.520  1.469  -2.180 0.7142857313
106385  -27.113  2.094  -1.534 0.7142857313
106382  -25.420  2.208  -3.047 0.4285714328
107599  -25.273  2.727  -2.801 0.5714285970
108793  -26.361  4.354  -1.673 0.5714285970
106418  -23.486  2.681  -3.982 0.2857142985
107578  -27.775  3.355  -0.736 0.7142857313
110030  -30.678  5.098  -4.963 0.7142857313
101468  -25.628  -1.674  -1.836 0.5714285970
101487  -24.596  -1.728  -2.732 0.5714285970
105202  -30.762  1.171  -5.421 0.4285714328
105225  -31.773  2.041  -7.918 0.2857142985
95667  -29.132  -5.901  0.591 0.2857142985
100276  -32.581  -3.044  -0.854 0.2857142985
99104  -31.190  -3.926  -0.827 0.2857142985
101492  -32.926  -1.134  -2.786 0.4285714328
93375  -27.832  -8.292  2.849 0.1428571492
99057  -30.953  -3.745  1.311 0.2857142985
96789  -30.167  -4.855  2.189 0.2857142985
84290  -25.681  -15.549  4.703 0.1428571492
84291  -26.549  -15.260  4.909 0.1428571492
103978  -31.531  1.119  -6.703 0.2857142985
154012  -24.643  23.207  -3.454 0.1428571492
85636  -26.634  -14.102  4.786 0.1428571492
88259  -27.326  -12.340  4.816 0.1428571492
125736  -24.688  21.646  -4.395 0.1428571492
118504  -27.173  13.286  -3.204 0.5714285970
117406  -26.999  12.136  -2.283 0.4285714328
117405  -26.311  12.600  -2.401 0.4285714328
118513  -27.405  13.044  -3.568 0.5714285970
117421  -27.486  12.488  -2.970 0.5714285970
117431  -27.131  13.025  -4.835 0.4285714328
114221  -25.904  9.585  -1.301 0.4285714328
115304  -26.802  10.595  -1.439 0.4285714328
115303  -25.636  10.700  -1.550 0.4285714328
116370  -27.841  11.838  -2.888 0.5714285970
117422  -27.949  11.951  -3.161 0.5714285970
113162  -27.470  8.515  -1.208 0.5714285970
102621  -33.709  -0.457  0.132 0.1428571492
102653  -33.729  -0.687  -1.258 0.1428571492
103910  -33.617  0.195  -1.646 0.1428571492
93426  -23.587  -9.104  -1.211 0.2857142985
103830  -34.727  0.554  1.497 0.1428571492
105080  -34.839  1.343  1.282 0.1428571492
103853  -34.179  0.304  0.722 0.1428571492
92308  -24.009  -9.578  -0.368 0.2857142985
101418  -32.634  -1.869  1.159 0.1428571492
102603  -33.815  -0.726  1.372 0.1428571492
101419  -33.147  -1.573  0.438 0.1428571492
102622  -34.221  -0.127  1.067 0.1428571492
105082  -36.048  0.742  2.023 0.1428571492
102604  -34.443  -0.172  1.749 0.1428571492
106285  -37.159  2.192  2.701 0.1428571492
106283  -35.791  1.741  2.222 0.1428571492
107518  -36.550  2.722  2.488 0.1428571492
91059  -23.758  -10.128  -0.120 0.2857142985
91058  -23.282  -10.120  -0.404 0.2857142985
99036  -31.353  -3.400  2.436 0.1428571492
100205  -31.775  -2.786  2.672 0.1428571492
100226  -31.819  -2.885  1.964 0.1428571492
99035  -31.094  -3.594  1.845 0.1428571492
100227  -32.329  -2.478  1.525 0.1428571492
102582  -34.511  -0.722  2.373 0.1428571492
101371  -33.332  -1.418  2.630 0.1428571492
103812  -35.025  0.024  2.304 0.1428571492
102581  -33.818  -1.089  2.167 0.1428571492
103832  -36.030  0.409  2.217 0.1428571492
103815  -37.665  0.498  3.180 0.1428571492
105067  -37.939  1.495  2.926 0.1428571492
105066  -36.872  1.328  2.888 0.1428571492
89721  -22.924  -10.669  -0.250 0.2857142985
89699  -23.084  -11.325  0.288 0.2857142985
96763  -30.434  -4.906  3.349 0.1428571492
97890  -31.208  -3.748  3.261 0.1428571492
99018  -31.700  -2.961  3.412 0.1428571492
101352  -32.713  -1.708  3.403 0.1428571492
101372  -34.172  -1.375  2.803 0.1428571492
101370  -32.606  -1.589  2.974 0.1428571492
102584  -36.468  -0.739  2.576 0.1428571492
103814  -36.542  0.371  2.616 0.1428571492
106287  -38.928  2.288  2.116 0.1428571492
106286  -38.156  2.437  2.530 0.1428571492
97870  -30.972  -4.339  3.664 0.1428571492
96744  -30.788  -4.946  4.407 0.1428571492
99001  -32.374  -2.684  4.382 0.1428571492
97871  -31.570  -3.704  4.406 0.1428571492
100207  -35.124  -2.198  3.402 0.1428571492
99019  -31.940  -2.616  3.883 0.1428571492
101373  -35.131  -1.653  2.849 0.1428571492
101354  -33.723  -1.652  3.360 0.1428571492
102583  -35.549  -0.834  2.436 0.1428571492
103816  -38.813  0.685  2.960 0.1428571492
102585  -37.388  -0.556  3.020 0.1428571492
105068  -38.854  1.614  2.521 0.1428571492
97873  -33.519  -3.595  5.506 0.1428571492
97872  -32.630  -3.279  5.207 0.1428571492
96745  -31.497  -4.655  5.253 0.1428571492
100175  -33.298  -2.416  4.269 0.1428571492
100209  -36.744  -2.475  3.029 0.1428571492
100208  -35.783  -2.499  3.408 0.1428571492
101374  -36.147  -1.667  2.767 0.1428571492
101375  -37.097  -1.555  2.983 0.1428571492
97856  -33.698  -4.378  5.925 0.1428571492
97854  -31.976  -4.067  5.569 0.1428571492
99020  -35.413  -3.393  4.098 0.1428571492
97874  -34.494  -4.176  5.209 0.1428571492
100193  -35.500  -2.959  3.808 0.1428571492
101376  -38.169  -1.478  3.073 0.1428571492
100210  -37.722  -2.449  2.987 0.1428571492
99003  -34.138  -3.272  4.895 0.1428571492
99000  -31.709  -3.030  4.032 0.1428571492
100191  -34.017  -2.291  3.859 0.1428571492
99058  -31.376  -3.338  1.514 0.1428571492
105083  -39.488  1.696  1.873 0.1428571492
106302  -39.244  2.677  1.444 0.1428571492
103831  -35.579  0.490  1.965 0.1428571492
103883  -33.801  0.274  -0.622 0.1428571492
102586  -38.552  -0.427  3.041 0.1428571492
107531  -39.323  3.497  0.971 0.1428571492
114222  -26.830  9.547  -1.075 0.4285714328
107520  -38.074  3.274  2.272 0.1428571492
106299  -35.432  2.113  1.804 0.1428571492
107519  -37.290  3.048  2.484 0.1428571492
118512  -27.108  13.657  -3.980 0.4285714328
119562  -26.187  14.241  -5.338 0.4285714328
120649  -27.992  14.982  -6.070 0.1428571492
91011  -23.630  -10.768  0.721 0.2857142985
121663  -27.068  16.313  -6.056 0.1428571492
95613  -30.298  -5.599  3.763 0.1428571492
95612  -29.861  -6.355  3.456 0.1428571492
97889  -30.759  -4.286  2.881 0.1428571492
103943  -33.105  -0.017  -3.462 0.1428571492
105081  -35.523  1.222  1.683 0.1428571492
105099  -33.783  1.241  0.325 0.1428571492
106316  -34.667  2.056  0.894 0.1428571492
105064  -35.688  1.581  2.013 0.1428571492
101393  -32.794  -1.902  2.062 0.1428571492
101394  -33.290  -1.439  1.613 0.1428571492
105065  -36.133  1.288  2.237 0.1428571492
106284  -36.189  2.025  2.500 0.1428571492
100206  -32.234  -2.316  2.529 0.1428571492
103813  -35.866  -0.030  2.370 0.1428571492
101353  -33.041  -1.579  3.384 0.1428571492
100174  -32.786  -2.227  4.030 0.1428571492
99002  -33.320  -2.873  4.919 0.1428571492
101355  -34.529  -1.997  3.346 0.1428571492
100192  -34.972  -2.582  4.103 0.1428571492
100190  -33.198  -1.969  3.781 0.1428571492
100176  -34.061  -2.723  4.448 0.1428571492
99004  -34.851  -3.424  4.562 0.1428571492
82910  -22.676  -17.083  2.993 0.1428571492
82911  -23.279  -16.545  3.283 0.1428571492
84311  -23.594  -15.515  3.376 0.1428571492
82933  -22.941  -15.700  2.849 0.1428571492
85678  -22.781  -14.515  2.101 0.1428571492
87000  -23.139  -13.545  1.466 0.1428571492
86999  -22.397  -13.685  1.080 0.1428571492
87023  -22.739  -13.295  0.911 0.1428571492
88337  -23.041  -12.620  0.614 0.1428571492
85718  -21.213  -13.784  0.800 0.1428571492
87022  -22.266  -13.215  0.614 0.1428571492
89698  -22.432  -11.894  0.081 0.1428571492
89718  -20.698  -11.344  -0.261 0.1428571492
89719  -21.369  -11.240  -0.537 0.1428571492
91057  -22.509  -10.204  -0.831 0.1428571492
91056  -21.712  -10.584  -0.929 0.1428571492
92306  -22.619  -9.807  -1.098 0.2857142985
92307  -23.030  -9.623  -0.964 0.1428571492
92327  -22.279  -9.538  -1.468 0.2857142985
93447  -23.660  -7.409  -1.169 0.2857142985
97986  -24.367  -4.149  -2.225 0.4285714328
99123  -25.245  -3.422  -1.305 0.4285714328
112132  -26.463  7.903  -1.433 0.2857142985
113180  -25.310  8.502  -1.781 0.2857142985
113161  -27.169  9.070  -1.462 0.2857142985
116346  -24.392  11.732  -2.016 0.2857142985
117404  -25.088  12.630  -2.262 0.2857142985
117420  -26.941  13.106  -2.769 0.2857142985
118503  -26.385  13.650  -3.039 0.4285714328
92326  -21.358  -9.290  -1.562 0.1428571492
93445  -22.494  -8.603  -1.957 0.2857142985
84353  -22.197  -14.621  1.748 0.1428571492
86998  -21.836  -13.645  0.805 0.1428571492
88351  -21.169  -12.020  -0.246 0.1428571492
91073  -21.483  -10.029  -1.341 0.1428571492
93461  -22.013  -8.459  -2.745 0.2857142985
93446  -23.260  -8.276  -1.731 0.2857142985
93462  -22.574  -8.040  -2.576 0.2857142985
94571  -23.642  -7.461  -2.072 0.2857142985
94572  -24.225  -6.859  -1.762 0.2857142985
96857  -24.409  -5.126  -2.002 0.4285714328
98004  -23.725  -4.340  -2.914 0.2857142985
112106  -26.229  6.848  -1.584 0.2857142985
112130  -24.682  7.373  -2.603 0.2857142985
113181  -26.515  8.601  -1.527 0.2857142985
113179  -24.459  8.500  -2.344 0.2857142985
115279  -24.172  11.167  -2.148 0.2857142985
115300  -23.326  10.874  -2.986 0.2857142985
94592  -23.273  -7.182  -2.491 0.2857142985
112131  -25.793  7.390  -1.664 0.2857142985
112129  -24.059  7.869  -2.588 0.2857142985
112148  -24.180  6.762  -3.173 0.2857142985
114239  -24.128  9.196  -2.504 0.2857142985
114219  -24.000  10.015  -2.296 0.2857142985
114220  -24.953  9.648  -2.142 0.2857142985
115301  -23.940  10.901  -2.471 0.2857142985
116348  -26.469  11.607  -1.860 0.2857142985
113196  -23.747  8.434  -2.785 0.2857142985
114254  -23.000  9.327  -3.567 0.2857142985
114238  -23.479  9.376  -2.969 0.2857142985
95700  -24.253  -6.147  -2.371 0.4285714328
85700  -23.026  -14.110  1.832 0.1428571492
116347  -25.374  11.794  -1.708 0.2857142985
115302  -24.535  10.899  -1.889 0.2857142985
89720  -22.275  -11.129  -0.380 0.1428571492
88352  -21.823  -11.829  -0.286 0.1428571492
84332  -22.337  -15.238  2.280 0.1428571492
85699  -22.565  -14.133  1.555 0.1428571492
88336  -21.884  -12.494  0.232 0.1428571492
88335  -20.968  -12.525  0.405 0.1428571492
93444  -21.738  -8.537  -1.970 0.2857142985
98003  -23.369  -4.869  -3.137 0.4285714328
100345  -24.092  -2.255  -3.366 0.2857142985
99145  -24.196  -3.383  -2.735 0.2857142985
101503  -24.678  -1.172  -3.552 0.2857142985
124713  -27.268  20.427  -2.507 0.1428571492
123693  -27.636  19.136  -3.150 0.1428571492
123724  -27.190  18.756  -5.028 0.1428571492
122689  -27.079  17.331  -5.830 0.1428571492
126634  -27.699  21.759  -2.090 0.1428571492
123733  -26.979  18.401  -5.882 0.1428571492
124751  -26.093  20.681  -5.708 0.1428571492
154053  -25.557  24.736  -3.662 0.1428571492
100360  -24.255  -1.603  -4.194 0.2857142985
121656  -27.502  16.517  -4.946 0.1428571492
123711  -27.779  18.599  -3.173 0.1428571492
122696  -26.704  17.057  -6.753 0.1428571492
122681  -27.329  17.658  -5.024 0.1428571492
122695  -26.469  17.333  -7.571 0.1428571492
124752  -26.263  19.776  -6.260 0.1428571492
154037  -26.254  21.684  -3.828 0.1428571492
154040  -26.201  20.457  -4.767 0.1428571492
154038  -25.283  23.477  -4.637 0.1428571492
154048  -24.607  24.426  -5.103 0.1428571492
154039  -25.695  21.410  -5.124 0.1428571492
123738  -26.736  17.964  -6.454 0.1428571492
154051  -26.430  18.729  -6.524 0.1428571492
124726  -26.666  20.038  -3.374 0.1428571492
126633  -27.111  21.445  -2.396 0.1428571492
123710  -27.526  18.914  -3.893 0.1428571492
124739  -26.555  19.704  -4.794 0.1428571492
127462  -27.253  23.015  -1.863 0.1428571492
122666  -27.519  17.795  -4.162 0.1428571492
112146  -22.757  7.323  -3.593 0.1428571492
112147  -23.646  7.316  -3.159 0.1428571492
114237  -22.738  9.983  -2.982 0.1428571492
116387  -21.375  11.251  -4.022 0.1428571492
116369  -21.871  11.361  -3.170 0.1428571492
111127  -24.443  6.203  -3.074 0.1428571492
115324  -22.631  10.729  -3.473 0.1428571492
117416  -21.369  11.855  -2.632 0.1428571492
117401  -22.022  12.231  -2.451 0.1428571492
118490  -22.336  13.026  -2.715 0.2857142985
105180  -23.957  1.670  -3.784 0.1428571492
108822  -23.811  4.433  -4.076 0.1428571492
110015  -24.145  5.276  -3.604 0.1428571492
111126  -23.715  6.072  -3.525 0.1428571492
153176  -32.495  5.464  -7.091 0.1428571492
113194  -22.585  7.902  -3.849 0.1428571492
116345  -23.716  11.658  -2.446 0.1428571492
117419  -24.751  12.890  -2.794 0.1428571492
117402  -23.210  12.680  -2.406 0.1428571492
117417  -23.558  13.372  -2.704 0.2857142985
118501  -23.961  13.927  -2.942 0.2857142985
120595  -24.346  15.937  -2.618 0.2857142985
122665  -25.344  17.351  -4.175 0.2857142985
124749  -23.498  20.166  -4.712 0.1428571492
123678  -25.599  18.526  -1.181 0.1428571492
119539  -25.750  14.870  -3.165 0.2857142985
119561  -25.748  14.760  -5.047 0.2857142985
119550  -25.975  15.029  -4.108 0.2857142985
119527  -23.904  15.436  -2.592 0.2857142985
120634  -25.518  15.409  -5.777 0.2857142985
120610  -24.999  15.913  -3.154 0.2857142985
121662  -25.380  16.276  -5.406 0.2857142985
122662  -23.384  18.036  -3.820 0.1428571492
121632  -24.288  16.614  -2.362 0.2857142985
125729  -24.502  20.464  -3.769 0.1428571492
154030  -25.361  22.084  -2.227 0.1428571492
120594  -23.569  15.977  -2.562 0.1428571492
120593  -22.579  16.116  -2.619 0.1428571492
118499  -21.957  13.565  -2.847 0.2857142985
121631  -23.193  16.535  -2.110 0.2857142985
122663  -24.017  17.494  -3.784 0.1428571492
123691  -24.023  18.251  -3.420 0.1428571492
122633  -24.381  17.593  -2.216 0.1428571492
117414  -20.124  12.439  -2.619 0.2857142985
121614  -22.814  17.295  -1.522 0.1428571492
121615  -24.362  16.829  -1.696 0.1428571492
116343  -19.151  11.587  -2.370 0.1428571492
111157  -33.640  5.709  -8.217 0.1428571492
105227  -33.031  3.106  -7.342 0.1428571492
111140  -23.010  5.535  -3.851 0.1428571492
111138  -22.027  6.325  -4.621 0.1428571492
113207  -21.205  8.479  -4.670 0.1428571492
113209  -22.695  8.991  -3.769 0.1428571492
115340  -21.053  10.480  -4.478 0.1428571492
116344  -22.836  11.573  -2.842 0.1428571492
117415  -20.842  12.216  -2.727 0.1428571492
118498  -20.921  13.313  -3.122 0.2857142985
119537  -23.382  14.822  -2.784 0.1428571492
119538  -24.610  14.944  -2.564 0.2857142985
119526  -23.492  15.454  -2.639 0.1428571492
121597  -23.271  17.339  -0.381 0.1428571492
122677  -22.860  18.226  -4.318 0.1428571492
122621  -25.565  17.357  -0.811 0.1428571492
123677  -24.845  18.568  -1.942 0.1428571492
153169  -32.750  3.794  -8.254 0.1428571492
153174  -32.402  4.229  -7.612 0.1428571492
153175  -33.405  4.815  -8.194 0.1428571492
123708  -23.507  18.731  -3.789 0.1428571492
124725  -25.295  19.230  -2.641 0.1428571492
121654  -25.401  16.860  -4.509 0.2857142985
122664  -24.999  17.491  -4.054 0.2857142985
122678  -23.878  17.381  -4.713 0.2857142985
123692  -24.581  18.418  -2.939 0.1428571492
154011  -25.234  21.136  -3.259 0.1428571492
119540  -26.447  14.391  -3.688 0.2857142985
107631  -24.005  3.770  -3.838 0.1428571492
107614  -23.888  3.121  -3.840 0.1428571492
111110  -25.197  6.336  -2.496 0.1428571492
106446  -33.045  3.115  -6.643 0.1428571492
119551  -26.442  14.367  -4.511 0.2857142985
117403  -24.219  12.446  -2.453 0.1428571492
118492  -25.623  13.116  -2.693 0.1428571492
118491  -25.180  12.947  -2.886 0.1428571492
111125  -22.923  6.368  -3.542 0.1428571492
113208  -22.156  8.483  -4.045 0.1428571492
114253  -22.476  9.700  -3.878 0.1428571492
112160  -21.553  7.456  -4.489 0.1428571492
111124  -22.410  6.601  -3.932 0.1428571492
115341  -21.960  10.619  -4.130 0.1428571492
118488  -21.155  12.746  -3.131 0.1428571492
110029  -23.454  5.078  -4.054 0.1428571492
117418  -24.129  13.152  -2.736 0.2857142985
118500  -22.971  13.652  -2.958 0.2857142985
118502  -25.084  13.668  -2.917 0.2857142985
121642  -25.259  16.994  -3.574 0.2857142985
121630  -21.774  17.037  -2.502 0.1428571492
121641  -24.447  16.721  -3.115 0.2857142985
124710  -25.662  19.419  -1.751 0.1428571492
120611  -25.660  15.969  -3.800 0.2857142985
120622  -25.671  15.735  -4.752 0.2857142985
120609  -23.101  15.549  -2.660 0.1428571492
122650  -23.771  17.969  -3.620 0.1428571492
154023  -24.908  22.581  -2.999 0.1428571492
122651  -24.139  17.530  -3.087 0.2857142985
119536  -22.385  14.331  -2.763 0.1428571492
122634  -24.964  17.625  -1.551 0.1428571492
93443  -20.935  -8.402  -1.568 0.1428571492
93479  -22.105  -7.977  -3.146 0.1428571492
93480  -22.403  -7.618  -3.117 0.1428571492
95680  -20.017  -6.888  -1.621 0.1428571492
96875  -20.065  -5.778  -2.568 0.1428571492
96894  -19.878  -5.086  -3.001 0.1428571492
94609  -21.302  -7.029  -3.369 0.1428571492
98023  -20.355  -4.472  -3.017 0.1428571492
95737  -21.244  -6.470  -3.375 0.1428571492
94612  -22.972  -6.885  -2.871 0.1428571492
98024  -21.189  -4.606  -3.587 0.1428571492
98025  -22.075  -4.649  -4.090 0.1428571492
96878  -23.573  -5.407  -2.698 0.1428571492
98026  -22.981  -4.459  -3.568 0.1428571492
99165  -21.520  -3.669  -3.973 0.1428571492
98027  -23.401  -3.908  -3.473 0.1428571492
100344  -23.376  -2.545  -3.806 0.1428571492
101514  -23.945  -1.168  -4.799 0.1428571492
102700  -24.523  -0.333  -3.997 0.1428571492
94611  -22.537  -7.058  -3.259 0.1428571492
94593  -23.768  -6.810  -2.379 0.1428571492
93425  -20.297  -8.340  -0.905 0.1428571492
94549  -20.325  -7.378  -1.466 0.1428571492
95716  -20.559  -6.714  -3.034 0.1428571492
103939  -24.393  0.327  -3.746 0.1428571492
99168  -23.608  -3.316  -3.341 0.1428571492
94569  -21.082  -7.592  -2.292 0.1428571492
94591  -22.788  -7.430  -2.763 0.1428571492
95718  -23.177  -5.906  -3.117 0.1428571492
94589  -21.177  -7.312  -3.147 0.1428571492
95699  -20.070  -6.687  -2.071 0.1428571492
96855  -19.408  -5.300  -1.600 0.1428571492
96876  -20.504  -6.045  -3.010 0.1428571492
96895  -20.704  -5.538  -3.200 0.1428571492
96896  -21.654  -5.581  -3.706 0.1428571492
95738  -22.132  -6.430  -3.549 0.1428571492
99164  -20.841  -3.634  -3.342 0.1428571492
96897  -22.610  -5.559  -3.620 0.1428571492
99166  -22.369  -3.572  -4.001 0.1428571492
99143  -19.862  -3.978  -2.291 0.1428571492
93424  -19.443  -8.412  -0.338 0.1428571492
81511  -23.194  -17.558  3.284 0.1428571492
85680  -24.125  -14.147  2.802 0.2857142985
86977  -24.171  -13.517  2.646 0.2857142985
87021  -21.453  -13.168  0.620 0.1428571492
88274  -26.333  -12.223  3.796 0.2857142985
91032  -23.468  -10.527  0.091 0.2857142985
91074  -22.010  -10.154  -1.232 0.1428571492
92262  -25.536  -9.447  1.195 0.4285714328
92328  -22.989  -9.109  -1.565 0.1428571492
93463  -23.081  -7.689  -2.309 0.2857142985
94570  -21.654  -8.138  -2.522 0.1428571492
94590  -21.627  -7.853  -2.949 0.1428571492
94610  -21.817  -7.271  -3.359 0.1428571492
94613  -23.352  -6.731  -2.652 0.1428571492
95679  -19.714  -6.535  -1.354 0.1428571492
95717  -20.745  -6.193  -3.176 0.1428571492
95719  -23.542  -6.254  -2.665 0.1428571492
95736  -21.014  -6.924  -3.329 0.1428571492
95739  -22.795  -6.408  -3.272 0.1428571492
95740  -23.168  -6.449  -2.913 0.1428571492
96841  -30.060  -5.312  -0.854 0.4285714328
96856  -19.568  -6.055  -2.193 0.1428571492
96859  -29.712  -5.089  -1.183 0.5714285970
96860  -29.890  -5.239  -1.114 0.4285714328
96877  -23.177  -5.252  -3.280 0.1428571492
97911  -30.991  -3.832  2.685 0.1428571492
97970  -30.965  -4.304  -0.461 0.2857142985
98002  -20.169  -4.121  -2.654 0.1428571492
99098  -25.498  -3.603  -0.948 0.5714285970
99122  -24.593  -3.478  -1.900 0.2857142985
99124  -25.544  -2.899  -1.124 0.5714285970
100177  -34.518  -2.989  4.520 0.1428571492
100188  -31.844  -2.393  3.032 0.1428571492
100189  -32.374  -2.097  3.536 0.1428571492
100296  -24.955  -3.042  -1.824 0.4285714328
100370  -24.007  -1.531  -4.507 0.2857142985
100371  -24.185  -1.357  -4.495 0.2857142985
101471  -30.619  -2.058  -2.066 0.5714285970
101506  -32.148  -1.241  -3.465 0.4285714328
101515  -24.314  -1.076  -4.422 0.1428571492
101522  -24.007  -1.364  -4.663 0.2857142985
101523  -24.152  -1.185  -4.662 0.1428571492
102671  -27.060  -0.253  -1.013 0.5714285970
102702  -30.727  -0.090  -4.558 0.4285714328
102715  -24.126  -0.538  -4.647 0.1428571492
102716  -30.691  -0.095  -4.940 0.4285714328
102719  -32.298  -0.471  -4.087 0.4285714328
103852  -33.775  0.569  0.241 0.1428571492
103878  -27.865  0.253  -0.841 0.8571428657
103907  -28.617  0.774  -0.685 0.7142857313
103908  -31.235  0.305  -1.694 0.7142857313
103927  -31.431  0.598  -2.294 0.7142857313
103940  -25.082  0.332  -3.472 0.1428571492
103956  -30.937  0.261  -5.171 0.4285714328
103966  -30.889  0.762  -5.742 0.4285714328
103977  -30.961  0.944  -6.567 0.4285714328
103979  -32.114  1.470  -6.600 0.2857142985
105118  -28.730  1.681  -0.526 0.7142857313
105120  -30.226  1.285  -0.465 0.7142857313
105147  -31.554  0.885  -2.206 0.7142857313
105200  -23.527  1.556  -4.089 0.1428571492
105223  -31.982  1.709  -7.357 0.1428571492
105226  -32.482  2.684  -7.848 0.1428571492
105228  -33.202  3.471  -7.790 0.1428571492
106298  -35.134  1.690  1.394 0.1428571492
106301  -38.573  2.861  1.953 0.1428571492
106336  -29.589  2.161  -0.547 0.8571428657
106384  -26.703  2.412  -1.681 0.7142857313
106399  -25.035  2.166  -3.422 0.4285714328
106434  -30.920  2.903  -7.766 0.2857142985
106444  -31.452  2.414  -7.882 0.2857142985
106445  -31.175  2.842  -8.111 0.2857142985
106449  -32.095  3.152  -8.125 0.2857142985
107555  -30.743  3.210  -0.652 0.8571428657
107577  -27.056  3.041  -1.179 0.7142857313
107617  -31.294  3.427  -3.748 0.7142857313
107633  -30.920  3.384  -4.549 0.5714285970
107647  -31.343  3.111  -7.330 0.2857142985
107655  -30.998  3.305  -8.057 0.2857142985
108748  -30.224  3.879  -0.284 0.8571428657
108750  -31.366  4.078  -1.424 0.8571428657
108772  -30.916  4.586  -1.436 0.8571428657
108794  -31.062  4.819  -3.467 0.7142857313
108810  -31.297  4.194  -3.563 0.8571428657
110016  -24.612  5.332  -2.825 0.1428571492
110028  -22.981  5.118  -4.724 0.1428571492
111085  -26.455  6.302  -1.410 0.4285714328
111129  -30.866  6.737  -3.294 0.7142857313
111139  -22.569  5.827  -4.215 0.1428571492
111156  -31.159  7.688  -7.553 0.1428571492
112135  -30.855  7.084  -3.009 0.8571428657
112145  -22.175  7.339  -4.004 0.1428571492
113182  -26.815  8.128  -1.381 0.5714285970
113195  -23.130  8.411  -3.629 0.2857142985
113242  -27.932  8.769  -7.977 0.1428571492
114195  -27.496  9.434  -0.924 0.8571428657
114198  -29.427  9.186  -1.801 0.8571428657
114218  -23.401  10.230  -2.635 0.2857142985
114240  -29.813  9.728  -3.588 0.8571428657
114255  -29.469  10.038  -4.929 0.8571428657
114284  -28.024  9.221  -7.349 0.1428571492
115280  -24.320  11.288  -1.987 0.2857142985
115281  -27.346  10.163  -0.941 0.7142857313
115284  -29.218  9.617  -1.389 1.0000000000
115327  -29.898  9.904  -3.857 0.8571428657
116332  -24.073  11.363  -2.322 0.2857142985
116333  -24.206  11.422  -2.143 0.2857142985
116351  -28.784  10.600  -2.055 1.0000000000
116372  -28.989  10.814  -2.497 0.8571428657
116386  -20.564  11.334  -4.166 0.1428571492
116389  -28.432  11.740  -4.183 1.0000000000
117400  -21.367  12.408  -2.762 0.1428571492
117470  -25.588  12.902  -8.833 0.4285714328
117492  -25.743  13.278  -9.646 0.4285714328
117493  -26.011  12.974  -9.729 0.4285714328
118489  -21.607  12.919  -3.031 0.2857142985
118559  -24.987  13.958  -9.174 0.7142857313
118573  -25.212  14.023  -9.404 0.5714285970
118575  -25.832  13.536  -9.816 0.2857142985
119610  -25.123  14.232  -9.427 0.5714285970
119612  -25.698  13.866  -9.738 0.4285714328
121643  -25.640  17.342  -3.981 0.2857142985
121655  -25.597  17.198  -4.267 0.2857142985
121688  -24.429  16.908  -9.354 0.2857142985
121690  -25.698  16.645  -9.365 0.2857142985
121699  -23.845  17.918  -10.699 0.4285714328
121712  -23.829  18.111  -11.013 0.2857142985
121713  -24.121  17.909  -10.879 0.2857142985
121714  -24.589  17.744  -10.510 0.2857142985
122679  -24.992  17.199  -4.402 0.2857142985
122680  -25.391  17.171  -4.325 0.2857142985
122686  -22.287  18.762  -4.864 0.2857142985
122705  -23.416  18.412  -9.201 0.2857142985
122708  -25.430  17.598  -9.402 0.2857142985
122717  -25.231  18.013  -10.305 0.2857142985
122718  -25.352  17.434  -10.020 0.2857142985
122725  -23.828  18.341  -10.708 0.4285714328
122726  -23.995  18.381  -11.042 0.2857142985
123709  -24.232  18.809  -3.478 0.1428571492
123723  -23.019  19.206  -4.540 0.2857142985
123737  -26.274  17.835  -6.991 0.2857142985
123743  -22.996  19.924  -7.536 0.4285714328
123744  -23.291  19.515  -7.879 0.4285714328
123745  -23.473  18.831  -7.888 0.4285714328
123752  -25.483  18.438  -9.132 0.2857142985
123753  -25.543  18.031  -8.522 0.2857142985
123758  -23.978  18.807  -10.120 0.2857142985
123764  -23.927  18.620  -10.769 0.2857142985
123765  -24.197  18.631  -10.563 0.2857142985
123766  -24.706  18.562  -10.280 0.2857142985
124727  -27.718  19.424  -2.762 0.1428571492
124762  -26.308  18.284  -6.692 0.1428571492
124768  -25.618  18.618  -8.131 0.2857142985
124773  -25.691  19.126  -8.845 0.2857142985
125711  -27.502  20.859  -2.080 0.1428571492
126642  -27.303  22.452  -2.180 0.1428571492
127472  -27.352  22.684  -2.013 0.1428571492
128198  -27.040  23.469  -1.829 0.1428571492
153030  -20.124  -4.378  -2.621 0.1428571492
153166  -34.109  5.268  -8.338 0.1428571492
153167  -33.200  4.310  -8.360 0.1428571492
153170  -31.706  3.379  -7.608 0.2857142985
153190  -30.165  6.469  -4.974 0.4285714328
153193  -29.986  6.808  -4.824 0.8571428657
154002  -23.576  19.676  -6.574 0.4285714328
154006  -22.855  19.402  -7.310 0.4285714328
154009  -23.448  20.304  -5.027 0.1428571492
154010  -24.087  20.542  -4.862 0.1428571492
154013  -24.568  21.885  -5.538 0.1428571492
154034  -25.145  19.850  -7.899 0.2857142985
154050  -25.922  20.604  -6.773 0.2857142985
154065  -25.115  25.078  -4.388 0.1428571492
