#!ascii label  , from subject 3130 vox2ras=TkReg
865
106237  19.072  -0.319  -2.072 0.2500000000
105030  19.433  -0.881  -2.745 0.2500000000
103813  19.694  -1.670  -2.659 0.7500000000
108598  18.761  2.310  -2.617 0.2500000000
108577  18.646  1.731  -2.153 0.1250000000
108576  19.174  0.909  -2.469 0.2500000000
107407  19.230  0.287  -2.390 0.2500000000
106258  19.740  -0.346  -3.360 0.7500000000
106259  19.385  -0.190  -2.731 0.3750000000
103812  20.303  -2.255  -3.011 0.8750000000
105029  20.034  -1.225  -3.241 0.8750000000
103811  21.277  -2.427  -3.376 0.8750000000
108597  19.446  1.446  -3.186 0.3750000000
107423  19.872  0.477  -3.561 0.3750000000
107438  20.381  0.538  -4.077 0.8750000000
107424  19.452  0.407  -2.986 0.7500000000
106256  21.905  -0.822  -4.411 1.0000000000
106274  20.826  -0.251  -4.235 1.0000000000
106275  20.265  -0.067  -3.802 0.8750000000
105027  21.898  -1.586  -4.105 1.0000000000
105045  20.859  -0.836  -4.027 0.8750000000
105026  22.912  -1.638  -3.650 1.0000000000
109865  18.523  2.921  -2.595 0.2500000000
108616  19.633  2.068  -3.643 0.7500000000
108615  20.243  1.569  -4.303 0.8750000000
107437  20.989  0.580  -4.621 0.8750000000
108596  20.037  1.004  -3.766 0.7500000000
106255  22.583  -0.501  -4.308 1.0000000000
106273  21.679  -0.167  -4.531 1.0000000000
107436  21.792  0.691  -4.843 1.0000000000
106254  23.807  -0.809  -3.452 1.0000000000
109844  18.059  2.795  -2.119 0.1250000000
109864  19.132  2.617  -3.122 0.6250000000
108630  20.693  2.018  -5.213 1.0000000000
109883  19.728  2.682  -3.862 0.8750000000
108614  21.169  1.350  -5.124 1.0000000000
107421  24.352  0.455  -3.416 1.0000000000
107422  23.365  0.506  -4.000 1.0000000000
106272  22.184  0.142  -4.690 1.0000000000
106253  24.951  -0.591  -3.002 1.0000000000
105022  26.688  -1.535  -4.057 1.0000000000
106235  24.594  -1.468  -3.126 1.0000000000
115474  18.529  7.696  -3.263 0.2500000000
111062  18.391  3.805  -2.801 0.2500000000
112138  18.590  4.152  -2.977 0.3750000000
111083  19.135  3.588  -3.204 0.5000000000
111104  19.865  3.636  -4.117 1.0000000000
109882  20.407  2.679  -4.638 1.0000000000
109881  22.642  2.215  -5.029 1.0000000000
108629  21.386  2.085  -5.429 1.0000000000
108612  23.015  1.673  -4.485 1.0000000000
107420  25.483  0.419  -3.166 1.0000000000
106252  26.025  -0.748  -3.194 1.0000000000
107419  26.593  0.233  -3.320 1.0000000000
106251  26.894  -0.964  -3.804 1.0000000000
114348  19.341  6.984  -4.504 0.5000000000
114330  18.910  6.788  -3.750 0.3750000000
113248  18.689  5.869  -3.353 0.3750000000
112158  18.973  4.686  -3.541 0.5000000000
113265  19.533  5.897  -4.394 0.5000000000
112177  21.050  4.529  -5.374 0.8750000000
111103  20.799  3.593  -4.898 1.0000000000
112195  21.381  4.948  -5.807 1.0000000000
109880  22.986  2.768  -4.879 1.0000000000
111116  21.717  3.453  -5.728 1.0000000000
108594  24.797  1.537  -3.758 1.0000000000
108611  24.005  2.011  -4.697 1.0000000000
108592  27.071  1.245  -3.504 1.0000000000
108593  25.997  1.427  -3.199 1.0000000000
107418  27.518  0.092  -3.837 0.8750000000
115473  19.240  7.551  -3.890 0.5000000000
114363  19.861  6.802  -5.014 0.6250000000
113282  20.238  6.070  -5.112 0.6250000000
113281  20.950  5.623  -5.551 1.0000000000
113264  20.399  5.352  -4.994 0.7500000000
112193  22.524  4.210  -5.904 1.0000000000
111081  25.792  3.323  -3.695 1.0000000000
111082  24.793  3.414  -3.792 1.0000000000
109863  24.282  2.612  -3.872 1.0000000000
111101  23.362  3.563  -4.910 1.0000000000
109861  26.459  2.346  -3.500 1.0000000000
109862  25.385  2.437  -3.714 1.0000000000
109860  27.562  2.245  -3.615 0.8750000000
108591  27.847  1.122  -4.177 0.8750000000
115506  20.256  7.305  -5.147 0.5000000000
114362  20.573  6.687  -5.347 0.8750000000
113260  23.828  5.456  -4.584 1.0000000000
113261  22.882  5.241  -5.135 1.0000000000
112174  24.487  4.459  -4.197 1.0000000000
112192  23.044  4.281  -5.430 1.0000000000
112155  27.065  4.374  -3.459 1.0000000000
109878  28.120  2.581  -4.064 1.0000000000
111099  28.257  3.077  -4.274 1.0000000000
115491  19.921  7.894  -4.609 0.5000000000
115505  20.674  7.876  -5.449 0.8750000000
114360  22.359  6.979  -5.585 1.0000000000
115488  24.778  7.504  -4.433 1.0000000000
114345  23.140  6.599  -5.035 1.0000000000
114322  27.676  6.406  -3.407 1.0000000000
114324  25.933  5.936  -3.595 1.0000000000
113243  29.138  5.498  -3.837 1.0000000000
113245  27.328  5.411  -3.495 1.0000000000
113246  26.397  5.327  -3.523 1.0000000000
111077  29.116  3.838  -4.134 1.0000000000
111078  28.573  3.678  -3.803 0.8750000000
118858  25.138  10.585  -4.042 1.0000000000
118874  23.327  10.706  -4.918 0.3750000000
117787  24.569  10.017  -4.549 0.8750000000
116666  24.313  8.475  -4.617 1.0000000000
114342  25.940  6.965  -3.964 1.0000000000
119963  25.318  11.522  -3.555 0.8750000000
118857  26.211  10.602  -3.469 1.0000000000
117786  24.843  9.551  -4.081 1.0000000000
116665  25.084  8.440  -4.235 1.0000000000
115467  27.102  7.385  -3.548 1.0000000000
116645  27.653  8.224  -3.451 1.0000000000
115465  29.123  7.301  -3.487 1.0000000000
117784  27.096  9.339  -3.006 1.0000000000
117801  28.828  9.343  -3.676 1.0000000000
117783  28.121  9.288  -3.147 1.0000000000
119961  27.585  11.677  -2.766 1.0000000000
118856  27.745  10.552  -2.861 1.0000000000
118855  28.539  10.126  -3.315 1.0000000000
126286  25.553  18.087  -2.871 0.1250000000
126285  26.828  17.709  -3.843 0.2500000000
126301  27.331  17.956  -4.190 0.3750000000
127140  26.410  19.044  -3.770 0.2500000000
153114  27.520  18.099  -4.364 0.5000000000
127151  27.167  18.488  -4.196 0.2500000000
153107  27.807  18.453  -4.637 0.3750000000
128067  27.144  19.859  -3.936 0.2500000000
129025  27.280  19.477  -4.568 0.2500000000
153124  27.031  19.969  -5.875 0.3750000000
105005  24.905  -2.238  -2.913 1.0000000000
114361  21.465  6.489  -5.694 0.8750000000
113247  25.603  5.406  -3.751 1.0000000000
104992  18.648  -1.428  -0.889 0.1250000000
102602  20.668  -3.364  -3.158 0.7500000000
102601  21.478  -3.427  -3.282 1.0000000000
106238  18.616  -0.018  -1.492 0.1250000000
103809  23.215  -2.484  -3.278 1.0000000000
103807  25.581  -2.592  -3.239 1.0000000000
112139  18.050  4.542  -2.348 0.3750000000
113249  18.228  5.871  -2.423 0.2500000000
112159  18.366  5.230  -2.982 0.2500000000
106271  27.557  -0.904  -4.595 0.8750000000
108609  28.293  1.215  -4.804 0.8750000000
107434  27.825  0.141  -4.832 0.8750000000
109877  28.615  2.228  -4.744 0.8750000000
119980  22.675  11.805  -5.218 0.1250000000
118875  22.324  10.892  -4.942 0.1250000000
116668  20.107  8.841  -5.044 0.3750000000
116680  21.431  8.692  -5.662 0.6250000000
112153  28.832  4.550  -3.759 1.0000000000
111098  28.743  3.225  -4.568 0.8750000000
118873  24.330  10.660  -4.510 0.5000000000
118872  24.757  11.086  -4.380 0.8750000000
117804  22.887  9.659  -5.502 0.8750000000
114321  28.681  6.407  -3.477 1.0000000000
115464  29.740  7.311  -3.950 1.0000000000
116643  29.401  7.849  -3.791 1.0000000000
119962  26.536  11.590  -3.118 1.0000000000
116644  28.799  8.321  -3.561 1.0000000000
121080  26.745  12.558  -2.875 0.8750000000
121079  27.928  12.523  -3.048 1.0000000000
119960  28.788  11.279  -3.320 1.0000000000
118871  29.073  10.194  -3.805 1.0000000000
125429  25.892  16.818  -3.553 0.1250000000
124461  26.560  15.611  -3.546 0.6250000000
126284  27.578  17.116  -3.810 0.6250000000
125443  28.932  17.150  -4.164 0.5000000000
126299  28.922  18.061  -4.748 0.5000000000
128068  26.795  19.997  -3.208 0.2500000000
153110  28.274  19.116  -5.420 0.5000000000
129018  26.526  21.213  -3.515 0.1250000000
129026  26.505  20.628  -4.775 0.2500000000
153121  26.741  20.659  -6.240 0.2500000000
128092  28.098  19.762  -6.922 0.3750000000
153111  27.135  20.697  -7.222 0.2500000000
105008  18.650  -0.701  -1.507 0.1250000000
105007  19.199  -1.389  -1.941 0.3750000000
107408  18.765  0.668  -1.858 0.1250000000
105028  20.890  -1.414  -3.656 0.8750000000
103810  22.282  -2.645  -3.446 1.0000000000
105044  21.343  -0.877  -4.237 1.0000000000
103808  23.832  -2.446  -3.032 1.0000000000
106236  24.111  -1.554  -3.331 1.0000000000
108613  22.130  1.657  -5.216 1.0000000000
107435  22.509  0.709  -4.572 1.0000000000
105024  25.440  -1.584  -3.066 1.0000000000
112178  20.153  4.627  -4.506 0.8750000000
109896  20.928  2.705  -5.374 1.0000000000
109894  22.280  2.711  -5.471 1.0000000000
108595  23.826  1.377  -3.839 1.0000000000
112176  21.494  4.019  -5.636 1.0000000000
113279  22.222  4.880  -6.116 1.0000000000
109879  23.681  2.858  -4.509 1.0000000000
109893  22.672  3.138  -5.501 1.0000000000
111114  22.900  3.554  -5.534 1.0000000000
109859  28.232  1.772  -4.144 0.8750000000
107450  27.868  0.049  -5.805 0.8750000000
114347  22.022  5.729  -5.944 1.0000000000
113278  22.596  4.775  -5.706 1.0000000000
111080  26.799  3.332  -3.453 1.0000000000
111100  23.998  3.547  -4.322 1.0000000000
112157  25.232  4.080  -3.759 1.0000000000
113259  24.818  5.519  -4.189 1.0000000000
114346  22.225  6.021  -5.321 1.0000000000
112156  25.993  4.374  -3.547 1.0000000000
112175  23.576  4.413  -4.754 1.0000000000
112173  25.208  4.777  -3.866 1.0000000000
112154  28.013  4.457  -3.552 1.0000000000
115490  20.296  8.210  -5.028 0.6250000000
115504  21.774  7.725  -5.770 0.7500000000
114359  22.804  7.280  -5.410 1.0000000000
115489  23.875  7.582  -4.853 1.0000000000
114344  24.299  6.532  -4.500 1.0000000000
115487  25.517  7.488  -4.039 1.0000000000
114343  25.434  6.481  -4.047 1.0000000000
114323  26.493  6.435  -3.634 1.0000000000
117803  24.123  9.607  -4.833 1.0000000000
116664  25.684  8.108  -3.746 1.0000000000
116667  23.507  8.612  -5.075 1.0000000000
117802  24.569  9.037  -4.403 1.0000000000
115486  26.177  7.457  -3.724 1.0000000000
117785  25.792  9.571  -3.571 1.0000000000
116646  26.402  8.406  -3.523 1.0000000000
116647  25.543  8.820  -3.809 1.0000000000
127141  25.878  19.242  -2.785 0.2500000000
125428  27.207  16.582  -3.630 0.5000000000
126300  27.868  17.583  -4.275 0.7500000000
153119  27.198  20.522  -6.788 0.2500000000
103792  19.532  -2.621  -2.293 0.6250000000
103791  20.012  -3.141  -2.882 0.7500000000
117806  21.299  10.321  -5.072 0.5000000000
116681  20.732  9.014  -5.435 0.6250000000
115503  22.515  7.805  -5.563 0.8750000000
117817  22.509  9.017  -5.689 0.7500000000
116678  22.805  8.565  -5.522 0.8750000000
117805  21.842  10.177  -5.242 0.7500000000
117818  22.032  9.295  -5.588 0.8750000000
121078  28.923  12.545  -3.435 1.0000000000
119976  29.347  10.764  -3.896 1.0000000000
124460  27.894  15.564  -3.469 0.7500000000
125427  28.321  16.584  -3.695 0.7500000000
97823  21.355  -7.245  -2.366 0.7500000000
97846  23.359  -7.792  -4.316 0.7500000000
97824  20.879  -7.099  -2.168 0.7500000000
98929  20.904  -6.557  -2.301 0.7500000000
97821  23.062  -7.097  -3.303 0.7500000000
97822  22.112  -7.338  -3.129 0.7500000000
98928  21.613  -6.138  -2.850 0.7500000000
98954  23.760  -6.736  -3.761 0.7500000000
98927  22.418  -6.118  -3.277 0.7500000000
102576  20.286  -3.719  -2.806 0.7500000000
100165  22.357  -5.421  -3.139 0.7500000000
101385  22.452  -4.636  -2.886 0.8750000000
101386  21.474  -4.441  -3.191 0.8750000000
98953  24.418  -6.471  -4.212 0.7500000000
98926  23.418  -6.055  -3.159 0.7500000000
100135  23.673  -5.071  -3.183 0.7500000000
102600  22.243  -3.663  -3.036 0.8750000000
100163  24.980  -5.573  -4.133 0.7500000000
101384  24.162  -4.895  -3.296 0.7500000000
101358  24.159  -4.358  -2.894 0.8750000000
103790  22.836  -3.087  -2.934 0.8750000000
102621  25.741  -4.254  -4.647 0.7500000000
102573  24.653  -3.616  -2.889 0.8750000000
103787  25.016  -3.030  -2.903 0.8750000000
102636  26.182  -3.720  -4.955 0.8750000000
103806  26.137  -3.113  -3.664 0.8750000000
103826  26.363  -3.043  -4.470 0.8750000000
105023  26.277  -1.951  -3.847 0.8750000000
103857  27.165  -2.385  -7.584 0.3750000000
105075  26.695  -1.724  -6.907 0.6250000000
105065  26.552  -2.006  -6.409 0.7500000000
105042  26.875  -1.725  -4.565 0.7500000000
103863  27.759  -1.893  -8.034 0.5000000000
105074  27.055  -1.466  -7.349 0.5000000000
106290  27.458  -1.040  -7.072 0.7500000000
106284  27.608  -0.756  -5.666 0.7500000000
106305  29.228  -0.986  -8.536 0.1250000000
106307  27.742  -0.617  -8.246 0.3750000000
106299  27.528  -0.733  -7.415 0.6250000000
106291  27.618  -0.710  -6.623 0.6250000000
107474  29.891  -0.258  -8.857 0.1250000000
107475  28.935  -0.179  -8.678 0.1250000000
107484  28.439  0.510  -8.797 0.1250000000
108675  28.324  1.002  -9.160 0.1250000000
108642  28.397  1.261  -6.869 0.6250000000
108641  28.934  1.777  -7.349 0.6250000000
109892  28.752  2.089  -5.838 0.7500000000
107482  29.824  0.604  -9.362 0.1250000000
109932  29.045  2.066  -9.380 0.1250000000
108662  28.721  2.308  -8.344 0.1250000000
109905  28.990  2.047  -6.599 0.6250000000
109891  29.259  2.724  -5.936 0.7500000000
107481  30.339  0.895  -9.385 0.1250000000
109913  29.026  2.767  -7.938 0.5000000000
111123  28.907  3.652  -7.198 0.5000000000
111113  29.346  3.591  -6.156 0.6250000000
111097  29.200  3.602  -5.077 0.7500000000
121081  25.425  12.532  -3.083 0.6250000000
122214  25.836  13.483  -2.959 0.5000000000
112191  29.494  4.525  -6.519 0.6250000000
113277  29.792  5.497  -5.815 0.6250000000
113258  29.636  5.658  -4.612 0.8750000000
113304  29.331  5.488  -8.127 0.5000000000
113296  29.768  5.495  -7.010 0.6250000000
114374  29.991  6.060  -7.039 0.6250000000
122213  27.038  13.516  -3.191 0.7500000000
117800  29.272  9.400  -4.278 0.8750000000
114358  29.779  6.476  -5.198 0.7500000000
116677  29.751  8.498  -5.956 0.8750000000
116662  29.630  8.292  -4.479 0.8750000000
117816  29.742  9.481  -5.135 0.8750000000
113303  29.795  5.854  -7.435 0.5000000000
114387  29.669  6.433  -7.543 0.5000000000
115513  29.644  7.477  -6.822 0.6250000000
114395  28.371  6.319  -9.754 0.2500000000
114394  28.895  6.417  -8.780 0.3750000000
123407  27.404  14.544  -3.363 0.6250000000
118885  29.699  10.584  -5.341 0.8750000000
115501  29.802  7.411  -5.564 0.6250000000
115525  29.206  7.466  -8.164 0.3750000000
117829  29.767  9.756  -6.466 0.7500000000
115536  28.548  7.303  -9.663 0.2500000000
122212  28.235  13.536  -3.233 0.8750000000
119959  29.425  11.920  -3.598 0.8750000000
122211  29.222  13.530  -3.625 0.7500000000
119975  29.695  11.415  -4.246 0.8750000000
118895  29.767  10.908  -6.262 0.7500000000
117840  29.294  9.567  -7.882 0.5000000000
116709  28.877  8.745  -9.885 0.2500000000
117853  29.113  9.431  -8.987 0.5000000000
116697  29.116  8.500  -8.677 0.5000000000
123406  28.599  14.524  -3.472 0.7500000000
123405  29.553  14.548  -3.870 0.7500000000
124458  29.566  15.115  -3.929 0.7500000000
123417  30.083  14.373  -4.296 0.7500000000
122238  30.205  13.848  -5.900 0.7500000000
122224  29.904  13.545  -4.258 0.7500000000
124473  29.924  15.353  -4.345 0.7500000000
122239  29.985  13.216  -5.459 0.7500000000
120001  30.317  12.470  -6.937 0.7500000000
121119  29.860  13.003  -6.405 0.7500000000
118904  29.542  10.717  -7.337 0.5000000000
120013  29.356  11.771  -8.099 0.3750000000
120002  29.908  11.877  -6.709 0.6250000000
117869  28.868  9.927  -9.776 0.2500000000
118918  29.116  10.473  -8.660 0.3750000000
124459  29.020  15.410  -3.830 0.7500000000
124484  30.736  15.051  -5.266 0.7500000000
123431  30.442  14.604  -6.229 0.7500000000
122253  30.070  13.768  -7.647 0.6250000000
121140  29.299  12.641  -8.964 0.3750000000
121128  29.738  12.860  -7.983 0.3750000000
152907  28.367  10.758  -11.073 0.1250000000
121163  28.156  11.613  -11.523 0.1250000000
120024  28.794  11.487  -10.001 0.2500000000
124474  29.184  16.240  -4.191 0.6250000000
125442  29.675  16.737  -5.007 0.7500000000
125441  30.325  15.813  -5.103 0.6250000000
124496  30.426  15.530  -6.564 0.7500000000
122267  29.306  13.748  -8.574 0.3750000000
123446  30.393  14.653  -7.171 0.3750000000
122252  30.440  13.758  -6.778 0.7500000000
121150  28.148  12.774  -9.805 0.2500000000
122282  29.017  13.232  -9.133 0.3750000000
121127  30.471  12.956  -7.265 0.6250000000
122314  28.925  12.489  -13.133 0.1250000000
152905  28.408  10.530  -11.398 0.1250000000
125454  30.469  16.292  -5.854 0.3750000000
124506  30.255  15.663  -7.566 0.3750000000
123483  28.716  14.810  -9.471 0.2500000000
123447  29.837  14.734  -8.021 0.3750000000
123512  27.931  14.204  -12.054 0.1250000000
122283  28.600  13.770  -9.380 0.3750000000
121169  29.154  12.054  -13.428 0.1250000000
122305  28.250  13.168  -11.356 0.1250000000
127170  28.998  18.691  -6.377 0.3750000000
125467  30.070  17.400  -6.740 0.3750000000
125455  29.985  17.180  -6.131 0.3750000000
125476  29.949  16.943  -8.988 0.3750000000
125475  29.942  16.722  -7.965 0.3750000000
125466  30.300  16.724  -6.962 0.3750000000
124534  28.812  15.535  -9.693 0.3750000000
123464  29.287  14.841  -8.912 0.3750000000
124507  30.041  15.749  -8.574 0.3750000000
124573  28.518  15.105  -13.481 0.1250000000
123504  28.454  14.372  -11.183 0.1250000000
124547  28.314  15.380  -10.887 0.2500000000
122325  28.854  13.326  -13.253 0.1250000000
127196  29.139  18.851  -7.826 0.2500000000
126337  29.650  18.193  -8.260 0.2500000000
126324  29.606  18.067  -6.697 0.3750000000
153067  29.315  16.837  -11.084 0.1250000000
126336  29.915  17.256  -7.595 0.3750000000
126373  28.768  16.577  -11.339 0.1250000000
124520  29.406  15.931  -9.402 0.2500000000
126385  28.081  17.282  -12.853 0.1250000000
125509  28.632  15.693  -10.415 0.1250000000
127184  28.867  18.947  -7.223 0.3750000000
127169  29.204  18.531  -6.911 0.3750000000
153075  29.001  18.906  -8.592 0.2500000000
153068  29.220  17.730  -10.766 0.1250000000
153063  28.734  18.751  -9.892 0.1250000000
153076  28.643  18.200  -11.111 0.1250000000
153077  28.395  19.126  -10.652 0.1250000000
126390  29.034  16.801  -13.670 0.1250000000
127226  28.128  18.501  -12.649 0.1250000000
153062  29.178  19.771  -9.346 0.1250000000
153089  28.470  19.308  -11.762 0.1250000000
153099  28.584  19.534  -10.841 0.1250000000
127231  29.854  18.493  -14.611 0.1250000000
102574  23.855  -3.652  -2.453 0.8750000000
103837  26.100  -3.190  -5.527 0.6250000000
116689  29.501  8.546  -7.331 0.5000000000
121094  29.710  12.561  -3.866 0.8750000000
122228  30.261  13.391  -4.807 0.7500000000
121120  29.706  12.501  -5.775 0.7500000000
119989  29.736  11.646  -5.499 0.7500000000
125526  27.734  16.368  -12.245 0.1250000000
153065  29.778  17.871  -9.387 0.2500000000
153083  28.215  19.045  -11.092 0.1250000000
127225  29.035  18.736  -13.503 0.1250000000
108643  27.752  0.743  -7.272 0.5000000000
107458  28.433  0.827  -6.291 0.6250000000
107449  28.347  0.638  -5.745 0.7500000000
112209  28.739  4.416  -8.768 0.3750000000
112203  29.322  4.468  -7.683 0.3750000000
113310  28.589  5.446  -9.241 0.2500000000
125518  28.357  16.318  -11.476 0.1250000000
114406  28.322  6.339  -10.139 0.1250000000
96726  21.793  -8.382  -2.426 0.7500000000
97802  20.515  -7.148  -1.733 0.7500000000
96746  22.858  -8.894  -4.008 0.7500000000
97847  22.657  -7.919  -3.744 0.7500000000
96762  24.391  -8.279  -4.526 0.7500000000
101345  20.129  -4.392  -2.043 0.6250000000
100138  20.889  -5.563  -2.511 0.7500000000
98974  24.737  -7.187  -4.523 0.6250000000
100187  24.954  -6.312  -4.687 0.7500000000
100186  25.391  -5.621  -4.949 0.6250000000
102652  25.587  -3.752  -6.415 0.5000000000
102662  27.216  -3.441  -7.459 0.3750000000
102663  26.495  -3.194  -7.233 0.5000000000
103856  28.006  -2.615  -7.751 0.1250000000
105072  29.173  -1.648  -8.175 0.1250000000
107465  30.642  0.598  -8.416 0.1250000000
107472  31.403  0.557  -9.593 0.1250000000
108672  30.841  1.340  -9.587 0.1250000000
109931  29.732  2.193  -9.513 0.1250000000
111137  28.721  2.572  -9.284 0.1250000000
111129  28.911  3.507  -8.284 0.1250000000
123408  25.941  14.492  -3.449 0.5000000000
115552  28.785  7.786  -10.817 0.1250000000
115553  28.285  6.854  -10.257 0.2500000000
115566  29.364  9.104  -11.602 0.1250000000
116727  28.717  10.109  -11.471 0.1250000000
152904  28.778  10.629  -12.069 0.1250000000
121179  29.505  11.022  -13.443 0.1250000000
122337  29.803  13.314  -14.344 0.1250000000
121187  30.200  12.104  -14.195 0.1250000000
124580  28.993  15.121  -14.559 0.1250000000
125535  29.988  15.933  -15.406 0.1250000000
153090  28.145  20.251  -8.454 0.2500000000
153092  28.385  19.878  -8.626 0.1250000000
153069  28.773  20.642  -8.607 0.1250000000
153098  29.693  19.926  -11.098 0.1250000000
128124  28.748  19.193  -12.708 0.1250000000
127236  30.417  17.871  -15.440 0.1250000000
128123  30.193  19.299  -13.771 0.1250000000
112152  29.306  4.585  -4.378 0.7500000000
119977  24.842  11.312  -4.049 0.3750000000
101387  20.999  -3.973  -3.338 0.7500000000
103789  23.503  -2.984  -2.606 0.8750000000
105055  27.097  -1.553  -5.568 0.7500000000
108627  28.627  1.342  -5.705 0.6250000000
114341  29.776  6.669  -4.344 0.8750000000
118870  29.379  10.315  -4.486 0.8750000000
153115  29.133  18.485  -5.565 0.3750000000
153103  27.908  20.086  -7.763 0.1250000000
128101  28.052  19.920  -7.970 0.2500000000
97801  20.917  -7.360  -2.079 0.7500000000
96725  22.382  -8.398  -3.257 0.7500000000
96745  24.000  -8.823  -4.525 0.7500000000
97863  24.198  -7.903  -4.478 0.7500000000
98905  20.427  -6.019  -1.894 0.7500000000
98956  21.953  -5.849  -3.253 0.7500000000
101361  20.668  -4.481  -2.856 0.7500000000
102577  19.874  -3.601  -2.465 0.6250000000
100137  21.269  -5.104  -2.955 0.7500000000
100136  22.954  -5.313  -2.969 0.8750000000
100164  24.253  -5.692  -3.435 0.7500000000
101359  23.356  -4.471  -2.676 0.8750000000
102575  23.016  -3.738  -2.573 0.8750000000
101383  24.734  -4.636  -3.423 0.7500000000
101408  25.547  -4.963  -4.718 0.7500000000
102620  26.002  -3.565  -4.157 0.7500000000
102598  25.372  -3.670  -3.533 0.8750000000
102637  25.557  -3.963  -5.721 0.6250000000
105056  26.487  -2.332  -5.598 0.7500000000
103858  26.550  -2.295  -7.103 0.5000000000
105064  27.025  -1.290  -6.533 0.7500000000
105083  27.450  -1.294  -8.048 0.5000000000
105082  28.038  -1.322  -8.407 0.2500000000
103862  28.437  -1.855  -8.148 0.1250000000
107476  28.065  0.169  -8.397 0.2500000000
107467  27.681  0.176  -7.673 0.3750000000
107459  27.812  0.345  -6.713 0.6250000000
107473  30.787  0.472  -9.330 0.1250000000
107483  29.063  0.460  -9.099 0.1250000000
108652  28.071  1.632  -7.881 0.5000000000
108663  28.399  1.794  -8.686 0.1250000000
108674  28.903  1.326  -9.351 0.1250000000
108673  29.775  1.377  -9.441 0.1250000000
109922  28.648  2.272  -9.122 0.1250000000
109921  28.611  2.634  -8.678 0.1250000000
109904  28.893  2.702  -6.972 0.6250000000
112172  29.494  4.565  -5.385 0.6250000000
114375  29.831  6.419  -6.403 0.6250000000
121105  30.066  12.567  -4.767 0.7500000000
116726  28.314  9.670  -10.992 0.1250000000
123423  30.592  14.595  -5.379 0.7500000000
120012  29.963  12.361  -7.394 0.6250000000
121157  28.091  12.479  -10.542 0.1250000000
122268  28.868  14.204  -8.879 0.3750000000
122294  28.339  13.491  -10.385 0.2500000000
122315  28.468  12.928  -12.453 0.1250000000
122324  29.338  12.706  -13.558 0.1250000000
121170  28.939  11.524  -12.942 0.1250000000
126309  29.554  17.856  -5.638 0.3750000000
123494  28.460  14.521  -10.195 0.2500000000
123520  28.230  14.150  -12.986 0.1250000000
125486  29.345  17.181  -9.960 0.3750000000
124567  27.960  15.227  -12.519 0.1250000000
125528  28.540  16.096  -12.891 0.1250000000
125532  28.809  15.839  -13.953 0.1250000000
124559  27.807  15.427  -11.711 0.1250000000
124558  28.129  15.842  -11.526 0.1250000000
123528  29.481  14.409  -14.832 0.1250000000
153074  29.000  19.012  -8.300 0.2500000000
128100  28.616  19.549  -7.925 0.2500000000
153078  28.907  18.881  -8.902 0.2500000000
126374  28.334  17.242  -11.513 0.1250000000
125519  27.823  16.464  -11.762 0.1250000000
126384  28.780  17.955  -13.735 0.1250000000
153084  28.672  19.522  -8.762 0.1250000000
127221  28.289  18.263  -11.755 0.1250000000
126389  29.659  17.388  -14.651 0.1250000000
126379  27.742  17.426  -12.084 0.1250000000
153091  28.481  20.055  -8.803 0.1250000000
95558  22.616  -9.416  -2.865 0.7500000000
95579  22.958  -9.545  -3.582 0.7500000000
96707  21.041  -7.888  -1.915 0.7500000000
95537  21.141  -8.894  -1.674 0.7500000000
100118  20.423  -5.072  -2.196 0.6250000000
101424  25.737  -4.814  -5.345 0.6250000000
101439  26.373  -4.394  -6.594 0.5000000000
111146  29.396  3.286  -9.677 0.1250000000
111145  30.555  3.269  -10.044 0.1250000000
111136  28.544  3.217  -9.214 0.1250000000
116740  28.878  9.668  -11.490 0.1250000000
124579  29.615  15.155  -15.349 0.1250000000
125531  29.562  16.134  -14.694 0.1250000000
96708  20.415  -8.289  -1.387 0.7500000000
98906  19.733  -6.440  -1.292 0.5000000000
94321  23.327  -10.579  -2.578 0.6250000000
94338  23.717  -10.110  -3.203 0.6250000000
95576  24.977  -9.119  -3.550 0.3750000000
97845  25.381  -7.942  -3.657 0.2500000000
96760  25.121  -8.359  -4.099 0.3750000000
101452  26.518  -3.901  -7.222 0.3750000000
97860  25.713  -7.084  -4.655 0.5000000000
98973  25.531  -6.578  -4.947 0.5000000000
100203  25.990  -5.540  -5.556 0.3750000000
95535  25.543  -9.409  -2.052 0.5000000000
95555  25.123  -9.171  -2.932 0.6250000000
101440  25.741  -4.488  -6.209 0.5000000000
93064  23.186  -11.441  -2.082 0.6250000000
98907  19.221  -6.362  -0.945 0.3750000000
97803  19.725  -7.558  -0.965 0.3750000000
94322  22.188  -10.420  -2.392 0.6250000000
95559  21.666  -9.559  -2.190 0.6250000000
95536  24.998  -9.824  -1.582 0.3750000000
100120  19.227  -5.786  -1.082 0.2500000000
96706  26.038  -8.874  -1.589 0.3750000000
97844  25.873  -7.366  -4.110 0.2500000000
96723  26.031  -8.156  -2.424 0.2500000000
98990  25.998  -6.274  -5.274 0.3750000000
100202  26.520  -5.722  -5.362 0.2500000000
100219  26.082  -4.908  -6.183 0.2500000000
101438  27.031  -4.534  -6.404 0.2500000000
116652  19.054  8.602  -3.630 0.2500000000
102661  28.021  -3.325  -7.259 0.2500000000
117807  19.806  9.766  -4.401 0.2500000000
114331  18.361  6.815  -2.808 0.1250000000
117819  21.244  9.693  -5.346 0.3750000000
95578  23.582  -9.610  -3.736 0.6250000000
96744  24.849  -8.922  -4.075 0.5000000000
97862  24.654  -7.910  -4.540 0.5000000000
102650  27.557  -3.892  -6.922 0.2500000000
100119  19.905  -5.378  -1.570 0.3750000000
102559  19.418  -3.658  -1.824 0.2500000000
101346  19.218  -4.687  -1.304 0.3750000000
94320  24.146  -10.210  -2.910 0.6250000000
97820  25.428  -8.134  -3.047 0.2500000000
96724  25.722  -8.550  -2.535 0.2500000000
97819  25.878  -7.601  -2.733 0.2500000000
95556  24.751  -9.768  -2.467 0.5000000000
98885  19.311  -6.809  -0.828 0.3750000000
95518  24.818  -10.103  -0.752 0.3750000000
94304  24.298  -10.531  -1.759 0.5000000000
98972  26.211  -6.604  -4.858 0.2500000000
100217  26.864  -5.071  -5.746 0.2500000000
112121  17.497  4.802  -0.886 0.1250000000
93068  19.880  -11.336  -1.935 0.5000000000
94287  23.759  -11.044  -1.117 0.2500000000
93050  23.288  -11.493  -1.327 0.3750000000
93066  21.625  -11.184  -2.331 0.5000000000
93052  20.062  -11.397  -1.025 0.3750000000
95519  19.911  -10.001  -0.636 0.5000000000
94323  21.237  -10.460  -2.141 0.5000000000
94324  20.427  -10.555  -1.693 0.5000000000
95538  20.363  -9.521  -1.175 0.3750000000
95560  20.974  -9.814  -1.751 0.5000000000
93015  19.046  -11.602  0.578 0.1250000000
93038  19.649  -11.626  -0.467 0.3750000000
96709  19.820  -8.725  -0.776 0.2500000000
89298  19.539  -14.355  0.681 0.1250000000
91767  19.526  -12.415  0.067 0.2500000000
91797  20.492  -12.336  -0.938 0.3750000000
93035  24.159  -11.170  0.042 0.2500000000
91795  22.199  -12.574  -0.887 0.3750000000
91815  22.018  -12.114  -2.060 0.5000000000
91768  19.030  -12.541  0.892 0.1250000000
91798  19.991  -12.074  -0.742 0.3750000000
91816  21.251  -12.301  -1.789 0.3750000000
94268  18.752  -10.643  0.434 0.1250000000
95521  18.703  -9.436  -0.032 0.1250000000
113311  28.406  5.607  -9.912 0.1250000000
94305  23.634  -11.083  -1.814 0.3750000000
93065  22.451  -11.408  -2.331 0.5000000000
96693  19.150  -8.232  -0.413 0.2500000000
97787  19.121  -7.311  -0.495 0.2500000000
95504  24.744  -10.417  -0.114 0.2500000000
91832  20.458  -11.885  -2.201 0.5000000000
91831  21.313  -11.779  -2.257 0.5000000000
94307  19.924  -10.939  -1.276 0.5000000000
93051  22.695  -11.874  -1.662 0.3750000000
93037  22.956  -11.978  -0.950 0.3750000000
91818  20.083  -11.890  -1.545 0.3750000000
94289  19.518  -10.679  -0.450 0.2500000000
95520  19.241  -9.409  -0.393 0.1250000000
95539  19.850  -9.412  -0.711 0.1250000000
93014  19.421  -11.471  0.016 0.2500000000
92999  18.891  -11.946  1.164 0.1250000000
94267  19.218  -11.074  0.199 0.1250000000
90513  19.177  -13.518  0.803 0.1250000000
90536  20.107  -12.763  -0.486 0.3750000000
91794  22.953  -12.224  -0.470 0.2500000000
94290  18.931  -9.929  0.048 0.1250000000
90511  20.867  -13.832  -0.061 0.2500000000
90533  21.957  -13.164  -0.114 0.2500000000
93036  23.538  -11.574  -0.285 0.2500000000
90512  19.988  -13.586  0.043 0.1250000000
91796  21.111  -12.619  -1.062 0.2500000000
90534  21.407  -13.238  -0.491 0.2500000000
90510  21.585  -13.654  0.186 0.1250000000
102560  18.775  -3.687  -1.138 0.1250000000
119964  24.402  11.723  -3.657 0.1250000000
121066  24.339  12.983  -3.381 0.1250000000
122200  24.830  13.463  -3.330 0.1250000000
122201  23.839  13.719  -3.847 0.1250000000
123399  24.540  13.949  -3.646 0.1250000000
124462  25.009  15.656  -3.094 0.1250000000
123409  24.435  14.517  -3.804 0.1250000000
124463  24.043  15.007  -3.493 0.1250000000
119978  24.121  11.531  -4.162 0.1250000000
117808  19.351  9.595  -3.634 0.1250000000
98886  18.834  -6.397  -0.473 0.1250000000
101332  18.619  -4.530  -0.546 0.1250000000
118887  20.788  10.410  -4.644 0.1250000000
121106  22.700  12.517  -4.731 0.1250000000
121083  23.570  12.441  -3.843 0.1250000000
121067  23.533  12.937  -3.612 0.1250000000
123411  23.059  14.411  -3.757 0.1250000000
124453  24.497  15.889  -2.917 0.1250000000
119979  23.412  11.672  -4.629 0.1250000000
104991  19.289  -2.175  -1.373 0.1250000000
123398  25.106  14.033  -3.417 0.1250000000
100103  18.832  -5.374  -0.698 0.1250000000
100095  18.389  -5.431  -0.056 0.1250000000
117820  20.500  9.857  -4.950 0.1250000000
103773  19.227  -2.961  -1.458 0.1250000000
102550  18.594  -3.602  -0.228 0.1250000000
101319  18.261  -4.341  0.320 0.1250000000
121082  24.355  12.272  -3.319 0.1250000000
123410  23.568  14.578  -3.887 0.1250000000
121068  22.978  12.745  -3.180 0.1250000000
124454  24.048  15.721  -2.787 0.1250000000
95517  25.512  -9.275  -0.879 0.1250000000
96691  26.288  -8.353  -0.819 0.1250000000
96705  26.361  -8.266  -2.037 0.1250000000
97800  26.626  -7.357  -1.442 0.1250000000
98925  26.649  -6.551  -2.318 0.1250000000
98952  26.419  -6.754  -3.677 0.1250000000
100185  26.828  -5.924  -4.350 0.1250000000
101381  27.488  -4.565  -3.431 0.1250000000
100184  27.281  -5.187  -4.231 0.1250000000
100201  26.843  -5.076  -4.948 0.1250000000
102596  27.974  -3.475  -3.951 0.1250000000
101423  27.249  -4.467  -5.489 0.1250000000
102618  28.267  -3.115  -4.554 0.1250000000
102634  28.272  -3.150  -5.508 0.1250000000
102649  28.194  -3.261  -6.505 0.1250000000
93013  23.754  -11.863  0.735 0.1250000000
91766  22.346  -12.920  0.011 0.1250000000
93012  24.072  -11.373  0.481 0.1250000000
94266  24.556  -10.771  0.506 0.1250000000
95503  25.206  -9.911  0.296 0.1250000000
96682  26.653  -8.235  0.112 0.1250000000
95502  26.116  -8.977  0.145 0.1250000000
97786  26.894  -7.730  -0.390 0.1250000000
97799  27.064  -6.844  -1.257 0.1250000000
98924  27.001  -6.047  -2.180 0.1250000000
100160  27.058  -5.411  -3.568 0.1250000000
101356  28.012  -4.526  -2.277 0.1250000000
103805  28.154  -3.048  -3.734 0.1250000000
103836  28.679  -2.245  -6.063 0.1250000000
103825  28.530  -2.387  -4.909 0.1250000000
103847  28.545  -2.687  -7.036 0.1250000000
95516  26.032  -8.914  -0.642 0.1250000000
102635  27.557  -3.756  -5.991 0.1250000000
98904  26.853  -6.699  -1.554 0.1250000000
94286  24.303  -10.831  -0.503 0.1250000000
94265  24.971  -10.318  1.017 0.1250000000
91765  22.973  -12.583  0.358 0.1250000000
100161  26.733  -5.970  -3.166 0.1250000000
101407  27.443  -4.435  -4.530 0.1250000000
102619  27.736  -3.695  -5.007 0.1250000000
103804  28.458  -2.659  -3.840 0.1250000000
91743  23.724  -12.309  1.239 0.1250000000
92996  25.073  -11.119  1.622 0.1250000000
97768  27.463  -7.636  0.150 0.1250000000
105041  28.918  -1.495  -5.210 0.1250000000
90535  20.646  -13.165  -0.619 0.3750000000
91817  20.470  -12.174  -1.684 0.3750000000
91830  21.858  -11.660  -2.277 0.5000000000
91833  19.944  -11.969  -2.061 0.5000000000
93067  20.750  -11.212  -2.185 0.5000000000
94288  19.846  -10.404  -0.682 0.1250000000
94306  20.135  -10.479  -0.958 0.5000000000
94325  19.957  -10.828  -1.582 0.5000000000
94337  24.013  -9.984  -3.437 0.6250000000
95557  23.234  -9.894  -3.196 0.6250000000
95577  24.423  -9.469  -3.486 0.6250000000
96692  26.005  -8.879  -0.976 0.1250000000
96743  25.240  -8.635  -3.446 0.2500000000
96761  24.718  -8.365  -4.446 0.7500000000
97861  25.237  -7.662  -4.501 0.5000000000
98955  22.127  -5.694  -3.232 0.7500000000
98975  24.095  -7.252  -4.259 0.7500000000
98989  26.196  -6.110  -5.333 0.3750000000
100134  26.860  -5.986  -2.539 0.1250000000
100162  25.341  -5.244  -4.473 0.7500000000
100166  21.867  -5.333  -3.160 0.7500000000
100218  26.471  -5.069  -6.036 0.2500000000
101344  20.406  -4.647  -2.374 0.6250000000
101357  24.568  -4.127  -3.103 0.8750000000
101360  21.065  -4.719  -3.169 0.7500000000
101362  20.274  -4.020  -2.526 0.7500000000
101382  25.370  -4.755  -4.101 0.7500000000
101451  26.938  -4.237  -7.165 0.2500000000
102572  24.986  -3.404  -3.126 0.8750000000
102595  28.215  -3.070  -4.119 0.1250000000
102597  25.877  -3.453  -3.760 0.8750000000
102599  24.793  -3.978  -3.264 0.8750000000
102651  26.026  -3.840  -6.784 0.3750000000
103786  28.075  -3.044  -3.426 0.1250000000
103788  24.321  -2.807  -2.611 0.8750000000
103838  25.653  -3.543  -6.224 0.5000000000
103848  26.066  -3.097  -6.486 0.5000000000
103849  25.738  -3.541  -6.453 0.5000000000
103864  27.350  -1.774  -7.836 0.5000000000
105006  24.289  -2.089  -3.191 1.0000000000
105025  23.716  -1.850  -3.409 1.0000000000
105043  26.511  -2.479  -4.820 0.7500000000
105063  27.284  -1.172  -6.953 0.7500000000
105073  27.063  -1.186  -7.065 0.7500000000
105081  28.719  -1.381  -8.481 0.2500000000
106250  28.884  -1.242  -4.493 0.1250000000
106257  20.423  -0.706  -3.755 0.8750000000
106298  27.290  -1.188  -7.226 0.7500000000
106306  28.455  -0.758  -8.571 0.1250000000
107433  28.094  0.557  -5.171 0.7500000000
108590  28.130  1.383  -4.346 0.8750000000
108610  28.038  0.762  -4.715 0.7500000000
108628  21.868  2.280  -5.465 1.0000000000
108651  28.813  2.092  -7.915 0.1250000000
108653  27.765  0.924  -7.813 0.5000000000
108661  31.264  0.674  -9.439 0.1250000000
108664  27.881  1.064  -8.590 0.1250000000
109876  29.030  2.733  -5.180 0.7500000000
109895  21.584  2.736  -5.519 1.0000000000
111063  18.048  3.487  -2.470 0.2500000000
111079  27.787  3.385  -3.686 1.0000000000
111084  18.641  3.308  -2.790 0.2500000000
111102  21.318  3.768  -5.380 1.0000000000
111115  22.352  3.531  -5.845 1.0000000000
111117  21.256  3.244  -5.443 1.0000000000
111147  28.950  2.659  -9.470 0.1250000000
112194  21.780  4.328  -6.034 1.0000000000
113244  28.286  5.454  -3.609 1.0000000000
113262  22.344  5.326  -5.781 1.0000000000
113263  22.108  5.326  -6.095 1.0000000000
113280  21.714  5.333  -6.038 1.0000000000
113295  29.918  5.834  -7.159 0.5000000000
114319  29.773  6.869  -3.952 0.8750000000
114320  29.520  6.501  -3.834 0.8750000000
114340  29.833  6.914  -4.183 0.8750000000
114386  29.919  6.049  -7.287 0.5000000000
115463  29.864  7.098  -4.016 1.0000000000
115466  28.174  7.351  -3.216 1.0000000000
115484  29.852  7.130  -4.267 0.8750000000
115485  29.839  7.229  -4.611 0.8750000000
115502  23.139  7.740  -5.308 0.8750000000
115537  28.014  6.728  -10.030 0.2500000000
116663  29.168  8.836  -3.973 0.8750000000
116669  19.493  9.007  -4.418 0.3750000000
116679  22.194  8.517  -5.714 0.6250000000
118859  24.680  10.203  -4.288 0.8750000000
118886  20.969  10.313  -4.982 0.1250000000
121149  28.709  12.794  -9.497 0.2500000000
121178  29.617  11.691  -13.798 0.1250000000
122215  23.680  14.297  -3.921 0.1250000000
122223  30.266  13.939  -4.618 0.7500000000
122227  30.410  13.891  -5.138 0.7500000000
122338  29.293  13.401  -13.723 0.1250000000
123415  30.839  14.830  -4.921 0.7500000000
123416  30.514  14.583  -4.716 0.7500000000
123422  30.793  14.843  -5.164 0.7500000000
123465  28.786  14.405  -9.089 0.3750000000
123482  29.033  15.282  -9.330 0.3750000000
123529  29.069  14.173  -13.854 0.1250000000
124471  30.954  15.055  -5.063 0.7500000000
124472  30.723  15.235  -4.908 0.7500000000
124485  30.564  15.309  -5.623 0.7500000000
124535  28.508  15.289  -10.057 0.2500000000
124546  28.457  15.842  -11.291 0.1250000000
125497  28.866  16.163  -10.146 0.1250000000
125498  28.636  15.686  -10.021 0.3750000000
125508  28.842  16.035  -11.044 0.1250000000
125534  30.362  16.373  -15.151 0.1250000000
126310  29.459  18.371  -6.071 0.3750000000
126323  29.935  17.520  -7.243 0.3750000000
126325  29.395  18.382  -6.351 0.3750000000
127183  29.319  18.500  -7.384 0.2500000000
127227  28.531  18.870  -11.879 0.1250000000
128125  28.629  18.989  -12.219 0.1250000000
153072  28.935  17.520  -11.197 0.1250000000
153102  27.652  20.447  -8.031 0.1250000000
153112  27.540  20.769  -8.029 0.1250000000
153120  27.745  20.346  -7.155 0.2500000000
