#!ascii label  , from subject 3358 vox2ras=TkReg
1768
14974  -40.234  -81.355  -37.394 0.1000000015
14992  -39.409  -81.170  -38.787 0.1000000015
16217  -38.083  -80.712  -39.168 0.1000000015
16240  -38.947  -80.595  -39.555 0.1000000015
16259  -38.169  -80.415  -40.602 0.1000000015
17322  -39.290  -79.882  -39.878 0.1000000015
16277  -37.723  -80.348  -41.247 0.1000000015
18434  -38.367  -79.114  -40.773 0.1000000015
19529  -38.743  -78.283  -40.290 0.1000000015
18459  -37.625  -79.474  -41.284 0.1000000015
18433  -37.564  -78.726  -40.753 0.1000000015
19509  -38.874  -77.801  -39.718 0.1000000015
19508  -37.845  -78.017  -39.994 0.1000000015
18458  -36.858  -79.175  -41.377 0.1000000015
19507  -37.146  -78.210  -39.734 0.1000000015
19490  -36.179  -77.934  -38.148 0.1000000015
18432  -36.636  -78.653  -40.801 0.1000000015
18380  -36.174  -78.327  -39.346 0.1000000015
18405  -36.511  -78.469  -39.904 0.1000000015
16176  -42.404  -80.534  -36.675 0.1000000015
14994  -40.601  -80.656  -37.695 0.1000000015
16197  -41.526  -80.301  -37.483 0.1000000015
16219  -40.164  -80.554  -38.774 0.1000000015
17285  -42.722  -79.361  -37.438 0.1000000015
17302  -41.061  -79.531  -38.790 0.1000000015
16242  -40.373  -80.136  -38.904 0.1000000015
18358  -41.743  -78.831  -38.463 0.1000000015
18436  -40.048  -78.922  -40.039 0.1000000015
18383  -40.843  -78.017  -38.786 0.1000000015
19510  -39.798  -77.833  -39.536 0.1000000015
19492  -38.142  -77.757  -39.073 0.1000000015
22796  -37.249  -75.084  -35.384 0.1000000015
21690  -37.465  -76.034  -35.353 0.1000000015
20565  -36.669  -76.726  -35.385 0.1000000015
20566  -37.733  -77.033  -35.366 0.1000000015
19454  -36.297  -77.473  -36.721 0.1000000015
19473  -36.660  -77.541  -37.764 0.1000000015
19474  -37.675  -77.672  -38.138 0.1000000015
19491  -36.878  -77.840  -39.014 0.1000000015
14921  -43.738  -81.037  -34.964 0.1000000015
17226  -44.027  -79.727  -34.578 0.2000000030
16128  -43.932  -80.298  -35.269 0.2000000030
14940  -43.551  -80.669  -35.512 0.1000000015
17207  -43.255  -79.345  -34.035 0.1000000015
17225  -43.081  -79.873  -35.199 0.1000000015
16153  -43.381  -80.262  -35.956 0.1000000015
17249  -42.943  -79.589  -36.452 0.1000000015
26348  -44.527  -72.103  -39.789 0.1000000015
24014  -44.417  -72.723  -40.188 0.1000000015
17248  -41.735  -79.634  -35.817 0.1000000015
17283  -41.586  -78.870  -37.461 0.1000000015
18357  -41.511  -78.567  -38.256 0.1000000015
25140  -43.730  -72.678  -40.395 0.1000000015
25116  -43.585  -72.860  -39.966 0.1000000015
23970  -43.923  -73.267  -39.296 0.1000000015
23949  -42.820  -73.454  -37.903 0.1000000015
22837  -42.539  -74.103  -37.291 0.1000000015
22836  -41.419  -74.325  -37.115 0.1000000015
17265  -41.307  -79.300  -36.705 0.1000000015
18356  -40.391  -78.584  -37.636 0.1000000015
19493  -39.151  -77.694  -38.965 0.1000000015
23968  -42.079  -73.173  -38.294 0.1000000015
23948  -41.646  -73.567  -37.747 0.1000000015
22817  -40.106  -74.898  -36.100 0.1000000015
22799  -39.872  -75.647  -35.694 0.1000000015
21693  -40.334  -76.140  -35.610 0.1000000015
20567  -38.848  -77.127  -35.311 0.1000000015
18381  -39.606  -77.793  -38.697 0.1000000015
19475  -38.444  -77.825  -38.503 0.1000000015
23921  -39.520  -74.234  -36.676 0.1000000015
22816  -38.894  -74.778  -36.101 0.1000000015
22798  -39.168  -75.491  -35.640 0.1000000015
21692  -39.416  -76.256  -35.389 0.1000000015
19429  -38.285  -77.929  -35.917 0.1000000015
19455  -37.382  -77.766  -36.908 0.1000000015
21691  -38.459  -76.227  -35.384 0.1000000015
18331  -38.166  -78.086  -37.470 0.1000000015
17208  -43.973  -79.365  -33.647 0.1000000015
17227  -44.353  -79.858  -33.942 0.2000000030
16108  -44.483  -80.349  -33.455 0.1000000015
14901  -44.275  -81.046  -33.947 0.2000000030
14880  -44.768  -81.059  -32.499 0.2000000030
18280  -43.617  -78.641  -33.591 0.1000000015
18279  -43.077  -78.756  -33.890 0.1000000015
27494  -42.979  -70.227  -39.291 0.1000000015
26347  -44.195  -71.485  -40.231 0.1000000015
17224  -41.964  -79.333  -34.936 0.1000000015
18314  -41.321  -79.143  -35.175 0.1000000015
18294  -41.480  -78.620  -34.720 0.1000000015
23990  -44.891  -73.002  -39.844 0.1000000015
23950  -43.887  -73.533  -38.358 0.1000000015
17247  -40.679  -79.427  -36.050 0.1000000015
22838  -43.772  -73.904  -37.454 0.1000000015
22819  -42.186  -74.864  -36.803 0.1000000015
21717  -40.823  -75.553  -36.070 0.1000000015
21694  -41.309  -76.121  -35.713 0.1000000015
19431  -40.241  -77.390  -35.064 0.1000000015
18311  -39.279  -78.514  -35.964 0.1000000015
18333  -39.826  -78.895  -36.471 0.1000000015
19456  -38.116  -78.133  -36.721 0.1000000015
18354  -38.283  -77.934  -38.095 0.1000000015
19376  -47.004  -77.048  -31.984 0.1000000015
19371  -46.706  -77.665  -31.368 0.1000000015
19388  -46.039  -77.211  -32.712 0.1000000015
19374  -45.400  -77.893  -32.429 0.1000000015
18271  -45.147  -78.486  -32.381 0.1000000015
17199  -44.968  -79.095  -32.369 0.2000000030
17200  -45.491  -79.514  -31.736 0.2000000030
16093  -45.359  -80.344  -31.976 0.2000000030
14881  -45.364  -80.746  -31.590 0.2000000030
19387  -45.058  -77.433  -33.062 0.1000000015
19386  -44.054  -77.550  -33.534 0.1000000015
19406  -43.422  -77.381  -34.049 0.1000000015
26316  -43.911  -71.063  -39.284 0.1000000015
26288  -44.469  -71.540  -38.703 0.1000000015
25090  -45.107  -72.070  -38.060 0.1000000015
25091  -45.528  -72.401  -38.086 0.1000000015
19385  -43.140  -78.129  -33.820 0.1000000015
19404  -41.798  -77.831  -34.441 0.1000000015
27493  -41.968  -70.032  -38.877 0.1000000015
25141  -44.977  -72.514  -39.458 0.1000000015
23991  -45.262  -72.934  -39.446 0.1000000015
22839  -44.907  -74.019  -37.967 0.1000000015
22820  -43.383  -74.567  -36.778 0.1000000015
21696  -43.438  -75.699  -35.626 0.1000000015
20570  -41.838  -76.632  -35.245 0.1000000015
20542  -41.474  -77.217  -34.811 0.1000000015
18293  -40.850  -78.652  -35.128 0.1000000015
28682  -42.248  -69.458  -39.460 0.1000000015
21695  -42.340  -75.961  -35.748 0.1000000015
20569  -40.808  -76.845  -35.121 0.1000000015
19402  -40.329  -78.429  -35.204 0.1000000015
29952  -42.578  -68.496  -39.765 0.1000000015
29953  -43.480  -68.299  -40.119 0.1000000015
31161  -41.871  -67.598  -39.515 0.1000000015
22733  -47.568  -75.390  -33.057 0.1000000015
19389  -46.631  -77.114  -32.443 0.1000000015
22756  -47.576  -75.212  -33.557 0.1000000015
20549  -47.408  -75.758  -33.811 0.1000000015
19372  -47.400  -77.003  -31.105 0.1000000015
18268  -46.514  -78.258  -31.064 0.1000000015
17190  -46.349  -78.996  -30.743 0.2000000030
21674  -47.504  -75.406  -34.146 0.1000000015
20524  -45.811  -76.749  -33.393 0.1000000015
21700  -47.423  -75.127  -34.958 0.1000000015
20547  -46.454  -76.225  -34.054 0.1000000015
28668  -39.635  -68.806  -37.869 0.1000000015
28670  -40.920  -69.603  -38.366 0.1000000015
27479  -41.575  -70.145  -38.264 0.1000000015
27465  -41.900  -70.318  -37.618 0.1000000015
27481  -43.314  -70.649  -38.438 0.1000000015
27467  -43.600  -70.742  -37.680 0.1000000015
26262  -44.104  -71.067  -37.539 0.1000000015
22801  -46.749  -74.516  -35.618 0.1000000015
21699  -46.700  -75.456  -35.522 0.1000000015
20546  -45.399  -76.397  -34.162 0.1000000015
20522  -44.283  -77.002  -33.715 0.1000000015
27480  -42.366  -70.428  -38.385 0.1000000015
25065  -45.705  -72.207  -37.221 0.1000000015
23952  -45.934  -73.172  -37.557 0.1000000015
22840  -45.674  -73.791  -37.916 0.1000000015
20572  -43.872  -76.183  -34.972 0.1000000015
20573  -45.032  -76.119  -34.921 0.1000000015
19405  -42.671  -77.667  -34.225 0.1000000015
29936  -39.821  -68.391  -38.202 0.1000000015
22859  -45.292  -73.504  -38.633 0.1000000015
22822  -45.647  -74.437  -37.091 0.1000000015
21720  -44.133  -75.095  -36.235 0.1000000015
21697  -44.661  -75.590  -35.566 0.1000000015
20571  -42.850  -76.497  -35.248 0.1000000015
20544  -43.207  -76.934  -34.592 0.1000000015
29937  -40.649  -68.665  -38.746 0.1000000015
29951  -41.421  -68.703  -39.322 0.1000000015
31148  -40.382  -67.595  -38.544 0.1000000015
31160  -40.982  -68.033  -39.170 0.1000000015
31149  -41.183  -67.244  -38.911 0.1000000015
32291  -42.496  -66.951  -39.477 0.1000000015
31163  -43.982  -67.362  -39.918 0.1000000015
20508  -47.578  -76.466  -32.023 0.1000000015
22780  -47.544  -74.936  -34.304 0.1000000015
22755  -47.314  -74.933  -33.576 0.1000000015
21634  -47.232  -75.352  -32.644 0.1000000015
22779  -47.149  -74.572  -34.537 0.1000000015
22778  -46.159  -74.271  -34.843 0.1000000015
20494  -47.594  -76.226  -31.623 0.1000000015
18269  -47.133  -78.003  -30.520 0.1000000015
23879  -46.144  -73.949  -35.426 0.1000000015
22800  -46.429  -74.088  -35.515 0.1000000015
17191  -46.882  -78.597  -30.035 0.2000000030
28657  -39.655  -69.146  -37.553 0.1000000015
27466  -42.761  -70.535  -37.651 0.1000000015
27452  -43.274  -70.696  -37.078 0.1000000015
23900  -46.464  -73.954  -36.319 0.1000000015
18260  -47.366  -78.146  -29.582 0.1000000015
18249  -47.383  -78.360  -29.105 0.2000000030
28658  -40.364  -69.666  -37.604 0.1000000015
26264  -45.240  -71.958  -37.727 0.1000000015
22841  -46.049  -73.758  -37.324 0.1000000015
22823  -46.210  -74.149  -36.811 0.1000000015
21721  -45.557  -75.232  -36.354 0.1000000015
31147  -39.603  -67.529  -37.946 0.1000000015
32265  -40.062  -66.148  -37.978 0.1000000015
32280  -40.793  -66.521  -38.411 0.1000000015
33422  -41.360  -65.982  -38.341 0.1000000015
32282  -42.530  -65.856  -38.914 0.1000000015
22777  -44.976  -73.940  -34.396 0.1000000015
22753  -45.456  -74.446  -33.877 0.1000000015
23877  -44.350  -73.381  -34.891 0.1000000015
22754  -46.530  -74.612  -33.870 0.1000000015
21653  -45.822  -74.971  -33.240 0.1000000015
23878  -45.580  -73.608  -35.200 0.1000000015
21633  -46.309  -75.405  -32.490 0.1000000015
23923  -45.267  -72.422  -36.232 0.1000000015
20493  -46.750  -76.100  -31.399 0.1000000015
29915  -39.364  -68.925  -37.171 0.1000000015
28645  -39.742  -69.479  -36.934 0.1000000015
28647  -41.630  -69.972  -37.164 0.1000000015
27451  -42.130  -70.284  -36.838 0.1000000015
26244  -44.185  -71.228  -36.796 0.1000000015
25063  -44.486  -71.570  -36.316 0.1000000015
25051  -44.955  -72.252  -36.111 0.1000000015
23899  -46.281  -73.567  -35.920 0.1000000015
20482  -47.195  -76.709  -30.874 0.1000000015
19362  -47.157  -77.471  -29.804 0.1000000015
29925  -38.927  -67.985  -37.152 0.1000000015
26245  -45.207  -71.692  -37.217 0.1000000015
23925  -46.107  -73.595  -36.828 0.1000000015
19325  -47.278  -78.008  -28.659 0.1000000015
31135  -39.054  -67.424  -37.416 0.1000000015
32263  -38.738  -66.626  -37.240 0.1000000015
32264  -39.387  -66.568  -37.691 0.1000000015
33406  -39.557  -65.463  -37.504 0.1000000015
34502  -39.560  -64.490  -37.049 0.1000000015
33407  -40.769  -65.460  -37.933 0.1000000015
35618  -40.700  -64.011  -37.452 0.1000000015
23876  -43.045  -73.457  -34.826 0.1000000015
22776  -43.656  -74.193  -34.310 0.1000000015
22752  -44.460  -74.450  -33.880 0.1000000015
21652  -44.701  -74.868  -33.294 0.1000000015
23897  -43.694  -72.757  -35.411 0.1000000015
23896  -42.513  -72.792  -35.267 0.1000000015
21632  -45.148  -75.452  -32.680 0.1000000015
21611  -46.915  -75.585  -31.997 0.1000000015
25050  -44.281  -71.977  -35.984 0.1000000015
20507  -46.453  -75.683  -31.894 0.1000000015
31115  -38.429  -67.645  -36.254 0.1000000015
26226  -43.516  -71.359  -36.135 0.1000000015
25049  -43.004  -72.053  -35.747 0.1000000015
20506  -45.716  -75.846  -31.904 0.1000000015
31134  -38.622  -67.509  -36.923 0.1000000015
29914  -38.956  -68.614  -36.758 0.1000000015
28644  -39.283  -69.231  -36.638 0.1000000015
28624  -40.478  -70.005  -36.514 0.1000000015
28625  -41.113  -70.079  -36.636 0.1000000015
26243  -42.979  -70.844  -36.529 0.1000000015
20481  -46.523  -76.773  -30.444 0.1000000015
32249  -38.269  -66.657  -36.619 0.1000000015
34500  -38.386  -65.057  -36.534 0.1000000015
33391  -38.075  -65.721  -36.426 0.1000000015
34486  -38.383  -64.465  -36.383 0.1000000015
33393  -39.146  -65.023  -37.075 0.1000000015
34501  -38.864  -64.596  -36.728 0.1000000015
35602  -39.259  -63.589  -36.737 0.1000000015
35601  -38.619  -63.324  -36.502 0.1000000015
25048  -41.720  -72.283  -35.512 0.1000000015
25036  -41.629  -72.801  -35.147 0.1000000015
23875  -41.754  -73.313  -34.869 0.1000000015
21672  -42.891  -74.806  -34.165 0.1000000015
26223  -39.715  -71.374  -35.574 0.1000000015
21651  -43.596  -74.995  -33.713 0.1000000015
27431  -40.192  -70.436  -35.904 0.1000000015
26224  -40.958  -71.292  -35.758 0.1000000015
21631  -43.959  -75.505  -32.955 0.1000000015
32240  -37.877  -67.067  -36.145 0.1000000015
31092  -37.990  -67.635  -35.674 0.1000000015
28623  -39.289  -69.545  -36.246 0.1000000015
27433  -42.021  -70.653  -36.478 0.1000000015
26225  -42.251  -71.172  -36.119 0.1000000015
32248  -37.728  -66.386  -36.242 0.1000000015
19361  -46.263  -77.198  -29.732 0.1000000015
33383  -37.494  -65.682  -35.995 0.1000000015
34470  -37.516  -64.736  -35.621 0.1000000015
35567  -37.431  -63.694  -35.352 0.1000000015
35583  -38.065  -63.816  -36.083 0.1000000015
36709  -37.146  -62.592  -35.210 0.1000000015
36727  -37.647  -62.742  -35.950 0.1000000015
22775  -42.330  -74.356  -34.395 0.1000000015
21671  -42.449  -74.805  -34.089 0.1000000015
31091  -37.510  -67.547  -35.015 0.1000000015
33373  -37.203  -65.672  -35.202 0.1000000015
32239  -37.485  -66.683  -35.596 0.1000000015
29896  -38.468  -68.524  -35.971 0.1000000015
34469  -37.044  -64.658  -34.894 0.1000000015
35546  -36.352  -63.547  -33.854 0.1000000015
35566  -36.864  -63.610  -34.634 0.1000000015
36708  -36.620  -62.534  -34.388 0.1000000015
37902  -36.954  -61.441  -34.875 0.1000000015
25047  -40.403  -72.316  -35.318 0.1000000015
23874  -40.424  -73.345  -34.931 0.1000000015
22774  -41.081  -74.275  -34.515 0.1000000015
33372  -36.910  -65.621  -34.338 0.1000000015
34454  -36.632  -64.598  -34.087 0.1000000015
37901  -36.530  -61.510  -34.008 0.1000000015
39066  -36.413  -60.881  -33.705 0.1000000015
27429  -37.947  -70.623  -35.314 0.1000000015
32227  -37.244  -66.609  -34.636 0.1000000015
29895  -37.772  -68.448  -35.423 0.1000000015
28622  -38.171  -69.527  -35.682 0.1000000015
27430  -38.985  -70.487  -35.725 0.1000000015
34440  -36.241  -64.535  -33.238 0.1000000015
36692  -36.234  -62.476  -33.548 0.1000000015
37878  -36.160  -61.455  -33.300 0.1000000015
39047  -36.301  -60.328  -33.189 0.1000000015
26209  -38.400  -71.857  -34.882 0.1000000015
28621  -37.434  -70.034  -35.284 0.1000000015
26221  -38.013  -71.191  -35.116 0.1000000015
33362  -36.586  -65.556  -33.466 0.1000000015
32226  -36.650  -66.628  -33.832 0.1000000015
31070  -36.876  -67.536  -34.389 0.1000000015
29878  -37.166  -68.449  -34.797 0.1000000015
28606  -37.435  -69.189  -35.202 0.1000000015
36675  -35.739  -62.316  -32.747 0.1000000015
37860  -35.760  -61.183  -32.555 0.1000000015
37859  -35.433  -60.803  -31.805 0.1000000015
39029  -35.747  -60.196  -32.365 0.1000000015
28605  -36.774  -69.594  -34.621 0.1000000015
31069  -36.147  -67.614  -33.786 0.1000000015
29877  -36.399  -68.464  -34.312 0.1000000015
35526  -35.900  -63.460  -33.003 0.1000000015
39007  -35.326  -60.274  -31.136 0.1000000015
33348  -36.207  -65.477  -32.638 0.1000000015
35525  -35.545  -63.309  -31.991 0.1000000015
36674  -35.145  -61.968  -31.837 0.1000000015
37830  -35.002  -61.140  -31.168 0.1000000015
38985  -34.871  -60.533  -30.548 0.1000000015
37805  -34.701  -61.359  -30.459 0.1000000015
34439  -35.767  -64.503  -32.360 0.1000000015
36643  -34.896  -61.947  -30.943 0.1000000015
36613  -34.618  -62.232  -30.279 0.1000000015
16239  -37.861  -80.747  -40.127 0.1000000015
17324  -40.698  -79.463  -39.188 0.1000000015
17341  -38.850  -79.708  -40.307 0.1000000015
17358  -37.626  -80.029  -41.571 0.1000000015
18407  -39.853  -78.218  -39.905 0.1000000015
16198  -42.519  -79.701  -37.446 0.1000000015
16177  -43.036  -79.756  -36.939 0.1000000015
16220  -40.838  -80.010  -38.411 0.1000000015
17266  -42.322  -79.148  -36.953 0.1000000015
18408  -40.456  -78.487  -39.548 0.1000000015
17282  -40.963  -79.016  -37.148 0.1000000015
18382  -40.106  -77.923  -38.596 0.1000000015
22797  -38.200  -75.340  -35.578 0.1000000015
19427  -35.933  -77.130  -35.869 0.1000000015
19428  -36.980  -77.487  -35.878 0.1000000015
14922  -44.189  -80.703  -34.753 0.1000000015
16127  -43.607  -80.146  -35.597 0.1000000015
16129  -44.348  -80.334  -34.438 0.2000000030
23971  -44.892  -73.410  -39.213 0.1000000015
22818  -41.144  -75.008  -36.622 0.1000000015
23922  -40.171  -74.330  -36.697 0.1000000015
20568  -39.858  -76.951  -35.231 0.1000000015
18355  -39.098  -78.110  -38.130 0.1000000015
19430  -39.621  -77.972  -35.237 0.1000000015
18332  -38.919  -78.487  -36.845 0.1000000015
18281  -44.527  -78.516  -32.985 0.1000000015
17209  -44.453  -79.581  -33.131 0.2000000030
16092  -44.943  -80.023  -32.564 0.2000000030
18295  -42.478  -78.762  -34.272 0.1000000015
18312  -40.099  -78.850  -35.702 0.1000000015
23951  -44.651  -73.569  -38.717 0.1000000015
21718  -41.772  -75.504  -36.263 0.1000000015
20523  -44.752  -76.877  -33.585 0.1000000015
23972  -45.463  -73.139  -38.858 0.1000000015
28681  -41.453  -69.548  -38.985 0.1000000015
22821  -44.678  -74.595  -37.031 0.1000000015
21719  -42.875  -75.299  -36.279 0.1000000015
19403  -40.775  -77.851  -34.847 0.1000000015
20495  -47.934  -76.025  -32.047 0.1000000015
20525  -47.066  -76.710  -33.047 0.1000000015
20575  -46.950  -75.989  -34.818 0.1000000015
17175  -46.648  -79.120  -30.005 0.2000000030
20574  -46.152  -76.073  -34.947 0.1000000015
21698  -45.704  -75.739  -35.532 0.1000000015
20545  -44.193  -76.699  -34.126 0.1000000015
23924  -45.760  -72.781  -36.592 0.1000000015
21722  -46.385  -74.851  -36.439 0.1000000015
33408  -41.253  -64.958  -38.057 0.1000000015
23898  -44.991  -72.921  -35.880 0.1000000015
33392  -38.694  -65.623  -36.985 0.1000000015
34516  -40.291  -64.610  -37.416 0.1000000015
37920  -37.711  -61.494  -35.823 0.1000000015
19285  -35.286  -77.456  -25.754 0.5000000000
13588  -39.188  -82.356  -25.780 0.5000000000
13587  -38.086  -82.618  -25.648 0.5000000000
20421  -34.657  -76.436  -26.093 0.5000000000
19298  -35.898  -77.163  -26.266 0.5000000000
19286  -36.198  -77.842  -25.847 0.5000000000
14733  -38.616  -81.567  -25.681 0.5000000000
21547  -34.219  -74.688  -26.438 0.5000000000
21542  -34.440  -75.398  -26.444 0.5000000000
20422  -35.428  -76.862  -26.245 0.5000000000
20431  -35.132  -75.623  -26.685 0.5000000000
21548  -34.948  -74.806  -26.738 0.5000000000
20432  -35.952  -76.245  -26.609 0.5000000000
21549  -35.812  -75.029  -26.813 0.4000000060
13590  -41.446  -82.021  -25.455 0.5000000000
13613  -41.894  -82.718  -25.642 0.5000000000
14736  -41.886  -81.295  -25.209 0.5000000000
14737  -42.609  -81.562  -25.536 0.5000000000
15992  -42.384  -81.026  -26.395 0.5000000000
15979  -42.280  -80.852  -25.991 0.5000000000
16007  -41.494  -80.753  -27.605 0.4000000060
16030  -40.473  -81.049  -29.118 0.4000000060
12489  -36.500  -83.109  -23.844 0.1000000015
21541  -33.546  -75.255  -25.774 0.5000000000
22650  -33.818  -73.944  -26.143 0.5000000000
24889  -32.913  -72.013  -25.446 0.5000000000
23752  -33.564  -72.816  -25.773 0.5000000000
24907  -33.435  -71.730  -26.130 0.4000000060
23753  -34.461  -73.052  -26.334 0.3000000119
22651  -34.714  -73.958  -26.537 0.5000000000
22652  -35.546  -74.084  -26.788 0.4000000060
19300  -37.752  -77.099  -26.423 0.6999999881
19288  -38.170  -77.829  -26.111 0.5000000000
24908  -34.155  -72.121  -26.448 0.3000000119
23754  -35.253  -73.225  -26.679 0.3000000119
20433  -37.191  -76.243  -26.727 0.5000000000
18198  -39.067  -78.376  -26.066 0.6000000238
17107  -38.536  -79.523  -25.559 0.6000000238
14734  -39.761  -81.367  -25.489 0.5000000000
13589  -40.323  -82.189  -25.653 0.3000000119
21551  -37.521  -75.480  -27.157 0.4000000060
20434  -38.146  -76.365  -26.785 0.5000000000
18199  -40.122  -78.803  -26.026 0.6000000238
15967  -40.283  -80.326  -25.349 0.5000000000
14735  -40.884  -81.234  -25.294 0.5000000000
23755  -35.890  -73.341  -27.128 0.4000000060
22654  -37.050  -74.615  -27.215 0.4000000060
19302  -39.560  -77.229  -26.792 0.5000000000
18200  -40.882  -78.943  -25.951 0.5000000000
17109  -40.663  -79.430  -25.562 0.5000000000
15969  -42.032  -80.774  -25.499 0.5000000000
23767  -36.454  -73.356  -27.553 0.4000000060
22662  -36.918  -73.946  -27.471 0.4000000060
21565  -37.644  -75.697  -27.832 0.5000000000
20436  -39.429  -76.924  -27.059 0.5000000000
19313  -40.196  -77.902  -26.965 0.4000000060
18201  -41.130  -79.019  -26.012 0.5000000000
15978  -41.690  -80.053  -25.957 0.5000000000
22663  -37.289  -74.391  -27.833 0.4000000060
19312  -39.649  -77.427  -27.293 0.5000000000
18223  -40.254  -78.242  -27.175 0.4000000060
17128  -41.293  -79.479  -26.889 0.4000000060
15991  -41.762  -80.145  -26.977 0.5000000000
20446  -37.673  -76.175  -28.338 0.5000000000
18233  -39.146  -78.432  -28.189 0.4000000060
17139  -40.356  -79.637  -27.972 0.4000000060
16006  -40.663  -80.322  -28.093 0.4000000060
20455  -38.088  -77.185  -28.467 0.3000000119
18232  -38.429  -78.677  -28.848 0.4000000060
17137  -38.910  -79.304  -28.760 0.3000000119
17151  -38.945  -79.573  -29.203 0.3000000119
16028  -39.142  -79.989  -29.801 0.3000000119
13553  -36.350  -82.595  -23.154 0.1000000015
12488  -36.364  -83.164  -23.597 0.1000000015
13568  -36.478  -82.504  -24.128 0.4000000060
13586  -37.057  -82.678  -25.191 0.4000000060
14731  -36.626  -81.699  -25.023 0.4000000060
14732  -37.501  -81.744  -25.614 0.5000000000
20420  -33.683  -76.586  -25.150 0.5000000000
19284  -34.414  -77.481  -25.157 0.5000000000
18195  -35.549  -78.289  -25.243 0.4000000060
15964  -36.971  -80.768  -25.481 0.5000000000
22642  -33.157  -73.924  -25.122 0.5000000000
23740  -32.653  -72.926  -25.083 0.5000000000
17106  -37.406  -79.726  -25.475 0.6000000238
26091  -33.427  -70.939  -26.229 0.2000000030
27286  -33.794  -70.360  -26.370 0.2000000030
26092  -33.933  -71.146  -26.688 0.3000000119
24909  -34.948  -72.300  -26.856 0.3000000119
24910  -35.546  -72.679  -27.105 0.4000000060
26105  -35.094  -71.320  -27.330 0.3000000119
27300  -34.665  -70.406  -26.940 0.3000000119
27302  -35.670  -70.560  -27.635 0.4000000060
24924  -36.053  -72.437  -27.684 0.4000000060
26106  -35.784  -71.449  -27.758 0.3000000119
24935  -36.472  -72.187  -28.316 0.4000000060
22677  -37.059  -74.610  -28.785 0.4000000060
26116  -36.319  -71.524  -28.221 0.3000000119
24936  -36.812  -72.548  -28.776 0.3000000119
23786  -37.270  -73.739  -29.662 0.3000000119
21584  -37.456  -75.709  -29.768 0.3000000119
18231  -37.832  -78.072  -29.167 0.4000000060
23802  -37.784  -73.915  -30.258 0.2000000030
22699  -37.951  -74.782  -30.317 0.2000000030
20462  -37.644  -76.650  -29.963 0.3000000119
18246  -38.370  -78.888  -29.822 0.3000000119
23803  -38.783  -73.855  -30.355 0.1000000015
21598  -38.074  -75.729  -30.435 0.2000000030
19354  -37.906  -77.490  -30.186 0.4000000060
24947  -41.844  -73.054  -29.573 0.1000000015
14696  -36.466  -81.674  -23.090 0.1000000015
14715  -36.028  -81.288  -24.166 0.5000000000
19283  -33.914  -77.219  -24.550 0.5000000000
18178  -34.894  -78.317  -24.408 0.4000000060
18179  -35.624  -78.904  -24.683 0.4000000060
17094  -36.087  -79.804  -24.878 0.5000000000
15963  -36.267  -80.684  -24.975 0.5000000000
22641  -32.715  -74.312  -24.528 0.5000000000
21540  -32.780  -74.875  -24.934 0.5000000000
21529  -32.996  -75.785  -24.629 0.4000000060
17105  -36.619  -79.975  -25.231 0.4000000060
26052  -32.104  -71.438  -24.317 0.4000000060
23739  -32.305  -72.651  -24.617 0.4000000060
23726  -32.687  -73.494  -24.783 0.5000000000
27214  -32.186  -70.949  -24.115 0.4000000060
24888  -32.439  -72.102  -24.766 0.5000000000
26067  -32.557  -71.289  -25.013 0.4000000060
28406  -31.915  -70.025  -24.242 0.3000000119
27259  -32.702  -70.397  -25.311 0.3000000119
27260  -33.308  -70.321  -25.876 0.3000000119
28432  -33.121  -69.501  -25.568 0.2000000030
28458  -34.532  -69.656  -26.618 0.2000000030
29677  -33.770  -68.457  -25.876 0.1000000015
29705  -34.677  -68.888  -26.546 0.3000000119
29678  -35.066  -68.107  -26.077 0.1000000015
28459  -35.034  -69.541  -26.967 0.3000000119
29706  -35.719  -68.717  -26.969 0.2000000030
29732  -36.103  -69.308  -27.375 0.2000000030
28474  -36.403  -69.849  -27.727 0.2000000030
26117  -36.794  -71.593  -28.737 0.2000000030
26126  -37.372  -71.671  -29.275 0.2000000030
29755  -37.792  -69.362  -28.305 0.2000000030
24943  -37.453  -72.690  -29.625 0.2000000030
28488  -38.101  -69.911  -28.752 0.2000000030
27327  -38.991  -70.959  -29.424 0.1000000015
24960  -38.191  -73.412  -30.286 0.2000000030
28511  -39.528  -70.176  -29.287 0.1000000015
26128  -39.369  -71.902  -29.624 0.1000000015
23787  -39.308  -73.309  -29.963 0.1000000015
23804  -39.459  -74.330  -30.263 0.1000000015
27329  -41.072  -71.206  -29.369 0.1000000015
26129  -40.454  -72.041  -29.459 0.1000000015
23788  -39.998  -73.808  -29.830 0.1000000015
26130  -41.544  -72.198  -29.413 0.1000000015
24946  -40.831  -72.980  -29.597 0.1000000015
26131  -42.567  -72.241  -29.564 0.1000000015
26132  -43.605  -72.085  -29.819 0.1000000015
15927  -36.368  -80.980  -22.939 0.3000000119
14695  -36.148  -81.151  -23.453 0.3000000119
18155  -36.206  -78.887  -22.051 0.3000000119
17075  -35.977  -79.530  -22.502 0.3000000119
15926  -35.864  -80.619  -23.347 0.3000000119
15946  -35.598  -80.474  -23.970 0.3000000119
19264  -35.079  -78.319  -22.978 0.3000000119
18167  -35.401  -78.878  -22.751 0.3000000119
15947  -35.872  -80.393  -24.504 0.5000000000
20402  -33.800  -76.778  -23.032 0.4000000060
19262  -33.933  -77.173  -23.560 0.5000000000
17086  -34.993  -78.940  -23.900 0.4000000060
17092  -35.205  -79.111  -24.196 0.4000000060
17093  -35.604  -79.661  -24.371 0.5000000000
24827  -31.604  -72.426  -22.849 0.4000000060
23704  -32.213  -73.566  -23.417 0.4000000060
21528  -32.596  -74.910  -24.013 0.5000000000
27180  -31.417  -70.619  -21.712 0.4000000060
27197  -31.512  -70.771  -22.971 0.4000000060
24844  -31.589  -72.131  -23.598 0.4000000060
24845  -31.863  -72.838  -23.542 0.5000000000
28382  -31.696  -69.828  -23.536 0.4000000060
27213  -31.926  -70.650  -23.906 0.4000000060
28368  -31.627  -69.472  -22.469 0.4000000060
29615  -31.730  -68.662  -21.813 0.3000000119
28383  -32.168  -69.223  -24.000 0.3000000119
28407  -32.502  -69.570  -24.777 0.3000000119
30852  -32.754  -67.791  -23.466 0.3000000119
29650  -32.735  -68.561  -24.410 0.2000000030
30877  -34.156  -67.526  -24.180 0.1000000015
30897  -34.631  -67.768  -25.101 0.1000000015
29679  -36.135  -68.028  -26.123 0.1000000015
29733  -36.605  -69.014  -27.407 0.2000000030
30899  -36.678  -67.632  -25.562 0.1000000015
30919  -37.048  -67.715  -26.135 0.1000000015
28475  -36.930  -69.357  -27.789 0.2000000030
29707  -36.882  -68.126  -26.820 0.2000000030
29734  -37.542  -68.883  -27.691 0.2000000030
28489  -38.977  -69.538  -28.838 0.1000000015
29757  -39.290  -68.949  -28.146 0.1000000015
28490  -39.930  -69.440  -28.802 0.1000000015
28512  -40.533  -70.215  -29.288 0.1000000015
28513  -41.555  -70.299  -29.244 0.1000000015
27330  -42.142  -71.322  -29.416 0.1000000015
27331  -43.245  -71.381  -29.537 0.1000000015
28515  -43.712  -70.342  -29.349 0.1000000015
27332  -44.406  -71.356  -29.655 0.1000000015
27333  -45.484  -71.004  -30.032 0.1000000015
27349  -45.771  -70.904  -30.561 0.1000000015
28562  -47.353  -69.744  -31.105 0.1000000015
18143  -36.522  -78.721  -21.469 0.3000000119
18156  -36.827  -79.190  -21.499 0.2000000030
19251  -34.934  -77.723  -22.173 0.3000000119
20403  -34.232  -77.291  -22.488 0.4000000060
20391  -33.799  -76.770  -22.119 0.3000000119
24813  -31.933  -72.847  -21.840 0.3000000119
24828  -32.055  -73.128  -22.746 0.3000000119
23693  -32.236  -73.811  -22.655 0.4000000060
21501  -32.898  -75.313  -22.408 0.4000000060
21491  -33.436  -76.389  -21.786 0.3000000119
26002  -31.437  -71.723  -22.226 0.3000000119
21502  -33.353  -76.120  -22.361 0.4000000060
21490  -32.993  -75.820  -21.451 0.3000000119
28335  -31.567  -69.197  -20.088 0.3000000119
28347  -31.612  -69.468  -21.250 0.3000000119
29580  -31.735  -68.257  -20.162 0.3000000119
29592  -31.762  -68.409  -20.986 0.3000000119
30817  -32.051  -67.792  -21.224 0.3000000119
29616  -32.216  -68.216  -22.589 0.3000000119
30841  -32.878  -67.480  -22.727 0.3000000119
30853  -33.480  -67.475  -23.402 0.2000000030
30855  -35.218  -67.896  -23.395 0.1000000015
29653  -36.363  -68.273  -23.859 0.1000000015
30879  -36.484  -67.617  -24.646 0.1000000015
29654  -37.408  -68.117  -24.371 0.1000000015
30901  -38.005  -67.816  -25.815 0.1000000015
29708  -37.960  -68.200  -26.895 0.2000000030
29709  -38.819  -68.151  -26.713 0.2000000030
29710  -39.669  -68.268  -26.511 0.1000000015
29758  -40.230  -68.839  -28.067 0.1000000015
28491  -40.911  -69.468  -28.698 0.1000000015
29759  -41.190  -68.788  -28.028 0.1000000015
28492  -41.909  -69.490  -28.672 0.1000000015
28514  -42.603  -70.343  -29.305 0.1000000015
28517  -46.235  -69.691  -29.534 0.1000000015
27334  -46.700  -70.489  -30.287 0.1000000015
27350  -46.948  -70.557  -30.857 0.1000000015
27335  -47.307  -70.228  -30.547 0.1000000015
29811  -47.180  -68.883  -30.725 0.1000000015
28537  -47.470  -69.606  -30.529 0.1000000015
31012  -47.235  -68.053  -30.222 0.1000000015
18145  -37.689  -79.457  -20.636 0.2000000030
17061  -37.403  -79.485  -21.271 0.2000000030
18131  -36.159  -78.445  -19.801 0.2000000030
19240  -35.963  -78.230  -21.577 0.3000000119
19213  -34.899  -78.366  -19.441 0.2000000030
19239  -34.943  -77.854  -21.281 0.3000000119
24814  -32.198  -73.388  -22.241 0.3000000119
22598  -32.502  -74.516  -22.486 0.3000000119
25993  -31.348  -71.881  -20.907 0.3000000119
23680  -32.320  -73.876  -21.780 0.3000000119
22588  -32.565  -74.811  -21.691 0.3000000119
27169  -31.250  -70.444  -20.456 0.3000000119
23666  -32.086  -74.041  -20.858 0.3000000119
22577  -32.409  -74.963  -20.751 0.3000000119
21482  -32.572  -75.915  -20.576 0.2000000030
20379  -33.047  -76.322  -20.883 0.2000000030
30742  -31.784  -68.082  -18.699 0.2000000030
29557  -31.666  -68.499  -19.415 0.2000000030
30769  -32.108  -67.734  -19.644 0.3000000119
30798  -32.084  -67.723  -20.652 0.3000000119
30818  -32.704  -67.358  -21.509 0.3000000119
30842  -33.598  -67.320  -22.458 0.2000000030
30854  -34.529  -67.647  -23.158 0.1000000015
30843  -34.417  -67.534  -22.163 0.2000000030
29628  -34.882  -67.950  -22.478 0.1000000015
29629  -35.413  -68.451  -22.849 0.1000000015
28385  -36.427  -69.513  -22.818 0.1000000015
27198  -37.171  -70.594  -22.452 0.1000000015
27200  -38.981  -71.469  -22.387 0.1000000015
28386  -36.909  -69.851  -23.390 0.1000000015
27215  -37.216  -70.549  -23.085 0.1000000015
26015  -37.539  -71.405  -23.101 0.1000000015
24832  -39.377  -73.019  -22.713 0.1000000015
26019  -40.557  -72.043  -22.561 0.1000000015
26021  -42.619  -71.443  -22.603 0.1000000015
28409  -37.092  -69.324  -23.908 0.1000000015
27239  -37.658  -69.803  -23.863 0.1000000015
24847  -37.989  -71.931  -23.919 0.1000000015
24831  -38.612  -72.746  -23.158 0.1000000015
23697  -40.726  -73.506  -22.941 0.1000000015
24850  -41.742  -73.839  -23.164 0.1000000015
29655  -38.377  -68.409  -24.838 0.1000000015
28410  -38.009  -69.092  -24.137 0.1000000015
29681  -37.850  -67.963  -25.232 0.1000000015
29683  -39.716  -68.579  -25.635 0.2000000030
29711  -40.618  -68.399  -26.459 0.1000000015
29738  -41.409  -68.378  -27.279 0.1000000015
29739  -42.383  -68.390  -27.319 0.1000000015
29760  -42.175  -68.725  -28.073 0.1000000015
29761  -43.192  -68.767  -28.088 0.1000000015
28494  -44.026  -69.398  -28.784 0.1000000015
28495  -45.119  -69.198  -28.862 0.1000000015
28516  -44.880  -70.189  -29.424 0.1000000015
28518  -47.348  -69.838  -29.908 0.1000000015
20303  -32.538  -76.920  -17.456 0.2000000030
19211  -33.164  -77.494  -19.805 0.2000000030
19238  -34.247  -77.663  -20.918 0.3000000119
20381  -34.216  -77.496  -21.346 0.3000000119
20317  -32.021  -76.432  -18.000 0.2000000030
19196  -32.911  -77.654  -18.790 0.2000000030
19226  -33.749  -77.623  -20.367 0.3000000119
20380  -33.536  -76.968  -21.211 0.3000000119
25979  -31.022  -71.484  -19.518 0.3000000119
24794  -31.118  -72.826  -19.725 0.3000000119
24805  -31.612  -73.201  -20.785 0.3000000119
23655  -31.688  -73.993  -19.852 0.3000000119
27151  -31.263  -70.150  -19.177 0.3000000119
22576  -32.073  -74.480  -20.303 0.3000000119
29486  -31.869  -68.845  -17.235 0.2000000030
28290  -31.402  -69.381  -18.423 0.3000000119
22565  -32.209  -75.503  -20.223 0.2000000030
30718  -32.006  -67.913  -18.153 0.2000000030
30743  -32.421  -67.553  -18.781 0.2000000030
30719  -32.730  -67.568  -17.976 0.2000000030
30770  -32.859  -67.184  -19.494 0.3000000119
30744  -33.255  -67.228  -18.834 0.3000000119
31993  -32.989  -66.869  -20.609 0.3000000119
30819  -33.779  -67.165  -21.586 0.2000000030
31949  -33.343  -66.961  -19.496 0.3000000119
31979  -34.319  -66.862  -20.190 0.2000000030
30801  -34.723  -67.346  -20.684 0.2000000030
30821  -35.093  -67.791  -21.306 0.2000000030
28349  -36.426  -69.008  -21.784 0.1000000015
26055  -39.358  -71.402  -24.423 0.1000000015
24873  -38.523  -72.003  -24.157 0.1000000015
23706  -39.527  -73.416  -23.994 0.1000000015
22627  -40.729  -74.225  -24.084 0.1000000015
28411  -39.123  -69.144  -24.631 0.1000000015
27241  -39.187  -70.397  -24.419 0.1000000015
24875  -40.638  -72.566  -24.383 0.1000000015
28412  -39.882  -69.694  -24.818 0.1000000015
27261  -41.073  -70.487  -25.153 0.1000000015
26069  -41.323  -71.017  -25.072 0.1000000015
26070  -41.786  -71.480  -24.939 0.1000000015
29684  -40.767  -68.719  -25.752 0.1000000015
28436  -41.761  -69.686  -25.417 0.1000000015
29686  -42.603  -69.078  -25.894 0.1000000015
29712  -41.582  -68.458  -26.483 0.1000000015
29713  -42.531  -68.555  -26.530 0.1000000015
28496  -45.867  -69.001  -28.830 0.1000000015
20285  -31.854  -76.642  -16.300 0.3000000119
21416  -31.380  -75.702  -16.931 0.3000000119
21428  -31.504  -75.802  -17.874 0.3000000119
21445  -31.818  -75.928  -18.712 0.2000000030
21446  -32.154  -76.266  -18.950 0.2000000030
20355  -32.541  -77.055  -19.547 0.2000000030
22520  -31.202  -75.141  -17.657 0.3000000119
21468  -31.774  -75.479  -19.228 0.3000000119
20369  -32.846  -76.825  -20.379 0.2000000030
25960  -30.910  -71.032  -18.634 0.3000000119
24768  -30.591  -72.585  -18.162 0.3000000119
22539  -31.076  -74.110  -18.401 0.3000000119
22540  -31.414  -74.843  -18.695 0.3000000119
21469  -32.157  -76.101  -19.631 0.2000000030
28243  -32.137  -69.239  -16.252 0.2000000030
27130  -30.836  -70.872  -17.241 0.3000000119
25937  -30.697  -71.524  -16.817 0.3000000119
29487  -32.528  -68.785  -16.584 0.2000000030
29488  -33.504  -68.617  -16.631 0.2000000030
30720  -33.561  -67.576  -17.993 0.2000000030
30745  -34.235  -67.339  -18.753 0.3000000119
30772  -34.861  -67.272  -19.748 0.2000000030
29687  -43.489  -69.143  -25.811 0.1000000015
29714  -43.503  -68.633  -26.526 0.1000000015
29740  -43.377  -68.494  -27.344 0.1000000015
29762  -44.237  -68.682  -28.181 0.1000000015
20269  -30.892  -76.226  -14.617 0.1000000015
20270  -31.392  -76.509  -15.466 0.3000000119
21396  -31.185  -75.824  -16.061 0.3000000119
21395  -30.708  -75.114  -15.855 0.3000000119
22505  -30.669  -74.388  -16.644 0.3000000119
24749  -30.591  -72.440  -17.104 0.3000000119
23598  -30.673  -73.294  -16.344 0.3000000119
25916  -31.229  -70.530  -15.882 0.3000000119
25915  -30.904  -71.236  -15.987 0.3000000119
24732  -30.629  -72.239  -16.122 0.3000000119
28208  -32.611  -69.705  -15.197 0.2000000030
28244  -33.904  -68.894  -16.423 0.2000000030
29489  -34.031  -68.811  -16.796 0.1000000015
29537  -34.755  -68.021  -18.541 0.2000000030
27132  -35.829  -70.285  -18.121 0.1000000015
29509  -35.042  -69.005  -17.935 0.2000000030
29538  -35.553  -68.503  -18.633 0.2000000030
29558  -36.095  -68.134  -19.328 0.3000000119
21375  -30.883  -75.064  -14.971 0.3000000119
22486  -30.662  -74.167  -15.590 0.3000000119
23579  -30.914  -72.997  -15.233 0.3000000119
27027  -31.953  -70.546  -14.444 0.3000000119
25891  -31.065  -71.395  -15.438 0.3000000119
24713  -30.972  -71.944  -15.444 0.3000000119
27042  -33.319  -69.996  -14.426 0.2000000030
28210  -33.766  -69.841  -14.835 0.2000000030
27079  -35.282  -70.499  -16.285 0.1000000015
27103  -35.409  -70.371  -17.328 0.1000000015
27133  -36.616  -70.548  -18.171 0.1000000015
28291  -36.142  -69.578  -18.464 0.1000000015
22454  -31.181  -73.530  -13.238 0.3000000119
23560  -30.944  -73.284  -14.506 0.3000000119
23561  -31.196  -72.623  -14.291 0.3000000119
27029  -33.370  -70.412  -13.789 0.2000000030
25860  -32.490  -71.034  -13.393 0.3000000119
23580  -31.187  -72.187  -14.895 0.3000000119
27044  -35.115  -70.709  -14.672 0.2000000030
27030  -33.968  -70.537  -13.675 0.2000000030
24734  -37.204  -72.344  -16.510 0.1000000015
25918  -36.124  -71.440  -16.419 0.1000000015
24735  -38.038  -72.760  -16.923 0.1000000015
24750  -36.559  -71.983  -16.993 0.1000000015
24770  -36.638  -71.827  -17.614 0.1000000015
25961  -36.566  -71.370  -17.884 0.1000000015
25940  -37.739  -72.061  -17.781 0.1000000015
25962  -37.279  -71.479  -17.968 0.1000000015
25963  -37.744  -71.161  -17.942 0.1000000015
27106  -38.455  -70.561  -17.713 0.1000000015
23524  -31.709  -73.058  -12.685 0.2000000030
24668  -32.607  -72.193  -12.533 0.2000000030
24667  -31.898  -72.333  -13.034 0.2000000030
25862  -34.503  -70.947  -13.448 0.2000000030
24683  -32.280  -71.771  -13.067 0.2000000030
25875  -35.431  -71.172  -14.269 0.1000000015
24716  -37.130  -72.043  -15.398 0.1000000015
24752  -38.375  -72.643  -17.678 0.1000000015
24753  -38.986  -72.543  -17.931 0.1000000015
25941  -38.183  -71.660  -17.825 0.1000000015
25942  -39.187  -71.613  -17.682 0.1000000015
27107  -39.635  -70.542  -17.456 0.1000000015
24773  -39.585  -73.256  -18.218 0.1000000015
24755  -40.767  -72.549  -17.777 0.1000000015
25943  -40.231  -71.596  -17.523 0.1000000015
23635  -40.800  -73.893  -18.298 0.1000000015
23617  -41.881  -73.327  -17.865 0.1000000015
24756  -41.804  -72.706  -17.749 0.1000000015
19287  -37.223  -77.923  -25.961 0.4000000060
19299  -36.712  -77.130  -26.401 0.5000000000
18196  -36.547  -78.888  -25.206 0.4000000060
15965  -38.006  -80.634  -25.620 0.5000000000
18197  -37.841  -78.683  -25.698 0.6000000238
15966  -39.153  -80.461  -25.421 0.5000000000
13612  -40.967  -82.600  -25.949 0.5000000000
12518  -38.620  -83.114  -25.899 0.5000000000
21550  -36.736  -75.252  -26.839 0.4000000060
14774  -42.488  -81.495  -26.946 0.4000000060
15990  -41.083  -79.861  -27.454 0.4000000060
16029  -39.702  -80.250  -29.153 0.3000000119
16005  -39.949  -80.046  -28.526 0.4000000060
18194  -34.984  -77.942  -25.195 0.5000000000
26093  -34.517  -71.571  -26.914 0.3000000119
22653  -36.403  -74.207  -27.059 0.4000000060
19301  -38.800  -77.221  -26.501 0.6000000238
17108  -39.675  -79.440  -25.568 0.6000000238
20435  -38.917  -76.564  -27.058 0.5000000000
18211  -39.372  -77.641  -26.469 0.5000000000
15968  -41.302  -80.307  -25.454 0.5000000000
21552  -38.150  -76.078  -27.201 0.5000000000
19303  -40.031  -77.750  -26.848 0.5000000000
18213  -40.465  -78.623  -26.593 0.4000000060
17110  -41.227  -79.363  -25.795 0.5000000000
23768  -36.789  -73.434  -28.088 0.4000000060
24925  -36.468  -72.812  -28.104 0.3000000119
21566  -38.344  -76.268  -27.411 0.5000000000
20447  -38.526  -76.733  -27.844 0.5000000000
17118  -40.836  -78.978  -26.740 0.4000000060
17119  -41.194  -79.221  -26.435 0.5000000000
19323  -39.284  -77.858  -27.825 0.4000000060
17127  -40.682  -79.237  -27.350 0.4000000060
17126  -40.123  -79.002  -27.868 0.4000000060
20454  -37.480  -76.710  -28.909 0.4000000060
21578  -37.262  -75.615  -28.888 0.4000000060
19311  -39.031  -77.398  -27.754 0.4000000060
17138  -39.643  -79.426  -28.368 0.4000000060
23725  -32.308  -73.226  -24.304 0.5000000000
26068  -33.048  -71.124  -25.673 0.3000000119
28433  -33.656  -69.585  -26.157 0.2000000030
26104  -34.522  -70.854  -27.074 0.3000000119
24923  -35.473  -72.056  -27.364 0.4000000060
27301  -35.008  -70.344  -27.234 0.3000000119
28473  -35.640  -69.697  -27.368 0.3000000119
27311  -36.243  -70.717  -28.053 0.3000000119
27312  -36.818  -70.730  -28.507 0.3000000119
23779  -36.909  -73.542  -28.855 0.3000000119
22684  -37.373  -74.711  -29.661 0.3000000119
24959  -37.761  -73.237  -30.146 0.2000000030
19339  -37.642  -77.497  -29.460 0.4000000060
18245  -37.918  -78.197  -29.658 0.4000000060
20475  -38.351  -76.634  -30.537 0.2000000030
24944  -38.599  -72.834  -29.964 0.2000000030
22700  -38.915  -74.865  -30.416 0.2000000030
20413  -33.553  -76.717  -24.041 0.4000000060
19273  -34.362  -77.611  -24.267 0.5000000000
18180  -35.948  -79.282  -24.782 0.5000000000
22625  -32.497  -74.028  -24.003 0.5000000000
26029  -31.742  -71.438  -23.744 0.4000000060
29676  -33.051  -68.829  -25.146 0.2000000030
30896  -33.793  -67.842  -24.916 0.1000000015
28487  -37.178  -69.777  -28.294 0.2000000030
27325  -37.247  -70.978  -29.001 0.2000000030
27313  -37.477  -70.406  -28.772 0.2000000030
26127  -38.292  -71.771  -29.571 0.2000000030
29756  -38.387  -69.135  -28.249 0.2000000030
27326  -38.016  -70.716  -29.243 0.1000000015
28510  -38.641  -70.217  -29.178 0.1000000015
27328  -40.019  -71.043  -29.572 0.1000000015
24945  -39.772  -72.815  -29.698 0.1000000015
15907  -36.836  -80.908  -22.197 0.3000000119
15906  -36.174  -80.312  -22.647 0.3000000119
19252  -35.346  -78.265  -22.447 0.3000000119
17087  -35.359  -79.628  -23.448 0.3000000119
18166  -34.990  -78.614  -23.455 0.3000000119
19263  -34.530  -77.754  -23.268 0.3000000119
21513  -33.106  -75.801  -23.369 0.4000000060
26014  -31.386  -71.712  -23.105 0.4000000060
22606  -32.406  -74.317  -23.281 0.4000000060
21512  -32.723  -74.956  -23.112 0.4000000060
28369  -32.066  -69.044  -23.239 0.3000000119
30876  -33.236  -67.800  -24.228 0.2000000030
30878  -35.347  -67.607  -24.125 0.1000000015
30898  -35.732  -67.654  -25.261 0.1000000015
30880  -37.199  -67.672  -25.031 0.1000000015
30921  -38.258  -67.922  -26.283 0.2000000030
29735  -38.600  -68.569  -27.521 0.1000000015
18144  -37.045  -78.882  -21.070 0.2000000030
19241  -36.530  -78.561  -21.252 0.2000000030
20392  -34.269  -77.343  -21.801 0.3000000119
23679  -31.995  -73.485  -21.321 0.3000000119
29652  -35.677  -68.114  -23.472 0.1000000015
29630  -36.050  -68.734  -23.282 0.1000000015
29682  -38.729  -68.137  -25.753 0.1000000015
29736  -39.528  -68.442  -27.374 0.1000000015
29737  -40.456  -68.415  -27.280 0.1000000015
28493  -42.945  -69.476  -28.716 0.1000000015
19229  -36.583  -78.465  -20.972 0.2000000030
18130  -35.495  -78.400  -19.449 0.2000000030
19227  -34.916  -78.218  -20.195 0.2000000030
19228  -36.033  -78.173  -20.686 0.3000000119
28311  -31.482  -69.177  -19.168 0.3000000119
29505  -31.604  -68.509  -18.014 0.3000000119
30820  -34.475  -67.427  -21.401 0.2000000030
30844  -34.822  -67.750  -21.809 0.1000000015
29618  -35.220  -68.331  -21.978 0.1000000015
28384  -35.766  -69.046  -22.275 0.1000000015
28371  -36.321  -69.588  -22.089 0.1000000015
27199  -38.157  -71.137  -22.449 0.1000000015
26016  -37.956  -71.733  -22.866 0.1000000015
26018  -39.575  -72.215  -22.444 0.1000000015
26017  -38.713  -72.138  -22.587 0.1000000015
27216  -37.553  -70.430  -23.559 0.1000000015
26031  -37.715  -71.264  -23.324 0.1000000015
24830  -38.042  -72.016  -23.440 0.1000000015
24833  -40.271  -72.991  -22.666 0.1000000015
23696  -40.217  -73.553  -23.105 0.1000000015
24834  -41.338  -73.102  -22.891 0.1000000015
26020  -41.606  -71.760  -22.526 0.1000000015
24835  -42.407  -72.558  -22.931 0.1000000015
26032  -38.000  -71.375  -23.654 0.1000000015
27240  -38.268  -70.253  -23.913 0.1000000015
24848  -38.598  -72.704  -23.865 0.1000000015
26054  -38.401  -71.355  -24.069 0.1000000015
23695  -39.477  -73.369  -23.397 0.1000000015
23707  -40.512  -73.945  -23.768 0.1000000015
24851  -42.313  -73.580  -23.257 0.1000000015
29656  -38.983  -68.545  -25.218 0.1000000015
20336  -32.167  -76.444  -18.559 0.2000000030
20302  -31.912  -76.436  -17.205 0.3000000119
20337  -32.344  -76.754  -18.945 0.2000000030
24793  -30.816  -72.336  -18.993 0.3000000119
22564  -31.891  -75.053  -19.840 0.3000000119
27131  -31.103  -70.364  -17.966 0.3000000119
25978  -30.745  -71.778  -18.637 0.3000000119
23631  -31.189  -73.710  -18.946 0.3000000119
24769  -30.867  -73.008  -18.825 0.3000000119
28262  -31.473  -69.445  -17.530 0.3000000119
29507  -33.164  -68.110  -17.303 0.2000000030
27101  -31.253  -70.236  -16.950 0.3000000119
31923  -34.046  -67.039  -19.097 0.3000000119
30800  -34.043  -67.047  -20.842 0.2000000030
28370  -35.811  -68.923  -21.783 0.1000000015
29594  -35.663  -68.303  -21.269 0.2000000030
24874  -39.500  -72.522  -24.236 0.1000000015
22608  -41.174  -74.470  -23.874 0.1000000015
27242  -40.158  -70.504  -24.788 0.1000000015
26056  -40.634  -71.495  -24.685 0.1000000015
28434  -40.087  -69.038  -25.148 0.1000000015
28435  -40.785  -69.552  -25.284 0.1000000015
29685  -41.690  -68.888  -25.825 0.1000000015
21415  -30.930  -75.217  -16.513 0.3000000119
22506  -31.019  -74.953  -17.081 0.3000000119
22519  -30.872  -74.370  -17.743 0.3000000119
25959  -30.660  -71.493  -17.805 0.3000000119
23630  -30.771  -73.557  -18.265 0.3000000119
23614  -30.577  -73.454  -17.382 0.3000000119
27077  -31.410  -70.015  -16.224 0.3000000119
28224  -31.840  -69.551  -16.065 0.3000000119
29464  -32.667  -68.859  -16.074 0.2000000030
27100  -30.925  -70.885  -16.665 0.3000000119
29508  -34.280  -68.485  -17.678 0.2000000030
30746  -35.027  -67.769  -19.054 0.2000000030
30773  -35.693  -67.865  -19.651 0.2000000030
30803  -36.349  -67.989  -20.542 0.2000000030
19138  -31.395  -77.349  -14.893 0.1000000015
21354  -30.691  -75.136  -13.906 0.2000000030
21376  -30.969  -75.757  -15.389 0.3000000119
27057  -32.222  -69.915  -15.258 0.3000000119
25892  -31.253  -70.842  -15.331 0.3000000119
28226  -33.542  -69.022  -15.890 0.2000000030
28245  -34.363  -69.333  -16.549 0.2000000030
28263  -34.839  -69.488  -17.480 0.1000000015
27102  -34.872  -69.830  -17.026 0.1000000015
22453  -30.857  -74.179  -13.573 0.3000000119
22471  -30.752  -74.043  -14.528 0.3000000119
25873  -31.457  -70.962  -14.636 0.3000000119
27043  -34.352  -70.256  -14.503 0.2000000030
27059  -35.163  -70.548  -15.357 0.2000000030
27058  -34.764  -69.979  -15.750 0.2000000030
27078  -34.951  -70.008  -16.603 0.1000000015
25938  -35.642  -71.020  -16.694 0.1000000015
25917  -35.603  -71.051  -15.890 0.1000000015
27134  -37.605  -70.400  -17.930 0.1000000015
23542  -31.429  -72.815  -13.458 0.3000000119
24682  -31.698  -71.882  -13.600 0.3000000119
25861  -33.463  -70.850  -13.197 0.2000000030
25893  -35.511  -70.985  -15.106 0.1000000015
24715  -36.664  -71.723  -15.456 0.1000000015
24772  -39.015  -73.157  -18.127 0.1000000015
24669  -33.576  -72.090  -12.122 0.2000000030
25853  -33.569  -71.425  -12.674 0.2000000030
25895  -36.673  -71.719  -14.955 0.1000000015
24754  -39.819  -72.554  -17.849 0.1000000015
24774  -40.335  -73.277  -18.246 0.1000000015
12540  -40.295  -83.042  -26.448 0.3000000119
12557  -39.767  -83.149  -27.351 0.3000000119
12625  -37.441  -83.536  -31.745 0.2000000030
12624  -36.248  -83.878  -32.420 0.2000000030
13654  -39.478  -82.832  -28.173 0.4000000060
13671  -39.473  -82.802  -29.485 0.3000000119
12558  -40.942  -83.394  -27.130 0.4000000060
13672  -40.021  -82.943  -28.707 0.3000000119
13689  -38.776  -82.925  -30.304 0.3000000119
12541  -41.454  -83.114  -26.298 0.4000000060
12572  -40.539  -83.241  -28.199 0.4000000060
12626  -38.465  -83.749  -31.735 0.2000000030
12559  -42.049  -83.565  -26.828 0.4000000060
12582  -39.928  -83.355  -30.036 0.4000000060
12542  -42.471  -83.288  -25.825 0.4000000060
13591  -42.418  -82.223  -25.401 0.4000000060
12583  -40.433  -83.344  -29.382 0.4000000060
12602  -39.324  -83.598  -30.835 0.3000000119
12573  -41.675  -83.666  -27.855 0.4000000060
12604  -41.073  -83.911  -29.798 0.3000000119
12627  -39.027  -83.869  -31.684 0.4000000060
13592  -43.052  -82.339  -25.386 0.4000000060
12585  -42.336  -84.140  -28.563 0.4000000060
11636  -40.090  -84.239  -31.208 0.3000000119
12560  -42.992  -83.738  -26.559 0.4000000060
12574  -42.648  -84.072  -27.478 0.4000000060
11613  -41.932  -84.138  -29.617 0.4000000060
13593  -43.388  -82.447  -25.693 0.4000000060
14753  -43.070  -81.587  -26.036 0.4000000060
12561  -43.803  -83.712  -26.586 0.4000000060
11582  -43.444  -84.151  -27.149 0.4000000060
11614  -42.889  -84.408  -29.297 0.4000000060
12544  -43.831  -83.113  -26.180 0.4000000060
12562  -44.680  -83.284  -26.986 0.4000000060
11583  -44.112  -84.162  -27.351 0.4000000060
11596  -43.381  -84.394  -28.160 0.4000000060
11638  -42.466  -84.257  -30.310 0.3000000119
13616  -43.680  -82.589  -26.280 0.4000000060
11584  -44.534  -83.886  -27.716 0.4000000060
11597  -44.188  -84.287  -28.226 0.4000000060
11661  -41.798  -84.306  -31.447 0.2000000030
13615  -43.143  -82.064  -26.503 0.3000000119
12545  -44.257  -82.998  -26.473 0.4000000060
13636  -43.309  -82.483  -27.105 0.4000000060
13637  -44.398  -82.802  -27.024 0.4000000060
12575  -44.980  -83.525  -27.864 0.4000000060
11616  -44.338  -84.161  -28.696 0.4000000060
11639  -43.218  -84.338  -29.814 0.2000000030
12606  -43.591  -83.769  -30.396 0.2000000030
11684  -41.933  -84.113  -32.235 0.3000000119
14794  -42.540  -82.162  -27.651 0.3000000119
12587  -44.634  -83.713  -29.008 0.3000000119
12586  -44.056  -84.024  -29.540 0.2000000030
12628  -42.543  -83.858  -31.586 0.2000000030
12649  -41.650  -83.943  -32.800 0.2000000030
14793  -41.709  -81.551  -28.122 0.3000000119
13657  -43.026  -82.564  -28.009 0.3000000119
13639  -45.847  -82.952  -27.019 0.4000000060
12607  -44.624  -83.021  -29.779 0.1000000015
14818  -41.143  -81.519  -29.099 0.3000000119
13675  -43.432  -82.418  -28.550 0.3000000119
14796  -45.306  -82.267  -28.079 0.2000000030
13677  -45.764  -82.395  -28.457 0.2000000030
12629  -43.099  -83.271  -31.884 0.1000000015
12675  -41.986  -83.089  -33.079 0.2000000030
14821  -44.406  -82.019  -28.839 0.2000000030
14822  -45.558  -81.527  -28.583 0.2000000030
14823  -45.995  -81.487  -28.688 0.1000000015
13706  -43.719  -82.802  -31.368 0.1000000015
12651  -42.830  -82.977  -32.462 0.1000000015
14841  -40.783  -81.324  -29.612 0.2000000030
14819  -41.913  -82.175  -29.163 0.3000000119
14844  -43.355  -81.681  -29.692 0.3000000119
17168  -38.815  -79.530  -30.144 0.2000000030
16054  -40.512  -80.833  -30.123 0.1000000015
14842  -41.318  -81.587  -29.896 0.3000000119
16057  -43.967  -81.098  -29.664 0.2000000030
13691  -45.211  -82.222  -30.057 0.1000000015
13707  -44.500  -81.974  -31.473 0.1000000015
13719  -43.350  -82.387  -32.621 0.1000000015
16053  -39.583  -80.222  -30.206 0.2000000030
16055  -41.735  -81.049  -30.559 0.2000000030
16056  -42.983  -81.040  -30.332 0.2000000030
14846  -45.813  -81.178  -29.657 0.1000000015
14899  -42.812  -82.114  -33.823 0.1000000015
17153  -44.819  -79.751  -29.208 0.1000000015
17140  -46.103  -79.817  -28.375 0.1000000015
16033  -46.350  -80.294  -28.855 0.1000000015
14845  -45.312  -81.524  -30.695 0.1000000015
14864  -45.161  -81.263  -31.441 0.1000000015
14900  -43.350  -81.677  -33.752 0.1000000015
14920  -42.587  -81.733  -34.515 0.1000000015
17154  -45.671  -79.346  -28.686 0.1000000015
16034  -46.692  -79.427  -29.093 0.1000000015
16058  -46.485  -79.897  -29.879 0.1000000015
16077  -45.771  -80.076  -31.107 0.1000000015
29559  -36.580  -68.148  -19.095 0.2000000030
18253  -38.233  -78.185  -30.251 0.2000000030
17169  -39.529  -79.416  -30.705 0.1000000015
17170  -40.274  -79.935  -30.660 0.1000000015
17171  -41.212  -80.047  -30.750 0.1000000015
17173  -43.852  -79.944  -29.970 0.1000000015
18256  -41.868  -79.551  -30.742 0.1000000015
17174  -44.743  -79.169  -29.486 0.1000000015
17141  -46.428  -79.296  -28.610 0.1000000015
14879  -43.939  -81.527  -33.039 0.1000000015
14865  -45.646  -80.797  -30.728 0.1000000015
18234  -46.920  -78.439  -28.607 0.1000000015
13655  -39.979  -83.029  -28.263 0.3000000119
12601  -38.352  -83.233  -31.065 0.3000000119
12603  -40.362  -83.804  -30.340 0.3000000119
12521  -42.920  -82.922  -25.316 0.4000000060
12584  -41.368  -83.710  -28.924 0.4000000060
12543  -43.302  -83.351  -25.850 0.4000000060
11615  -43.850  -84.331  -29.180 0.2000000030
12605  -42.587  -84.098  -30.933 0.2000000030
13659  -45.061  -82.550  -27.481 0.3000000119
12588  -45.526  -83.088  -28.154 0.2000000030
12650  -42.268  -83.359  -32.609 0.2000000030
13673  -42.084  -82.186  -28.553 0.3000000119
13658  -44.126  -82.516  -27.825 0.3000000119
13676  -45.510  -82.828  -29.098 0.2000000030
13690  -44.343  -82.781  -30.625 0.1000000015
13660  -45.579  -82.741  -27.628 0.4000000060
14797  -45.655  -82.186  -28.336 0.2000000030
13692  -45.999  -82.118  -29.161 0.1000000015
13718  -42.634  -82.818  -32.761 0.1000000015
14843  -42.367  -81.780  -29.991 0.3000000119
16032  -46.041  -80.412  -28.441 0.1000000015
13740  -42.963  -82.244  -33.443 0.1000000015
17172  -42.365  -80.147  -30.576 0.1000000015
16031  -44.989  -80.588  -29.005 0.1000000015
16010  -46.476  -79.589  -28.740 0.1000000015
14938  -41.996  -81.377  -35.714 0.1000000015
18257  -42.664  -79.204  -30.590 0.1000000015
12537  -36.919  -83.490  -26.095 0.3000000119
13611  -37.120  -83.051  -26.896 0.2000000030
12517  -37.412  -83.254  -25.561 0.2000000030
12538  -38.052  -83.392  -26.560 0.3000000119
13633  -37.824  -82.737  -27.737 0.2000000030
13632  -36.487  -82.281  -27.673 0.1000000015
13651  -37.168  -82.048  -28.814 0.1000000015
12556  -38.831  -83.086  -27.090 0.3000000119
14791  -36.309  -81.762  -28.680 0.1000000015
13652  -38.000  -82.318  -28.839 0.2000000030
14817  -36.535  -81.848  -29.411 0.1000000015
14840  -36.292  -81.889  -30.124 0.1000000015
13668  -36.919  -82.154  -29.991 0.1000000015
14839  -35.620  -81.716  -30.639 0.1000000015
13686  -36.430  -82.239  -31.040 0.1000000015
13685  -35.673  -82.350  -31.433 0.1000000015
12539  -39.173  -83.117  -26.525 0.3000000119
13634  -38.708  -82.828  -27.673 0.2000000030
13669  -37.674  -82.381  -29.741 0.2000000030
13704  -35.927  -83.047  -31.782 0.1000000015
14863  -35.037  -82.082  -31.503 0.1000000015
12519  -39.641  -82.816  -26.011 0.2000000030
13653  -38.693  -82.522  -28.542 0.2000000030
13688  -38.097  -82.756  -30.449 0.2000000030
13702  -34.424  -82.663  -32.257 0.1000000015
13703  -35.230  -82.858  -31.978 0.1000000015
12600  -37.862  -82.955  -31.110 0.1000000015
12622  -34.882  -83.314  -32.374 0.1000000015
12646  -34.573  -83.816  -32.895 0.1000000015
11655  -36.391  -84.306  -32.683 0.1000000015
11656  -36.808  -84.270  -32.562 0.1000000015
11676  -34.983  -84.132  -32.916 0.1000000015
12648  -35.922  -84.252  -32.723 0.1000000015
12520  -40.295  -82.699  -25.991 0.2000000030
11657  -37.752  -84.232  -32.442 0.1000000015
11679  -37.047  -84.574  -32.902 0.1000000015
11680  -38.047  -84.623  -32.882 0.1000000015
12691  -33.647  -83.529  -33.764 0.1000000015
11696  -35.444  -84.252  -33.162 0.1000000015
11678  -36.071  -84.420  -32.844 0.1000000015
12668  -35.695  -83.984  -33.478 0.1000000015
13635  -39.178  -82.931  -27.531 0.3000000119
13705  -36.676  -83.093  -31.571 0.1000000015
12647  -35.538  -84.176  -32.741 0.1000000015
13670  -38.476  -82.537  -29.554 0.2000000030
12555  -38.335  -83.125  -27.241 0.2000000030
13687  -37.360  -82.601  -30.896 0.1000000015
12666  -33.651  -83.583  -33.514 0.1000000015
12667  -34.533  -83.632  -33.398 0.1000000015
11697  -36.372  -84.383  -33.157 0.1000000015
12690  -33.108  -83.476  -34.025 0.1000000015
11658  -38.789  -84.219  -32.264 0.2000000030
12670  -37.789  -83.904  -33.414 0.1000000015
13735  -37.181  -83.102  -33.429 0.1000000015
12671  -38.786  -83.862  -33.696 0.2000000030
14914  -37.143  -81.456  -33.623 0.1000000015
11681  -39.063  -84.535  -32.817 0.2000000030
11699  -38.403  -84.431  -33.235 0.2000000030
14897  -37.597  -82.146  -33.547 0.2000000030
14915  -37.843  -81.314  -33.988 0.1000000015
13737  -39.019  -83.146  -34.068 0.2000000030
12672  -39.850  -83.534  -33.896 0.1000000015
11659  -39.682  -84.397  -32.096 0.2000000030
11700  -39.436  -84.354  -33.340 0.1000000015
14898  -38.350  -82.054  -33.901 0.1000000015
11682  -40.066  -84.507  -32.679 0.2000000030
11701  -40.446  -84.249  -33.291 0.1000000015
11637  -41.210  -84.246  -30.661 0.2000000030
11660  -40.656  -84.412  -31.782 0.2000000030
12673  -40.859  -83.706  -33.686 0.1000000015
11683  -41.117  -84.317  -32.516 0.1000000015
11702  -41.198  -84.080  -33.203 0.1000000015
12693  -40.668  -83.180  -34.204 0.1000000015
13610  -36.301  -83.047  -26.628 0.1000000015
17076  -36.959  -79.876  -21.882 0.2000000030
15908  -37.297  -81.011  -21.648 0.1000000015
18118  -36.912  -78.788  -19.288 0.1000000015
18133  -37.784  -79.458  -19.964 0.1000000015
19212  -34.046  -78.266  -19.263 0.1000000015
18132  -37.055  -78.817  -20.218 0.1000000015
19165  -33.211  -77.276  -16.908 0.2000000030
19181  -34.068  -77.413  -17.202 0.1000000015
18105  -36.734  -78.886  -18.527 0.1000000015
20286  -32.465  -76.988  -16.769 0.2000000030
19180  -33.185  -77.378  -17.749 0.1000000015
19197  -34.059  -77.925  -18.072 0.1000000015
18116  -35.163  -78.435  -18.783 0.1000000015
18117  -36.175  -78.527  -18.976 0.1000000015
12502  -36.662  -83.134  -24.619 0.2000000030
17077  -37.458  -80.580  -21.615 0.1000000015
18119  -37.388  -79.214  -19.483 0.1000000015
18106  -37.195  -79.043  -18.941 0.1000000015
18115  -34.505  -78.265  -18.406 0.1000000015
23509  -31.871  -73.571  -12.107 0.1000000015
22435  -31.213  -74.228  -12.647 0.1000000015
21331  -30.897  -75.350  -12.922 0.1000000015
19137  -30.768  -77.393  -14.079 0.1000000015
22434  -30.839  -74.725  -13.250 0.1000000015
22416  -32.717  -74.468  -11.214 0.1000000015
21312  -31.859  -75.275  -11.388 0.1000000015
20234  -31.415  -75.967  -11.673 0.1000000015
19101  -30.996  -77.482  -12.106 0.1000000015
22415  -31.848  -74.335  -11.752 0.1000000015
20233  -31.012  -76.429  -12.308 0.1000000015
19121  -30.780  -77.440  -13.012 0.1000000015
18023  -30.832  -78.516  -13.604 0.1000000015
23510  -32.650  -73.455  -11.677 0.1000000015
19077  -31.551  -77.505  -11.384 0.1000000015
22417  -33.716  -74.370  -11.066 0.1000000015
21313  -32.488  -75.493  -10.926 0.1000000015
20215  -31.847  -76.300  -11.210 0.1000000015
20214  -31.337  -76.637  -11.631 0.1000000015
23511  -33.571  -73.603  -11.369 0.1000000015
19076  -31.116  -77.010  -11.788 0.1000000015
18011  -30.966  -78.447  -12.533 0.1000000015
24659  -33.578  -72.814  -11.719 0.1000000015
25855  -34.983  -72.027  -12.430 0.1000000015
21294  -33.921  -75.852  -10.514 0.1000000015
21293  -33.149  -75.695  -10.600 0.1000000015
19078  -32.064  -76.898  -11.000 0.1000000015
22418  -34.627  -74.473  -11.050 0.1000000015
23512  -34.475  -73.708  -11.346 0.1000000015
24671  -35.475  -72.667  -12.282 0.1000000015
25854  -34.452  -71.651  -12.538 0.1000000015
30774  -36.557  -67.803  -19.682 0.1000000015
30823  -37.107  -67.987  -21.047 0.1000000015
24672  -36.243  -72.991  -12.414 0.1000000015
25863  -35.439  -71.731  -13.126 0.1000000015
29539  -36.645  -68.710  -18.628 0.1000000015
30802  -35.502  -67.826  -20.607 0.1000000015
29582  -35.885  -68.217  -20.858 0.1000000015
30775  -37.473  -67.613  -19.289 0.1000000015
29598  -38.662  -68.367  -21.542 0.1000000015
29597  -37.672  -68.434  -21.577 0.1000000015
22398  -33.851  -75.109  -10.839 0.1000000015
20195  -33.205  -76.568  -10.417 0.1000000015
19060  -32.423  -77.421  -10.710 0.1000000015
29596  -36.872  -68.493  -21.499 0.1000000015
20253  -30.767  -76.335  -13.486 0.1000000015
24658  -32.915  -72.672  -11.975 0.1000000015
21332  -31.315  -75.253  -12.076 0.1000000015
24660  -34.419  -73.027  -11.677 0.1000000015
24661  -34.977  -73.256  -11.694 0.1000000015
30804  -37.242  -67.607  -20.301 0.1000000015
19355  -38.688  -77.542  -30.622 0.1000000015
13585  -35.229  -82.906  -25.294 0.1000000015
13608  -34.417  -82.347  -25.940 0.1000000015
13609  -35.554  -82.874  -26.090 0.1000000015
13584  -34.410  -82.499  -24.964 0.1000000015
14730  -33.994  -81.788  -24.861 0.1000000015
13566  -34.828  -82.622  -24.339 0.1000000015
13567  -35.458  -83.080  -24.407 0.1000000015
14729  -33.383  -81.578  -25.277 0.1000000015
14712  -33.430  -81.382  -24.468 0.1000000015
14713  -34.329  -82.055  -24.207 0.1000000015
15945  -33.207  -81.004  -23.812 0.1000000015
9601  -34.571  -86.683  -20.558 0.1000000015
9637  -32.281  -86.321  -22.600 0.1000000015
9655  -31.454  -85.861  -23.485 0.1000000015
10590  -31.375  -85.277  -22.910 0.1000000015
11551  -30.827  -84.849  -23.250 0.1000000015
12536  -36.271  -83.361  -25.984 0.1000000015
10619  -30.322  -85.199  -24.249 0.1000000015
11538  -30.579  -83.936  -23.021 0.1000000015
14711  -32.691  -81.274  -24.907 0.1000000015
15944  -32.395  -80.912  -24.262 0.1000000015
11558  -29.638  -84.292  -24.525 0.1000000015
13549  -29.898  -82.674  -23.990 0.1000000015
14710  -30.571  -81.357  -24.502 0.1000000015
15962  -31.930  -81.094  -24.968 0.1000000015
15943  -31.471  -80.916  -24.487 0.1000000015
14693  -33.909  -81.374  -23.809 0.1000000015
11565  -29.256  -84.352  -25.578 0.1000000015
14709  -30.079  -81.679  -24.883 0.1000000015
15922  -31.542  -80.846  -23.665 0.1000000015
9600  -33.722  -86.494  -21.136 0.1000000015
10572  -33.144  -86.198  -21.395 0.1000000015
10571  -32.417  -85.535  -21.605 0.1000000015
12516  -36.283  -83.418  -25.206 0.1000000015
10591  -31.881  -85.632  -22.423 0.1000000015
10570  -31.743  -85.004  -22.241 0.1000000015
13550  -30.383  -82.346  -23.393 0.1000000015
14691  -30.708  -81.391  -23.670 0.1000000015
14676  -30.822  -81.713  -22.959 0.1000000015
14692  -31.200  -81.199  -23.033 0.1000000015
15923  -32.593  -80.709  -23.333 0.1000000015
9581  -34.528  -86.173  -19.910 0.1000000015
10551  -34.133  -86.086  -20.059 0.1000000015
10529  -35.793  -85.269  -18.879 0.1000000015
13552  -35.974  -83.114  -23.421 0.1000000015
10550  -33.433  -85.652  -20.518 0.1000000015
13551  -35.143  -82.607  -23.771 0.1000000015
12501  -36.301  -83.314  -24.105 0.1000000015
10549  -32.650  -85.178  -20.859 0.1000000015
14694  -34.663  -81.847  -23.265 0.1000000015
11523  -32.306  -84.762  -21.075 0.1000000015
11539  -31.064  -84.184  -22.573 0.1000000015
12477  -31.029  -83.105  -22.260 0.1000000015
12476  -30.570  -83.341  -22.977 0.1000000015
13536  -30.814  -82.358  -22.569 0.1000000015
15902  -31.836  -80.768  -22.680 0.1000000015
14677  -31.291  -81.475  -22.248 0.1000000015
11490  -35.349  -84.635  -18.623 0.1000000015
10528  -34.366  -85.517  -19.581 0.1000000015
11489  -34.743  -84.687  -18.945 0.1000000015
11468  -35.908  -84.374  -18.320 0.1000000015
12418  -37.522  -83.834  -17.937 0.1000000015
13538  -35.501  -82.517  -23.084 0.1000000015
11507  -33.290  -84.827  -19.954 0.1000000015
11488  -33.819  -84.562  -19.418 0.1000000015
11506  -32.687  -84.579  -20.433 0.1000000015
15903  -32.882  -80.541  -22.342 0.1000000015
15924  -33.789  -80.792  -23.118 0.1000000015
11522  -31.801  -84.491  -21.605 0.1000000015
15886  -32.017  -80.701  -21.523 0.1000000015
12465  -31.518  -83.320  -21.417 0.1000000015
13537  -31.211  -82.339  -21.789 0.1000000015
15925  -34.601  -81.285  -22.537 0.1000000015
13528  -31.465  -82.334  -21.069 0.1000000015
11505  -31.935  -84.060  -20.811 0.1000000015
15905  -35.028  -81.213  -21.790 0.1000000015
14663  -35.787  -81.732  -21.617 0.1000000015
15904  -33.998  -80.701  -22.037 0.1000000015
15887  -33.236  -80.390  -21.256 0.1000000015
11487  -33.096  -84.030  -19.808 0.1000000015
14662  -31.498  -81.574  -21.286 0.1000000015
15874  -31.903  -81.139  -20.766 0.1000000015
13515  -31.826  -82.693  -20.522 0.1000000015
14650  -31.721  -81.807  -20.504 0.1000000015
12449  -31.858  -83.381  -20.716 0.1000000015
15876  -33.792  -80.191  -20.194 0.1000000015
15888  -34.469  -80.573  -21.065 0.1000000015
11466  -34.163  -83.995  -18.690 0.1000000015
15875  -32.576  -80.652  -20.282 0.1000000015
14651  -32.103  -81.319  -20.338 0.1000000015
12450  -32.338  -83.422  -20.221 0.1000000015
15890  -36.233  -81.323  -20.892 0.1000000015
17050  -33.802  -79.992  -19.579 0.1000000015
11467  -35.006  -84.162  -18.361 0.1000000015
14641  -32.291  -81.751  -19.789 0.1000000015
12432  -32.821  -83.228  -19.482 0.1000000015
15878  -36.499  -80.849  -20.632 0.1000000015
12433  -33.467  -83.677  -19.147 0.1000000015
10506  -36.372  -84.730  -18.494 0.1000000015
10479  -38.002  -84.506  -16.646 0.1000000015
12400  -38.525  -83.803  -17.036 0.1000000015
12399  -38.128  -83.622  -17.367 0.1000000015
11448  -38.324  -84.073  -18.044 0.1000000015
9620  -32.834  -86.353  -21.970 0.1000000015
11550  -30.198  -84.237  -23.599 0.1000000015
12487  -30.082  -83.213  -23.584 0.1000000015
12486  -29.682  -83.494  -24.190 0.1000000015
13565  -30.165  -81.953  -24.192 0.1000000015
14727  -31.528  -81.062  -25.555 0.1000000015
10527  -33.670  -85.182  -19.812 0.1000000015
15889  -35.660  -81.216  -20.965 0.1000000015
11437  -38.575  -84.171  -16.944 0.1000000015
8047  -31.691  -88.429  -40.936 0.1000000015
8028  -32.008  -88.714  -40.076 0.1000000015
10831  -30.255  -85.567  -43.185 0.1000000015
10832  -30.683  -85.866  -43.388 0.1000000015
9880  -30.310  -86.284  -42.154 0.1000000015
9881  -30.948  -86.522  -41.646 0.1000000015
8068  -31.169  -88.297  -41.866 0.1000000015
11790  -30.023  -84.841  -43.927 0.1000000015
11789  -28.823  -84.199  -43.564 0.1000000015
12795  -28.459  -83.247  -44.214 0.1000000015
8048  -32.581  -88.021  -40.577 0.1000000015
8029  -32.838  -88.391  -39.636 0.1000000015
8013  -33.113  -88.696  -38.783 0.1000000015
8944  -33.002  -87.232  -40.276 0.1000000015
9882  -31.775  -86.856  -41.313 0.1000000015
8964  -31.583  -87.410  -41.815 0.1000000015
8069  -31.913  -87.899  -41.286 0.1000000015
7123  -32.409  -89.242  -39.199 0.1000000015
10820  -29.698  -85.782  -42.123 0.1000000015
8977  -30.936  -87.380  -42.797 0.1000000015
9897  -31.143  -86.797  -42.488 0.1000000015
11780  -29.304  -84.974  -42.832 0.1000000015
11779  -28.469  -84.197  -42.460 0.1000000015
12782  -27.945  -83.356  -43.152 0.1000000015
13866  -27.822  -82.442  -42.542 0.1000000015
10763  -30.781  -85.474  -37.138 0.1000000015
8872  -31.845  -87.751  -36.471 0.1000000015
9811  -31.486  -86.085  -37.107 0.1000000015
8030  -33.509  -88.008  -39.154 0.1000000015
8014  -33.867  -88.415  -38.331 0.1000000015
7090  -33.646  -89.169  -37.805 0.1000000015
7972  -34.093  -88.641  -36.811 0.1000000015
7971  -33.377  -88.735  -36.538 0.1000000015
8873  -32.979  -87.823  -36.636 0.1000000015
8049  -33.339  -87.721  -39.911 0.1000000015
6210  -33.483  -89.657  -37.387 0.1000000015
9865  -33.383  -86.583  -39.986 0.1000000015
7109  -32.970  -89.397  -38.395 0.1000000015
9883  -32.263  -86.824  -40.777 0.1000000015
11728  -31.150  -84.667  -37.280 0.1000000015
9802  -31.532  -86.609  -36.890 0.1000000015
11724  -30.419  -84.604  -36.966 0.1000000015
7973  -34.245  -88.488  -37.281 0.1000000015
8875  -34.241  -87.713  -37.210 0.1000000015
8874  -33.883  -87.831  -36.786 0.1000000015
8015  -34.272  -88.081  -38.073 0.1000000015
8906  -34.312  -87.612  -38.425 0.1000000015
9862  -31.556  -86.455  -40.790 0.1000000015
10821  -30.212  -86.128  -41.435 0.1000000015
10805  -29.732  -85.459  -40.953 0.1000000015
11771  -29.005  -84.768  -41.594 0.1000000015
11761  -28.797  -83.995  -40.961 0.1000000015
9864  -32.763  -86.641  -40.405 0.1000000015
8871  -30.918  -87.314  -36.430 0.1000000015
9803  -32.497  -86.908  -36.904 0.1000000015
9863  -32.237  -86.486  -40.608 0.1000000015
8861  -31.075  -88.070  -36.134 0.1000000015
9842  -34.356  -86.800  -39.177 0.1000000015
9841  -33.959  -86.635  -39.608 0.1000000015
8860  -30.382  -87.887  -36.067 0.1000000015
10772  -33.090  -84.808  -38.857 0.1000000015
11737  -33.314  -84.187  -38.569 0.1000000015
13800  -33.251  -82.531  -38.247 0.1000000015
9804  -33.516  -86.833  -37.073 0.1000000015
8886  -34.388  -87.637  -37.786 0.1000000015
9825  -34.612  -86.536  -38.445 0.1000000015
10774  -34.566  -85.429  -38.606 0.1000000015
10775  -35.147  -85.209  -37.991 0.1000000015
10773  -33.669  -85.004  -38.888 0.1000000015
11738  -34.314  -84.378  -38.315 0.1000000015
10768  -35.024  -85.389  -37.840 0.1000000015
9812  -34.191  -86.281  -37.382 0.1000000015
11732  -34.988  -84.690  -37.777 0.1000000015
12731  -32.893  -83.244  -38.546 0.1000000015
11739  -34.982  -84.723  -38.000 0.1000000015
6194  -33.469  -89.837  -37.074 0.1000000015
6237  -32.436  -89.691  -38.672 0.1000000015
7071  -34.005  -89.221  -37.186 0.1000000015
7072  -34.190  -88.833  -37.350 0.1000000015
7091  -34.033  -88.925  -37.490 0.1000000015
7110  -33.417  -88.947  -38.316 0.1000000015
7992  -33.939  -88.768  -37.784 0.1000000015
7993  -34.176  -88.485  -37.692 0.1000000015
8905  -34.006  -87.693  -38.859 0.1000000015
8923  -33.942  -87.321  -39.409 0.1000000015
8924  -34.355  -87.213  -38.928 0.1000000015
8945  -33.538  -87.091  -39.830 0.1000000015
8965  -32.265  -87.277  -40.905 0.1000000015
9636  -31.655  -85.964  -22.862 0.1000000015
9801  -30.584  -86.386  -36.770 0.1000000015
9805  -34.189  -87.062  -37.209 0.1000000015
9810  -31.166  -86.061  -37.162 0.1000000015
9813  -34.547  -86.435  -37.679 0.1000000015
9814  -34.994  -85.812  -37.991 0.1000000015
9826  -34.877  -85.705  -38.179 0.1000000015
9895  -30.269  -85.992  -42.604 0.1000000015
9896  -30.710  -86.216  -42.785 0.1000000015
9910  -30.932  -86.837  -43.089 0.1000000015
10480  -38.392  -84.359  -16.796 0.1000000015
10756  -31.731  -86.103  -37.068 0.1000000015
10764  -31.642  -85.561  -37.215 0.1000000015
10789  -34.325  -86.226  -39.162 0.1000000015
10808  -32.865  -85.993  -40.230 0.1000000015
10809  -33.224  -86.221  -40.119 0.1000000015
10841  -30.341  -85.296  -43.682 0.1000000015
10842  -30.611  -85.458  -43.881 0.1000000015
11469  -36.855  -84.309  -18.287 0.1000000015
11549  -29.745  -84.032  -24.046 0.1000000015
11598  -44.552  -83.952  -28.305 0.4000000060
11635  -39.405  -84.081  -31.650 0.3000000119
11677  -35.191  -84.323  -32.983 0.1000000015
11695  -34.969  -84.189  -33.088 0.1000000015
11733  -35.278  -84.952  -37.963 0.1000000015
11740  -35.215  -84.697  -37.875 0.1000000015
12386  -38.378  -83.771  -16.796 0.1000000015
12416  -35.538  -83.640  -17.866 0.1000000015
12522  -43.388  -82.866  -25.592 0.4000000060
12523  -43.604  -82.786  -25.841 0.4000000060
12563  -45.574  -83.032  -26.959 0.4000000060
12571  -39.931  -83.072  -27.983 0.3000000119
12576  -45.564  -83.081  -27.260 0.4000000060
12623  -35.379  -83.583  -32.383 0.1000000015
12692  -40.121  -82.990  -34.404 0.1000000015
13501  -32.089  -82.395  -20.095 0.1000000015
13614  -42.492  -82.809  -25.468 0.4000000060
13617  -44.477  -82.963  -26.749 0.4000000060
13638  -45.299  -82.974  -27.041 0.4000000060
13656  -42.357  -82.235  -28.210 0.3000000119
13674  -42.622  -82.363  -28.667 0.3000000119
13720  -44.138  -81.732  -32.419 0.1000000015
13736  -38.240  -82.990  -33.712 0.2000000030
13739  -42.298  -82.689  -33.514 0.1000000015
13754  -38.758  -82.529  -34.251 0.1000000015
14640  -31.915  -82.145  -20.196 0.1000000015
14714  -35.859  -80.929  -23.739 0.3000000119
14738  -43.159  -81.980  -25.617 0.4000000060
14754  -43.362  -82.112  -25.845 0.4000000060
14773  -41.826  -81.008  -27.337 0.4000000060
14792  -40.928  -81.168  -28.595 0.4000000060
14795  -44.817  -82.242  -27.935 0.2000000030
14820  -43.003  -82.227  -29.241 0.3000000119
14993  -40.055  -80.994  -38.303 0.1000000015
15010  -39.516  -80.893  -39.161 0.1000000015
15011  -39.797  -80.909  -38.898 0.1000000015
15921  -30.971  -80.980  -24.205 0.1000000015
15942  -30.936  -81.030  -24.770 0.1000000015
15961  -31.223  -81.024  -25.035 0.1000000015
16008  -46.097  -80.085  -28.388 0.1000000015
16009  -46.260  -79.952  -28.472 0.1000000015
16052  -39.189  -79.861  -30.240 0.2000000030
16059  -46.652  -79.436  -29.429 0.1000000015
16154  -43.736  -80.522  -35.482 0.1000000015
16199  -42.877  -79.513  -37.314 0.1000000015
16216  -37.350  -80.619  -39.684 0.1000000015
16221  -41.888  -79.635  -38.077 0.1000000015
16241  -39.907  -80.435  -39.218 0.1000000015
17142  -46.845  -78.988  -28.808 0.1000000015
17152  -39.384  -79.787  -28.904 0.3000000119
17156  -47.111  -78.827  -28.985 0.2000000030
17176  -46.841  -78.929  -29.442 0.2000000030
17246  -40.227  -79.141  -36.199 0.1000000015
17264  -40.521  -79.151  -36.693 0.1000000015
17267  -42.885  -79.304  -37.216 0.1000000015
17284  -42.263  -79.090  -37.840 0.1000000015
17303  -41.543  -79.190  -38.696 0.1000000015
17323  -39.792  -79.859  -39.649 0.1000000015
17325  -41.314  -78.969  -39.134 0.1000000015
17342  -39.677  -79.384  -40.090 0.1000000015
17343  -40.192  -79.212  -39.775 0.1000000015
17359  -38.167  -79.930  -41.072 0.1000000015
18102  -34.482  -78.148  -18.100 0.1000000015
18212  -39.786  -78.043  -26.514 0.5000000000
18214  -40.979  -78.940  -26.151 0.5000000000
18222  -39.849  -78.493  -27.707 0.4000000060
18235  -47.280  -78.350  -28.823 0.2000000030
18236  -47.511  -78.139  -28.918 0.1000000015
18250  -47.552  -77.991  -29.134 0.1000000015
18261  -47.414  -77.838  -29.264 0.1000000015
18272  -45.813  -78.425  -31.740 0.1000000015
18292  -40.490  -78.780  -35.362 0.1000000015
18313  -40.813  -79.149  -35.512 0.1000000015
18384  -41.360  -78.616  -38.959 0.1000000015
18406  -37.182  -78.448  -40.217 0.1000000015
18409  -41.062  -78.824  -39.272 0.1000000015
18435  -39.515  -78.717  -40.251 0.1000000015
18460  -37.967  -79.687  -41.223 0.1000000015
19225  -33.237  -77.279  -20.318 0.2000000030
19272  -34.027  -77.320  -23.938 0.4000000060
19321  -37.863  -77.689  -28.793 0.4000000060
19322  -38.604  -77.700  -28.241 0.3000000119
19324  -47.053  -77.890  -28.608 0.1000000015
19326  -47.429  -78.048  -28.702 0.1000000015
19342  -47.260  -77.760  -28.932 0.1000000015
19343  -47.532  -77.914  -28.876 0.1000000015
19363  -47.455  -77.767  -29.023 0.1000000015
19375  -46.275  -77.556  -32.099 0.1000000015
19494  -39.990  -77.582  -39.010 0.1000000015
19495  -40.446  -77.636  -38.917 0.1000000015
19511  -40.413  -77.753  -39.204 0.1000000015
19528  -38.164  -78.480  -40.496 0.1000000015
19530  -39.422  -78.057  -40.050 0.1000000015
20216  -32.483  -76.379  -10.733 0.1000000015
20318  -32.529  -76.919  -18.228 0.2000000030
20370  -33.322  -77.165  -20.595 0.2000000030
20448  -39.186  -76.886  -27.215 0.5000000000
20509  -47.657  -76.100  -32.691 0.1000000015
20526  -47.472  -76.071  -33.404 0.1000000015
20543  -42.293  -77.117  -34.741 0.1000000015
20548  -47.184  -75.881  -34.010 0.1000000015
21612  -47.489  -75.749  -31.937 0.1000000015
21613  -47.815  -75.868  -31.930 0.1000000015
21635  -47.676  -75.652  -32.516 0.1000000015
21654  -46.708  -75.041  -33.177 0.1000000015
21655  -47.575  -75.612  -33.298 0.1000000015
21673  -47.329  -75.645  -34.805 0.1000000015
21716  -40.297  -75.542  -35.854 0.1000000015
22397  -33.156  -74.994  -10.857 0.1000000015
22607  -40.827  -74.423  -24.002 0.1000000015
22626  -32.677  -73.811  -24.550 0.5000000000
22732  -47.476  -75.319  -32.986 0.1000000015
22802  -47.350  -74.786  -34.861 0.1000000015
22835  -40.654  -74.461  -36.761 0.1000000015
22858  -45.159  -73.689  -38.550 0.1000000015
23513  -35.535  -73.704  -11.569 0.1000000015
23525  -32.324  -72.979  -12.166 0.1000000015
23526  -36.008  -73.251  -12.112 0.1000000015
23541  -31.004  -73.415  -13.931 0.3000000119
23618  -42.443  -73.443  -17.799 0.1000000015
23667  -32.359  -74.406  -21.265 0.3000000119
23694  -38.938  -73.218  -23.695 0.1000000015
23705  -38.923  -73.247  -23.955 0.1000000015
23727  -40.053  -73.103  -24.196 0.1000000015
23895  -41.896  -72.803  -35.187 0.1000000015
23953  -46.050  -73.525  -37.248 0.1000000015
23989  -44.287  -73.102  -39.958 0.1000000015
24013  -44.254  -72.882  -40.290 0.1000000015
24670  -34.435  -72.303  -12.013 0.1000000015
24696  -31.360  -71.705  -14.381 0.3000000119
24714  -31.222  -71.521  -15.022 0.3000000119
24733  -36.679  -71.772  -16.067 0.1000000015
24751  -37.250  -72.264  -17.562 0.1000000015
24771  -36.860  -71.862  -17.935 0.1000000015
24775  -41.151  -73.286  -18.029 0.1000000015
24776  -41.618  -73.296  -17.908 0.1000000015
24829  -37.830  -71.701  -23.453 0.1000000015
24846  -37.896  -71.636  -23.620 0.1000000015
24849  -39.029  -73.121  -24.110 0.1000000015
24870  -31.699  -71.929  -23.937 0.4000000060
24871  -31.896  -72.291  -24.230 0.4000000060
24872  -38.144  -71.844  -24.164 0.1000000015
25035  -41.179  -72.800  -35.109 0.1000000015
25045  -38.665  -71.985  -34.951 0.1000000015
25064  -45.149  -71.846  -36.447 0.1000000015
25117  -45.023  -72.068  -38.662 0.1000000015
25118  -45.347  -72.620  -38.907 0.1000000015
25142  -45.332  -72.846  -39.230 0.1000000015
25168  -44.494  -72.418  -40.033 0.1000000015
25852  -32.847  -71.412  -12.899 0.2000000030
25859  -31.766  -71.016  -13.972 0.3000000119
25864  -36.081  -72.030  -13.342 0.1000000015
25874  -34.884  -70.748  -14.203 0.2000000030
25877  -36.950  -71.952  -14.543 0.1000000015
25894  -36.136  -71.424  -15.298 0.1000000015
25939  -36.121  -71.312  -17.306 0.1000000015
25944  -41.291  -71.601  -17.472 0.1000000015
26030  -32.091  -71.129  -23.958 0.4000000060
26033  -38.199  -70.989  -23.762 0.1000000015
26051  -31.817  -71.777  -24.096 0.4000000060
26053  -38.122  -71.762  -24.020 0.1000000015
26222  -38.572  -71.445  -35.241 0.1000000015
26227  -44.161  -71.447  -36.219 0.1000000015
26242  -42.359  -70.715  -36.504 0.1000000015
26246  -45.490  -72.037  -37.532 0.1000000015
26263  -44.663  -71.629  -37.846 0.1000000015
26287  -44.052  -71.086  -38.255 0.1000000015
26317  -44.546  -71.820  -39.392 0.1000000015
27028  -32.546  -70.475  -14.082 0.2000000030
27040  -31.805  -70.379  -14.982 0.3000000119
27041  -32.519  -70.084  -14.769 0.2000000030
27056  -31.687  -70.030  -15.601 0.3000000119
27076  -31.138  -70.585  -16.341 0.3000000119
27104  -36.035  -70.861  -17.866 0.1000000015
27105  -38.024  -70.189  -17.733 0.1000000015
27135  -37.983  -70.969  -17.942 0.1000000015
27217  -37.965  -70.800  -23.645 0.1000000015
27237  -32.021  -70.411  -24.212 0.3000000119
27238  -32.218  -70.592  -24.499 0.4000000060
27287  -34.355  -70.339  -26.676 0.2000000030
27288  -34.744  -70.072  -26.845 0.3000000119
27351  -47.421  -70.177  -30.924 0.1000000015
27375  -47.125  -70.236  -31.211 0.1000000015
27376  -47.405  -70.068  -31.122 0.1000000015
27413  -37.744  -71.055  -35.063 0.1000000015
27428  -37.540  -70.465  -35.176 0.1000000015
27432  -41.343  -70.466  -36.355 0.1000000015
27450  -41.436  -70.126  -36.712 0.1000000015
27453  -43.812  -70.896  -37.240 0.1000000015
27492  -41.471  -69.846  -38.606 0.1000000015
28209  -33.213  -69.574  -15.113 0.2000000030
28225  -32.516  -69.282  -15.749 0.2000000030
28227  -34.031  -69.644  -15.413 0.2000000030
28242  -31.727  -69.399  -16.664 0.2000000030
28264  -35.401  -69.599  -18.073 0.2000000030
28348  -35.985  -68.696  -21.511 0.2000000030
28408  -36.504  -69.199  -23.488 0.1000000015
28457  -34.121  -69.842  -26.413 0.2000000030
28486  -36.649  -70.249  -28.169 0.2000000030
28509  -38.259  -70.268  -29.070 0.2000000030
28536  -47.437  -69.434  -30.860 0.1000000015
28563  -47.513  -69.969  -30.953 0.1000000015
28646  -41.088  -69.804  -36.932 0.1000000015
28659  -41.222  -69.961  -37.625 0.1000000015
28669  -40.028  -69.174  -38.150 0.1000000015
29465  -32.926  -68.662  -16.022 0.2000000030
29506  -32.292  -68.269  -17.518 0.2000000030
29536  -31.558  -68.706  -18.732 0.3000000119
29581  -35.686  -68.115  -20.908 0.1000000015
29593  -32.030  -68.028  -21.648 0.3000000119
29595  -36.236  -68.407  -21.237 0.1000000015
29617  -34.846  -67.859  -22.123 0.1000000015
29627  -32.418  -68.445  -23.631 0.3000000119
29651  -33.321  -68.265  -24.931 0.1000000015
29680  -36.676  -67.837  -26.171 0.1000000015
29704  -34.110  -69.234  -26.409 0.2000000030
29832  -46.948  -69.298  -31.122 0.1000000015
29833  -47.314  -69.345  -30.997 0.1000000015
29926  -39.341  -68.352  -37.499 0.1000000015
29938  -41.072  -69.162  -38.867 0.1000000015
29950  -41.006  -68.467  -39.092 0.1000000015
30717  -31.767  -68.141  -18.270 0.2000000030
30771  -33.156  -67.127  -19.277 0.3000000119
30799  -32.630  -67.269  -20.317 0.3000000119
30822  -36.636  -68.196  -21.096 0.1000000015
30875  -32.715  -68.063  -23.977 0.3000000119
30900  -37.418  -67.696  -25.656 0.1000000015
30920  -37.607  -67.822  -26.287 0.2000000030
31922  -33.795  -67.043  -19.111 0.3000000119
31948  -33.061  -66.969  -19.664 0.3000000119
31950  -34.070  -66.854  -19.466 0.3000000119
31977  -32.992  -66.818  -19.950 0.3000000119
31978  -33.581  -66.730  -20.216 0.3000000119
31994  -33.397  -66.955  -20.970 0.2000000030
32279  -40.013  -66.858  -38.135 0.1000000015
32281  -41.921  -66.482  -38.917 0.1000000015
33405  -38.992  -66.035  -37.451 0.1000000015
34485  -37.948  -64.910  -36.195 0.1000000015
35584  -38.632  -63.957  -36.481 0.1000000015
35603  -40.154  -63.611  -37.208 0.1000000015
40179  -34.695  -60.100  -30.018 0.1000000015
