#!ascii label  , from subject 3358 vox2ras=TkReg
582
92201  -31.293  -14.293  -41.069 0.0000000000
97677  -29.639  -9.410  -44.424 0.0000000000
115497  -30.070  7.930  -46.634 0.0000000000
111250  -31.561  2.860  -47.842 0.0000000000
104280  -32.521  -3.120  -47.714 0.0000000000
98698  -34.369  -8.311  -42.569 0.0000000000
118722  -29.160  10.190  -46.178 0.0000000000
155383  -32.113  -0.385  -48.393 0.0000000000
104252  -30.938  -2.605  -44.702 0.0000000000
94289  -30.592  -12.305  -43.350 0.0000000000
97686  -32.718  -9.264  -45.165 0.0000000000
95328  -33.130  -11.570  -41.712 0.0000000000
87799  -26.048  -19.055  -38.715 0.0000000000
92197  -27.671  -14.403  -41.635 0.0000000000
124871  -25.597  16.664  -45.639 0.0000000000
121950  -26.007  13.745  -47.890 0.0000000000
119833  -26.177  11.331  -48.820 0.0000000000
116618  -26.853  9.339  -49.973 0.0000000000
114481  -27.611  6.975  -51.290 0.0000000000
113341  -30.834  5.375  -47.618 0.0000000000
112345  -28.883  4.916  -52.229 0.0000000000
112340  -32.160  3.851  -51.225 0.0000000000
110168  -33.284  2.083  -48.184 0.0000000000
107286  -34.766  -0.409  -45.762 0.0000000000
102113  -31.587  -5.576  -44.991 0.0000000000
102126  -33.582  -5.174  -46.462 0.0000000000
106299  -30.487  -1.399  -44.787 0.0000000000
105300  -28.652  -2.584  -44.739 0.0000000000
93228  -30.905  -13.847  -42.431 0.0000000000
94291  -32.067  -11.846  -42.983 0.0000000000
94242  -32.461  -13.465  -41.192 0.0000000000
82062  -24.968  -22.783  -35.165 0.0000000000
83194  -25.575  -22.315  -35.845 0.0000000000
84423  -26.343  -21.047  -36.306 0.0000000000
94270  -27.596  -12.445  -42.389 0.0000000000
93206  -26.410  -13.660  -41.220 0.0000000000
121972  -26.238  12.999  -48.300 0.0000000000
117621  -29.780  9.147  -46.640 0.0000000000
118749  -28.421  10.052  -48.172 0.0000000000
116610  -28.778  8.606  -48.491 0.0000000000
115532  -27.342  7.682  -50.458 0.0000000000
115523  -28.544  7.559  -49.385 0.0000000000
112302  -30.881  4.531  -48.464 0.0000000000
113355  -29.891  5.110  -49.570 0.0000000000
112329  -29.813  3.566  -50.459 0.0000000000
111291  -30.837  4.093  -52.306 0.0000000000
110194  -30.562  2.518  -50.258 0.0000000000
104296  -32.585  -1.250  -48.415 0.0000000000
155401  -32.381  0.928  -49.553 0.0000000000
155393  -33.220  -1.151  -48.562 0.0000000000
110175  -33.842  0.907  -47.531 0.0000000000
105324  -33.921  -1.557  -47.630 0.0000000000
99824  -29.010  -7.632  -44.354 0.0000000000
102121  -29.758  -5.463  -44.541 0.0000000000
99833  -30.637  -7.483  -44.514 0.0000000000
97668  -33.876  -9.089  -44.053 0.0000000000
99837  -33.554  -6.795  -45.475 0.0000000000
100969  -34.629  -6.564  -44.161 0.0000000000
103205  -34.549  -4.508  -44.839 0.0000000000
100960  -34.617  -6.480  -42.965 0.0000000000
86757  -27.373  -19.325  -38.419 0.0000000000
87819  -26.764  -18.026  -39.600 0.0000000000
87801  -27.528  -18.447  -38.890 0.0000000000
88927  -28.354  -16.895  -40.202 0.0000000000
110155  -31.348  1.935  -45.206 0.0000000000
110174  -31.750  1.602  -47.436 0.0000000000
109188  -32.234  0.482  -45.989 0.0000000000
108247  -32.173  -1.007  -46.341 0.0000000000
104279  -31.869  -2.451  -47.070 0.0000000000
96501  -30.186  -10.682  -44.117 0.0000000000
97684  -31.224  -9.364  -45.208 0.0000000000
95364  -31.587  -11.225  -44.732 0.0000000000
97656  -33.187  -10.345  -43.517 0.0000000000
97640  -33.739  -9.991  -42.222 0.0000000000
85607  -26.971  -20.341  -37.355 0.0000000000
96507  -28.407  -10.113  -43.542 0.0000000000
95350  -28.373  -11.471  -43.406 0.0000000000
93226  -29.345  -13.461  -42.291 0.0000000000
92199  -29.782  -15.060  -41.930 0.0000000000
125745  -23.818  18.321  -45.932 0.0000000000
123926  -26.830  15.996  -44.927 0.0000000000
123942  -26.273  15.478  -46.487 0.0000000000
120899  -24.206  12.629  -48.710 0.0000000000
119845  -24.568  11.824  -49.083 0.0000000000
118767  -24.635  10.531  -50.628 0.0000000000
118734  -28.108  10.974  -47.664 0.0000000000
118757  -26.158  10.373  -49.056 0.0000000000
116626  -24.192  9.219  -50.882 0.0000000000
117668  -25.095  8.652  -52.508 0.0000000000
116650  -26.413  7.890  -53.043 0.0000000000
115558  -27.219  7.930  -53.294 0.0000000000
115508  -30.370  6.922  -47.486 0.0000000000
114473  -29.229  6.517  -49.700 0.0000000000
113379  -27.960  5.757  -52.007 0.0000000000
115552  -28.814  7.295  -52.877 0.0000000000
114492  -29.548  6.379  -51.766 0.0000000000
113375  -32.689  5.313  -50.230 0.0000000000
109211  -31.429  1.056  -49.804 0.0000000000
111258  -32.761  2.908  -49.599 0.0000000000
104264  -29.232  -3.657  -44.728 0.0000000000
103216  -31.088  -4.585  -44.767 0.0000000000
103235  -32.053  -5.030  -47.688 0.0000000000
99835  -32.465  -7.290  -45.488 0.0000000000
102124  -32.601  -5.654  -45.873 0.0000000000
103229  -33.441  -4.275  -47.142 0.0000000000
104268  -34.382  -3.321  -45.712 0.0000000000
105304  -34.468  -2.313  -44.973 0.0000000000
91175  -27.685  -15.176  -40.969 0.0000000000
90053  -29.338  -16.155  -40.786 0.0000000000
90035  -30.466  -16.027  -39.584 0.0000000000
93211  -31.247  -14.043  -41.903 0.0000000000
94258  -31.317  -13.615  -42.338 0.0000000000
92202  -32.004  -14.288  -40.711 0.0000000000
93192  -32.478  -13.849  -40.651 0.0000000000
92157  -31.997  -14.897  -39.762 0.0000000000
82044  -26.031  -22.874  -33.924 0.0000000000
83173  -25.694  -22.486  -34.659 0.0000000000
117610  -30.153  8.651  -45.731 0.0000000000
116602  -28.853  8.916  -47.765 0.0000000000
116603  -29.416  8.470  -47.636 0.0000000000
115514  -29.070  7.946  -48.663 0.0000000000
116611  -29.234  8.119  -48.301 0.0000000000
111244  -31.558  2.827  -46.877 0.0000000000
112288  -31.343  3.822  -46.475 0.0000000000
112303  -31.374  3.952  -48.277 0.0000000000
112310  -30.657  4.167  -49.228 0.0000000000
111264  -30.250  2.962  -49.676 0.0000000000
110193  -29.974  2.965  -50.394 0.0000000000
111256  -30.564  2.808  -49.004 0.0000000000
104289  -32.648  -2.159  -48.624 0.0000000000
155385  -32.823  -1.317  -49.266 0.0000000000
105323  -33.247  -2.024  -48.749 0.0000000000
155389  -33.330  -1.136  -47.808 0.0000000000
104291  -33.707  -2.244  -48.177 0.0000000000
98734  -28.869  -8.468  -44.223 0.0000000000
99832  -29.672  -7.250  -44.430 0.0000000000
99825  -29.924  -7.961  -44.328 0.0000000000
98715  -34.391  -8.224  -43.730 0.0000000000
99817  -34.428  -7.462  -44.399 0.0000000000
99808  -34.506  -7.421  -43.305 0.0000000000
99791  -34.633  -7.402  -41.971 0.0000000000
109177  -31.103  0.980  -44.596 0.0000000000
110156  -32.223  1.319  -45.603 0.0000000000
108223  -30.534  0.183  -44.498 0.0000000000
106313  -30.859  -1.849  -44.919 0.0000000000
107285  -31.278  -0.845  -45.246 0.0000000000
106314  -31.188  -1.623  -45.185 0.0000000000
105303  -31.687  -2.428  -45.623 0.0000000000
95352  -30.208  -11.443  -43.758 0.0000000000
95363  -30.763  -11.035  -44.426 0.0000000000
95353  -31.132  -11.712  -43.994 0.0000000000
95338  -32.766  -11.843  -42.757 0.0000000000
95354  -32.160  -11.440  -43.712 0.0000000000
95339  -33.220  -11.167  -42.452 0.0000000000
96492  -33.246  -10.405  -42.668 0.0000000000
96479  -33.638  -10.681  -41.700 0.0000000000
82042  -24.602  -23.727  -34.729 0.0000000000
80920  -24.077  -24.271  -35.095 0.0000000000
85592  -26.649  -20.515  -36.908 0.0000000000
85593  -27.443  -20.265  -36.830 0.0000000000
95361  -28.724  -10.746  -43.585 0.0000000000
93224  -27.949  -13.446  -42.121 0.0000000000
94271  -28.215  -12.893  -42.882 0.0000000000
93208  -28.864  -13.796  -41.794 0.0000000000
93209  -29.594  -14.098  -41.888 0.0000000000
92198  -28.770  -14.543  -41.619 0.0000000000
125747  -25.993  17.337  -45.031 0.0000000000
125733  -24.739  18.480  -44.974 0.0000000000
125746  -25.138  17.700  -45.361 0.0000000000
124870  -24.512  16.995  -45.952 0.0000000000
124887  -25.213  16.402  -46.631 0.0000000000
122942  -26.595  14.779  -46.703 0.0000000000
123943  -26.936  15.308  -46.206 0.0000000000
122941  -25.987  14.979  -46.782 0.0000000000
123941  -25.654  15.556  -46.904 0.0000000000
122954  -25.734  14.428  -47.519 0.0000000000
122971  -24.641  14.329  -48.179 0.0000000000
121970  -24.784  13.464  -48.477 0.0000000000
120902  -26.644  12.051  -48.454 0.0000000000
119831  -24.767  12.135  -48.697 0.0000000000
119832  -25.303  11.811  -48.750 0.0000000000
119857  -24.300  11.652  -50.315 0.0000000000
119846  -25.508  11.350  -49.771 0.0000000000
118721  -28.717  10.764  -46.582 0.0000000000
117650  -26.941  9.457  -49.383 0.0000000000
117641  -27.175  9.739  -48.674 0.0000000000
117649  -26.349  9.762  -49.782 0.0000000000
117659  -25.089  9.641  -50.537 0.0000000000
117660  -25.875  9.464  -50.522 0.0000000000
116638  -24.615  8.816  -51.220 0.0000000000
115530  -26.054  8.589  -50.827 0.0000000000
115541  -26.544  8.213  -51.326 0.0000000000
115542  -27.432  7.880  -51.942 0.0000000000
115557  -26.735  7.787  -53.153 0.0000000000
115550  -27.108  7.448  -52.892 0.0000000000
114441  -31.356  5.216  -45.674 0.0000000000
114440  -30.938  5.907  -45.454 0.0000000000
114448  -30.861  5.986  -46.855 0.0000000000
115516  -30.382  6.753  -48.191 0.0000000000
114465  -30.271  6.261  -48.743 0.0000000000
112327  -28.665  4.863  -50.939 0.0000000000
113373  -28.958  5.216  -50.689 0.0000000000
112344  -28.241  5.150  -52.094 0.0000000000
114501  -28.806  6.401  -53.090 0.0000000000
113388  -29.246  5.515  -52.577 0.0000000000
115543  -29.020  6.940  -52.041 0.0000000000
114502  -29.495  6.161  -52.731 0.0000000000
111280  -31.215  3.522  -51.976 0.0000000000
113391  -31.101  4.892  -51.789 0.0000000000
112330  -31.836  4.856  -51.015 0.0000000000
113374  -32.026  5.544  -50.713 0.0000000000
112331  -32.344  4.420  -50.727 0.0000000000
109205  -31.607  0.980  -48.717 0.0000000000
155404  -32.900  1.326  -49.105 0.0000000000
155406  -32.638  1.657  -49.416 0.0000000000
155408  -32.764  2.202  -49.128 0.0000000000
111266  -32.758  3.963  -49.495 0.0000000000
111259  -32.952  3.297  -49.036 0.0000000000
108254  -34.274  0.631  -46.818 0.0000000000
108238  -34.969  0.359  -45.240 0.0000000000
103213  -28.232  -4.460  -44.730 0.0000000000
102112  -31.187  -5.499  -44.649 0.0000000000
102122  -30.585  -5.245  -44.578 0.0000000000
103204  -31.887  -4.997  -44.950 0.0000000000
103217  -31.856  -4.528  -45.614 0.0000000000
102132  -31.879  -5.356  -46.419 0.0000000000
97685  -32.094  -9.253  -45.139 0.0000000000
98745  -31.504  -8.431  -44.909 0.0000000000
98746  -32.549  -8.406  -45.338 0.0000000000
100995  -33.754  -6.194  -45.519 0.0000000000
100994  -33.120  -6.271  -45.612 0.0000000000
102125  -33.065  -5.491  -46.183 0.0000000000
102134  -32.998  -5.466  -47.573 0.0000000000
104282  -34.053  -3.052  -47.319 0.0000000000
103218  -34.141  -4.363  -46.164 0.0000000000
104253  -34.459  -3.437  -44.327 0.0000000000
105288  -34.548  -2.414  -43.766 0.0000000000
88912  -29.383  -16.891  -38.992 0.0000000000
90033  -28.909  -16.715  -40.299 0.0000000000
90034  -29.559  -16.583  -39.842 0.0000000000
90054  -29.935  -16.164  -40.253 0.0000000000
90015  -29.966  -16.515  -38.987 0.0000000000
107272  -29.976  -0.542  -44.622 0.0000000000
105285  -29.278  -2.058  -44.529 0.0000000000
105301  -29.625  -2.801  -44.498 0.0000000000
94274  -31.096  -13.122  -42.785 0.0000000000
94290  -31.495  -12.101  -43.215 0.0000000000
94275  -32.001  -12.421  -42.594 0.0000000000
95314  -32.484  -12.800  -41.241 0.0000000000
95315  -32.806  -12.059  -40.844 0.0000000000
94243  -32.776  -12.970  -40.429 0.0000000000
93193  -32.736  -13.596  -39.822 0.0000000000
84422  -25.393  -21.704  -36.771 0.0000000000
84408  -26.154  -21.797  -35.946 0.0000000000
94257  -26.820  -12.643  -41.625 0.0000000000
93207  -27.281  -13.512  -41.777 0.0000000000
92196  -26.904  -14.195  -41.670 0.0000000000
125748  -26.300  17.077  -44.848 0.0000000000
122955  -27.014  13.994  -47.026 0.0000000000
121951  -26.502  13.349  -47.815 0.0000000000
121952  -27.566  13.212  -47.306 0.0000000000
120881  -27.184  12.369  -47.943 0.0000000000
118736  -29.286  9.842  -46.952 0.0000000000
117633  -29.152  9.397  -47.409 0.0000000000
117642  -28.100  9.495  -48.620 0.0000000000
116619  -27.293  8.775  -49.944 0.0000000000
116630  -26.908  8.418  -50.438 0.0000000000
115522  -27.653  8.071  -49.620 0.0000000000
115533  -27.957  7.001  -50.012 0.0000000000
113349  -30.861  4.738  -47.914 0.0000000000
113356  -30.051  5.257  -49.114 0.0000000000
112309  -30.118  4.800  -49.419 0.0000000000
112318  -30.043  4.625  -49.918 0.0000000000
112338  -29.454  4.419  -51.607 0.0000000000
112346  -29.797  4.673  -52.032 0.0000000000
111278  -29.842  3.474  -51.232 0.0000000000
111279  -30.464  3.287  -51.707 0.0000000000
110205  -31.139  2.535  -51.426 0.0000000000
155388  -32.078  -0.353  -49.619 0.0000000000
155386  -32.289  -0.786  -49.597 0.0000000000
155400  -33.013  0.014  -49.582 0.0000000000
155399  -33.389  0.421  -48.990 0.0000000000
155396  -33.624  -0.416  -47.745 0.0000000000
107295  -33.920  0.180  -47.156 0.0000000000
105317  -34.212  -1.272  -46.730 0.0000000000
102120  -28.949  -5.358  -44.782 0.0000000000
100981  -29.012  -6.625  -44.429 0.0000000000
100990  -29.861  -6.489  -44.449 0.0000000000
100991  -30.979  -6.169  -44.478 0.0000000000
98727  -33.659  -9.057  -44.784 0.0000000000
98737  -33.586  -8.312  -45.494 0.0000000000
98738  -34.105  -8.013  -45.464 0.0000000000
100984  -34.299  -6.666  -44.930 0.0000000000
102114  -34.412  -5.619  -45.192 0.0000000000
102099  -35.044  -5.585  -43.973 0.0000000000
103191  -34.797  -4.511  -43.554 0.0000000000
104241  -34.547  -3.423  -43.046 0.0000000000
102090  -34.655  -5.480  -42.660 0.0000000000
87818  -25.823  -18.283  -39.048 0.0000000000
87800  -26.624  -18.791  -38.786 0.0000000000
87827  -27.068  -17.635  -40.111 0.0000000000
88926  -27.791  -16.845  -40.379 0.0000000000
88887  -28.097  -17.681  -39.068 0.0000000000
88888  -29.004  -17.539  -38.657 0.0000000000
111235  -31.308  2.945  -45.927 0.0000000000
110181  -31.376  2.059  -48.284 0.0000000000
155403  -32.105  0.995  -47.276 0.0000000000
155405  -32.197  0.351  -47.569 0.0000000000
108224  -31.362  -0.033  -44.813 0.0000000000
108237  -31.999  -0.277  -46.225 0.0000000000
155384  -32.241  -0.252  -47.317 0.0000000000
155382  -32.765  -0.898  -47.535 0.0000000000
104288  -32.161  -2.078  -48.126 0.0000000000
97678  -30.370  -9.465  -44.913 0.0000000000
96510  -30.336  -10.298  -44.734 0.0000000000
95370  -31.531  -10.729  -45.219 0.0000000000
96512  -32.660  -10.363  -44.864 0.0000000000
95365  -32.353  -11.063  -44.620 0.0000000000
97667  -33.445  -9.909  -44.346 0.0000000000
97657  -33.567  -9.628  -43.142 0.0000000000
97641  -34.312  -9.364  -42.143 0.0000000000
96480  -34.003  -9.957  -41.524 0.0000000000
95295  -33.570  -12.216  -39.850 0.0000000000
80883  -23.879  -24.684  -33.932 0.0000000000
85618  -25.552  -20.089  -38.459 0.0000000000
85591  -25.863  -20.696  -37.135 0.0000000000
85619  -25.986  -20.195  -38.218 0.0000000000
86756  -26.403  -19.808  -38.449 0.0000000000
86739  -27.277  -20.043  -37.741 0.0000000000
86720  -27.972  -19.836  -37.052 0.0000000000
97676  -28.903  -9.187  -43.974 0.0000000000
96508  -28.949  -10.078  -43.791 0.0000000000
96500  -29.737  -10.790  -43.779 0.0000000000
94288  -29.645  -12.128  -43.060 0.0000000000
94286  -27.999  -12.215  -43.292 0.0000000000
94287  -28.726  -12.127  -43.029 0.0000000000
94273  -29.985  -12.954  -42.787 0.0000000000
93227  -30.242  -13.650  -42.370 0.0000000000
93210  -30.431  -14.339  -42.153 0.0000000000
92200  -30.591  -14.653  -41.631 0.0000000000
123922  -26.949  15.927  -44.217 0.0000000000
124872  -26.435  16.773  -45.142 0.0000000000
123931  -26.404  15.890  -45.694 0.0000000000
123930  -25.802  15.967  -46.243 0.0000000000
124898  -25.255  16.003  -47.132 0.0000000000
123952  -25.095  15.545  -47.405 0.0000000000
120900  -25.134  12.615  -48.564 0.0000000000
120916  -23.798  12.422  -49.499 0.0000000000
120928  -22.598  12.356  -50.110 0.0000000000
119856  -23.035  11.607  -50.489 0.0000000000
118765  -22.360  11.048  -50.716 0.0000000000
118766  -23.575  10.632  -50.877 0.0000000000
119816  -27.728  11.506  -47.792 0.0000000000
119834  -27.047  11.373  -48.294 0.0000000000
118748  -27.776  10.512  -48.180 0.0000000000
118747  -26.734  10.457  -48.572 0.0000000000
119847  -26.079  10.941  -49.436 0.0000000000
118768  -25.467  10.595  -50.422 0.0000000000
117658  -24.312  9.670  -50.819 0.0000000000
118779  -23.629  10.338  -51.640 0.0000000000
118780  -24.161  9.835  -52.167 0.0000000000
116648  -24.688  8.425  -53.064 0.0000000000
115540  -25.915  8.315  -50.997 0.0000000000
116649  -25.269  8.128  -52.890 0.0000000000
115489  -30.512  7.121  -45.019 0.0000000000
115498  -30.371  7.270  -46.259 0.0000000000
115515  -29.767  7.465  -48.492 0.0000000000
115524  -29.422  7.147  -49.288 0.0000000000
114482  -27.996  6.523  -50.652 0.0000000000
113363  -29.552  5.429  -50.045 0.0000000000
114483  -28.782  5.995  -50.410 0.0000000000
113371  -27.790  6.061  -51.408 0.0000000000
114500  -28.128  6.667  -52.482 0.0000000000
115551  -28.031  7.447  -53.126 0.0000000000
113381  -29.978  5.652  -51.763 0.0000000000
114493  -30.426  6.397  -51.413 0.0000000000
114485  -31.538  6.530  -50.330 0.0000000000
114486  -32.497  6.151  -49.998 0.0000000000
110186  -30.711  1.954  -49.386 0.0000000000
109215  -31.228  2.042  -50.308 0.0000000000
109224  -31.993  2.189  -51.203 0.0000000000
109217  -32.204  2.079  -50.580 0.0000000000
111272  -32.429  3.387  -50.977 0.0000000000
112320  -32.759  4.537  -49.864 0.0000000000
110169  -34.538  2.061  -47.195 0.0000000000
104265  -30.271  -3.617  -44.667 0.0000000000
103215  -29.955  -4.535  -44.689 0.0000000000
104266  -31.318  -3.286  -44.973 0.0000000000
104267  -32.031  -3.424  -45.985 0.0000000000
103226  -31.972  -4.405  -46.915 0.0000000000
103227  -32.278  -4.217  -47.585 0.0000000000
98744  -30.576  -8.616  -44.666 0.0000000000
99834  -31.767  -7.342  -44.791 0.0000000000
100992  -31.753  -6.273  -45.275 0.0000000000
98747  -32.989  -7.895  -45.789 0.0000000000
100993  -32.484  -6.330  -45.676 0.0000000000
101001  -32.018  -5.835  -45.851 0.0000000000
102141  -31.943  -5.306  -47.281 0.0000000000
103228  -32.848  -4.614  -47.770 0.0000000000
104281  -33.098  -3.312  -47.781 0.0000000000
105318  -34.278  -2.003  -46.285 0.0000000000
106315  -34.565  -1.274  -45.345 0.0000000000
92179  -27.283  -14.965  -40.830 0.0000000000
91176  -28.241  -15.128  -41.305 0.0000000000
90051  -27.664  -15.973  -40.607 0.0000000000
90064  -28.389  -15.711  -41.001 0.0000000000
91177  -29.005  -15.554  -41.451 0.0000000000
91162  -29.628  -15.443  -41.222 0.0000000000
91163  -30.208  -15.539  -40.515 0.0000000000
91164  -30.926  -15.196  -40.185 0.0000000000
82061  -24.251  -23.573  -35.413 0.0000000000
84407  -25.771  -22.045  -36.264 0.0000000000
85606  -26.437  -20.314  -37.776 0.0000000000
86719  -27.562  -20.069  -37.227 0.0000000000
86738  -26.723  -20.131  -38.062 0.0000000000
86755  -25.468  -19.298  -38.673 0.0000000000
86758  -27.988  -19.006  -38.437 0.0000000000
87820  -27.452  -17.807  -39.697 0.0000000000
87828  -27.428  -17.368  -40.163 0.0000000000
88910  -27.962  -17.334  -39.907 0.0000000000
88911  -28.712  -17.071  -39.565 0.0000000000
90052  -28.447  -16.335  -40.652 0.0000000000
90063  -27.996  -15.444  -40.954 0.0000000000
90065  -28.796  -16.019  -41.099 0.0000000000
91144  -30.780  -15.557  -39.936 0.0000000000
91161  -27.235  -15.554  -40.738 0.0000000000
92180  -30.119  -15.072  -41.268 0.0000000000
92181  -30.667  -14.776  -40.764 0.0000000000
92182  -31.522  -14.732  -40.272 0.0000000000
92184  -32.779  -14.134  -39.391 0.0000000000
92213  -28.050  -13.859  -42.015 0.0000000000
92214  -28.295  -13.984  -41.834 0.0000000000
93212  -32.086  -14.028  -41.375 0.0000000000
93225  -28.483  -13.464  -42.256 0.0000000000
94259  -31.920  -13.239  -41.933 0.0000000000
94272  -29.022  -12.875  -42.747 0.0000000000
95327  -32.524  -12.326  -41.846 0.0000000000
95351  -29.244  -11.321  -43.444 0.0000000000
95360  -28.111  -10.835  -43.534 0.0000000000
95362  -29.269  -10.590  -43.711 0.0000000000
95369  -30.964  -10.879  -45.113 0.0000000000
96491  -32.904  -10.989  -43.206 0.0000000000
96502  -32.899  -10.793  -44.119 0.0000000000
96509  -29.547  -10.168  -44.180 0.0000000000
96511  -32.084  -10.853  -45.147 0.0000000000
96513  -31.050  -10.186  -45.177 0.0000000000
96514  -31.920  -10.129  -45.378 0.0000000000
96515  -32.527  -9.766  -45.157 0.0000000000
97658  -34.188  -8.916  -43.282 0.0000000000
97669  -34.235  -8.684  -43.975 0.0000000000
97675  -28.644  -9.631  -43.709 0.0000000000
97679  -33.043  -9.674  -44.921 0.0000000000
98726  -33.355  -9.436  -44.780 0.0000000000
98728  -34.193  -8.339  -44.735 0.0000000000
98735  -29.724  -8.658  -44.387 0.0000000000
98736  -33.207  -9.076  -45.151 0.0000000000
99826  -33.853  -7.788  -45.574 0.0000000000
99827  -33.983  -7.363  -45.257 0.0000000000
99836  -33.303  -7.281  -45.636 0.0000000000
100982  -31.169  -5.894  -44.590 0.0000000000
100983  -31.332  -5.901  -44.805 0.0000000000
101002  -32.196  -5.639  -46.065 0.0000000000
102110  -28.441  -5.765  -44.718 0.0000000000
102111  -29.175  -5.931  -44.589 0.0000000000
102123  -31.808  -5.484  -45.579 0.0000000000
102133  -32.390  -5.467  -46.836 0.0000000000
102135  -33.303  -5.016  -47.420 0.0000000000
102142  -32.373  -5.472  -47.763 0.0000000000
102143  -32.673  -5.545  -48.074 0.0000000000
103203  -31.468  -5.144  -44.729 0.0000000000
103236  -32.493  -5.150  -47.951 0.0000000000
103237  -32.770  -5.314  -48.030 0.0000000000
104251  -30.484  -2.754  -44.523 0.0000000000
104290  -33.338  -2.547  -48.165 0.0000000000
104297  -32.095  -0.702  -49.378 0.0000000000
105286  -29.981  -2.081  -44.643 0.0000000000
105287  -30.629  -2.148  -44.766 0.0000000000
105302  -31.133  -2.309  -45.001 0.0000000000
106300  -30.977  -1.110  -44.943 0.0000000000
106324  -34.051  -1.038  -46.054 0.0000000000
107273  -30.777  -0.621  -44.798 0.0000000000
107289  -31.761  -1.463  -45.799 0.0000000000
107290  -34.196  -0.428  -46.745 0.0000000000
108236  -31.778  -0.331  -45.659 0.0000000000
109187  -31.827  0.730  -45.166 0.0000000000
109200  -34.394  1.258  -47.027 0.0000000000
109216  -31.651  2.014  -50.599 0.0000000000
109223  -31.687  2.318  -51.248 0.0000000000
110166  -32.157  1.963  -46.210 0.0000000000
110167  -32.485  1.214  -46.085 0.0000000000
110180  -30.810  2.019  -48.709 0.0000000000
110182  -32.764  2.663  -49.412 0.0000000000
110187  -32.487  2.716  -50.599 0.0000000000
110195  -30.979  2.316  -50.802 0.0000000000
110196  -32.284  2.638  -51.222 0.0000000000
110203  -30.020  2.945  -50.717 0.0000000000
110204  -30.358  2.681  -51.117 0.0000000000
110206  -31.794  2.651  -51.592 0.0000000000
111257  -31.061  2.828  -48.494 0.0000000000
111265  -32.638  3.437  -50.030 0.0000000000
111270  -29.812  3.355  -50.584 0.0000000000
111271  -29.879  3.098  -50.190 0.0000000000
111281  -32.092  3.367  -51.599 0.0000000000
111289  -29.942  3.884  -51.889 0.0000000000
111290  -30.455  3.953  -52.208 0.0000000000
112296  -31.569  3.694  -47.363 0.0000000000
112311  -30.920  3.417  -48.780 0.0000000000
112319  -30.115  3.765  -50.145 0.0000000000
112328  -29.441  4.320  -50.744 0.0000000000
112336  -28.066  5.200  -51.819 0.0000000000
112337  -28.498  4.861  -51.513 0.0000000000
112339  -31.645  4.299  -51.484 0.0000000000
112347  -30.490  4.517  -52.176 0.0000000000
112348  -31.062  4.416  -52.216 0.0000000000
113335  -31.348  4.826  -45.194 0.0000000000
113348  -30.529  5.198  -48.384 0.0000000000
113364  -29.817  5.451  -49.525 0.0000000000
113372  -28.224  5.441  -50.961 0.0000000000
113380  -28.000  5.382  -51.548 0.0000000000
113382  -30.868  5.571  -51.679 0.0000000000
113383  -31.404  5.180  -51.250 0.0000000000
113387  -28.532  5.689  -52.493 0.0000000000
113389  -29.814  5.190  -52.040 0.0000000000
113390  -30.594  5.020  -52.017 0.0000000000
114449  -31.264  5.346  -46.211 0.0000000000
114457  -30.541  6.092  -47.866 0.0000000000
114464  -29.820  6.743  -49.224 0.0000000000
114472  -28.485  6.714  -50.039 0.0000000000
114474  -29.825  5.968  -49.417 0.0000000000
114491  -27.709  6.778  -52.015 0.0000000000
115507  -30.020  7.768  -47.240 0.0000000000
115531  -26.512  8.315  -50.745 0.0000000000
115544  -29.755  7.202  -51.579 0.0000000000
115549  -26.674  7.594  -53.023 0.0000000000
116590  -29.911  8.351  -46.877 0.0000000000
116591  -30.178  8.378  -46.220 0.0000000000
116620  -28.121  8.715  -49.381 0.0000000000
116627  -24.471  8.994  -50.753 0.0000000000
116628  -25.396  8.735  -50.759 0.0000000000
116629  -26.442  8.947  -50.451 0.0000000000
116637  -24.135  8.985  -50.981 0.0000000000
116639  -25.638  8.783  -51.812 0.0000000000
116640  -26.521  8.365  -52.367 0.0000000000
116641  -26.789  7.764  -52.764 0.0000000000
116651  -26.683  7.591  -52.976 0.0000000000
116657  -24.836  8.567  -53.222 0.0000000000
117609  -29.855  9.084  -45.415 0.0000000000
117622  -30.134  8.886  -46.018 0.0000000000
117632  -28.682  9.483  -47.990 0.0000000000
117640  -26.499  9.814  -48.890 0.0000000000
117648  -25.795  9.999  -50.267 0.0000000000
117651  -27.605  9.324  -49.304 0.0000000000
117657  -24.076  9.672  -51.066 0.0000000000
117666  -24.298  9.493  -51.489 0.0000000000
117678  -24.338  9.043  -53.030 0.0000000000
117679  -24.685  8.497  -52.810 0.0000000000
118707  -29.518  10.226  -45.055 0.0000000000
118735  -28.693  10.444  -47.391 0.0000000000
118756  -25.971  10.519  -49.815 0.0000000000
119817  -28.230  11.447  -47.269 0.0000000000
119858  -25.077  11.134  -50.454 0.0000000000
120880  -26.541  12.650  -48.245 0.0000000000
120901  -25.998  12.415  -48.538 0.0000000000
120929  -23.359  12.290  -50.094 0.0000000000
121969  -23.616  13.780  -48.611 0.0000000000
121971  -25.755  13.426  -48.291 0.0000000000
122953  -24.604  15.058  -47.700 0.0000000000
122972  -25.259  13.956  -48.200 0.0000000000
124866  -26.367  16.636  -44.383 0.0000000000
125732  -24.178  18.663  -45.184 0.0000000000
125735  -25.995  17.158  -44.637 0.0000000000
155381  -32.536  -1.166  -46.874 0.0000000000
155387  -32.115  -0.687  -49.689 0.0000000000
155390  -32.112  -0.242  -46.863 0.0000000000
155391  -33.193  -1.679  -48.861 0.0000000000
155392  -33.098  -1.513  -49.023 0.0000000000
155394  -32.620  -0.457  -49.628 0.0000000000
155395  -33.576  -1.800  -48.527 0.0000000000
155397  -32.141  0.915  -46.780 0.0000000000
155398  -33.130  -0.564  -49.417 0.0000000000
155402  -32.928  0.853  -49.260 0.0000000000
155407  -32.580  2.281  -49.831 0.0000000000
