#!ascii label  , from subject 3358 vox2ras=TkReg
1459
80883  -23.879  -24.684  -33.932 0.4285714328
82061  -24.251  -23.573  -35.413 0.2857142985
82042  -24.602  -23.727  -34.729 0.4285714328
82062  -24.968  -22.783  -35.165 0.4285714328
83173  -25.694  -22.486  -34.659 0.4285714328
83212  -25.070  -22.326  -36.364 0.2857142985
83194  -25.575  -22.315  -35.845 0.4285714328
84408  -26.154  -21.797  -35.946 0.4285714328
85591  -25.863  -20.696  -37.135 0.4285714328
85592  -26.649  -20.515  -36.908 0.4285714328
86756  -26.403  -19.808  -38.449 0.4285714328
86757  -27.373  -19.325  -38.419 0.4285714328
87819  -26.764  -18.026  -39.600 0.5714285970
87800  -26.624  -18.791  -38.786 0.5714285970
87801  -27.528  -18.447  -38.890 0.4285714328
87802  -28.599  -18.508  -38.271 0.2857142985
87827  -27.068  -17.635  -40.111 0.7142857313
88887  -28.097  -17.681  -39.068 0.7142857313
90034  -29.559  -16.583  -39.842 0.7142857313
90015  -29.966  -16.515  -38.987 0.4285714328
88927  -28.354  -16.895  -40.202 0.7142857313
88912  -29.383  -16.891  -38.992 0.5714285970
91164  -30.926  -15.196  -40.185 0.5714285970
90053  -29.338  -16.155  -40.786 0.5714285970
91163  -30.208  -15.539  -40.515 0.5714285970
92200  -30.591  -14.653  -41.631 0.5714285970
92201  -31.293  -14.293  -41.069 0.5714285970
91162  -29.628  -15.443  -41.222 0.5714285970
92157  -31.997  -14.897  -39.762 0.4285714328
94258  -31.317  -13.615  -42.338 0.5714285970
95314  -32.484  -12.800  -41.241 0.5714285970
93227  -30.242  -13.650  -42.370 0.7142857313
94275  -32.001  -12.421  -42.594 0.7142857313
95338  -32.766  -11.843  -42.757 0.7142857313
95328  -33.130  -11.570  -41.712 0.5714285970
93228  -30.905  -13.847  -42.431 0.5714285970
94271  -28.215  -12.893  -42.882 0.5714285970
94290  -31.495  -12.101  -43.215 0.8571428657
95339  -33.220  -11.167  -42.452 0.7142857313
94289  -30.592  -12.305  -43.350 0.7142857313
94288  -29.645  -12.128  -43.060 0.5714285970
97667  -33.445  -9.909  -44.346 0.7142857313
97640  -33.739  -9.991  -42.222 0.5714285970
95354  -32.160  -11.440  -43.712 0.7142857313
97656  -33.187  -10.345  -43.517 0.7142857313
97668  -33.876  -9.089  -44.053 0.5714285970
95365  -32.353  -11.063  -44.620 0.7142857313
98715  -34.391  -8.224  -43.730 0.5714285970
95364  -31.587  -11.225  -44.732 0.5714285970
96512  -32.660  -10.363  -44.864 0.7142857313
98727  -33.659  -9.057  -44.784 0.7142857313
100984  -34.299  -6.666  -44.930 0.7142857313
99817  -34.428  -7.462  -44.399 0.7142857313
98746  -32.549  -8.406  -45.338 0.7142857313
98737  -33.586  -8.312  -45.494 0.7142857313
99837  -33.554  -6.795  -45.475 0.7142857313
102126  -33.582  -5.174  -46.462 0.7142857313
102114  -34.412  -5.619  -45.192 0.5714285970
98747  -32.989  -7.895  -45.789 0.7142857313
97684  -31.224  -9.364  -45.208 0.5714285970
103218  -34.141  -4.363  -46.164 0.5714285970
104268  -34.382  -3.321  -45.712 0.5714285970
100993  -32.484  -6.330  -45.676 0.8571428657
99835  -32.465  -7.290  -45.488 0.8571428657
104282  -34.053  -3.052  -47.319 0.7142857313
103229  -33.441  -4.275  -47.142 0.7142857313
102124  -32.601  -5.654  -45.873 0.8571428657
102134  -32.998  -5.466  -47.573 0.7142857313
105323  -33.247  -2.024  -48.749 0.8571428657
105324  -33.921  -1.557  -47.630 0.5714285970
104281  -33.098  -3.312  -47.781 0.8571428657
103227  -32.278  -4.217  -47.585 0.8571428657
102141  -31.943  -5.306  -47.281 0.8571428657
103228  -32.848  -4.614  -47.770 0.8571428657
155386  -32.289  -0.786  -49.597 0.8571428657
155401  -32.381  0.928  -49.553 0.8571428657
109211  -31.429  1.056  -49.804 0.8571428657
104280  -32.521  -3.120  -47.714 0.8571428657
155388  -32.078  -0.353  -49.619 0.8571428657
109205  -31.607  0.980  -48.717 1.0000000000
104296  -32.585  -1.250  -48.415 0.8571428657
155383  -32.113  -0.385  -48.393 1.0000000000
111256  -30.564  2.808  -49.004 1.0000000000
112302  -30.881  4.531  -48.464 0.7142857313
110186  -30.711  1.954  -49.386 1.0000000000
110181  -31.376  2.059  -48.284 1.0000000000
111264  -30.250  2.962  -49.676 1.0000000000
115524  -29.422  7.147  -49.288 1.0000000000
115515  -29.767  7.465  -48.492 0.8571428657
116610  -28.778  8.606  -48.491 0.8571428657
115514  -29.070  7.946  -48.663 1.0000000000
119847  -26.079  10.941  -49.436 0.8571428657
117641  -27.175  9.739  -48.674 0.8571428657
117650  -26.941  9.457  -49.383 1.0000000000
119831  -24.767  12.135  -48.697 0.8571428657
119832  -25.303  11.811  -48.750 0.8571428657
120900  -25.134  12.615  -48.564 0.7142857313
121952  -27.566  13.212  -47.306 0.5714285970
122954  -25.734  14.428  -47.519 0.7142857313
122971  -24.641  14.329  -48.179 0.5714285970
123931  -26.404  15.890  -45.694 0.5714285970
122942  -26.595  14.779  -46.703 0.5714285970
124872  -26.435  16.773  -45.142 0.4285714328
125746  -25.138  17.700  -45.361 0.4285714328
124870  -24.512  16.995  -45.952 0.4285714328
126607  -25.193  18.188  -43.499 0.2857142985
126601  -25.064  18.266  -42.600 0.2857142985
126616  -25.179  18.087  -43.939 0.2857142985
126600  -24.151  18.475  -42.154 0.2857142985
83193  -24.703  -22.679  -35.965 0.2857142985
93211  -31.247  -14.043  -41.903 0.5714285970
96492  -33.246  -10.405  -42.668 0.5714285970
105318  -34.278  -2.003  -46.285 0.5714285970
102125  -33.065  -5.491  -46.183 0.7142857313
104291  -33.707  -2.244  -48.177 0.8571428657
155393  -33.220  -1.151  -48.562 0.8571428657
155400  -33.013  0.014  -49.582 0.8571428657
112309  -30.118  4.800  -49.419 0.8571428657
126580  -25.515  18.384  -40.048 0.1428571492
82076  -24.176  -22.987  -36.395 0.2857142985
84421  -24.169  -21.630  -37.227 0.2857142985
84422  -25.393  -21.704  -36.771 0.2857142985
84423  -26.343  -21.047  -36.306 0.4285714328
85593  -27.443  -20.265  -36.830 0.4285714328
84436  -25.250  -20.828  -37.493 0.2857142985
87799  -26.048  -19.055  -38.715 0.4285714328
86720  -27.972  -19.836  -37.052 0.4285714328
88888  -29.004  -17.539  -38.657 0.4285714328
88924  -26.580  -16.744  -40.477 0.2857142985
88926  -27.791  -16.845  -40.379 0.7142857313
90033  -28.909  -16.715  -40.299 0.7142857313
90054  -29.935  -16.164  -40.253 0.4285714328
91177  -29.005  -15.554  -41.451 0.5714285970
93193  -32.736  -13.596  -39.822 0.4285714328
92198  -28.770  -14.543  -41.619 0.7142857313
93209  -29.594  -14.098  -41.888 0.7142857313
92202  -32.004  -14.288  -40.711 0.7142857313
94242  -32.461  -13.465  -41.192 0.5714285970
94243  -32.776  -12.970  -40.429 0.4285714328
94291  -32.067  -11.846  -42.983 0.7142857313
94287  -28.726  -12.127  -43.029 0.5714285970
94273  -29.985  -12.954  -42.787 0.5714285970
99808  -34.506  -7.421  -43.305 0.5714285970
95352  -30.208  -11.443  -43.758 0.5714285970
97641  -34.312  -9.364  -42.143 0.5714285970
97686  -32.718  -9.264  -45.165 0.7142857313
100969  -34.629  -6.564  -44.161 0.5714285970
95370  -31.531  -10.729  -45.219 0.8571428657
100994  -33.120  -6.271  -45.612 0.7142857313
155389  -33.330  -1.136  -47.808 0.5714285970
109215  -31.228  2.042  -50.308 1.0000000000
155405  -32.197  0.351  -47.569 1.0000000000
112303  -31.374  3.952  -48.277 0.8571428657
113341  -30.834  5.375  -47.618 0.7142857313
113356  -30.051  5.257  -49.114 1.0000000000
113355  -29.891  5.110  -49.570 1.0000000000
115516  -30.382  6.753  -48.191 0.7142857313
113363  -29.552  5.429  -50.045 1.0000000000
114448  -30.861  5.986  -46.855 0.7142857313
115523  -28.544  7.559  -49.385 0.8571428657
118747  -26.734  10.457  -48.572 0.8571428657
116619  -27.293  8.775  -49.944 1.0000000000
115522  -27.653  8.071  -49.620 1.0000000000
121972  -26.238  12.999  -48.300 0.7142857313
124871  -25.597  16.664  -45.639 0.7142857313
122955  -27.014  13.994  -47.026 0.5714285970
122941  -25.987  14.979  -46.782 0.7142857313
123941  -25.654  15.556  -46.904 0.7142857313
123926  -26.830  15.996  -44.927 0.4285714328
126615  -24.775  18.263  -44.054 0.2857142985
125733  -24.739  18.480  -44.974 0.4285714328
123952  -25.095  15.545  -47.405 0.4285714328
125745  -23.818  18.321  -45.932 0.4285714328
91175  -27.685  -15.176  -40.969 0.4285714328
91176  -28.241  -15.128  -41.305 0.4285714328
125747  -25.993  17.337  -45.031 0.4285714328
123930  -25.802  15.967  -46.243 0.7142857313
125734  -25.476  17.718  -44.256 0.2857142985
126606  -24.442  18.573  -43.251 0.2857142985
80920  -24.077  -24.271  -35.095 0.4285714328
80919  -23.527  -24.236  -35.293 0.2857142985
82044  -26.031  -22.874  -33.924 0.4285714328
83211  -24.517  -22.336  -36.655 0.2857142985
85605  -25.629  -20.446  -37.929 0.2857142985
85619  -25.986  -20.195  -38.218 0.4285714328
85607  -26.971  -20.341  -37.355 0.4285714328
86739  -27.277  -20.043  -37.741 0.4285714328
85618  -25.552  -20.089  -38.459 0.4285714328
87818  -25.823  -18.283  -39.048 0.4285714328
88909  -26.762  -17.508  -40.074 0.2857142985
90051  -27.664  -15.973  -40.607 0.5714285970
90064  -28.389  -15.711  -41.001 0.5714285970
92199  -29.782  -15.060  -41.930 0.5714285970
93210  -30.431  -14.339  -42.153 0.5714285970
93192  -32.478  -13.849  -40.651 0.4285714328
94274  -31.096  -13.122  -42.785 0.7142857313
95315  -32.806  -12.059  -40.844 0.5714285970
93226  -29.345  -13.461  -42.291 0.7142857313
93208  -28.864  -13.796  -41.794 0.7142857313
95353  -31.132  -11.712  -43.994 0.5714285970
97657  -33.567  -9.628  -43.142 0.5714285970
98738  -34.105  -8.013  -45.464 0.7142857313
95363  -30.763  -11.035  -44.426 0.7142857313
97685  -32.094  -9.253  -45.139 0.8571428657
100995  -33.754  -6.194  -45.519 0.7142857313
98745  -31.504  -8.431  -44.909 0.8571428657
104289  -32.648  -2.159  -48.624 0.8571428657
155385  -32.823  -1.317  -49.266 0.8571428657
103235  -32.053  -5.030  -47.688 0.8571428657
111250  -31.561  2.860  -47.842 1.0000000000
113349  -30.861  4.738  -47.914 0.8571428657
119833  -26.177  11.331  -48.820 0.8571428657
120902  -26.644  12.051  -48.454 0.8571428657
121951  -26.502  13.349  -47.815 0.7142857313
121970  -24.784  13.464  -48.477 0.7142857313
121950  -26.007  13.745  -47.890 0.5714285970
123942  -26.273  15.478  -46.487 0.5714285970
123943  -26.936  15.308  -46.206 0.5714285970
123922  -26.949  15.927  -44.217 0.4285714328
125748  -26.300  17.077  -44.848 0.4285714328
124887  -25.213  16.402  -46.631 0.4285714328
125710  -24.793  17.265  -41.540 0.2857142985
124865  -25.827  17.015  -44.231 0.2857142985
125709  -24.533  17.715  -41.443 0.2857142985
126579  -24.747  18.220  -40.562 0.1428571492
84435  -24.756  -21.050  -37.432 0.2857142985
90050  -26.876  -16.261  -40.755 0.2857142985
114465  -30.271  6.261  -48.743 1.0000000000
124898  -25.255  16.003  -47.132 0.5714285970
126654  -19.619  19.728  -46.551 0.2857142985
155677  -21.300  21.482  -45.281 0.1428571492
125744  -22.412  18.803  -46.635 0.2857142985
125799  -20.701  18.445  -47.028 0.2857142985
127523  -22.243  21.028  -45.259 0.1428571492
127515  -23.488  19.750  -43.856 0.1428571492
126627  -23.035  19.452  -45.979 0.2857142985
128430  -23.027  20.646  -43.911 0.1428571492
125784  -22.911  17.342  -47.615 0.2857142985
125766  -21.564  18.587  -46.712 0.2857142985
123009  -22.199  13.996  -52.013 0.2857142985
122983  -19.941  14.866  -48.999 0.2857142985
129427  -22.773  21.224  -43.200 0.1428571492
124869  -23.994  17.326  -46.541 0.2857142985
119830  -21.721  12.106  -48.627 0.2857142985
125767  -22.302  17.984  -46.680 0.2857142985
119877  -21.792  11.530  -52.117 0.1428571492
120896  -21.321  13.069  -48.536 0.2857142985
123970  -20.369  14.684  -48.500 0.2857142985
155676  -22.243  21.197  -44.309 0.1428571492
123950  -23.722  15.742  -47.956 0.2857142985
125768  -23.217  17.406  -46.888 0.2857142985
120974  -23.204  12.615  -54.261 0.1428571492
120960  -22.384  12.161  -54.056 0.1428571492
120926  -21.124  12.619  -50.780 0.4285714328
121969  -23.616  13.780  -48.611 0.2857142985
118791  -24.148  9.527  -52.621 0.2857142985
118765  -22.360  11.048  -50.716 0.4285714328
120898  -23.125  12.874  -48.916 0.2857142985
124897  -24.772  16.280  -47.283 0.2857142985
117692  -25.876  9.336  -53.466 0.1428571492
118790  -23.596  10.220  -52.716 0.2857142985
120928  -22.598  12.356  -50.110 0.4285714328
117658  -24.312  9.670  -50.819 0.5714285970
119845  -24.568  11.824  -49.083 0.7142857313
116660  -27.272  8.594  -53.400 0.1428571492
116658  -25.567  8.550  -53.236 0.1428571492
119857  -24.300  11.652  -50.315 0.7142857313
120899  -24.206  12.629  -48.710 0.4285714328
116638  -24.615  8.816  -51.220 0.4285714328
116652  -28.209  8.224  -53.157 0.2857142985
115558  -27.219  7.930  -53.294 0.7142857313
118768  -25.467  10.595  -50.422 0.7142857313
115541  -26.544  8.213  -51.326 0.8571428657
117660  -25.875  9.464  -50.522 0.5714285970
116642  -29.391  7.998  -52.198 0.2857142985
115530  -26.054  8.589  -50.827 0.7142857313
118734  -28.108  10.974  -47.664 0.5714285970
116618  -26.853  9.339  -49.973 0.8571428657
115534  -30.454  7.342  -51.026 0.1428571492
114500  -28.128  6.667  -52.482 0.7142857313
114484  -30.884  6.678  -50.823 0.1428571492
107272  -29.976  -0.542  -44.622 0.5714285970
110174  -31.750  1.602  -47.436 0.8571428657
111244  -31.558  2.827  -46.877 0.8571428657
110155  -31.348  1.935  -45.206 0.4285714328
114473  -29.229  6.517  -49.700 0.8571428657
112338  -29.454  4.419  -51.607 0.8571428657
114482  -27.996  6.523  -50.652 0.8571428657
114494  -31.344  6.087  -51.217 0.2857142985
112344  -28.241  5.150  -52.094 0.8571428657
113371  -27.790  6.061  -51.408 0.8571428657
116630  -26.908  8.418  -50.438 0.8571428657
114486  -32.497  6.151  -49.998 0.4285714328
114502  -29.495  6.161  -52.731 0.7142857313
114501  -28.806  6.401  -53.090 0.7142857313
106298  -29.571  -1.352  -44.513 0.2857142985
109188  -32.234  0.482  -45.989 0.5714285970
108223  -30.534  0.183  -44.498 0.5714285970
112329  -29.813  3.566  -50.459 0.8571428657
112318  -30.043  4.625  -49.918 0.8571428657
112327  -28.665  4.863  -50.939 0.8571428657
113373  -28.958  5.216  -50.689 0.8571428657
112330  -31.836  4.856  -51.015 0.4285714328
111291  -30.837  4.093  -52.306 0.8571428657
112345  -28.883  4.916  -52.229 0.8571428657
113375  -32.689  5.313  -50.230 0.4285714328
99832  -29.672  -7.250  -44.430 0.7142857313
102120  -28.949  -5.358  -44.782 0.4285714328
99833  -30.637  -7.483  -44.514 0.7142857313
103204  -31.887  -4.997  -44.950 0.8571428657
104265  -30.271  -3.617  -44.667 0.5714285970
105301  -29.625  -2.801  -44.498 0.5714285970
105300  -28.652  -2.584  -44.739 0.4285714328
104267  -32.031  -3.424  -45.985 0.8571428657
104252  -30.938  -2.605  -44.702 0.5714285970
106299  -30.487  -1.399  -44.787 0.5714285970
104288  -32.161  -2.078  -48.126 0.8571428657
108247  -32.173  -1.007  -46.341 0.7142857313
107285  -31.278  -0.845  -45.246 0.5714285970
155406  -32.638  1.657  -49.416 0.7142857313
109217  -32.204  2.079  -50.580 0.7142857313
110205  -31.139  2.535  -51.426 0.7142857313
111279  -30.464  3.287  -51.707 0.8571428657
111251  -33.604  3.500  -48.094 0.2857142985
111266  -32.758  3.963  -49.495 0.4285714328
112320  -32.759  4.537  -49.864 0.5714285970
96501  -30.186  -10.682  -44.117 0.4285714328
97677  -29.639  -9.410  -44.424 0.4285714328
99824  -29.010  -7.632  -44.354 0.4285714328
101001  -32.018  -5.835  -45.851 0.7142857313
102113  -31.587  -5.576  -44.991 0.7142857313
102132  -31.879  -5.356  -46.419 0.7142857313
104279  -31.869  -2.451  -47.070 0.8571428657
155399  -33.389  0.421  -48.990 0.7142857313
110168  -33.284  2.083  -48.184 0.2857142985
155404  -32.900  1.326  -49.105 0.5714285970
96500  -29.737  -10.790  -43.779 0.4285714328
96507  -28.407  -10.113  -43.542 0.5714285970
97678  -30.370  -9.465  -44.913 0.5714285970
99825  -29.924  -7.961  -44.328 0.5714285970
100992  -31.753  -6.273  -45.275 0.7142857313
105317  -34.212  -1.272  -46.730 0.4285714328
110175  -33.842  0.907  -47.531 0.4285714328
110169  -34.538  2.061  -47.195 0.4285714328
93224  -27.949  -13.446  -42.121 0.5714285970
96480  -34.003  -9.957  -41.524 0.4285714328
98698  -34.369  -8.311  -42.569 0.4285714328
105304  -34.468  -2.313  -44.973 0.4285714328
86741  -28.998  -19.223  -37.397 0.1428571492
102099  -35.044  -5.585  -43.973 0.4285714328
104253  -34.459  -3.437  -44.327 0.4285714328
87803  -29.492  -18.074  -38.120 0.1428571492
88889  -30.093  -17.292  -38.344 0.1428571492
91146  -32.213  -15.538  -39.101 0.2857142985
96417  -33.752  -11.270  -38.771 0.2857142985
98659  -34.722  -8.273  -39.598 0.2857142985
97620  -34.301  -9.535  -40.964 0.2857142985
95295  -33.570  -12.216  -39.850 0.4285714328
100949  -34.771  -6.381  -41.651 0.2857142985
98680  -34.432  -8.504  -40.996 0.2857142985
96461  -34.157  -10.297  -40.684 0.2857142985
100960  -34.617  -6.480  -42.965 0.4285714328
87781  -29.544  -18.730  -37.364 0.1428571492
88870  -30.112  -18.049  -37.759 0.1428571492
88872  -31.914  -17.529  -37.817 0.2857142985
88891  -31.814  -16.980  -38.192 0.2857142985
92132  -33.425  -14.581  -37.396 0.2857142985
94188  -33.662  -12.930  -37.807 0.2857142985
94205  -33.616  -12.643  -38.716 0.2857142985
93175  -33.239  -13.565  -39.145 0.2857142985
95274  -33.788  -11.840  -38.916 0.2857142985
88856  -31.043  -18.214  -36.970 0.1428571492
88859  -33.382  -16.961  -36.333 0.2857142985
88857  -31.746  -18.102  -37.190 0.2857142985
90003  -33.186  -16.081  -37.028 0.2857142985
90001  -32.238  -16.784  -38.015 0.2857142985
88890  -31.226  -17.100  -38.215 0.2857142985
91119  -32.917  -15.194  -37.755 0.2857142985
83195  -26.301  -21.884  -35.004 0.2857142985
85594  -28.341  -20.157  -36.363 0.1428571492
84424  -26.997  -20.559  -36.109 0.2857142985
86721  -29.184  -19.591  -36.604 0.1428571492
80884  -24.641  -24.437  -33.680 0.2857142985
79753  -24.305  -25.119  -33.303 0.2857142985
79769  -23.229  -24.915  -34.254 0.2857142985
85575  -27.767  -20.477  -35.810 0.2857142985
79754  -25.092  -24.793  -33.043 0.1428571492
79752  -23.286  -25.532  -33.491 0.2857142985
78597  -23.006  -26.106  -33.199 0.1428571492
88871  -30.999  -17.938  -37.772 0.1428571492
87783  -32.584  -17.550  -36.762 0.2857142985
95275  -33.867  -11.422  -38.237 0.2857142985
93157  -33.418  -13.552  -38.331 0.2857142985
96418  -33.918  -10.539  -38.507 0.2857142985
96479  -33.638  -10.681  -41.700 0.4285714328
99791  -34.633  -7.402  -41.971 0.2857142985
103181  -34.718  -4.429  -42.248 0.2857142985
102121  -29.758  -5.463  -44.541 0.7142857313
103191  -34.797  -4.511  -43.554 0.4285714328
106314  -31.188  -1.623  -45.185 0.5714285970
107295  -33.920  0.180  -47.156 0.4285714328
109197  -34.603  1.297  -46.529 0.2857142985
111245  -33.537  3.224  -46.923 0.2857142985
111259  -32.952  3.297  -49.036 0.5714285970
117642  -28.100  9.495  -48.620 0.7142857313
112340  -32.160  3.851  -51.225 0.7142857313
115533  -27.957  7.001  -50.012 0.8571428657
120881  -27.184  12.369  -47.943 0.4285714328
118757  -26.158  10.373  -49.056 0.7142857313
112321  -33.001  4.477  -49.171 0.2857142985
114481  -27.611  6.975  -51.290 0.8571428657
117649  -26.349  9.762  -49.782 0.8571428657
115552  -28.814  7.295  -52.877 0.5714285970
122970  -23.687  14.864  -47.948 0.2857142985
116648  -24.688  8.425  -53.064 0.4285714328
118780  -24.161  9.835  -52.167 0.4285714328
129416  -22.409  21.451  -41.831 0.1428571492
119867  -21.505  11.619  -51.260 0.2857142985
119888  -21.738  11.707  -53.038 0.1428571492
124906  -23.046  16.206  -48.278 0.2857142985
80885  -25.378  -24.064  -33.456 0.1428571492
83174  -26.613  -22.212  -34.101 0.1428571492
87762  -29.751  -19.049  -36.688 0.1428571492
87748  -31.368  -19.032  -35.922 0.1428571492
87765  -32.390  -18.109  -36.486 0.1428571492
90036  -31.097  -16.015  -39.022 0.2857142985
91133  -32.427  -15.634  -38.481 0.2857142985
92147  -33.080  -14.170  -37.963 0.2857142985
93140  -33.662  -12.704  -36.887 0.2857142985
92158  -32.528  -14.977  -39.262 0.2857142985
96508  -28.949  -10.078  -43.791 0.5714285970
94228  -33.229  -13.002  -39.595 0.2857142985
98733  -28.198  -8.285  -44.428 0.2857142985
100990  -29.861  -6.489  -44.449 0.7142857313
100991  -30.979  -6.169  -44.478 0.5714285970
103213  -28.232  -4.460  -44.730 0.4285714328
103215  -29.955  -4.535  -44.689 0.5714285970
104241  -34.547  -3.423  -43.046 0.4285714328
107271  -29.129  -0.573  -44.111 0.2857142985
105285  -29.278  -2.058  -44.529 0.5714285970
104266  -31.318  -3.286  -44.973 0.7142857313
108222  -29.701  0.307  -43.894 0.2857142985
106301  -34.770  -1.429  -44.315 0.1428571492
108238  -34.969  0.359  -45.240 0.4285714328
107286  -34.766  -0.409  -45.762 0.4285714328
109189  -34.685  1.247  -45.666 0.1428571492
110193  -29.974  2.965  -50.394 0.8571428657
110157  -34.329  2.080  -46.114 0.1428571492
155408  -32.764  2.202  -49.128 0.5714285970
112312  -33.236  4.349  -48.413 0.2857142985
112331  -32.344  4.420  -50.727 0.5714285970
113381  -29.978  5.652  -51.763 0.7142857313
115532  -27.342  7.682  -50.458 0.8571428657
115525  -31.272  7.335  -49.782 0.2857142985
116632  -31.043  7.844  -50.096 0.1428571492
126614  -23.985  18.860  -44.452 0.2857142985
114492  -29.548  6.379  -51.766 0.4285714328
114485  -31.538  6.530  -50.330 0.4285714328
116643  -29.945  8.156  -51.293 0.1428571492
116650  -26.413  7.890  -53.043 0.5714285970
117671  -29.606  9.159  -51.671 0.1428571492
116661  -27.802  8.635  -53.377 0.1428571492
118802  -26.178  10.004  -53.718 0.1428571492
117668  -25.095  8.652  -52.508 0.5714285970
117680  -27.151  9.658  -52.957 0.1428571492
117691  -24.845  9.420  -53.456 0.1428571492
119854  -21.655  11.765  -50.850 0.2857142985
118788  -21.797  10.903  -51.472 0.2857142985
118799  -23.983  10.619  -53.336 0.1428571492
119890  -23.403  11.681  -54.053 0.1428571492
119901  -22.760  11.929  -54.354 0.1428571492
120939  -21.390  12.927  -51.639 0.2857142985
122016  -21.507  13.203  -52.333 0.2857142985
122015  -20.747  13.287  -53.037 0.1428571492
120947  -20.894  12.867  -53.458 0.1428571492
82033  -27.122  -23.049  -32.947 0.1428571492
86700  -29.541  -19.679  -35.940 0.1428571492
97602  -34.525  -9.484  -39.454 0.2857142985
112304  -33.316  4.371  -47.472 0.2857142985
122039  -22.457  13.728  -54.077 0.1428571492
123020  -21.408  14.007  -52.766 0.2857142985
80898  -22.962  -24.605  -34.834 0.2857142985
80900  -24.425  -24.132  -34.510 0.2857142985
82031  -25.548  -23.684  -33.637 0.1428571492
83196  -26.928  -21.759  -34.549 0.1428571492
84409  -27.196  -21.217  -35.079 0.1428571492
86740  -28.291  -19.355  -37.740 0.1428571492
87780  -28.869  -18.993  -37.719 0.1428571492
90035  -30.466  -16.027  -39.584 0.4285714328
90016  -30.726  -16.464  -38.696 0.2857142985
91145  -31.555  -15.505  -39.469 0.2857142985
98744  -30.576  -8.616  -44.666 0.5714285970
96510  -30.336  -10.298  -44.734 0.4285714328
99834  -31.767  -7.342  -44.791 0.7142857313
103226  -31.972  -4.405  -46.915 0.7142857313
109224  -31.993  2.189  -51.203 0.7142857313
155403  -32.105  0.995  -47.276 0.8571428657
155382  -32.765  -0.898  -47.535 0.8571428657
155384  -32.241  -0.252  -47.317 0.8571428657
110194  -30.562  2.518  -50.258 0.8571428657
112310  -30.657  4.167  -49.228 0.8571428657
119834  -27.047  11.373  -48.294 0.5714285970
119846  -25.508  11.350  -49.771 0.7142857313
120916  -23.798  12.422  -49.499 0.5714285970
124886  -24.383  16.790  -46.819 0.2857142985
155396  -33.624  -0.416  -47.745 0.4285714328
92197  -27.671  -14.403  -41.635 0.5714285970
92159  -33.035  -14.226  -38.778 0.2857142985
108237  -31.999  -0.277  -46.225 0.5714285970
114483  -28.782  5.995  -50.410 0.8571428657
125732  -24.178  18.663  -45.184 0.2857142985
123951  -24.438  15.845  -47.729 0.2857142985
126628  -23.528  19.330  -45.379 0.2857142985
103217  -31.856  -4.528  -45.614 0.8571428657
126625  -21.225  19.449  -46.386 0.2857142985
155670  -20.213  20.393  -46.048 0.1428571492
127536  -21.179  20.068  -45.654 0.2857142985
127537  -22.334  19.831  -45.551 0.2857142985
125783  -22.023  17.518  -47.157 0.2857142985
127524  -22.343  20.235  -45.179 0.1428571492
127525  -22.769  19.857  -44.995 0.1428571492
121993  -20.860  13.419  -51.146 0.2857142985
124914  -20.733  15.592  -48.577 0.2857142985
121967  -21.094  13.515  -48.718 0.2857142985
121949  -21.782  13.005  -48.217 0.2857142985
120913  -21.488  13.030  -49.435 0.2857142985
120914  -22.024  12.369  -49.224 0.2857142985
124896  -23.912  16.714  -47.547 0.2857142985
123961  -22.966  15.368  -48.281 0.2857142985
118764  -21.893  11.333  -50.806 0.2857142985
120948  -21.154  12.368  -52.793 0.1428571492
122969  -22.577  14.581  -48.500 0.2857142985
120973  -22.585  12.654  -54.302 0.1428571492
119878  -22.568  11.222  -52.721 0.1428571492
120972  -21.841  13.150  -54.188 0.1428571492
120940  -21.476  12.508  -51.763 0.1428571492
117677  -24.181  9.784  -53.251 0.1428571492
118767  -24.635  10.531  -50.628 0.5714285970
118766  -23.575  10.632  -50.877 0.4285714328
119856  -23.035  11.607  -50.489 0.5714285970
119892  -24.971  10.786  -53.306 0.1428571492
116659  -26.520  8.437  -53.281 0.1428571492
118789  -22.454  10.603  -52.017 0.2857142985
119879  -23.304  11.245  -53.160 0.2857142985
118779  -23.629  10.338  -51.640 0.4285714328
116626  -24.192  9.219  -50.882 0.5714285970
117659  -25.089  9.641  -50.537 0.7142857313
115557  -26.735  7.787  -53.153 0.4285714328
116649  -25.269  8.128  -52.890 0.5714285970
115551  -28.031  7.447  -53.126 0.5714285970
115550  -27.108  7.448  -52.892 0.7142857313
115542  -27.432  7.880  -51.942 0.7142857313
115540  -25.915  8.315  -50.997 0.7142857313
115543  -29.020  6.940  -52.041 0.5714285970
114493  -30.426  6.397  -51.413 0.4285714328
113379  -27.960  5.757  -52.007 0.8571428657
108224  -31.362  -0.033  -44.813 0.5714285970
110156  -32.223  1.319  -45.603 0.5714285970
111235  -31.308  2.945  -45.927 0.4285714328
109177  -31.103  0.980  -44.596 0.4285714328
111278  -29.842  3.474  -51.232 0.8571428657
112346  -29.797  4.673  -52.032 0.8571428657
113391  -31.101  4.892  -51.789 0.4285714328
113374  -32.026  5.544  -50.713 0.5714285970
113388  -29.246  5.515  -52.577 0.8571428657
111280  -31.215  3.522  -51.976 0.7142857313
98734  -28.869  -8.468  -44.223 0.5714285970
100981  -29.012  -6.625  -44.429 0.4285714328
102112  -31.187  -5.499  -44.649 0.7142857313
102122  -30.585  -5.245  -44.578 0.7142857313
103216  -31.088  -4.585  -44.767 0.7142857313
104264  -29.232  -3.657  -44.728 0.4285714328
106313  -30.859  -1.849  -44.919 0.5714285970
104263  -28.123  -3.668  -45.021 0.2857142985
105303  -31.687  -2.428  -45.623 0.7142857313
111258  -32.761  2.908  -49.599 0.5714285970
111272  -32.429  3.387  -50.977 0.7142857313
97676  -28.903  -9.187  -43.974 0.5714285970
108254  -34.274  0.631  -46.818 0.4285714328
111246  -34.152  2.656  -46.504 0.2857142985
103205  -34.549  -4.508  -44.839 0.4285714328
105288  -34.548  -2.414  -43.766 0.4285714328
106315  -34.565  -1.274  -45.345 0.4285714328
91132  -32.035  -15.793  -38.951 0.2857142985
92146  -32.831  -14.812  -38.361 0.2857142985
96439  -34.098  -10.604  -39.749 0.2857142985
96438  -33.746  -11.279  -39.403 0.2857142985
96460  -33.610  -11.234  -40.565 0.2857142985
102090  -34.655  -5.480  -42.660 0.4285714328
86722  -29.816  -19.107  -36.281 0.1428571492
87763  -30.464  -18.746  -36.442 0.1428571492
88858  -32.219  -17.715  -37.124 0.2857142985
93139  -33.641  -13.693  -37.412 0.2857142985
87764  -31.599  -18.541  -36.471 0.1428571492
88874  -32.986  -16.574  -36.864 0.2857142985
89990  -33.381  -16.068  -36.468 0.2857142985
79732  -24.880  -25.550  -32.745 0.1428571492
79731  -24.016  -25.719  -32.897 0.1428571492
79755  -25.655  -24.459  -32.824 0.1428571492
108248  -34.796  0.450  -46.198 0.2857142985
129426  -22.310  20.940  -42.311 0.1428571492
80886  -25.851  -24.055  -32.960 0.1428571492
83163  -27.328  -22.429  -33.395 0.1428571492
127508  -22.450  19.834  -41.887 0.1428571492
118736  -29.286  9.842  -46.952 0.5714285970
117610  -30.153  8.651  -45.731 0.4285714328
117621  -29.780  9.147  -46.640 0.4285714328
117633  -29.152  9.397  -47.409 0.5714285970
115497  -30.070  7.930  -46.634 0.4285714328
116602  -28.853  8.916  -47.765 0.5714285970
118749  -28.421  10.052  -48.172 0.4285714328
114440  -30.938  5.907  -45.454 0.4285714328
115508  -30.370  6.922  -47.486 0.4285714328
115489  -30.512  7.121  -45.019 0.4285714328
115498  -30.371  7.270  -46.259 0.5714285970
116611  -29.234  8.119  -48.301 0.5714285970
116603  -29.416  8.470  -47.636 0.5714285970
112288  -31.343  3.822  -46.475 0.5714285970
99747  -34.915  -7.608  -39.271 0.1428571492
99770  -34.917  -7.239  -40.304 0.1428571492
100934  -34.850  -6.140  -40.477 0.1428571492
88907  -25.036  -17.398  -39.529 0.2857142985
97582  -34.359  -8.103  -36.080 0.1428571492
97581  -34.582  -8.779  -37.567 0.1428571492
99726  -34.459  -6.580  -36.773 0.1428571492
99748  -34.833  -6.759  -38.512 0.1428571492
99749  -34.273  -5.734  -37.036 0.1428571492
87817  -25.117  -18.131  -38.894 0.2857142985
94190  -34.195  -11.137  -36.359 0.1428571492
95259  -34.139  -10.022  -35.603 0.1428571492
95258  -34.282  -10.901  -37.291 0.1428571492
96397  -34.444  -9.625  -36.656 0.1428571492
95279  -34.149  -8.388  -34.573 0.1428571492
95276  -34.238  -9.328  -35.766 0.1428571492
99709  -35.012  -4.005  -32.495 0.1428571492
98638  -33.722  -6.728  -33.868 0.1428571492
100905  -34.425  -4.171  -34.182 0.1428571492
86770  -24.947  -18.769  -38.744 0.2857142985
86769  -24.490  -18.715  -38.584 0.2857142985
92094  -33.469  -14.864  -36.071 0.1428571492
93104  -33.924  -13.746  -35.291 0.1428571492
93123  -33.787  -13.514  -36.252 0.1428571492
93122  -33.751  -14.142  -36.986 0.1428571492
93124  -33.781  -12.279  -35.801 0.1428571492
94172  -33.922  -10.060  -33.633 0.1428571492
93105  -33.753  -12.365  -34.552 0.1428571492
95238  -34.012  -9.219  -33.023 0.1428571492
94171  -34.115  -11.008  -34.793 0.1428571492
95239  -34.203  -8.089  -32.301 0.1428571492
96374  -35.264  -7.891  -31.435 0.1428571492
98617  -35.257  -6.259  -30.595 0.1428571492
98639  -33.757  -6.565  -31.741 0.1428571492
86754  -24.716  -19.475  -38.527 0.2857142985
86737  -24.181  -19.837  -37.966 0.2857142985
86718  -23.777  -20.091  -37.270 0.2857142985
89974  -33.637  -16.441  -35.639 0.1428571492
91085  -33.986  -15.159  -35.054 0.1428571492
92095  -33.824  -14.603  -35.414 0.1428571492
93090  -33.952  -13.512  -34.283 0.1428571492
93106  -34.116  -11.497  -33.373 0.1428571492
95222  -34.464  -9.077  -31.649 0.1428571492
95223  -35.364  -8.233  -30.564 0.1428571492
94155  -34.620  -9.181  -30.995 0.1428571492
100890  -36.694  -3.824  -33.424 0.1428571492
99710  -36.224  -5.044  -31.565 0.1428571492
88826  -33.946  -17.671  -34.538 0.1428571492
89956  -34.568  -15.771  -32.560 0.1428571492
89955  -34.486  -16.099  -33.473 0.1428571492
92070  -34.664  -13.543  -30.893 0.1428571492
92080  -34.121  -14.461  -34.615 0.1428571492
93070  -34.552  -12.367  -30.673 0.1428571492
92082  -34.057  -13.572  -31.943 0.1428571492
94139  -34.859  -10.982  -30.469 0.1428571492
95224  -36.829  -8.213  -30.775 0.1428571492
94140  -36.059  -9.907  -30.382 0.1428571492
98618  -36.791  -6.276  -30.827 0.1428571492
97534  -36.956  -7.952  -30.824 0.1428571492
88810  -34.967  -17.197  -32.265 0.1428571492
88828  -34.742  -16.507  -32.774 0.1428571492
89954  -33.975  -16.624  -34.571 0.1428571492
91054  -34.468  -15.233  -31.917 0.1428571492
91044  -37.349  -14.819  -30.414 0.1428571492
91043  -36.013  -14.848  -30.378 0.1428571492
92052  -37.068  -13.665  -30.307 0.1428571492
93046  -37.892  -12.321  -30.713 0.1428571492
93044  -35.909  -12.733  -30.296 0.1428571492
96358  -36.220  -7.967  -30.729 0.1428571492
94123  -36.037  -11.721  -30.249 0.1428571492
88802  -35.275  -18.139  -31.645 0.1428571492
88809  -34.694  -18.143  -32.657 0.1428571492
88827  -34.475  -17.416  -33.578 0.1428571492
89925  -36.313  -17.353  -30.498 0.1428571492
89934  -35.330  -16.953  -30.919 0.1428571492
89935  -36.458  -16.108  -30.437 0.1428571492
94125  -37.608  -10.974  -30.844 0.1428571492
91028  -38.143  -13.961  -30.805 0.1428571492
89941  -34.895  -16.040  -31.741 0.1428571492
91067  -34.276  -15.308  -34.207 0.1428571492
91069  -34.341  -14.430  -31.676 0.1428571492
93091  -34.248  -12.274  -32.652 0.1428571492
99711  -37.455  -5.838  -31.604 0.1428571492
102033  -36.968  -4.100  -34.971 0.1428571492
97559  -35.161  -7.718  -31.012 0.1428571492
95278  -34.340  -8.559  -34.845 0.1428571492
97584  -33.864  -7.829  -32.860 0.1428571492
100935  -34.935  -5.848  -39.381 0.1428571492
85590  -24.267  -20.634  -37.454 0.2857142985
95208  -37.026  -9.290  -30.710 0.1428571492
95209  -37.944  -9.296  -31.631 0.1428571492
100891  -37.557  -5.104  -32.309 0.1428571492
104185  -38.393  -3.683  -36.010 0.1428571492
114441  -31.356  5.216  -45.674 0.4285714328
103141  -37.311  -4.274  -35.849 0.1428571492
99729  -34.267  -5.253  -31.811 0.1428571492
100906  -35.808  -4.518  -34.589 0.1428571492
100919  -34.033  -4.625  -36.284 0.1428571492
100921  -35.504  -4.289  -35.637 0.1428571492
102061  -34.604  -5.238  -40.241 0.1428571492
102078  -34.595  -5.387  -41.406 0.1428571492
118721  -28.717  10.764  -46.582 0.4285714328
119816  -27.728  11.506  -47.792 0.4285714328
124026  -19.823  15.887  -54.117 0.1428571492
118748  -27.776  10.512  -48.180 0.4285714328
85604  -24.895  -20.404  -38.166 0.2857142985
123992  -21.574  14.960  -52.032 0.1428571492
92112  -33.642  -14.626  -36.673 0.1428571492
88845  -33.561  -17.491  -35.472 0.1428571492
87750  -33.006  -18.174  -35.770 0.1428571492
91104  -33.477  -15.330  -36.458 0.1428571492
93141  -33.823  -11.781  -36.320 0.1428571492
97580  -34.304  -9.655  -37.902 0.1428571492
97603  -34.735  -8.671  -38.829 0.1428571492
99771  -35.015  -6.534  -39.701 0.1428571492
98636  -34.602  -7.599  -37.237 0.1428571492
96421  -34.366  -8.353  -35.046 0.1428571492
95277  -34.388  -8.875  -35.297 0.1428571492
97557  -34.475  -9.712  -37.286 0.1428571492
98637  -34.310  -7.097  -35.662 0.1428571492
100918  -34.488  -5.392  -38.107 0.1428571492
99727  -33.758  -5.472  -35.275 0.1428571492
96396  -34.441  -10.105  -37.251 0.1428571492
95237  -34.031  -10.017  -34.323 0.1428571492
95240  -34.277  -8.378  -32.857 0.1428571492
99728  -33.568  -5.006  -33.146 0.1428571492
91084  -33.594  -15.489  -35.744 0.1428571492
92113  -33.686  -14.281  -35.972 0.1428571492
94154  -34.288  -10.323  -32.386 0.1428571492
92081  -34.299  -13.995  -33.466 0.1428571492
94124  -36.926  -11.288  -30.578 0.1428571492
92051  -35.466  -13.750  -30.461 0.1428571492
91055  -34.848  -14.843  -30.987 0.1428571492
92031  -37.608  -14.115  -30.435 0.1428571492
93045  -37.303  -12.470  -30.528 0.1428571492
92071  -38.480  -12.966  -31.491 0.1428571492
89942  -35.432  -15.766  -30.844 0.1428571492
78595  -21.821  -26.506  -34.065 0.1428571492
79751  -22.669  -25.615  -33.819 0.1428571492
78606  -21.160  -25.768  -34.525 0.1428571492
78608  -22.091  -26.017  -34.210 0.1428571492
79768  -22.398  -25.387  -34.414 0.1428571492
80918  -22.721  -24.246  -35.475 0.1428571492
82074  -22.847  -23.275  -36.309 0.1428571492
83192  -22.476  -22.967  -36.255 0.1428571492
83209  -22.719  -22.592  -36.743 0.1428571492
82075  -23.495  -23.216  -36.388 0.1428571492
83191  -21.886  -22.439  -36.064 0.1428571492
83208  -22.179  -22.055  -36.604 0.1428571492
84420  -23.137  -21.764  -37.228 0.1428571492
85589  -23.462  -20.896  -37.377 0.1428571492
86716  -22.153  -19.925  -37.148 0.1428571492
86735  -22.435  -19.142  -37.374 0.1428571492
87779  -23.512  -18.229  -38.034 0.1428571492
86736  -23.457  -19.182  -37.533 0.1428571492
87798  -24.106  -18.123  -38.511 0.2857142985
87816  -24.640  -18.125  -38.750 0.1428571492
88906  -24.763  -17.750  -39.050 0.1428571492
88908  -26.232  -17.215  -39.955 0.1428571492
88885  -24.261  -17.319  -39.027 0.2857142985
90049  -26.278  -16.373  -40.581 0.2857142985
94270  -27.596  -12.445  -42.389 0.4285714328
95350  -28.373  -11.471  -43.406 0.4285714328
95361  -28.724  -10.746  -43.585 0.4285714328
111234  -30.896  3.127  -45.141 0.2857142985
112274  -30.824  4.107  -44.846 0.2857142985
113336  -31.353  4.670  -46.021 0.2857142985
115450  -28.801  7.981  -43.429 0.2857142985
116546  -29.180  8.581  -43.848 0.2857142985
118722  -29.160  10.190  -46.178 0.4285714328
86753  -24.006  -18.982  -38.339 0.1428571492
88869  -23.648  -17.380  -38.405 0.1428571492
90014  -24.347  -16.756  -39.267 0.2857142985
80917  -21.806  -24.292  -35.467 0.1428571492
85587  -21.854  -20.718  -36.963 0.1428571492
87778  -22.782  -18.289  -37.562 0.1428571492
88868  -23.103  -17.349  -37.723 0.1428571492
90013  -24.053  -16.218  -38.920 0.2857142985
90032  -25.544  -16.482  -40.119 0.2857142985
90030  -24.383  -15.872  -39.357 0.2857142985
91142  -24.688  -15.507  -39.695 0.2857142985
91143  -25.249  -15.677  -40.103 0.2857142985
91160  -26.751  -15.560  -40.702 0.2857142985
92196  -26.904  -14.195  -41.670 0.4285714328
93207  -27.281  -13.512  -41.777 0.4285714328
95326  -26.959  -11.882  -41.988 0.2857142985
110143  -30.800  1.834  -44.362 0.2857142985
111222  -30.378  3.289  -44.633 0.2857142985
112287  -31.035  3.932  -45.619 0.2857142985
112273  -30.219  4.234  -44.325 0.2857142985
113320  -30.820  5.100  -44.518 0.2857142985
115473  -30.050  7.215  -44.383 0.2857142985
114422  -27.270  6.336  -43.780 0.2857142985
116563  -29.880  8.313  -44.591 0.2857142985
92177  -25.709  -14.732  -40.308 0.2857142985
110154  -30.680  2.509  -44.665 0.2857142985
111221  -29.593  3.356  -44.494 0.2857142985
110141  -28.973  2.429  -44.637 0.2857142985
112272  -29.237  4.331  -44.197 0.2857142985
113318  -28.866  5.297  -43.633 0.2857142985
113319  -29.875  5.263  -44.165 0.2857142985
114425  -30.475  6.191  -44.378 0.2857142985
114423  -28.407  6.582  -43.699 0.2857142985
112286  -27.238  3.969  -44.642 0.2857142985
112271  -28.085  4.405  -44.381 0.2857142985
94286  -27.999  -12.215  -43.292 0.4285714328
83210  -23.706  -22.526  -36.906 0.1428571492
92179  -27.283  -14.965  -40.830 0.4285714328
82060  -23.217  -23.757  -35.876 0.1428571492
79786  -22.362  -24.758  -35.138 0.1428571492
116580  -30.348  8.207  -45.327 0.2857142985
114424  -29.566  6.337  -43.849 0.2857142985
86717  -23.000  -20.013  -37.092 0.1428571492
79785  -21.926  -25.033  -35.185 0.1428571492
82059  -22.360  -23.485  -35.868 0.1428571492
84419  -22.329  -21.631  -36.999 0.1428571492
85588  -22.604  -20.874  -37.271 0.1428571492
90000  -23.757  -16.841  -38.705 0.2857142985
94257  -26.820  -12.643  -41.625 0.4285714328
115472  -29.241  7.498  -43.962 0.2857142985
93206  -26.410  -13.660  -41.220 0.4285714328
112270  -27.095  4.718  -44.463 0.2857142985
96499  -27.631  -10.223  -43.313 0.2857142985
95360  -28.111  -10.835  -43.534 0.2857142985
124908  -24.469  16.722  -48.253 0.1428571492
124917  -24.064  16.403  -49.079 0.1428571492
123974  -22.789  15.855  -49.608 0.1428571492
123011  -23.122  14.670  -50.824 0.1428571492
123010  -22.663  14.505  -51.192 0.1428571492
125785  -24.529  18.004  -47.273 0.1428571492
123973  -21.883  15.729  -49.486 0.1428571492
125801  -22.013  17.724  -47.741 0.1428571492
128492  -20.760  20.856  -47.421 0.1428571492
97665  -28.153  -9.140  -43.544 0.2857142985
98725  -28.064  -8.382  -43.911 0.2857142985
124004  -21.689  15.317  -52.207 0.1428571492
125824  -23.963  16.597  -50.709 0.1428571492
122996  -21.420  14.206  -50.983 0.1428571492
123985  -22.948  15.446  -50.257 0.1428571492
124931  -22.661  15.540  -51.535 0.1428571492
121994  -21.294  13.704  -50.193 0.1428571492
122984  -21.101  14.794  -49.721 0.1428571492
125802  -23.120  17.201  -47.620 0.1428571492
127570  -21.315  19.559  -47.349 0.1428571492
126662  -22.166  18.386  -47.768 0.1428571492
127568  -19.641  19.573  -47.217 0.1428571492
128491  -19.804  20.724  -46.962 0.1428571492
126661  -21.075  18.616  -47.852 0.1428571492
122985  -21.959  15.087  -49.761 0.1428571492
124915  -21.636  16.073  -48.792 0.1428571492
95349  -27.685  -11.392  -43.200 0.2857142985
126664  -23.979  17.967  -47.198 0.1428571492
124923  -23.443  16.205  -49.970 0.1428571492
124916  -22.825  16.248  -49.032 0.1428571492
124907  -23.692  16.259  -47.975 0.1428571492
126657  -24.283  18.349  -46.901 0.1428571492
124932  -23.254  16.029  -51.262 0.1428571492
110139  -27.322  2.552  -44.860 0.1428571492
111220  -28.581  3.428  -44.469 0.1428571492
113316  -26.788  5.589  -44.278 0.1428571492
114438  -24.003  6.196  -45.298 0.1428571492
114419  -24.542  6.643  -44.853 0.1428571492
109175  -29.311  1.380  -44.300 0.1428571492
113315  -26.008  5.682  -44.571 0.1428571492
115469  -24.811  7.577  -44.086 0.1428571492
115446  -25.313  8.384  -43.927 0.1428571492
116542  -25.671  8.794  -43.685 0.2857142985
103202  -28.472  -4.991  -44.606 0.2857142985
103201  -27.800  -4.865  -44.582 0.1428571492
107269  -27.527  -0.590  -44.732 0.1428571492
108221  -28.616  0.426  -44.143 0.1428571492
109174  -28.286  1.524  -44.503 0.1428571492
114476  -32.247  6.219  -49.020 0.1428571492
111233  -27.026  3.345  -45.138 0.1428571492
114401  -27.680  7.155  -43.853 0.1428571492
116544  -27.572  8.704  -43.704 0.1428571492
116562  -25.952  9.399  -43.783 0.2857142985
118690  -27.799  10.909  -43.785 0.2857142985
121911  -27.786  13.623  -43.190 0.2857142985
120822  -26.354  12.879  -42.609 0.2857142985
123923  -27.340  15.383  -43.725 0.2857142985
126605  -23.357  18.864  -42.926 0.1428571492
124838  -25.062  16.664  -40.621 0.1428571492
119784  -29.152  10.943  -45.464 0.2857142985
117592  -27.317  10.294  -43.875 0.2857142985
120851  -29.053  11.913  -45.399 0.2857142985
121953  -28.622  13.386  -46.999 0.2857142985
120841  -28.242  12.277  -43.945 0.2857142985
119755  -26.975  12.290  -43.657 0.2857142985
122943  -27.776  14.568  -46.310 0.2857142985
121912  -28.422  13.661  -43.761 0.2857142985
119742  -27.179  12.447  -42.639 0.2857142985
123932  -27.332  15.385  -45.542 0.2857142985
124857  -25.919  16.925  -43.645 0.1428571492
121902  -26.035  13.585  -42.175 0.2857142985
126599  -23.069  18.826  -41.904 0.1428571492
126591  -24.095  18.791  -41.346 0.1428571492
120832  -25.676  11.979  -42.758 0.1428571492
119739  -24.846  11.446  -42.968 0.1428571492
116561  -25.026  9.561  -44.657 0.2857142985
121903  -26.668  13.583  -42.502 0.2857142985
124849  -26.710  15.988  -42.721 0.1428571492
122913  -26.386  14.393  -42.087 0.2857142985
123910  -25.900  15.910  -41.987 0.1428571492
123911  -26.084  15.174  -41.732 0.1428571492
116558  -22.727  8.579  -44.637 0.2857142985
120809  -25.113  13.045  -41.327 0.1428571492
123902  -25.403  15.699  -40.004 0.1428571492
122903  -26.089  14.870  -40.964 0.1428571492
114384  -20.721  7.250  -42.686 0.1428571492
114466  -31.918  6.883  -48.818 0.1428571492
111236  -33.457  3.798  -46.112 0.1428571492
106296  -27.920  -1.251  -44.642 0.1428571492
108234  -27.464  0.428  -45.198 0.1428571492
113357  -32.773  5.946  -48.372 0.1428571492
109185  -27.102  1.570  -45.290 0.1428571492
111232  -26.282  3.370  -45.570 0.1428571492
111231  -25.381  3.381  -45.916 0.1428571492
112285  -26.580  4.067  -44.950 0.1428571492
113332  -24.426  5.163  -45.495 0.1428571492
114421  -26.219  6.423  -43.938 0.1428571492
115466  -22.014  7.604  -44.386 0.1428571492
115448  -27.148  7.858  -43.784 0.1428571492
117590  -23.670  9.386  -44.963 0.2857142985
118689  -26.743  11.304  -44.212 0.1428571492
119767  -27.706  11.739  -43.710 0.2857142985
118675  -26.320  12.041  -44.279 0.1428571492
120840  -27.751  12.396  -43.552 0.1428571492
121888  -25.308  13.821  -40.791 0.1428571492
122906  -25.614  14.349  -41.177 0.1428571492
123905  -25.882  15.658  -40.981 0.1428571492
125724  -25.789  17.801  -43.040 0.1428571492
124843  -24.659  17.172  -41.334 0.1428571492
113358  -33.068  5.214  -47.912 0.1428571492
113366  -32.937  5.092  -48.647 0.1428571492
113350  -33.147  6.000  -47.635 0.1428571492
123944  -28.824  14.339  -46.605 0.2857142985
122931  -27.966  14.478  -45.163 0.2857142985
125717  -25.211  17.568  -42.063 0.1428571492
122920  -27.913  14.527  -43.469 0.2857142985
124859  -27.076  15.716  -43.083 0.2857142985
124858  -26.697  16.231  -43.447 0.2857142985
124844  -25.239  16.783  -41.471 0.1428571492
119800  -28.475  11.214  -46.745 0.2857142985
106312  -28.105  -1.863  -44.999 0.1428571492
105299  -27.768  -2.514  -45.273 0.1428571492
120882  -28.016  12.355  -47.351 0.2857142985
109176  -30.279  1.188  -44.178 0.1428571492
111237  -33.992  3.212  -45.693 0.1428571492
120866  -28.783  12.053  -45.991 0.2857142985
116545  -28.456  8.712  -43.671 0.1428571492
117594  -29.465  9.473  -44.401 0.1428571492
118677  -29.128  10.200  -44.070 0.1428571492
109173  -27.594  1.879  -44.630 0.1428571492
113334  -26.299  4.945  -44.868 0.1428571492
110153  -26.781  2.556  -45.658 0.1428571492
109184  -26.346  1.719  -45.919 0.1428571492
113333  -25.456  5.307  -45.301 0.1428571492
114439  -24.847  6.042  -45.339 0.1428571492
115468  -23.865  7.278  -44.915 0.1428571492
115470  -25.498  6.867  -43.799 0.1428571492
108235  -28.003  0.754  -44.694 0.1428571492
116560  -24.120  8.416  -44.489 0.1428571492
108220  -27.940  0.107  -44.589 0.1428571492
117580  -27.984  9.626  -43.645 0.2857142985
117591  -26.345  10.044  -44.170 0.2857142985
119768  -28.521  11.360  -43.981 0.2857142985
119769  -29.127  11.060  -44.608 0.2857142985
118676  -28.514  10.388  -43.803 0.2857142985
122914  -27.118  14.309  -42.796 0.2857142985
122925  -28.025  14.785  -44.275 0.2857142985
120831  -25.324  12.008  -42.380 0.1428571492
120842  -28.763  12.222  -44.545 0.2857142985
120865  -28.482  12.233  -46.593 0.2857142985
120850  -28.540  12.666  -45.739 0.2857142985
121913  -28.744  13.393  -44.106 0.2857142985
121925  -28.369  13.672  -45.153 0.2857142985
119754  -25.819  12.108  -43.732 0.1428571492
122932  -28.145  14.086  -44.970 0.2857142985
123914  -26.333  16.013  -42.405 0.1428571492
122912  -25.946  14.098  -41.673 0.2857142985
126589  -22.475  19.829  -41.427 0.1428571492
123915  -26.679  15.356  -42.336 0.2857142985
155587  -24.762  10.566  -45.129 0.1428571492
118674  -25.963  11.700  -44.401 0.2857142985
91114  -22.546  -15.500  -37.918 0.1428571492
91141  -24.184  -15.320  -39.320 0.1428571492
92155  -24.762  -14.523  -39.801 0.1428571492
93149  -21.977  -13.562  -38.164 0.1428571492
94220  -22.527  -12.548  -38.648 0.1428571492
95288  -23.429  -11.522  -38.867 0.1428571492
93171  -24.215  -13.479  -39.566 0.1428571492
95289  -23.952  -11.594  -39.518 0.1428571492
92176  -25.329  -14.133  -40.228 0.1428571492
96432  -23.946  -10.890  -39.788 0.1428571492
94255  -25.274  -12.385  -40.592 0.1428571492
95325  -26.287  -11.600  -41.467 0.1428571492
94256  -26.066  -12.514  -40.982 0.1428571492
96431  -23.215  -10.482  -39.311 0.1428571492
96473  -24.756  -10.223  -40.791 0.1428571492
95336  -26.774  -11.165  -41.937 0.1428571492
97655  -26.504  -9.466  -42.515 0.1428571492
99816  -27.312  -7.553  -43.924 0.1428571492
99822  -27.569  -7.385  -44.335 0.1428571492
117589  -22.827  10.028  -44.388 0.1428571492
93191  -26.229  -14.230  -40.723 0.1428571492
92124  -21.930  -14.619  -37.705 0.1428571492
93170  -23.219  -13.499  -39.193 0.1428571492
120821  -25.578  12.763  -42.255 0.1428571492
100980  -28.230  -6.712  -44.670 0.1428571492
95337  -27.244  -11.350  -42.427 0.1428571492
92141  -23.216  -14.500  -38.738 0.1428571492
91128  -23.130  -15.347  -38.450 0.1428571492
92156  -25.118  -15.127  -39.934 0.1428571492
93205  -25.693  -13.108  -40.565 0.1428571492
96489  -26.729  -10.469  -42.388 0.1428571492
92140  -22.576  -14.579  -38.296 0.1428571492
92154  -23.896  -14.434  -39.187 0.1428571492
93150  -22.657  -13.865  -38.716 0.1428571492
94198  -22.115  -12.478  -38.342 0.1428571492
94222  -23.731  -12.513  -39.329 0.1428571492
94240  -24.409  -12.510  -39.963 0.1428571492
95309  -24.415  -11.573  -40.041 0.1428571492
94254  -24.827  -12.706  -40.471 0.1428571492
93189  -24.958  -13.431  -40.334 0.1428571492
96455  -25.061  -10.913  -40.632 0.1428571492
96453  -23.605  -10.202  -39.844 0.1428571492
96474  -25.406  -10.636  -41.263 0.1428571492
96430  -22.116  -10.360  -39.221 0.1428571492
91113  -21.700  -15.638  -37.291 0.1428571492
78607  -21.632  -25.947  -34.441 0.1428571492
79730  -23.618  -25.831  -33.027 0.1428571492
80899  -23.731  -24.540  -34.713 0.2857142985
80901  -24.851  -23.973  -33.935 0.2857142985
82043  -25.170  -23.469  -34.259 0.1428571492
83162  -26.628  -22.770  -33.464 0.1428571492
84407  -25.771  -22.045  -36.264 0.4285714328
85606  -26.437  -20.314  -37.776 0.4285714328
85617  -25.127  -19.922  -38.607 0.2857142985
86701  -30.062  -19.356  -35.598 0.1428571492
86719  -27.562  -20.069  -37.227 0.4285714328
86738  -26.723  -20.131  -38.062 0.4285714328
86755  -25.468  -19.298  -38.673 0.5714285970
86758  -27.988  -19.006  -38.437 0.4285714328
86771  -25.334  -18.635  -38.787 0.2857142985
87766  -33.113  -17.680  -36.375 0.1428571492
87782  -30.409  -18.220  -37.200 0.1428571492
87784  -32.899  -17.179  -36.707 0.2857142985
87820  -27.452  -17.807  -39.697 0.7142857313
87828  -27.428  -17.368  -40.163 0.7142857313
88873  -32.445  -17.052  -37.218 0.2857142985
88886  -24.522  -17.000  -39.417 0.2857142985
88910  -27.962  -17.334  -39.907 0.7142857313
88911  -28.712  -17.071  -39.565 0.7142857313
88925  -27.021  -17.013  -40.441 0.2857142985
90002  -32.724  -16.128  -37.567 0.2857142985
90012  -23.491  -15.816  -38.648 0.1428571492
90017  -31.710  -16.270  -38.552 0.2857142985
90018  -32.294  -16.225  -38.168 0.2857142985
90031  -24.669  -16.395  -39.604 0.2857142985
90052  -28.447  -16.335  -40.652 0.7142857313
90063  -27.996  -15.444  -40.954 0.5714285970
90065  -28.796  -16.019  -41.099 0.5714285970
91008  -38.052  -14.160  -30.669 0.1428571492
91009  -38.241  -14.188  -30.840 0.1428571492
91027  -37.911  -14.323  -30.573 0.1428571492
91066  -33.811  -15.819  -35.039 0.1428571492
91068  -34.335  -14.919  -32.773 0.1428571492
91120  -33.380  -15.475  -37.104 0.2857142985
91129  -23.644  -15.282  -38.865 0.1428571492
91144  -30.780  -15.557  -39.936 0.5714285970
91159  -26.008  -15.625  -40.575 0.2857142985
91161  -27.235  -15.554  -40.738 0.4285714328
92014  -37.948  -14.007  -30.610 0.1428571492
92015  -38.155  -13.991  -30.808 0.1428571492
92050  -34.979  -13.412  -30.567 0.1428571492
92069  -34.852  -13.199  -30.564 0.1428571492
92131  -33.005  -14.656  -37.832 0.2857142985
92178  -26.725  -14.634  -40.875 0.1428571492
92180  -30.119  -15.072  -41.268 0.5714285970
92181  -30.667  -14.776  -40.764 0.5714285970
92182  -31.522  -14.732  -40.272 0.4285714328
92183  -32.215  -14.273  -39.922 0.2857142985
92184  -32.779  -14.134  -39.391 0.4285714328
92213  -28.050  -13.859  -42.015 0.5714285970
92214  -28.295  -13.984  -41.834 0.7142857313
93007  -38.036  -13.806  -30.734 0.1428571492
93021  -37.787  -13.966  -30.520 0.1428571492
93043  -35.196  -13.181  -30.463 0.1428571492
93069  -34.983  -12.970  -30.452 0.1428571492
93071  -37.639  -11.956  -30.629 0.1428571492
93072  -38.125  -12.012  -30.926 0.1428571492
93089  -34.035  -14.096  -34.958 0.1428571492
93190  -25.811  -13.862  -40.477 0.1428571492
93204  -25.131  -12.928  -40.595 0.1428571492
93212  -32.086  -14.028  -41.375 0.7142857313
93225  -28.483  -13.464  -42.256 0.7142857313
94085  -37.652  -13.786  -30.490 0.1428571492
94108  -36.778  -11.999  -30.422 0.1428571492
94109  -37.271  -11.820  -30.575 0.1428571492
94153  -33.951  -11.240  -33.779 0.1428571492
94189  -33.826  -11.932  -37.528 0.2857142985
94206  -33.898  -11.994  -38.386 0.2857142985
94221  -22.977  -12.412  -38.844 0.1428571492
94241  -24.723  -12.174  -40.360 0.1428571492
94259  -31.920  -13.239  -41.933 0.5714285970
94272  -29.022  -12.875  -42.747 0.5714285970
95175  -37.049  -11.709  -30.565 0.1428571492
95176  -37.162  -11.516  -30.622 0.1428571492
95194  -36.733  -11.712  -30.462 0.1428571492
95195  -36.865  -11.526  -30.536 0.1428571492
95260  -34.232  -9.141  -34.372 0.1428571492
95261  -33.920  -8.450  -33.975 0.1428571492
95262  -34.031  -8.509  -33.806 0.1428571492
95310  -24.906  -11.561  -40.428 0.1428571492
95324  -25.537  -11.619  -40.847 0.1428571492
95327  -32.524  -12.326  -41.846 0.5714285970
95351  -29.244  -11.321  -43.444 0.4285714328
95362  -29.269  -10.590  -43.711 0.5714285970
95369  -30.964  -10.879  -45.113 0.7142857313
96359  -37.183  -8.121  -31.077 0.1428571492
96373  -35.800  -7.887  -31.172 0.1428571492
96398  -34.420  -8.256  -32.682 0.1428571492
96419  -34.362  -9.120  -36.478 0.1428571492
96420  -34.292  -8.661  -35.962 0.1428571492
96422  -33.877  -8.375  -33.944 0.1428571492
96454  -24.347  -10.549  -40.237 0.1428571492
96490  -27.295  -10.699  -42.849 0.1428571492
96491  -32.904  -10.989  -43.206 0.7142857313
96498  -26.955  -10.042  -42.961 0.1428571492
96502  -32.899  -10.793  -44.119 0.7142857313
96509  -29.547  -10.168  -44.180 0.5714285970
96511  -32.084  -10.853  -45.147 0.5714285970
96513  -31.050  -10.186  -45.177 0.8571428657
96514  -31.920  -10.129  -45.378 0.8571428657
96515  -32.527  -9.766  -45.157 0.7142857313
97514  -37.692  -7.449  -31.677 0.1428571492
97535  -37.122  -7.125  -30.702 0.1428571492
97558  -34.502  -9.397  -37.217 0.1428571492
97560  -36.133  -6.936  -30.471 0.1428571492
97583  -34.022  -7.841  -34.632 0.1428571492
97658  -34.188  -8.916  -43.282 0.5714285970
97666  -28.472  -8.630  -43.906 0.2857142985
97669  -34.235  -8.684  -43.975 0.5714285970
97675  -28.644  -9.631  -43.709 0.5714285970
97679  -33.043  -9.674  -44.921 0.7142857313
98598  -37.652  -6.760  -31.707 0.1428571492
98660  -34.705  -7.980  -38.551 0.1428571492
98726  -33.355  -9.436  -44.780 0.7142857313
98728  -34.193  -8.339  -44.735 0.7142857313
98732  -27.717  -7.989  -44.153 0.1428571492
98735  -29.724  -8.658  -44.387 0.5714285970
98736  -33.207  -9.076  -45.151 0.7142857313
99823  -28.139  -7.646  -44.838 0.2857142985
99826  -33.853  -7.788  -45.574 0.7142857313
99827  -33.983  -7.363  -45.257 0.7142857313
99836  -33.303  -7.281  -45.636 0.7142857313
100889  -35.208  -3.538  -33.146 0.1428571492
100904  -33.653  -4.488  -35.228 0.1428571492
100982  -31.169  -5.894  -44.590 0.7142857313
100983  -31.332  -5.901  -44.805 0.7142857313
101002  -32.196  -5.639  -46.065 0.7142857313
102046  -35.427  -5.106  -36.037 0.1428571492
102110  -28.441  -5.765  -44.718 0.4285714328
102111  -29.175  -5.931  -44.589 0.4285714328
102123  -31.808  -5.484  -45.579 0.7142857313
102133  -32.390  -5.467  -46.836 0.8571428657
102135  -33.303  -5.016  -47.420 0.7142857313
102142  -32.373  -5.472  -47.763 0.8571428657
102143  -32.673  -5.545  -48.074 0.8571428657
103203  -31.468  -5.144  -44.729 0.8571428657
103214  -28.952  -4.607  -44.905 0.2857142985
103236  -32.493  -5.150  -47.951 0.8571428657
103237  -32.770  -5.314  -48.030 0.8571428657
104251  -30.484  -2.754  -44.523 0.5714285970
104290  -33.338  -2.547  -48.165 0.8571428657
104297  -32.095  -0.702  -49.378 0.8571428657
105286  -29.981  -2.081  -44.643 0.5714285970
105287  -30.629  -2.148  -44.766 0.5714285970
105302  -31.133  -2.309  -45.001 0.5714285970
106297  -28.686  -1.465  -44.531 0.1428571492
106300  -30.977  -1.110  -44.943 0.5714285970
106324  -34.051  -1.038  -46.054 0.4285714328
107270  -28.267  -0.560  -44.381 0.1428571492
107273  -30.777  -0.621  -44.798 0.5714285970
107289  -31.761  -1.463  -45.799 0.5714285970
107290  -34.196  -0.428  -46.745 0.4285714328
108236  -31.778  -0.331  -45.659 0.5714285970
109186  -27.695  1.225  -44.901 0.1428571492
109187  -31.827  0.730  -45.166 0.5714285970
109200  -34.394  1.258  -47.027 0.4285714328
109216  -31.651  2.014  -50.599 0.8571428657
109223  -31.687  2.318  -51.248 0.7142857313
110140  -27.975  2.532  -44.349 0.1428571492
110142  -30.048  2.329  -44.226 0.2857142985
110166  -32.157  1.963  -46.210 0.8571428657
110167  -32.485  1.214  -46.085 0.5714285970
110180  -30.810  2.019  -48.709 1.0000000000
110182  -32.764  2.663  -49.412 0.5714285970
110187  -32.487  2.716  -50.599 0.7142857313
110195  -30.979  2.316  -50.802 0.8571428657
110196  -32.284  2.638  -51.222 0.7142857313
110203  -30.020  2.945  -50.717 0.8571428657
110204  -30.358  2.681  -51.117 0.8571428657
110206  -31.794  2.651  -51.592 0.7142857313
111219  -27.649  3.384  -44.535 0.1428571492
111257  -31.061  2.828  -48.494 1.0000000000
111265  -32.638  3.437  -50.030 0.5714285970
111270  -29.812  3.355  -50.584 0.8571428657
111271  -29.879  3.098  -50.190 0.8571428657
111281  -32.092  3.367  -51.599 0.7142857313
111289  -29.942  3.884  -51.889 0.8571428657
111290  -30.455  3.953  -52.208 0.8571428657
112296  -31.569  3.694  -47.363 0.8571428657
112311  -30.920  3.417  -48.780 1.0000000000
112319  -30.115  3.765  -50.145 0.8571428657
112328  -29.441  4.320  -50.744 0.8571428657
112336  -28.066  5.200  -51.819 0.8571428657
112337  -28.498  4.861  -51.513 0.8571428657
112339  -31.645  4.299  -51.484 0.7142857313
112347  -30.490  4.517  -52.176 0.8571428657
112348  -31.062  4.416  -52.216 0.8571428657
113317  -27.728  5.409  -43.787 0.1428571492
113335  -31.348  4.826  -45.194 0.4285714328
113342  -31.247  4.737  -47.102 0.2857142985
113348  -30.529  5.198  -48.384 1.0000000000
113364  -29.817  5.451  -49.525 1.0000000000
113365  -32.763  5.429  -49.368 0.1428571492
113372  -28.224  5.441  -50.961 0.8571428657
113380  -28.000  5.382  -51.548 0.8571428657
113382  -30.868  5.571  -51.679 0.4285714328
113383  -31.404  5.180  -51.250 0.4285714328
113387  -28.532  5.689  -52.493 0.8571428657
113389  -29.814  5.190  -52.040 0.7142857313
113390  -30.594  5.020  -52.017 0.7142857313
114400  -26.867  7.066  -43.818 0.1428571492
114402  -28.206  7.270  -43.904 0.2857142985
114420  -25.276  6.261  -44.455 0.1428571492
114449  -31.264  5.346  -46.211 0.4285714328
114457  -30.541  6.092  -47.866 1.0000000000
114464  -29.820  6.743  -49.224 0.7142857313
114472  -28.485  6.714  -50.039 0.8571428657
114474  -29.825  5.968  -49.417 1.0000000000
114475  -31.764  6.683  -49.461 0.2857142985
114491  -27.709  6.778  -52.015 0.8571428657
115447  -25.994  7.674  -43.673 0.1428571492
115449  -28.099  7.896  -43.982 0.2857142985
115471  -28.564  7.444  -43.850 0.2857142985
115507  -30.020  7.768  -47.240 0.5714285970
115517  -31.610  7.505  -49.092 0.2857142985
115531  -26.512  8.315  -50.745 0.8571428657
115535  -30.890  7.287  -50.356 0.1428571492
115544  -29.755  7.202  -51.579 0.4285714328
115549  -26.674  7.594  -53.023 0.4285714328
115559  -27.731  8.166  -53.373 0.1428571492
116543  -26.558  8.753  -43.679 0.1428571492
116559  -23.449  8.206  -44.548 0.1428571492
116564  -30.286  7.746  -44.769 0.2857142985
116579  -30.074  8.556  -45.074 0.2857142985
116590  -29.911  8.351  -46.877 0.4285714328
116591  -30.178  8.378  -46.220 0.4285714328
116620  -28.121  8.715  -49.381 0.8571428657
116627  -24.471  8.994  -50.753 0.5714285970
116628  -25.396  8.735  -50.759 0.7142857313
116629  -26.442  8.947  -50.451 0.8571428657
116637  -24.135  8.985  -50.981 0.5714285970
116639  -25.638  8.783  -51.812 0.5714285970
116640  -26.521  8.365  -52.367 0.8571428657
116641  -26.789  7.764  -52.764 0.7142857313
116651  -26.683  7.591  -52.976 0.4285714328
116653  -28.649  8.176  -52.523 0.2857142985
116657  -24.836  8.567  -53.222 0.4285714328
117578  -26.483  9.430  -43.809 0.2857142985
117579  -27.066  9.469  -43.807 0.2857142985
117581  -28.848  9.501  -43.841 0.1428571492
117593  -27.927  10.302  -43.745 0.2857142985
117609  -29.855  9.084  -45.415 0.4285714328
117622  -30.134  8.886  -46.018 0.4285714328
117632  -28.682  9.483  -47.990 0.5714285970
117640  -26.499  9.814  -48.890 0.8571428657
117648  -25.795  9.999  -50.267 0.7142857313
117651  -27.605  9.324  -49.304 1.0000000000
117657  -24.076  9.672  -51.066 0.5714285970
117666  -24.298  9.493  -51.489 0.4285714328
117667  -24.747  9.209  -52.244 0.2857142985
117672  -30.112  8.912  -51.005 0.1428571492
117678  -24.338  9.043  -53.030 0.4285714328
117679  -24.685  8.497  -52.810 0.4285714328
117690  -24.379  9.997  -53.437 0.1428571492
117693  -26.710  9.317  -53.363 0.1428571492
117694  -27.523  9.146  -53.332 0.1428571492
117695  -28.024  8.931  -53.216 0.1428571492
118691  -29.297  10.316  -44.450 0.1428571492
118707  -29.518  10.226  -45.055 0.4285714328
118735  -28.693  10.444  -47.391 0.4285714328
118756  -25.971  10.519  -49.815 0.7142857313
118777  -21.714  11.007  -50.905 0.2857142985
118778  -22.452  10.639  -51.206 0.2857142985
118801  -25.462  10.273  -53.582 0.1428571492
119725  -26.958  12.425  -42.427 0.2857142985
119726  -27.271  12.511  -42.140 0.2857142985
119727  -27.338  12.201  -41.860 0.2857142985
119740  -25.930  12.473  -42.923 0.1428571492
119741  -26.589  12.452  -42.933 0.2857142985
119743  -27.531  12.338  -42.196 0.2857142985
119756  -29.077  10.782  -43.968 0.2857142985
119757  -29.202  10.605  -44.214 0.2857142985
119801  -28.899  11.348  -46.151 0.2857142985
119814  -21.086  12.172  -47.876 0.2857142985
119815  -21.491  12.090  -47.994 0.2857142985
119817  -28.230  11.447  -47.269 0.4285714328
119829  -21.001  12.181  -48.263 0.2857142985
119843  -21.458  12.708  -48.977 0.2857142985
119844  -21.593  12.535  -49.145 0.2857142985
119855  -22.237  11.852  -50.660 0.2857142985
119858  -25.077  11.134  -50.454 0.7142857313
119889  -22.541  11.730  -53.631 0.1428571492
119902  -23.038  12.164  -54.424 0.1428571492
120800  -25.103  13.107  -40.396 0.1428571492
120810  -26.778  12.531  -42.492 0.2857142985
120811  -26.993  12.538  -42.245 0.2857142985
120812  -27.231  12.349  -41.925 0.2857142985
120823  -27.144  12.709  -42.319 0.2857142985
120824  -27.472  12.452  -41.944 0.2857142985
120833  -27.656  12.780  -42.924 0.2857142985
120834  -27.986  12.979  -43.684 0.2857142985
120835  -28.718  12.941  -43.956 0.2857142985
120878  -21.018  12.585  -48.070 0.2857142985
120879  -21.328  12.460  -47.922 0.2857142985
120880  -26.541  12.650  -48.245 0.7142857313
120897  -22.121  12.454  -48.492 0.2857142985
120901  -25.998  12.415  -48.538 0.7142857313
120915  -22.817  12.555  -49.385 0.2857142985
120925  -21.024  12.903  -51.332 0.2857142985
120927  -21.888  12.461  -50.242 0.2857142985
120929  -23.359  12.290  -50.094 0.5714285970
120958  -21.175  13.112  -53.982 0.1428571492
120959  -21.768  12.470  -53.676 0.1428571492
120971  -21.481  13.411  -54.135 0.1428571492
121894  -25.531  13.634  -41.602 0.2857142985
121904  -27.317  13.421  -42.694 0.2857142985
121919  -28.530  13.721  -44.358 0.2857142985
121920  -28.900  13.167  -44.499 0.2857142985
121924  -28.078  14.050  -45.299 0.2857142985
121926  -28.969  12.796  -45.091 0.2857142985
121937  -28.060  14.057  -45.623 0.2857142985
121938  -28.242  13.491  -46.195 0.2857142985
121939  -28.678  13.796  -46.716 0.2857142985
121948  -21.125  12.865  -48.054 0.2857142985
121954  -28.868  13.841  -46.799 0.2857142985
121968  -22.208  13.492  -48.613 0.2857142985
121971  -25.755  13.426  -48.291 0.7142857313
121982  -20.072  14.332  -48.672 0.2857142985
121983  -20.593  13.864  -49.173 0.2857142985
122006  -21.365  13.216  -51.534 0.2857142985
122007  -21.673  13.185  -51.832 0.2857142985
122026  -20.890  13.582  -53.573 0.1428571492
122040  -22.897  13.168  -54.170 0.1428571492
122907  -26.048  14.667  -41.483 0.1428571492
122921  -28.396  14.254  -44.070 0.2857142985
122926  -28.259  14.178  -44.654 0.2857142985
122944  -28.562  13.982  -46.597 0.2857142985
122945  -28.923  14.128  -46.692 0.2857142985
122952  -24.107  15.365  -47.785 0.2857142985
122953  -24.604  15.058  -47.700 0.4285714328
122956  -28.277  14.136  -47.157 0.2857142985
122957  -28.846  14.055  -46.736 0.2857142985
122958  -29.065  14.194  -46.649 0.2857142985
122968  -21.389  14.447  -48.561 0.2857142985
122972  -25.259  13.956  -48.200 0.7142857313
122982  -19.997  14.838  -48.608 0.2857142985
122995  -21.611  13.601  -51.527 0.2857142985
122997  -22.465  14.762  -50.365 0.1428571492
122998  -23.109  14.916  -50.618 0.1428571492
123008  -21.786  13.458  -51.749 0.2857142985
123906  -26.180  15.104  -41.250 0.1428571492
123916  -27.334  15.207  -42.931 0.2857142985
123927  -27.474  15.382  -44.651 0.2857142985
123945  -29.059  14.405  -46.770 0.2857142985
123953  -28.674  14.195  -46.586 0.2857142985
123954  -28.910  14.202  -46.779 0.2857142985
123971  -20.165  15.217  -48.616 0.2857142985
123972  -20.542  15.789  -49.135 0.2857142985
123984  -22.372  15.250  -49.880 0.1428571492
123993  -22.237  15.060  -51.661 0.1428571492
123994  -23.064  15.080  -51.067 0.1428571492
124002  -20.595  15.346  -53.254 0.1428571492
124012  -20.437  16.011  -53.683 0.1428571492
124025  -19.537  15.965  -53.963 0.1428571492
124038  -19.378  16.211  -54.346 0.1428571492
124837  -24.544  17.078  -41.098 0.1428571492
124848  -26.145  16.775  -42.517 0.1428571492
124850  -26.970  15.581  -42.753 0.2857142985
124866  -26.367  16.636  -44.383 0.4285714328
124885  -23.864  17.033  -46.948 0.2857142985
124905  -21.708  15.390  -48.554 0.2857142985
124913  -20.482  15.196  -48.528 0.2857142985
125716  -24.770  18.067  -41.988 0.2857142985
125735  -25.995  17.158  -44.637 0.4285714328
125742  -21.307  19.225  -46.574 0.2857142985
125743  -21.587  19.181  -46.653 0.2857142985
125765  -21.121  19.071  -46.602 0.2857142985
125781  -20.861  18.723  -46.777 0.2857142985
125782  -21.353  18.082  -46.894 0.2857142985
125800  -21.123  18.004  -47.372 0.2857142985
125803  -24.216  17.415  -47.331 0.1428571492
126590  -22.896  19.591  -41.458 0.1428571492
126626  -21.859  19.661  -46.376 0.2857142985
126644  -20.525  19.402  -46.425 0.2857142985
126655  -20.213  19.017  -46.876 0.2857142985
126659  -19.739  19.179  -47.017 0.1428571492
126660  -20.366  18.924  -47.278 0.1428571492
127485  -24.790  18.776  -40.659 0.1428571492
127526  -23.356  19.652  -44.782 0.1428571492
127538  -23.087  19.673  -45.368 0.1428571492
127539  -23.349  19.586  -45.244 0.2857142985
127567  -24.251  19.003  -46.570 0.1428571492
128424  -22.017  20.764  -41.873 0.1428571492
128425  -22.482  20.493  -42.476 0.1428571492
128431  -23.216  20.074  -44.356 0.1428571492
128441  -22.752  20.732  -44.839 0.1428571492
128442  -22.873  20.208  -44.665 0.1428571492
128443  -23.032  19.926  -44.680 0.1428571492
129415  -22.081  21.117  -41.884 0.1428571492
155211  -37.895  -13.648  -30.625 0.1428571492
155381  -32.536  -1.166  -46.874 0.8571428657
155387  -32.115  -0.687  -49.689 0.8571428657
155390  -32.112  -0.242  -46.863 0.8571428657
155391  -33.193  -1.679  -48.861 0.8571428657
155392  -33.098  -1.513  -49.023 0.8571428657
155394  -32.620  -0.457  -49.628 0.8571428657
155395  -33.576  -1.800  -48.527 0.8571428657
155397  -32.141  0.915  -46.780 0.8571428657
155398  -33.130  -0.564  -49.417 0.8571428657
155402  -32.928  0.853  -49.260 0.5714285970
155407  -32.580  2.281  -49.831 0.5714285970
155624  -20.915  14.926  -48.485 0.2857142985
155625  -20.863  15.304  -48.493 0.2857142985
155669  -20.187  19.836  -46.070 0.2857142985
155671  -19.757  20.446  -46.424 0.1428571492
155675  -22.646  21.050  -44.643 0.1428571492
