#!ascii label  , from subject 3358 vox2ras=TkReg
2114
73255  56.272  -30.616  21.751 0.0000000000
57000  41.760  -43.625  29.761 0.0000000000
50680  27.089  -48.050  33.545 0.0000000000
49287  19.128  -49.537  36.398 0.0000000000
50606  37.996  -47.651  37.631 0.0000000000
55927  34.835  -44.982  26.131 0.0000000000
65472  51.347  -36.509  28.560 0.0000000000
83253  56.111  -22.071  15.793 0.0000000000
75439  49.673  -27.967  29.903 0.0000000000
66885  42.405  -35.313  24.119 0.0000000000
59614  34.573  -41.743  18.853 0.0000000000
49253  27.326  -48.915  38.442 0.0000000000
46589  23.715  -51.346  34.040 0.0000000000
45172  23.390  -51.462  40.322 0.0000000000
53292  32.441  -46.594  36.274 0.0000000000
77936  51.613  -27.101  28.129 0.0000000000
56925  44.746  -42.798  35.377 0.0000000000
62874  45.625  -38.134  33.099 0.0000000000
69360  45.071  -33.536  30.378 0.0000000000
62942  42.013  -39.169  27.344 0.0000000000
63045  38.674  -38.785  21.418 0.0000000000
58299  39.056  -42.954  23.430 0.0000000000
54773  28.538  -44.974  25.350 0.0000000000
53535  30.380  -46.460  21.212 0.0000000000
78069  55.729  -26.542  19.667 0.0000000000
78137  55.647  -26.830  15.508 0.0000000000
52082  25.096  -47.191  27.308 0.0000000000
46641  23.405  -51.621  28.296 0.0000000000
50685  41.732  -48.363  32.809 0.0000000000
49418  39.033  -48.993  26.865 0.0000000000
53389  37.499  -46.380  32.508 0.0000000000
54682  30.811  -45.056  30.544 0.0000000000
68181  50.985  -33.937  23.025 0.0000000000
47863  18.242  -50.246  44.610 0.0000000000
46540  14.494  -51.422  38.542 0.0000000000
79323  55.052  -25.444  21.396 0.0000000000
74405  52.908  -29.987  21.981 0.0000000000
73198  51.743  -30.735  26.458 0.0000000000
71911  50.560  -32.677  29.671 0.0000000000
70727  48.555  -32.030  24.853 0.0000000000
77854  45.864  -26.596  32.376 0.0000000000
74354  45.337  -29.844  26.364 0.0000000000
70778  44.361  -32.918  21.420 0.0000000000
66965  40.249  -35.225  19.373 0.0000000000
53531  34.774  -46.194  21.706 0.0000000000
50555  27.800  -48.237  41.050 0.0000000000
46518  26.006  -50.430  39.012 0.0000000000
49221  25.150  -49.331  41.649 0.0000000000
51889  30.367  -47.185  40.288 0.0000000000
55826  44.014  -44.133  32.660 0.0000000000
59402  43.740  -41.474  31.388 0.0000000000
62898  43.850  -38.578  30.647 0.0000000000
59504  41.279  -41.393  28.304 0.0000000000
60717  40.166  -40.757  25.744 0.0000000000
57021  39.854  -43.477  26.791 0.0000000000
52105  27.616  -47.072  25.074 0.0000000000
52120  28.711  -47.400  23.818 0.0000000000
75594  56.796  -29.092  20.848 0.0000000000
75620  56.143  -28.261  19.172 0.0000000000
73280  57.047  -30.781  20.310 0.0000000000
52059  25.913  -47.690  30.877 0.0000000000
49391  24.078  -49.598  28.115 0.0000000000
48017  25.099  -50.233  31.132 0.0000000000
47984  21.486  -49.994  35.526 0.0000000000
48012  21.554  -50.250  32.357 0.0000000000
49326  19.631  -49.238  33.421 0.0000000000
49317  17.046  -49.522  34.178 0.0000000000
53337  41.553  -46.421  34.246 0.0000000000
50656  39.423  -48.056  34.900 0.0000000000
50696  39.587  -48.007  32.082 0.0000000000
50675  37.286  -47.247  34.733 0.0000000000
53318  29.637  -46.447  35.546 0.0000000000
53372  32.314  -45.829  34.160 0.0000000000
53394  29.260  -45.696  32.524 0.0000000000
54708  28.251  -46.024  29.579 0.0000000000
66856  51.089  -35.709  26.375 0.0000000000
65566  50.681  -36.376  24.198 0.0000000000
65526  51.517  -37.225  26.666 0.0000000000
43994  13.200  -53.073  39.818 0.0000000000
73223  51.916  -30.160  24.076 0.0000000000
75511  52.001  -28.475  25.506 0.0000000000
76592  51.049  -27.387  30.733 0.0000000000
73152  51.683  -30.201  29.943 0.0000000000
73154  50.145  -29.996  29.660 0.0000000000
71948  49.834  -31.706  27.814 0.0000000000
74350  49.373  -29.659  26.992 0.0000000000
68129  44.036  -34.340  27.197 0.0000000000
71934  44.937  -31.930  28.389 0.0000000000
70711  43.990  -32.587  25.439 0.0000000000
71994  44.840  -31.634  24.029 0.0000000000
69472  42.810  -33.764  22.929 0.0000000000
68251  42.587  -34.222  20.295 0.0000000000
66926  41.238  -35.506  21.963 0.0000000000
63097  37.055  -38.452  18.795 0.0000000000
53456  36.916  -46.463  26.382 0.0000000000
52117  37.476  -47.244  24.334 0.0000000000
53490  35.158  -46.352  24.063 0.0000000000
52208  30.102  -46.817  19.961 0.0000000000
85768  56.700  -20.215  11.899 0.0000000000
83296  56.572  -22.368  13.733 0.0000000000
50630  27.449  -48.475  36.023 0.0000000000
46588  25.705  -50.987  33.670 0.0000000000
45213  25.237  -50.813  35.992 0.0000000000
46566  23.739  -51.060  37.135 0.0000000000
49256  21.250  -49.942  38.369 0.0000000000
51884  35.741  -47.159  39.881 0.0000000000
50610  35.242  -47.804  36.953 0.0000000000
53246  33.268  -46.639  39.047 0.0000000000
53272  29.581  -46.581  37.905 0.0000000000
76675  52.009  -27.114  25.501 0.0000000000
79126  49.956  -24.978  31.323 0.0000000000
65417  45.175  -35.838  31.901 0.0000000000
65475  43.983  -36.477  28.858 0.0000000000
64191  42.073  -37.274  25.667 0.0000000000
65598  40.722  -36.781  23.067 0.0000000000
62999  40.676  -38.626  24.661 0.0000000000
60774  38.735  -40.614  22.931 0.0000000000
58336  37.231  -42.330  20.830 0.0000000000
55930  31.925  -44.504  26.192 0.0000000000
55978  33.281  -44.718  23.716 0.0000000000
55993  29.780  -44.975  22.696 0.0000000000
80677  54.004  -24.471  17.932 0.0000000000
80744  55.408  -24.667  15.506 0.0000000000
78111  54.610  -26.330  17.611 0.0000000000
45271  23.833  -52.012  30.792 0.0000000000
53385  44.113  -46.108  33.442 0.0000000000
53420  42.177  -46.514  30.744 0.0000000000
53444  40.718  -46.634  28.122 0.0000000000
50712  40.898  -48.618  29.636 0.0000000000
52064  38.930  -47.554  29.202 0.0000000000
54700  36.483  -45.150  29.252 0.0000000000
52003  34.934  -46.615  34.838 0.0000000000
54652  34.524  -45.535  31.433 0.0000000000
54723  33.306  -45.029  28.336 0.0000000000
54726  30.266  -45.444  28.586 0.0000000000
54760  27.208  -45.681  26.774 0.0000000000
70758  53.955  -32.754  22.615 0.0000000000
69488  55.953  -33.588  22.269 0.0000000000
68201  53.549  -34.811  22.817 0.0000000000
47884  20.740  -51.184  42.516 0.0000000000
49234  18.661  -49.528  40.386 0.0000000000
47902  16.526  -49.983  41.334 0.0000000000
49261  16.861  -49.811  37.531 0.0000000000
81929  54.563  -23.406  19.937 0.0000000000
79321  56.278  -26.377  21.180 0.0000000000
75546  55.789  -28.611  22.067 0.0000000000
73257  54.656  -30.470  22.015 0.0000000000
72001  51.567  -31.800  23.245 0.0000000000
70707  50.956  -32.696  25.672 0.0000000000
69398  51.442  -33.932  27.814 0.0000000000
74336  52.194  -29.676  27.879 0.0000000000
70639  51.647  -32.473  29.095 0.0000000000
68101  50.560  -34.927  29.064 0.0000000000
68128  49.549  -34.848  27.329 0.0000000000
68148  48.977  -34.379  25.352 0.0000000000
77883  47.268  -26.392  31.118 0.0000000000
73155  45.733  -30.066  31.553 0.0000000000
75456  45.362  -28.686  29.251 0.0000000000
76653  47.225  -27.700  27.846 0.0000000000
73214  46.908  -30.033  24.953 0.0000000000
70762  46.653  -32.336  22.470 0.0000000000
65648  39.405  -36.824  20.579 0.0000000000
54780  39.084  -45.645  24.757 0.0000000000
55999  37.457  -44.695  22.082 0.0000000000
57123  34.868  -43.961  20.000 0.0000000000
52161  32.638  -46.760  21.312 0.0000000000
54842  32.115  -45.646  20.030 0.0000000000
50556  26.702  -48.609  40.886 0.0000000000
50543  26.322  -48.192  41.571 0.0000000000
55852  42.809  -43.921  30.703 0.0000000000
58170  44.107  -42.239  32.040 0.0000000000
58193  43.103  -42.429  30.771 0.0000000000
60606  42.993  -41.156  30.289 0.0000000000
58227  41.327  -42.689  29.151 0.0000000000
59505  40.795  -41.760  27.796 0.0000000000
57009  40.511  -43.776  28.122 0.0000000000
74402  56.538  -29.612  21.764 0.0000000000
74438  56.920  -29.927  20.476 0.0000000000
73270  56.464  -30.815  21.072 0.0000000000
50698  26.257  -48.098  32.062 0.0000000000
49355  25.037  -49.390  30.474 0.0000000000
49337  25.665  -49.297  32.303 0.0000000000
47985  20.723  -49.517  35.577 0.0000000000
48004  20.549  -49.489  33.988 0.0000000000
49314  19.708  -49.435  34.615 0.0000000000
49327  18.463  -49.384  33.368 0.0000000000
49303  18.098  -49.364  35.202 0.0000000000
53242  37.807  -46.893  38.462 0.0000000000
51969  39.364  -47.319  36.880 0.0000000000
51983  40.050  -47.309  35.612 0.0000000000
50639  39.318  -48.081  35.919 0.0000000000
51998  39.086  -47.959  34.561 0.0000000000
50641  37.676  -48.213  35.881 0.0000000000
52007  28.369  -47.272  34.462 0.0000000000
53375  28.800  -46.411  33.418 0.0000000000
52039  27.592  -46.946  32.722 0.0000000000
52057  27.236  -47.057  31.370 0.0000000000
66845  51.518  -35.791  27.565 0.0000000000
65509  51.324  -36.285  26.680 0.0000000000
64146  51.377  -37.309  28.011 0.0000000000
75549  51.671  -28.938  22.751 0.0000000000
75531  51.863  -28.944  23.319 0.0000000000
75520  51.629  -28.410  24.474 0.0000000000
74285  50.475  -27.543  30.892 0.0000000000
157547  50.359  -29.564  30.171 0.0000000000
74312  50.169  -29.340  29.818 0.0000000000
73176  50.174  -29.959  28.533 0.0000000000
75469  49.386  -28.483  28.143 0.0000000000
68150  43.483  -34.552  25.914 0.0000000000
69416  44.162  -33.590  26.909 0.0000000000
68168  43.079  -34.157  25.183 0.0000000000
69450  43.230  -33.555  24.411 0.0000000000
68185  42.562  -34.550  23.528 0.0000000000
68207  42.318  -34.509  22.552 0.0000000000
66906  41.714  -35.446  22.790 0.0000000000
54738  35.947  -45.357  26.685 0.0000000000
54769  36.323  -46.586  25.391 0.0000000000
54771  35.256  -45.360  25.468 0.0000000000
84497  56.740  -21.438  14.300 0.0000000000
84498  56.659  -21.715  14.703 0.0000000000
49282  27.698  -48.856  37.245 0.0000000000
47966  26.353  -50.221  36.254 0.0000000000
49254  27.016  -50.227  37.856 0.0000000000
45170  24.456  -51.006  39.674 0.0000000000
45196  24.187  -50.848  38.586 0.0000000000
46536  23.594  -51.368  39.052 0.0000000000
47954  22.541  -50.661  37.809 0.0000000000
46538  22.356  -51.119  39.286 0.0000000000
53186  34.762  -46.238  41.115 0.0000000000
51885  34.770  -47.192  40.072 0.0000000000
53205  33.511  -46.667  40.425 0.0000000000
50584  29.069  -47.564  39.788 0.0000000000
51914  30.127  -47.005  39.488 0.0000000000
51938  28.383  -47.716  38.342 0.0000000000
50628  28.697  -47.776  37.021 0.0000000000
60573  45.256  -40.232  33.143 0.0000000000
62859  45.641  -37.895  34.371 0.0000000000
64055  45.936  -36.973  33.729 0.0000000000
66743  46.197  -35.677  32.814 0.0000000000
64071  45.456  -37.315  32.491 0.0000000000
62923  42.692  -38.866  28.807 0.0000000000
64114  43.960  -37.517  29.518 0.0000000000
62940  42.790  -37.865  27.546 0.0000000000
64168  42.822  -36.895  26.781 0.0000000000
62960  42.028  -38.053  26.296 0.0000000000
62998  41.137  -38.105  24.919 0.0000000000
61796  41.006  -39.201  25.632 0.0000000000
59557  39.160  -42.157  24.972 0.0000000000
60739  39.273  -40.933  24.479 0.0000000000
59573  38.504  -42.054  23.310 0.0000000000
59587  37.834  -41.832  21.820 0.0000000000
58321  37.975  -42.785  22.074 0.0000000000
55951  30.142  -44.363  25.487 0.0000000000
55966  30.747  -44.302  24.459 0.0000000000
55967  29.655  -44.406  24.322 0.0000000000
79364  54.763  -25.251  19.316 0.0000000000
79410  54.139  -25.529  17.722 0.0000000000
78093  55.026  -26.772  18.590 0.0000000000
75646  55.664  -28.608  18.404 0.0000000000
52092  24.940  -46.992  25.979 0.0000000000
50754  23.865  -48.463  26.029 0.0000000000
45238  24.479  -51.402  33.965 0.0000000000
45257  24.565  -51.472  32.104 0.0000000000
46599  23.538  -51.400  32.741 0.0000000000
48031  21.049  -49.802  30.749 0.0000000000
46622  22.153  -51.044  30.094 0.0000000000
52017  42.060  -47.333  33.644 0.0000000000
53335  43.238  -46.231  33.765 0.0000000000
52035  42.838  -47.049  32.695 0.0000000000
53405  43.424  -46.399  32.026 0.0000000000
50703  42.351  -47.919  30.984 0.0000000000
52061  41.427  -47.585  29.674 0.0000000000
50704  41.650  -48.234  30.578 0.0000000000
53388  38.394  -46.832  32.345 0.0000000000
52056  39.103  -47.201  30.446 0.0000000000
53407  38.374  -46.640  31.384 0.0000000000
53423  37.799  -46.002  29.653 0.0000000000
54650  36.518  -45.499  30.892 0.0000000000
51951  34.424  -47.512  37.117 0.0000000000
51984  34.840  -47.263  35.571 0.0000000000
51985  34.212  -46.712  35.548 0.0000000000
54629  32.044  -45.474  32.387 0.0000000000
54628  33.078  -45.669  32.404 0.0000000000
54654  32.505  -45.371  31.454 0.0000000000
54679  33.872  -45.203  30.438 0.0000000000
55874  32.283  -44.809  30.174 0.0000000000
54725  31.308  -45.254  28.527 0.0000000000
54705  31.071  -45.198  29.508 0.0000000000
53450  26.481  -46.602  28.540 0.0000000000
54746  27.482  -45.961  27.891 0.0000000000
53458  26.408  -46.437  27.678 0.0000000000
70760  52.581  -33.339  22.622 0.0000000000
69491  53.814  -33.826  22.669 0.0000000000
68203  51.375  -34.558  22.627 0.0000000000
65592  52.373  -36.711  22.685 0.0000000000
47873  20.035  -50.608  43.973 0.0000000000
47901  19.433  -49.873  41.507 0.0000000000
49212  18.220  -49.738  42.146 0.0000000000
46510  14.541  -51.580  40.419 0.0000000000
46509  14.939  -50.820  39.763 0.0000000000
47930  16.471  -50.187  39.447 0.0000000000
47944  15.694  -50.777  38.203 0.0000000000
47970  16.028  -50.213  36.396 0.0000000000
46568  15.018  -51.170  37.048 0.0000000000
83226  55.556  -21.581  18.442 0.0000000000
80603  55.011  -24.325  21.059 0.0000000000
79303  55.592  -26.240  21.481 0.0000000000
78013  55.973  -27.084  21.286 0.0000000000
78014  55.667  -27.016  21.241 0.0000000000
75569  53.878  -29.007  21.258 0.0000000000
74418  54.448  -29.509  21.775 0.0000000000
73272  54.088  -30.115  21.734 0.0000000000
72018  52.861  -31.739  22.683 0.0000000000
73259  52.322  -30.668  22.526 0.0000000000
73211  51.256  -31.111  25.306 0.0000000000
71989  50.865  -31.717  24.352 0.0000000000
71963  51.090  -32.073  26.188 0.0000000000
69429  51.057  -33.333  26.187 0.0000000000
70689  51.593  -32.278  27.264 0.0000000000
77957  52.396  -26.575  26.826 0.0000000000
76665  52.282  -27.606  27.072 0.0000000000
75481  51.880  -28.204  27.827 0.0000000000
71909  51.130  -31.234  30.108 0.0000000000
71907  51.715  -30.786  29.587 0.0000000000
69358  50.965  -33.225  30.214 0.0000000000
68069  51.198  -33.982  29.886 0.0000000000
69374  50.543  -33.735  29.823 0.0000000000
68112  50.327  -34.795  28.669 0.0000000000
69389  50.389  -33.895  29.116 0.0000000000
70692  49.346  -32.162  26.118 0.0000000000
70709  49.379  -32.772  25.914 0.0000000000
69449  48.656  -32.841  24.750 0.0000000000
69469  48.473  -33.014  23.980 0.0000000000
77853  46.917  -26.203  32.022 0.0000000000
69346  45.406  -33.548  31.318 0.0000000000
71889  45.783  -31.579  32.994 0.0000000000
71912  45.510  -31.630  30.791 0.0000000000
73189  44.571  -30.863  27.285 0.0000000000
74328  45.274  -29.604  28.944 0.0000000000
75472  45.461  -28.743  28.344 0.0000000000
76641  46.319  -27.639  28.492 0.0000000000
75486  46.116  -28.536  27.354 0.0000000000
74352  47.581  -29.034  26.302 0.0000000000
74367  46.201  -29.697  25.631 0.0000000000
70764  44.825  -32.138  22.341 0.0000000000
72022  45.885  -31.685  22.772 0.0000000000
70776  45.646  -32.710  21.738 0.0000000000
69513  46.295  -33.393  21.634 0.0000000000
69531  45.279  -33.851  20.702 0.0000000000
68249  44.440  -34.595  20.117 0.0000000000
68270  40.845  -34.812  19.029 0.0000000000
68280  41.995  -34.963  18.655 0.0000000000
64260  39.858  -38.248  22.324 0.0000000000
65623  39.986  -36.942  21.487 0.0000000000
64306  38.868  -38.080  20.901 0.0000000000
64340  37.469  -37.480  18.352 0.0000000000
52079  40.058  -47.615  27.123 0.0000000000
54751  40.225  -45.851  26.282 0.0000000000
52099  39.234  -47.133  25.761 0.0000000000
53516  35.995  -46.663  22.583 0.0000000000
53514  37.381  -46.115  22.816 0.0000000000
54819  36.282  -45.536  21.619 0.0000000000
56006  35.912  -44.574  20.787 0.0000000000
54832  34.319  -45.436  20.813 0.0000000000
54809  31.344  -45.674  22.127 0.0000000000
53519  32.725  -46.344  22.050 0.0000000000
53534  31.707  -46.582  21.429 0.0000000000
53569  31.466  -46.069  20.187 0.0000000000
56031  32.345  -44.236  19.102 0.0000000000
79449  55.544  -25.869  15.562 0.0000000000
80742  56.435  -24.861  14.661 0.0000000000
69527  56.305  -33.677  21.141 0.0000000000
50569  28.208  -48.023  40.181 0.0000000000
46516  26.739  -49.304  38.434 0.0000000000
49231  26.772  -49.198  40.063 0.0000000000
46489  25.581  -50.344  40.425 0.0000000000
46491  24.134  -50.851  41.207 0.0000000000
51891  29.011  -47.506  40.586 0.0000000000
56960  45.235  -43.426  33.896 0.0000000000
58103  45.399  -42.234  34.417 0.0000000000
56970  44.963  -42.857  33.008 0.0000000000
59378  44.726  -41.405  32.639 0.0000000000
60590  44.549  -40.613  31.938 0.0000000000
62886  44.864  -38.324  31.800 0.0000000000
61723  43.653  -39.494  30.985 0.0000000000
61733  42.686  -39.677  29.412 0.0000000000
61760  41.643  -39.886  27.561 0.0000000000
61778  41.142  -39.709  26.253 0.0000000000
60667  40.742  -41.034  27.213 0.0000000000
59524  39.957  -41.945  26.571 0.0000000000
58285  39.374  -43.240  24.927 0.0000000000
53493  27.530  -46.001  24.723 0.0000000000
53492  28.199  -46.241  24.159 0.0000000000
52122  27.962  -46.774  24.640 0.0000000000
76749  56.507  -27.610  20.305 0.0000000000
76763  56.273  -27.516  19.674 0.0000000000
75618  57.064  -29.138  20.247 0.0000000000
74458  57.062  -29.748  19.790 0.0000000000
52066  25.406  -47.338  29.855 0.0000000000
52075  24.630  -47.852  28.316 0.0000000000
50715  24.839  -48.441  29.884 0.0000000000
48038  24.565  -49.965  29.425 0.0000000000
46627  24.075  -51.455  29.612 0.0000000000
46583  23.032  -50.866  34.826 0.0000000000
46590  22.885  -51.062  33.562 0.0000000000
48003  21.434  -49.968  33.532 0.0000000000
48013  20.689  -49.697  32.875 0.0000000000
49341  17.000  -49.325  32.511 0.0000000000
51996  41.326  -47.382  34.379 0.0000000000
49323  41.119  -48.674  33.484 0.0000000000
50695  40.549  -48.419  32.166 0.0000000000
50673  39.668  -48.302  33.907 0.0000000000
52020  38.636  -47.402  33.788 0.0000000000
53366  37.310  -46.613  33.617 0.0000000000
53317  30.713  -46.167  35.805 0.0000000000
53345  32.172  -46.002  34.943 0.0000000000
54579  30.419  -45.873  34.197 0.0000000000
54605  30.288  -45.422  33.176 0.0000000000
54656  30.534  -45.276  31.478 0.0000000000
54683  29.856  -45.138  30.752 0.0000000000
53424  28.791  -45.700  31.208 0.0000000000
53427  26.800  -46.738  30.322 0.0000000000
68166  50.472  -34.600  24.743 0.0000000000
66902  50.557  -35.288  23.228 0.0000000000
66869  50.560  -35.812  25.261 0.0000000000
65545  50.779  -36.933  25.168 0.0000000000
43973  13.764  -52.675  41.135 0.0000000000
45185  13.728  -52.267  39.248 0.0000000000
45209  13.837  -51.694  37.494 0.0000000000
45199  13.205  -52.508  38.259 0.0000000000
74406  52.266  -29.781  22.524 0.0000000000
73238  51.969  -30.203  23.112 0.0000000000
74388  51.920  -29.452  23.722 0.0000000000
74377  51.770  -29.353  24.837 0.0000000000
74364  51.814  -29.456  25.957 0.0000000000
76625  51.476  -27.767  29.267 0.0000000000
75452  51.547  -28.625  29.009 0.0000000000
75437  51.313  -28.396  29.894 0.0000000000
157540  50.741  -30.721  30.132 0.0000000000
71919  50.499  -31.448  29.258 0.0000000000
71933  50.146  -32.199  28.672 0.0000000000
71932  50.365  -31.365  28.582 0.0000000000
73188  49.975  -30.523  27.428 0.0000000000
71979  49.212  -31.119  25.865 0.0000000000
69391  44.461  -33.977  28.611 0.0000000000
70642  45.001  -32.832  29.437 0.0000000000
70654  44.529  -33.400  28.023 0.0000000000
71950  44.615  -32.053  26.834 0.0000000000
71967  44.645  -31.737  25.958 0.0000000000
73216  45.413  -30.745  25.214 0.0000000000
71982  44.536  -31.705  24.991 0.0000000000
70730  43.770  -32.786  23.849 0.0000000000
69496  43.415  -33.106  22.365 0.0000000000
69534  43.217  -33.974  20.424 0.0000000000
68229  42.284  -34.185  21.458 0.0000000000
68230  41.437  -34.604  21.142 0.0000000000
68231  40.801  -34.827  20.558 0.0000000000
61898  37.835  -39.693  20.765 0.0000000000
63072  37.777  -38.942  19.939 0.0000000000
61914  37.344  -39.393  19.618 0.0000000000
61936  36.230  -39.116  18.133 0.0000000000
61938  34.969  -39.146  17.331 0.0000000000
50749  38.256  -47.953  26.827 0.0000000000
50765  38.202  -47.835  26.083 0.0000000000
52102  36.784  -47.305  25.376 0.0000000000
52132  35.639  -46.928  23.670 0.0000000000
52145  34.481  -46.684  22.711 0.0000000000
52185  30.037  -46.879  20.349 0.0000000000
52186  29.158  -47.245  20.487 0.0000000000
85746  56.764  -20.231  12.996 0.0000000000
84520  56.687  -20.870  12.908 0.0000000000
83311  56.354  -22.414  13.122 0.0000000000
49312  27.161  -49.113  34.792 0.0000000000
48001  25.957  -49.783  33.918 0.0000000000
47992  26.161  -50.214  34.538 0.0000000000
45228  25.564  -50.987  34.686 0.0000000000
45230  24.788  -51.342  34.756 0.0000000000
46552  25.122  -50.800  37.613 0.0000000000
45215  24.255  -51.099  36.734 0.0000000000
46582  23.624  -51.241  35.330 0.0000000000
47967  22.475  -50.473  36.787 0.0000000000
47968  21.596  -49.992  36.642 0.0000000000
49272  20.126  -49.875  37.554 0.0000000000
50592  37.341  -47.705  38.646 0.0000000000
50608  36.880  -47.887  37.452 0.0000000000
50582  35.509  -47.811  38.421 0.0000000000
51933  34.153  -47.422  38.368 0.0000000000
51934  32.796  -46.886  38.293 0.0000000000
51887  32.012  -46.571  39.632 0.0000000000
51935  31.511  -46.724  38.460 0.0000000000
53270  31.265  -46.367  37.468 0.0000000000
53294  30.117  -46.412  36.644 0.0000000000
50662  28.463  -47.429  35.715 0.0000000000
65493  50.589  -36.717  28.480 0.0000000000
64129  51.055  -37.519  28.643 0.0000000000
64148  50.417  -37.330  28.045 0.0000000000
76684  51.657  -27.286  24.815 0.0000000000
79192  51.478  -25.725  28.131 0.0000000000
79158  51.224  -25.553  29.757 0.0000000000
77849  50.609  -26.763  31.427 0.0000000000
76570  49.979  -26.560  30.706 0.0000000000
68044  45.834  -34.329  32.690 0.0000000000
68058  44.631  -34.870  31.010 0.0000000000
64100  44.371  -37.452  30.616 0.0000000000
65434  44.552  -36.487  30.457 0.0000000000
66805  44.366  -35.558  29.527 0.0000000000
66832  43.706  -35.558  28.084 0.0000000000
65530  43.043  -35.952  26.188 0.0000000000
65548  42.284  -36.558  25.180 0.0000000000
65597  41.298  -36.225  23.379 0.0000000000
64237  41.218  -37.142  24.181 0.0000000000
64238  40.818  -37.660  23.867 0.0000000000
63030  39.481  -38.992  22.436 0.0000000000
61797  40.483  -39.660  25.379 0.0000000000
61837  39.473  -40.001  23.178 0.0000000000
61876  38.671  -39.516  21.958 0.0000000000
60798  37.752  -40.386  20.956 0.0000000000
59597  37.273  -41.633  20.439 0.0000000000
58349  36.234  -42.215  19.902 0.0000000000
55929  32.901  -44.332  26.543 0.0000000000
55947  34.305  -44.607  25.377 0.0000000000
55949  32.347  -44.344  25.418 0.0000000000
55980  31.442  -44.390  23.609 0.0000000000
54810  30.236  -45.453  22.066 0.0000000000
54796  28.839  -45.730  23.226 0.0000000000
53521  29.140  -46.879  22.463 0.0000000000
83241  54.832  -22.674  16.981 0.0000000000
82009  55.514  -23.353  15.541 0.0000000000
80721  54.597  -24.768  16.069 0.0000000000
79430  54.590  -25.901  16.429 0.0000000000
78122  55.196  -26.738  16.306 0.0000000000
76764  55.661  -27.576  18.956 0.0000000000
76786  55.140  -27.740  18.006 0.0000000000
46608  24.942  -50.900  31.891 0.0000000000
46620  24.465  -51.350  30.459 0.0000000000
45283  23.563  -52.027  29.874 0.0000000000
46611  22.870  -51.342  31.238 0.0000000000
46621  22.681  -51.613  30.287 0.0000000000
55797  43.949  -44.167  34.515 0.0000000000
54624  43.735  -45.552  32.399 0.0000000000
55838  42.819  -44.981  31.180 0.0000000000
54674  41.825  -45.589  30.138 0.0000000000
55888  40.971  -44.703  28.632 0.0000000000
53431  41.162  -46.715  29.321 0.0000000000
52071  40.808  -47.550  28.485 0.0000000000
49387  39.661  -48.989  28.037 0.0000000000
50706  40.108  -48.172  31.139 0.0000000000
50714  39.507  -48.297  28.936 0.0000000000
50738  38.729  -48.286  27.453 0.0000000000
53445  38.087  -46.967  28.212 0.0000000000
54720  36.648  -45.601  28.017 0.0000000000
55891  35.638  -44.761  27.869 0.0000000000
50643  36.069  -47.447  35.732 0.0000000000
50677  36.039  -46.920  34.989 0.0000000000
53341  35.754  -46.548  34.221 0.0000000000
53343  33.806  -45.775  34.591 0.0000000000
53369  34.827  -46.303  33.563 0.0000000000
54625  35.544  -45.746  32.283 0.0000000000
54678  34.952  -45.201  30.395 0.0000000000
54702  34.287  -44.800  29.213 0.0000000000
54722  34.065  -44.931  28.050 0.0000000000
54741  32.590  -44.997  27.370 0.0000000000
54757  30.802  -44.854  26.819 0.0000000000
54758  29.642  -44.731  26.467 0.0000000000
54727  29.143  -45.483  28.735 0.0000000000
54745  28.232  -45.485  27.762 0.0000000000
54759  28.350  -45.213  26.594 0.0000000000
53479  27.023  -46.345  25.195 0.0000000000
72016  55.235  -31.603  22.239 0.0000000000
70774  55.979  -32.297  21.757 0.0000000000
69490  54.712  -33.701  22.636 0.0000000000
66900  51.933  -35.709  22.579 0.0000000000
66899  53.029  -35.749  22.732 0.0000000000
62937  51.315  -38.283  27.572 0.0000000000
50528  24.964  -48.371  42.049 0.0000000000
49211  24.414  -49.314  42.282 0.0000000000
45144  23.127  -50.449  42.160 0.0000000000
46464  22.098  -50.632  42.978 0.0000000000
46492  22.329  -50.745  41.233 0.0000000000
47913  20.961  -50.520  40.835 0.0000000000
49243  20.414  -49.846  39.303 0.0000000000
49258  19.388  -49.595  38.387 0.0000000000
47888  16.731  -49.864  42.312 0.0000000000
49225  17.053  -49.699  40.803 0.0000000000
49246  17.584  -49.455  39.078 0.0000000000
49274  18.326  -49.385  37.235 0.0000000000
49290  16.589  -49.649  35.673 0.0000000000
84455  56.154  -21.554  16.832 0.0000000000
83227  54.691  -22.299  18.103 0.0000000000
80656  54.314  -24.290  19.196 0.0000000000
80655  54.886  -24.822  19.749 0.0000000000
81928  54.637  -23.119  20.435 0.0000000000
79339  55.694  -25.341  20.716 0.0000000000
79362  56.172  -25.874  20.291 0.0000000000
76733  56.372  -27.680  20.872 0.0000000000
75545  56.369  -28.728  21.788 0.0000000000
74403  56.140  -29.573  22.208 0.0000000000
76717  55.460  -27.774  21.502 0.0000000000
74404  55.370  -29.529  22.101 0.0000000000
73256  55.676  -30.544  22.131 0.0000000000
72017  54.218  -31.624  22.481 0.0000000000
72000  52.409  -32.379  22.802 0.0000000000
70742  51.201  -32.597  23.336 0.0000000000
73239  51.651  -30.777  23.264 0.0000000000
71990  50.952  -32.109  23.592 0.0000000000
69448  50.558  -33.589  24.319 0.0000000000
69430  50.656  -33.669  25.454 0.0000000000
68126  51.354  -34.770  27.217 0.0000000000
66813  51.437  -35.757  28.736 0.0000000000
76683  52.065  -27.739  25.216 0.0000000000
75497  52.169  -28.536  26.534 0.0000000000
73186  52.240  -30.599  27.647 0.0000000000
74325  51.604  -29.518  28.887 0.0000000000
71930  51.851  -30.718  28.753 0.0000000000
71946  51.862  -31.667  27.545 0.0000000000
69386  51.697  -33.027  28.815 0.0000000000
68100  51.436  -35.026  28.899 0.0000000000
65453  51.182  -35.941  29.051 0.0000000000
66815  50.506  -35.778  28.782 0.0000000000
66847  49.710  -35.888  27.458 0.0000000000
69415  49.609  -33.760  27.110 0.0000000000
68147  49.414  -34.641  26.269 0.0000000000
77851  49.140  -25.659  30.968 0.0000000000
77881  48.945  -26.584  30.073 0.0000000000
75411  45.245  -28.312  32.178 0.0000000000
73164  45.376  -30.630  29.853 0.0000000000
74303  45.485  -29.388  31.125 0.0000000000
76597  45.171  -27.423  31.635 0.0000000000
76614  46.144  -26.874  30.192 0.0000000000
77925  47.525  -26.681  29.714 0.0000000000
75455  48.824  -27.617  28.858 0.0000000000
75484  48.310  -28.322  27.400 0.0000000000
73201  48.456  -29.894  25.964 0.0000000000
73225  47.995  -30.894  24.549 0.0000000000
73228  45.796  -30.669  24.479 0.0000000000
73240  47.063  -30.956  23.742 0.0000000000
70744  47.930  -32.216  23.895 0.0000000000
69494  47.406  -33.135  22.626 0.0000000000
68267  43.376  -34.728  19.506 0.0000000000
66977  42.997  -35.872  18.725 0.0000000000
65621  41.148  -36.115  22.607 0.0000000000
65647  40.267  -36.327  21.082 0.0000000000
66947  39.634  -35.802  19.789 0.0000000000
64329  38.038  -37.598  19.588 0.0000000000
65667  38.496  -36.788  19.092 0.0000000000
55905  40.265  -45.003  27.070 0.0000000000
55925  39.742  -44.559  25.926 0.0000000000
55976  39.158  -44.496  24.211 0.0000000000
53488  37.984  -46.716  24.197 0.0000000000
54804  38.257  -45.226  23.331 0.0000000000
57100  38.164  -43.943  22.489 0.0000000000
57114  37.051  -43.654  21.248 0.0000000000
57122  35.719  -43.594  20.386 0.0000000000
57131  34.671  -43.264  19.720 0.0000000000
54794  33.940  -45.495  23.585 0.0000000000
53518  33.861  -46.324  22.834 0.0000000000
52160  33.580  -46.609  21.598 0.0000000000
53549  31.989  -46.594  20.662 0.0000000000
53548  33.013  -46.553  20.686 0.0000000000
54833  33.431  -45.655  20.532 0.0000000000
56009  33.322  -44.904  20.194 0.0000000000
57133  32.851  -43.584  19.239 0.0000000000
82029  56.372  -23.705  14.808 0.0000000000
82045  56.548  -23.420  14.075 0.0000000000
80792  56.332  -23.914  13.261 0.0000000000
70773  56.192  -32.747  21.565 0.0000000000
56999  42.287  -44.089  30.006 0.0000000000
56990  42.963  -43.312  30.735 0.0000000000
56992  41.934  -43.174  30.213 0.0000000000
58211  41.851  -42.549  29.894 0.0000000000
57008  41.131  -43.685  28.909 0.0000000000
74417  56.590  -30.157  21.288 0.0000000000
72014  56.163  -31.255  21.665 0.0000000000
50689  26.523  -48.097  32.831 0.0000000000
50690  26.075  -48.641  32.387 0.0000000000
49336  26.197  -49.195  32.999 0.0000000000
49301  19.855  -49.438  35.579 0.0000000000
49302  18.979  -49.465  35.401 0.0000000000
51949  38.113  -47.263  37.652 0.0000000000
53268  38.352  -46.810  37.496 0.0000000000
50605  38.601  -47.578  37.333 0.0000000000
50622  39.177  -47.784  36.821 0.0000000000
50623  38.466  -48.201  36.835 0.0000000000
50640  38.544  -48.329  35.932 0.0000000000
50624  37.705  -48.215  36.731 0.0000000000
50679  27.497  -47.958  33.927 0.0000000000
52025  28.244  -47.060  33.800 0.0000000000
52027  27.116  -47.540  33.056 0.0000000000
52040  27.070  -47.441  32.484 0.0000000000
65491  51.511  -36.487  27.993 0.0000000000
64128  51.177  -37.218  28.575 0.0000000000
75532  51.174  -28.167  23.686 0.0000000000
75424  49.864  -27.678  30.284 0.0000000000
157548  50.265  -28.315  30.280 0.0000000000
74327  49.891  -29.145  28.844 0.0000000000
75454  49.414  -28.126  29.111 0.0000000000
68151  42.845  -34.834  25.410 0.0000000000
68169  42.699  -34.530  24.541 0.0000000000
66905  42.245  -35.152  23.326 0.0000000000
55907  35.524  -45.067  26.843 0.0000000000
54753  35.813  -45.388  26.068 0.0000000000
85711  56.640  -21.226  15.545 0.0000000000
83270  56.228  -22.400  15.341 0.0000000000
49268  27.327  -49.023  37.848 0.0000000000
49269  27.113  -49.415  37.577 0.0000000000
47952  27.503  -50.173  38.014 0.0000000000
45171  24.096  -51.565  40.033 0.0000000000
45197  23.897  -51.194  38.901 0.0000000000
46520  23.313  -51.447  39.587 0.0000000000
46537  23.060  -51.371  38.880 0.0000000000
46521  22.797  -51.324  39.710 0.0000000000
55713  34.658  -45.599  41.342 0.0000000000
53204  34.347  -46.670  40.644 0.0000000000
53187  33.684  -46.243  41.521 0.0000000000
50585  28.198  -48.206  39.148 0.0000000000
51915  28.808  -47.290  39.053 0.0000000000
50597  27.919  -48.286  38.377 0.0000000000
50613  28.227  -48.038  37.554 0.0000000000
61706  45.462  -39.220  32.792 0.0000000000
60556  45.731  -39.192  33.933 0.0000000000
62866  45.655  -38.255  33.679 0.0000000000
62865  45.696  -37.755  33.943 0.0000000000
62873  45.686  -37.650  33.562 0.0000000000
64070  45.715  -37.054  33.148 0.0000000000
62885  45.308  -38.235  32.369 0.0000000000
61759  42.128  -39.342  27.678 0.0000000000
62922  42.988  -37.998  28.215 0.0000000000
62941  42.409  -38.504  27.472 0.0000000000
64150  42.717  -37.746  27.228 0.0000000000
62961  41.783  -38.954  26.736 0.0000000000
62979  41.393  -38.462  25.584 0.0000000000
58298  39.337  -43.018  24.202 0.0000000000
59572  39.008  -42.025  24.017 0.0000000000
59581  38.109  -41.995  22.585 0.0000000000
58309  38.538  -42.992  22.645 0.0000000000
54772  29.358  -44.597  25.581 0.0000000000
55952  29.177  -44.378  25.009 0.0000000000
78070  55.086  -25.995  19.330 0.0000000000
52093  24.255  -47.693  26.546 0.0000000000
45249  24.204  -51.540  32.956 0.0000000000
48030  21.372  -50.230  29.817 0.0000000000
50684  42.130  -47.849  33.084 0.0000000000
50693  42.415  -47.993  31.866 0.0000000000
52045  42.922  -47.044  31.920 0.0000000000
50694  41.420  -48.565  31.918 0.0000000000
53408  37.381  -45.853  31.095 0.0000000000
53409  36.468  -45.630  31.481 0.0000000000
51952  33.233  -46.970  37.153 0.0000000000
51971  34.212  -47.119  36.321 0.0000000000
51972  33.358  -46.770  36.005 0.0000000000
54655  31.491  -45.272  31.443 0.0000000000
54680  32.840  -45.063  30.549 0.0000000000
54681  31.924  -45.055  30.460 0.0000000000
53451  25.763  -46.724  28.055 0.0000000000
53459  25.817  -46.556  27.235 0.0000000000
69467  51.394  -33.473  22.847 0.0000000000
69493  52.171  -33.772  22.477 0.0000000000
47862  19.195  -50.457  44.706 0.0000000000
47874  19.107  -50.418  43.734 0.0000000000
47886  18.977  -49.965  42.531 0.0000000000
47875  18.011  -50.182  43.611 0.0000000000
46524  14.503  -51.592  39.541 0.0000000000
46495  15.056  -50.869  40.674 0.0000000000
47931  15.819  -50.680  39.144 0.0000000000
46539  15.023  -50.913  38.432 0.0000000000
46556  14.911  -50.822  37.823 0.0000000000
84433  55.885  -20.921  19.208 0.0000000000
85654  55.602  -20.890  19.354 0.0000000000
74419  53.457  -29.727  21.688 0.0000000000
73258  53.363  -30.547  22.157 0.0000000000
73199  51.327  -31.504  26.047 0.0000000000
71962  51.510  -31.810  26.727 0.0000000000
77946  51.934  -26.858  27.628 0.0000000000
76664  52.032  -27.357  27.506 0.0000000000
76650  51.742  -27.697  27.865 0.0000000000
70630  50.874  -32.536  30.074 0.0000000000
70631  50.558  -32.940  29.922 0.0000000000
68071  50.846  -33.592  30.174 0.0000000000
70641  50.429  -33.183  29.537 0.0000000000
71965  49.189  -31.698  25.867 0.0000000000
70710  48.974  -32.313  25.467 0.0000000000
70743  48.369  -32.408  24.383 0.0000000000
70618  45.512  -32.644  31.786 0.0000000000
70632  45.272  -32.647  30.541 0.0000000000
74340  45.349  -29.316  27.565 0.0000000000
75487  45.648  -28.675  27.796 0.0000000000
74339  45.857  -28.848  27.110 0.0000000000
74353  46.361  -28.950  26.554 0.0000000000
70765  44.064  -32.523  21.844 0.0000000000
70777  44.873  -32.790  21.565 0.0000000000
69514  45.607  -33.493  21.221 0.0000000000
69515  44.759  -33.289  21.073 0.0000000000
69532  44.571  -33.816  20.578 0.0000000000
66980  40.659  -35.217  18.310 0.0000000000
64281  39.623  -37.865  21.704 0.0000000000
50737  39.727  -47.985  27.131 0.0000000000
52088  39.495  -47.488  26.447 0.0000000000
52089  38.897  -47.938  26.515 0.0000000000
52158  35.127  -46.632  22.144 0.0000000000
53530  35.787  -46.352  22.101 0.0000000000
54820  35.521  -45.735  21.606 0.0000000000
54831  35.103  -45.390  21.152 0.0000000000
53546  34.484  -45.840  21.231 0.0000000000
54821  30.679  -46.054  21.608 0.0000000000
53520  32.008  -46.146  22.071 0.0000000000
78136  56.118  -26.417  14.852 0.0000000000
50570  27.235  -48.642  40.340 0.0000000000
49230  27.139  -49.031  39.679 0.0000000000
50557  25.830  -48.735  41.289 0.0000000000
49220  25.875  -49.337  40.765 0.0000000000
47895  25.408  -50.046  41.086 0.0000000000
46490  24.864  -50.595  40.820 0.0000000000
50541  28.192  -47.656  41.639 0.0000000000
50553  28.866  -47.409  41.452 0.0000000000
50554  28.556  -47.644  41.207 0.0000000000
55825  44.872  -43.314  33.128 0.0000000000
55824  45.151  -43.088  33.299 0.0000000000
56971  44.499  -42.994  32.574 0.0000000000
58171  43.580  -42.325  31.394 0.0000000000
59401  44.355  -41.451  31.971 0.0000000000
60574  44.876  -40.471  32.574 0.0000000000
61716  44.208  -40.055  31.574 0.0000000000
60591  43.945  -40.629  31.434 0.0000000000
59482  42.110  -41.368  29.141 0.0000000000
60621  42.697  -40.725  29.614 0.0000000000
60640  42.228  -40.945  28.826 0.0000000000
61744  41.897  -40.306  28.347 0.0000000000
60641  41.612  -40.790  28.348 0.0000000000
60666  41.113  -40.821  27.751 0.0000000000
58240  40.192  -42.744  27.423 0.0000000000
58255  40.086  -42.271  26.890 0.0000000000
58256  39.735  -42.786  26.626 0.0000000000
58273  39.432  -43.003  25.708 0.0000000000
52104  28.093  -47.322  24.876 0.0000000000
75595  56.713  -28.430  20.519 0.0000000000
73281  56.734  -30.486  20.720 0.0000000000
73290  57.189  -30.639  19.960 0.0000000000
52067  24.740  -47.779  29.201 0.0000000000
48028  24.780  -50.380  30.077 0.0000000000
48039  24.290  -50.465  29.056 0.0000000000
48029  24.440  -50.951  29.792 0.0000000000
47993  22.170  -50.280  34.388 0.0000000000
49338  20.045  -49.210  32.162 0.0000000000
49349  19.347  -48.977  31.326 0.0000000000
49339  18.981  -49.109  32.365 0.0000000000
49328  17.525  -49.555  33.337 0.0000000000
49340  17.957  -49.265  32.418 0.0000000000
49329  16.661  -49.543  33.378 0.0000000000
53339  39.927  -46.293  35.124 0.0000000000
50655  40.281  -47.709  34.780 0.0000000000
51997  40.517  -47.172  34.959 0.0000000000
50654  41.046  -47.776  34.346 0.0000000000
50672  40.487  -48.523  33.969 0.0000000000
50686  40.400  -48.554  33.198 0.0000000000
51999  38.500  -47.591  34.552 0.0000000000
52000  37.965  -47.181  34.523 0.0000000000
52021  37.698  -46.941  34.061 0.0000000000
54554  31.053  -45.543  35.171 0.0000000000
54580  29.797  -45.978  34.833 0.0000000000
53374  29.593  -45.828  33.414 0.0000000000
54606  29.709  -45.417  32.717 0.0000000000
54631  30.061  -45.536  32.184 0.0000000000
53410  29.610  -45.621  31.885 0.0000000000
54658  29.296  -45.352  31.359 0.0000000000
53411  29.103  -45.690  31.847 0.0000000000
52058  26.729  -47.296  30.964 0.0000000000
53426  27.435  -46.600  30.722 0.0000000000
52065  26.205  -47.055  30.369 0.0000000000
68146  50.873  -34.734  25.881 0.0000000000
65527  51.118  -36.719  26.170 0.0000000000
64188  51.124  -37.196  25.698 0.0000000000
64210  51.166  -37.416  25.355 0.0000000000
64187  51.526  -37.691  26.042 0.0000000000
43993  13.684  -52.785  40.148 0.0000000000
45186  12.809  -52.767  39.093 0.0000000000
75548  52.009  -29.224  22.752 0.0000000000
73210  51.636  -30.257  25.167 0.0000000000
76610  51.117  -27.510  30.100 0.0000000000
157544  50.105  -29.912  29.944 0.0000000000
157543  50.438  -29.811  30.257 0.0000000000
157541  50.324  -30.288  29.988 0.0000000000
73162  50.399  -30.501  29.168 0.0000000000
74337  49.635  -29.359  27.857 0.0000000000
71964  49.438  -31.465  26.600 0.0000000000
73200  49.088  -30.356  26.222 0.0000000000
68114  44.230  -34.714  28.000 0.0000000000
69401  44.405  -33.836  27.667 0.0000000000
69433  43.918  -33.561  26.090 0.0000000000
70693  44.236  -32.693  26.486 0.0000000000
69471  43.348  -33.288  23.373 0.0000000000
70746  43.861  -32.524  22.842 0.0000000000
69497  42.820  -33.569  21.878 0.0000000000
68208  41.862  -34.896  21.961 0.0000000000
66927  40.719  -35.522  21.207 0.0000000000
61899  37.584  -39.600  20.156 0.0000000000
60814  37.060  -40.352  19.668 0.0000000000
61926  35.932  -39.655  18.226 0.0000000000
61937  35.698  -39.259  17.699 0.0000000000
60843  35.164  -39.629  17.651 0.0000000000
53455  37.355  -46.956  26.798 0.0000000000
52090  37.522  -47.490  26.258 0.0000000000
52091  37.088  -47.195  25.855 0.0000000000
54782  35.385  -46.200  24.461 0.0000000000
53478  36.132  -46.797  24.988 0.0000000000
53502  35.224  -46.662  23.745 0.0000000000
52133  34.979  -46.784  23.374 0.0000000000
83295  56.751  -21.908  14.004 0.0000000000
84505  56.658  -21.309  13.485 0.0000000000
84506  56.481  -21.838  13.285 0.0000000000
50647  27.561  -48.449  35.304 0.0000000000
47991  26.523  -49.638  34.618 0.0000000000
49299  27.120  -49.337  35.549 0.0000000000
46573  25.861  -50.640  35.674 0.0000000000
45220  25.434  -50.936  35.173 0.0000000000
45221  25.007  -51.154  35.407 0.0000000000
46534  26.423  -50.237  38.249 0.0000000000
46535  25.396  -50.678  38.389 0.0000000000
46565  24.074  -50.878  37.523 0.0000000000
45206  24.693  -50.884  37.213 0.0000000000
45223  24.018  -51.264  35.894 0.0000000000
46574  23.595  -51.183  36.273 0.0000000000
46575  22.968  -51.058  35.972 0.0000000000
46567  23.169  -50.862  36.973 0.0000000000
47955  21.883  -50.076  37.704 0.0000000000
49285  20.787  -49.707  36.936 0.0000000000
49271  21.047  -49.738  37.642 0.0000000000
53202  35.981  -46.462  40.110 0.0000000000
54502  36.344  -46.306  39.436 0.0000000000
53201  36.986  -47.008  40.035 0.0000000000
53200  37.572  -47.000  39.675 0.0000000000
50566  37.004  -47.912  39.803 0.0000000000
50580  36.887  -47.933  39.292 0.0000000000
51909  36.329  -47.623  39.485 0.0000000000
51911  34.097  -47.164  39.620 0.0000000000
53245  33.804  -46.807  39.286 0.0000000000
51864  31.149  -46.668  40.719 0.0000000000
53207  31.710  -46.578  40.566 0.0000000000
51888  31.280  -46.575  40.062 0.0000000000
53248  30.277  -46.493  38.558 0.0000000000
51936  30.844  -46.487  39.052 0.0000000000
53247  30.846  -46.443  38.037 0.0000000000
51973  29.520  -46.697  37.126 0.0000000000
50629  27.950  -48.196  36.708 0.0000000000
50645  28.523  -47.553  36.385 0.0000000000
50646  27.793  -47.725  35.919 0.0000000000
79178  51.358  -25.872  28.958 0.0000000000
80465  51.419  -24.942  29.453 0.0000000000
80430  50.279  -24.640  30.742 0.0000000000
79140  50.595  -25.321  30.452 0.0000000000
79141  50.297  -25.570  30.737 0.0000000000
76569  50.578  -26.884  31.683 0.0000000000
77850  49.893  -25.928  30.744 0.0000000000
58123  45.482  -41.716  33.752 0.0000000000
65398  45.751  -36.214  32.381 0.0000000000
66759  45.944  -35.124  32.570 0.0000000000
66774  45.434  -35.251  31.879 0.0000000000
68056  45.547  -34.389  31.995 0.0000000000
66775  44.782  -35.423  31.283 0.0000000000
62897  44.278  -38.297  31.147 0.0000000000
62908  44.051  -37.859  30.212 0.0000000000
64130  44.066  -36.985  29.310 0.0000000000
64113  44.487  -37.178  29.890 0.0000000000
65455  44.304  -36.448  29.627 0.0000000000
65435  44.315  -36.019  30.021 0.0000000000
66816  44.182  -35.764  28.814 0.0000000000
66831  44.167  -35.231  28.422 0.0000000000
66817  43.846  -36.017  28.554 0.0000000000
65512  42.773  -36.741  26.482 0.0000000000
65511  43.157  -36.376  26.674 0.0000000000
65531  42.674  -36.421  25.947 0.0000000000
65549  41.862  -36.722  24.841 0.0000000000
64213  41.953  -36.991  25.167 0.0000000000
64215  41.038  -37.955  24.563 0.0000000000
63014  40.013  -38.691  23.370 0.0000000000
61779  40.603  -40.190  25.968 0.0000000000
60738  39.868  -40.428  25.019 0.0000000000
60757  38.782  -40.968  23.648 0.0000000000
61817  39.351  -40.386  23.865 0.0000000000
61858  38.843  -40.025  22.465 0.0000000000
61859  38.356  -40.204  21.918 0.0000000000
60787  37.913  -40.842  21.458 0.0000000000
59588  37.560  -41.730  21.102 0.0000000000
59598  36.734  -41.803  20.019 0.0000000000
58337  36.576  -42.597  20.440 0.0000000000
55981  30.210  -44.449  23.437 0.0000000000
55992  30.771  -44.883  22.695 0.0000000000
53491  28.613  -46.748  23.836 0.0000000000
54797  28.541  -45.386  23.776 0.0000000000
53506  28.573  -46.121  23.594 0.0000000000
54823  29.441  -46.365  21.984 0.0000000000
81991  54.387  -23.829  16.766 0.0000000000
78123  54.811  -26.545  16.912 0.0000000000
75619  56.734  -28.633  19.692 0.0000000000
50727  24.308  -48.690  28.171 0.0000000000
50743  23.772  -48.720  27.192 0.0000000000
50744  23.584  -49.297  26.977 0.0000000000
46597  25.730  -50.536  33.522 0.0000000000
48009  25.706  -50.017  32.960 0.0000000000
46598  25.486  -50.803  32.870 0.0000000000
45258  23.962  -51.782  31.803 0.0000000000
46609  24.613  -51.409  31.307 0.0000000000
45270  24.309  -51.818  31.126 0.0000000000
45282  24.088  -51.906  30.374 0.0000000000
48002  22.214  -50.600  33.008 0.0000000000
46600  22.883  -51.121  32.364 0.0000000000
48011  22.300  -50.777  31.875 0.0000000000
46629  22.454  -51.609  29.414 0.0000000000
54549  41.409  -44.938  34.453 0.0000000000
54570  42.038  -45.436  34.443 0.0000000000
54600  43.719  -46.007  33.841 0.0000000000
54569  43.154  -45.573  34.160 0.0000000000
54568  43.618  -45.006  34.250 0.0000000000
54599  44.021  -45.475  33.875 0.0000000000
55814  44.356  -44.496  33.660 0.0000000000
54623  44.290  -45.523  33.129 0.0000000000
53406  42.825  -46.426  31.419 0.0000000000
54648  43.242  -45.497  31.600 0.0000000000
54649  42.579  -45.615  30.938 0.0000000000
54675  41.429  -46.151  29.687 0.0000000000
53421  41.599  -46.674  30.044 0.0000000000
50711  41.233  -48.292  29.349 0.0000000000
52070  41.193  -47.878  28.998 0.0000000000
49366  40.794  -48.628  28.812 0.0000000000
49385  40.650  -48.444  28.496 0.0000000000
49367  40.288  -48.711  28.754 0.0000000000
52046  39.545  -47.965  31.389 0.0000000000
52063  39.574  -47.775  29.735 0.0000000000
49369  39.467  -48.569  28.357 0.0000000000
52072  38.587  -47.583  28.117 0.0000000000
53433  38.247  -46.878  28.990 0.0000000000
54676  36.937  -45.543  30.044 0.0000000000
54699  37.277  -45.650  28.985 0.0000000000
54721  36.047  -44.788  28.659 0.0000000000
50609  36.051  -47.928  37.250 0.0000000000
50625  36.929  -47.778  36.638 0.0000000000
50626  36.067  -47.713  36.431 0.0000000000
50644  35.440  -47.479  35.637 0.0000000000
50678  35.442  -46.840  34.960 0.0000000000
52023  35.752  -46.646  34.580 0.0000000000
52024  35.310  -46.593  34.349 0.0000000000
53344  33.026  -45.916  34.896 0.0000000000
53371  33.171  -45.643  34.110 0.0000000000
54627  34.251  -45.647  32.625 0.0000000000
54601  34.351  -45.797  33.509 0.0000000000
53391  35.285  -46.172  32.771 0.0000000000
54626  35.013  -45.658  32.305 0.0000000000
54651  35.648  -45.570  31.434 0.0000000000
54703  33.061  -44.817  29.494 0.0000000000
54740  33.450  -44.890  27.613 0.0000000000
54742  31.535  -45.072  27.591 0.0000000000
54743  30.497  -45.168  27.603 0.0000000000
54707  28.937  -45.714  29.871 0.0000000000
54706  30.021  -45.352  29.648 0.0000000000
54774  27.368  -45.615  25.630 0.0000000000
54775  26.764  -45.696  26.062 0.0000000000
70757  54.939  -32.664  22.487 0.0000000000
68200  54.416  -34.733  22.784 0.0000000000
65594  50.613  -35.936  23.378 0.0000000000
66901  50.991  -35.569  22.823 0.0000000000
66898  53.983  -35.713  22.798 0.0000000000
62921  50.956  -38.061  28.454 0.0000000000
62920  51.222  -37.935  28.368 0.0000000000
62938  50.747  -38.517  27.631 0.0000000000
51826  25.313  -47.830  41.759 0.0000000000
49202  23.056  -49.264  42.860 0.0000000000
47883  23.605  -49.790  42.466 0.0000000000
46476  23.635  -50.353  41.925 0.0000000000
46462  23.085  -49.992  42.670 0.0000000000
46465  21.551  -51.172  43.417 0.0000000000
45154  22.017  -51.119  42.174 0.0000000000
46494  21.293  -51.165  42.223 0.0000000000
47912  21.901  -50.610  40.855 0.0000000000
47915  19.276  -49.642  40.908 0.0000000000
47914  20.128  -49.854  40.748 0.0000000000
49244  19.608  -49.520  39.433 0.0000000000
49245  18.512  -49.334  39.288 0.0000000000
47889  15.848  -50.412  41.991 0.0000000000
46468  15.008  -50.767  42.501 0.0000000000
47876  16.914  -50.079  43.456 0.0000000000
49214  17.101  -49.691  41.473 0.0000000000
47943  16.514  -50.192  38.409 0.0000000000
47929  16.984  -49.730  39.690 0.0000000000
49260  17.425  -49.596  38.077 0.0000000000
49275  17.475  -49.450  36.970 0.0000000000
49276  16.746  -49.729  36.679 0.0000000000
47986  15.844  -50.229  35.106 0.0000000000
46570  13.772  -51.706  36.345 0.0000000000
85675  56.933  -20.574  16.785 0.0000000000
83240  55.572  -21.866  17.214 0.0000000000
83239  56.270  -21.471  17.589 0.0000000000
83210  54.638  -22.231  19.018 0.0000000000
81951  54.337  -23.110  19.159 0.0000000000
80629  54.510  -23.773  19.704 0.0000000000
83194  54.643  -22.315  20.229 0.0000000000
83173  54.596  -22.698  20.712 0.0000000000
79322  55.906  -25.778  21.355 0.0000000000
79338  56.408  -26.020  20.873 0.0000000000
78051  56.269  -26.859  20.780 0.0000000000
76716  55.938  -27.812  21.602 0.0000000000
76715  56.196  -27.718  21.329 0.0000000000
76734  54.822  -27.784  21.207 0.0000000000
73271  54.423  -30.054  21.762 0.0000000000
70741  52.092  -32.830  22.775 0.0000000000
72002  51.251  -32.149  23.403 0.0000000000
73224  51.390  -30.883  24.222 0.0000000000
71978  50.981  -31.874  25.432 0.0000000000
70725  50.777  -32.344  24.869 0.0000000000
70726  50.547  -32.600  24.034 0.0000000000
70708  50.665  -32.955  24.869 0.0000000000
69413  51.255  -33.714  26.906 0.0000000000
68111  51.446  -35.040  28.236 0.0000000000
76674  52.291  -27.493  26.067 0.0000000000
75482  52.172  -28.654  27.552 0.0000000000
74349  52.248  -29.621  27.007 0.0000000000
74311  51.634  -29.550  29.525 0.0000000000
73161  51.690  -30.219  29.364 0.0000000000
70628  51.477  -32.012  29.551 0.0000000000
71917  51.720  -30.815  29.106 0.0000000000
71931  51.934  -31.338  28.551 0.0000000000
70650  51.704  -32.609  28.292 0.0000000000
68086  50.869  -34.455  29.651 0.0000000000
68085  51.295  -34.607  29.336 0.0000000000
66803  51.306  -35.551  29.033 0.0000000000
66814  50.836  -35.590  29.159 0.0000000000
68113  49.871  -35.032  28.241 0.0000000000
66857  49.441  -35.749  26.441 0.0000000000
70670  49.841  -32.903  27.931 0.0000000000
69432  49.019  -33.301  25.325 0.0000000000
69431  49.421  -33.571  26.095 0.0000000000
77852  48.103  -25.848  31.476 0.0000000000
76596  48.822  -26.241  30.515 0.0000000000
77882  48.167  -26.347  30.585 0.0000000000
73145  45.601  -30.584  32.224 0.0000000000
73140  45.677  -30.729  33.316 0.0000000000
74293  45.663  -29.874  32.549 0.0000000000
74287  45.654  -29.127  32.675 0.0000000000
74294  45.594  -29.102  31.912 0.0000000000
71921  45.247  -31.725  29.591 0.0000000000
74313  45.316  -29.549  30.081 0.0000000000
75440  45.232  -28.442  30.236 0.0000000000
75425  45.096  -28.298  31.248 0.0000000000
76615  45.507  -27.153  30.510 0.0000000000
76630  45.542  -27.697  29.362 0.0000000000
76629  46.577  -27.002  29.591 0.0000000000
76640  47.324  -27.300  28.607 0.0000000000
76628  47.723  -26.919  29.128 0.0000000000
76652  47.994  -27.630  28.135 0.0000000000
75470  48.807  -27.807  28.335 0.0000000000
74366  47.213  -29.493  25.677 0.0000000000
74365  47.973  -29.626  25.955 0.0000000000
73213  48.145  -30.389  25.271 0.0000000000
71993  45.200  -31.165  24.631 0.0000000000
72021  46.628  -31.583  23.034 0.0000000000
72004  46.764  -31.204  23.495 0.0000000000
72020  47.075  -31.559  23.281 0.0000000000
72003  47.379  -31.446  23.689 0.0000000000
70761  47.391  -32.137  23.092 0.0000000000
68227  46.267  -34.248  21.420 0.0000000000
66979  41.707  -35.368  18.176 0.0000000000
68279  42.445  -35.096  18.712 0.0000000000
66988  42.172  -35.901  17.826 0.0000000000
65571  41.068  -36.857  23.761 0.0000000000
65666  39.089  -36.299  19.483 0.0000000000
63090  37.545  -38.540  19.480 0.0000000000
63089  38.022  -38.325  20.001 0.0000000000
64330  37.498  -37.801  19.091 0.0000000000
65680  37.613  -36.742  17.731 0.0000000000
64339  37.947  -37.234  18.870 0.0000000000
65679  38.225  -36.541  18.228 0.0000000000
54717  40.785  -45.689  28.391 0.0000000000
55889  40.574  -44.823  27.812 0.0000000000
54718  40.540  -45.768  27.601 0.0000000000
54767  39.945  -45.842  25.841 0.0000000000
55944  40.094  -45.456  25.982 0.0000000000
55945  39.793  -45.076  25.649 0.0000000000
55960  39.286  -44.848  24.904 0.0000000000
55961  39.053  -45.065  24.306 0.0000000000
52116  38.140  -47.058  24.685 0.0000000000
54818  37.023  -45.564  22.007 0.0000000000
54805  37.782  -45.511  22.901 0.0000000000
54817  37.482  -45.262  22.387 0.0000000000
55989  38.257  -44.667  22.999 0.0000000000
57101  37.761  -44.256  22.250 0.0000000000
57113  37.689  -43.770  21.849 0.0000000000
56000  36.937  -44.631  21.549 0.0000000000
56007  34.997  -44.624  20.551 0.0000000000
57130  35.328  -43.201  19.963 0.0000000000
55963  33.883  -44.641  24.444 0.0000000000
54784  34.338  -45.151  24.265 0.0000000000
54795  33.081  -45.175  23.135 0.0000000000
52147  32.789  -46.617  21.652 0.0000000000
52146  33.321  -46.628  21.992 0.0000000000
52183  32.805  -46.851  20.981 0.0000000000
53550  30.749  -46.547  20.785 0.0000000000
54843  31.200  -45.532  19.710 0.0000000000
54834  32.668  -46.052  20.410 0.0000000000
54841  32.852  -45.393  20.183 0.0000000000
57139  32.269  -43.588  18.729 0.0000000000
58352  33.440  -42.758  19.172 0.0000000000
87053  56.774  -18.739  10.973 0.0000000000
82031  55.453  -23.951  15.389 0.0000000000
82030  55.897  -23.939  15.238 0.0000000000
80757  56.636  -24.532  14.188 0.0000000000
82050  56.438  -23.282  13.489 0.0000000000
70756  55.756  -32.677  22.096 0.0000000000
72035  56.108  -32.086  21.612 0.0000000000
50542  27.322  -47.963  41.550 0.0000000000
55836  43.658  -43.667  31.837 0.0000000000
56981  43.829  -43.067  32.033 0.0000000000
56982  43.377  -43.169  31.367 0.0000000000
59427  43.209  -41.602  30.802 0.0000000000
59428  42.771  -41.641  30.254 0.0000000000
59455  42.008  -41.952  29.618 0.0000000000
59483  41.739  -41.660  29.071 0.0000000000
59484  41.191  -42.038  28.530 0.0000000000
58228  40.750  -42.749  28.393 0.0000000000
74416  56.670  -29.565  21.254 0.0000000000
52050  26.276  -47.807  31.494 0.0000000000
50707  25.219  -48.362  30.778 0.0000000000
50699  25.729  -48.414  31.677 0.0000000000
49347  25.251  -49.312  31.455 0.0000000000
47994  21.200  -49.682  34.645 0.0000000000
47995  20.421  -49.464  34.880 0.0000000000
49315  18.802  -49.430  34.378 0.0000000000
49316  17.878  -49.426  34.246 0.0000000000
53314  39.182  -46.456  36.351 0.0000000000
53313  39.636  -46.526  35.864 0.0000000000
51968  39.610  -47.405  36.339 0.0000000000
50638  39.658  -47.674  35.988 0.0000000000
50657  38.483  -48.070  35.177 0.0000000000
50658  37.621  -47.633  35.122 0.0000000000
52006  28.834  -47.105  35.182 0.0000000000
53347  29.334  -46.453  34.328 0.0000000000
53348  28.693  -46.822  34.017 0.0000000000
53395  28.437  -46.301  32.508 0.0000000000
53396  27.813  -46.489  32.097 0.0000000000
52049  26.785  -47.561  31.871 0.0000000000
66855  51.358  -35.446  26.927 0.0000000000
66846  51.403  -35.992  26.953 0.0000000000
65508  51.562  -36.709  27.173 0.0000000000
43984  12.891  -53.637  40.181 0.0000000000
75408  50.871  -27.543  31.789 0.0000000000
74292  50.793  -28.103  30.773 0.0000000000
157549  50.668  -28.030  30.728 0.0000000000
73163  50.160  -29.783  29.301 0.0000000000
68130  43.661  -34.861  26.730 0.0000000000
68149  43.904  -34.190  26.536 0.0000000000
69434  43.562  -33.566  25.293 0.0000000000
70712  43.693  -32.943  24.679 0.0000000000
69451  42.739  -33.827  23.809 0.0000000000
54737  36.421  -45.665  26.781 0.0000000000
54752  36.460  -46.084  25.833 0.0000000000
54770  35.774  -46.082  25.099 0.0000000000
54783  34.855  -45.693  24.385 0.0000000000
85732  56.945  -20.412  13.853 0.0000000000
83287  56.582  -22.320  14.474 0.0000000000
49283  27.353  -49.164  36.558 0.0000000000
49284  26.766  -49.663  36.010 0.0000000000
49270  26.767  -49.738  36.870 0.0000000000
47953  26.368  -50.248  37.138 0.0000000000
46519  25.152  -50.634  39.296 0.0000000000
45182  24.596  -50.814  38.901 0.0000000000
45208  23.985  -50.816  38.402 0.0000000000
46554  23.751  -50.860  38.211 0.0000000000
46555  23.167  -50.996  37.943 0.0000000000
47939  22.564  -51.031  38.545 0.0000000000
47940  21.748  -50.556  38.793 0.0000000000
54474  35.220  -45.811  41.130 0.0000000000
53203  35.220  -46.707  40.544 0.0000000000
51886  34.142  -47.051  40.220 0.0000000000
53222  33.230  -47.021  39.791 0.0000000000
50583  29.888  -47.713  39.971 0.0000000000
53225  29.444  -46.855  39.120 0.0000000000
53249  29.265  -46.746  38.522 0.0000000000
51955  28.832  -47.099  37.497 0.0000000000
51956  28.509  -47.531  37.886 0.0000000000
59350  45.446  -40.804  33.682 0.0000000000
60536  45.702  -39.297  34.245 0.0000000000
61687  45.643  -38.691  34.641 0.0000000000
65366  46.487  -35.801  33.963 0.0000000000
65380  46.399  -35.728  33.660 0.0000000000
65381  46.256  -36.183  33.263 0.0000000000
65399  45.355  -36.843  32.073 0.0000000000
62910  43.009  -39.147  29.438 0.0000000000
62909  43.422  -38.447  29.604 0.0000000000
64131  43.563  -37.179  28.604 0.0000000000
65494  43.399  -36.384  27.673 0.0000000000
64149  42.958  -37.211  27.409 0.0000000000
64169  42.565  -37.357  26.628 0.0000000000
62978  41.805  -37.842  25.782 0.0000000000
64192  41.685  -37.717  25.499 0.0000000000
62980  40.872  -38.959  25.338 0.0000000000
60718  39.646  -41.206  25.218 0.0000000000
60758  38.403  -41.300  22.991 0.0000000000
60775  38.250  -40.941  22.323 0.0000000000
58322  37.531  -42.729  21.364 0.0000000000
55931  31.043  -44.536  26.183 0.0000000000
55950  31.325  -44.368  25.386 0.0000000000
55982  29.197  -44.995  23.379 0.0000000000
79389  54.257  -25.080  18.524 0.0000000000
79390  53.858  -25.012  18.024 0.0000000000
78094  54.582  -25.873  18.587 0.0000000000
75645  56.297  -28.936  18.983 0.0000000000
48053  24.021  -50.471  27.922 0.0000000000
45247  25.336  -51.166  33.372 0.0000000000
45256  25.060  -51.168  32.672 0.0000000000
45248  24.811  -51.334  33.159 0.0000000000
48019  21.743  -50.548  31.099 0.0000000000
51995  41.893  -46.940  34.111 0.0000000000
53336  42.407  -46.378  33.916 0.0000000000
53365  43.004  -46.650  33.301 0.0000000000
53386  43.625  -46.493  32.814 0.0000000000
52044  43.229  -46.757  32.354 0.0000000000
52053  42.421  -47.257  31.270 0.0000000000
52054  41.921  -47.414  30.563 0.0000000000
50697  39.052  -47.723  32.382 0.0000000000
52047  39.040  -47.461  31.701 0.0000000000
53422  38.355  -46.635  30.124 0.0000000000
50611  34.822  -47.708  37.148 0.0000000000
51970  34.853  -47.722  36.312 0.0000000000
54604  31.464  -45.628  33.426 0.0000000000
54603  32.608  -45.650  33.300 0.0000000000
54653  33.503  -45.514  31.465 0.0000000000
54724  32.308  -45.022  28.456 0.0000000000
54704  32.055  -44.910  29.498 0.0000000000
53448  27.816  -46.200  29.471 0.0000000000
54728  28.050  -45.878  28.854 0.0000000000
54729  27.460  -46.187  28.456 0.0000000000
53457  27.058  -46.408  28.127 0.0000000000
53467  26.905  -46.135  27.433 0.0000000000
54761  26.588  -45.836  26.300 0.0000000000
53468  26.354  -46.130  26.776 0.0000000000
53469  25.661  -46.613  26.423 0.0000000000
69492  52.986  -33.904  22.635 0.0000000000
68202  52.569  -34.760  22.586 0.0000000000
65565  51.055  -37.225  24.343 0.0000000000
65593  51.282  -36.698  23.202 0.0000000000
47885  20.127  -51.008  42.851 0.0000000000
47900  20.187  -50.240  41.783 0.0000000000
49223  18.550  -49.764  41.475 0.0000000000
46496  14.551  -51.515  41.198 0.0000000000
47903  15.903  -50.533  41.010 0.0000000000
47917  16.662  -49.942  40.345 0.0000000000
47918  15.817  -50.519  40.075 0.0000000000
47956  16.316  -50.358  37.400 0.0000000000
47957  15.607  -50.790  37.180 0.0000000000
83225  56.308  -21.291  18.110 0.0000000000
84444  56.165  -21.153  18.429 0.0000000000
84445  55.869  -21.232  18.795 0.0000000000
83209  54.784  -22.033  19.573 0.0000000000
81904  54.712  -23.190  21.011 0.0000000000
78033  56.122  -26.504  21.341 0.0000000000
79302  55.891  -26.476  21.435 0.0000000000
75568  54.561  -28.674  21.406 0.0000000000
72019  51.891  -31.149  22.699 0.0000000000
70690  51.302  -32.687  26.663 0.0000000000
70669  51.550  -32.973  27.549 0.0000000000
77963  52.184  -26.522  25.982 0.0000000000
76651  51.941  -27.887  27.544 0.0000000000
75468  52.067  -29.142  28.077 0.0000000000
73153  51.450  -30.526  30.168 0.0000000000
71908  51.577  -31.202  29.846 0.0000000000
70629  51.239  -32.347  29.918 0.0000000000
70640  51.443  -32.743  29.631 0.0000000000
69372  51.467  -33.478  29.452 0.0000000000
69357  51.246  -33.324  29.994 0.0000000000
68087  50.762  -33.797  30.075 0.0000000000
69373  50.538  -34.281  29.422 0.0000000000
69388  50.425  -34.441  29.001 0.0000000000
69399  50.341  -34.431  28.598 0.0000000000
69400  50.362  -34.010  28.017 0.0000000000
70691  49.587  -32.615  26.799 0.0000000000
68167  48.626  -33.944  24.427 0.0000000000
68183  48.342  -33.797  23.570 0.0000000000
79129  47.318  -25.817  32.454 0.0000000000
70617  45.689  -33.122  32.427 0.0000000000
70607  45.560  -32.235  32.286 0.0000000000
71899  45.513  -31.600  32.000 0.0000000000
73146  45.578  -30.964  31.910 0.0000000000
73177  45.091  -30.677  28.633 0.0000000000
76642  45.590  -28.122  28.634 0.0000000000
76654  46.467  -27.983  27.740 0.0000000000
75485  47.024  -28.232  27.334 0.0000000000
75499  47.328  -28.544  26.827 0.0000000000
75500  46.704  -28.540  27.016 0.0000000000
70745  44.326  -32.049  23.404 0.0000000000
72006  45.106  -31.597  23.063 0.0000000000
72023  45.380  -31.873  22.596 0.0000000000
70763  45.781  -32.236  22.309 0.0000000000
70775  46.306  -32.724  21.951 0.0000000000
68228  45.791  -34.465  20.929 0.0000000000
68266  43.988  -34.899  19.754 0.0000000000
68252  41.554  -34.502  20.035 0.0000000000
68268  42.474  -34.681  19.180 0.0000000000
68269  41.483  -34.663  19.193 0.0000000000
68281  41.325  -34.912  18.636 0.0000000000
64259  40.298  -37.730  22.554 0.0000000000
64280  40.176  -37.292  21.917 0.0000000000
64307  38.595  -37.799  20.230 0.0000000000
63098  36.581  -38.697  18.347 0.0000000000
63106  36.868  -38.076  18.201 0.0000000000
52078  40.551  -47.312  27.508 0.0000000000
53454  40.550  -46.451  27.336 0.0000000000
53463  40.367  -46.563  26.720 0.0000000000
53475  39.629  -46.571  25.781 0.0000000000
53486  39.214  -46.244  25.181 0.0000000000
52131  36.441  -46.928  23.503 0.0000000000
53501  36.874  -46.683  23.352 0.0000000000
53515  36.692  -46.405  22.694 0.0000000000
53529  36.488  -46.069  22.006 0.0000000000
54830  35.825  -45.245  21.247 0.0000000000
54808  32.379  -45.491  22.526 0.0000000000
53533  32.467  -46.634  21.552 0.0000000000
53571  29.855  -46.422  19.719 0.0000000000
53570  30.683  -46.298  20.190 0.0000000000
56018  31.244  -44.832  19.208 0.0000000000
56017  31.888  -44.836  19.458 0.0000000000
80743  56.123  -24.791  15.154 0.0000000000
68198  55.851  -34.001  22.587 0.0000000000
69512  56.180  -33.640  21.863 0.0000000000
49242  27.419  -48.870  39.141 0.0000000000
47936  27.020  -49.179  38.483 0.0000000000
47924  26.814  -49.401  39.034 0.0000000000
47925  26.557  -49.702  39.198 0.0000000000
46502  26.371  -50.050  39.438 0.0000000000
50571  26.789  -48.885  40.367 0.0000000000
47910  26.303  -49.881  40.181 0.0000000000
46503  25.813  -50.457  39.761 0.0000000000
46504  24.973  -50.645  40.027 0.0000000000
46505  24.363  -51.084  40.398 0.0000000000
45160  23.795  -51.349  40.760 0.0000000000
51865  30.299  -46.859  40.855 0.0000000000
51866  29.278  -47.250  41.200 0.0000000000
51890  29.684  -47.329  40.568 0.0000000000
50568  29.327  -47.647  40.182 0.0000000000
56948  45.188  -43.140  34.686 0.0000000000
56947  45.514  -42.870  34.218 0.0000000000
58122  45.492  -42.539  33.773 0.0000000000
58148  44.671  -42.226  32.613 0.0000000000
59377  45.088  -41.193  33.233 0.0000000000
61707  45.112  -39.856  32.586 0.0000000000
61714  45.151  -38.821  32.197 0.0000000000
61715  44.612  -39.413  31.909 0.0000000000
60605  43.177  -40.597  30.619 0.0000000000
60620  42.862  -40.149  29.929 0.0000000000
61732  43.180  -39.602  29.964 0.0000000000
61743  42.276  -39.773  28.458 0.0000000000
60693  41.062  -40.417  27.034 0.0000000000
60694  40.610  -40.710  26.488 0.0000000000
59523  40.430  -41.696  26.917 0.0000000000
59541  40.159  -41.361  26.325 0.0000000000
59542  39.584  -41.820  25.941 0.0000000000
54786  27.842  -45.441  24.999 0.0000000000
54785  28.091  -45.341  24.464 0.0000000000
52121  28.401  -47.432  24.456 0.0000000000
50783  28.598  -48.270  24.879 0.0000000000
74459  56.640  -29.616  19.150 0.0000000000
52074  25.214  -47.234  28.619 0.0000000000
50716  24.301  -48.525  29.105 0.0000000000
49371  24.209  -49.433  28.965 0.0000000000
49370  24.579  -49.374  29.686 0.0000000000
46640  23.893  -51.177  28.569 0.0000000000
46628  23.530  -51.664  29.122 0.0000000000
48020  20.925  -49.787  31.739 0.0000000000
49348  20.273  -49.333  31.057 0.0000000000
53312  40.220  -46.839  35.437 0.0000000000
53338  40.674  -46.515  34.686 0.0000000000
52018  41.614  -47.631  33.951 0.0000000000
50671  41.405  -48.044  33.786 0.0000000000
49346  40.828  -48.790  32.791 0.0000000000
50687  39.835  -48.071  32.959 0.0000000000
52019  39.117  -47.689  34.082 0.0000000000
50674  39.272  -47.872  33.514 0.0000000000
50688  39.032  -47.957  32.892 0.0000000000
52036  38.625  -47.245  32.922 0.0000000000
52037  37.956  -46.807  33.111 0.0000000000
53315  32.680  -46.407  35.487 0.0000000000
53316  31.752  -46.204  35.598 0.0000000000
54553  31.646  -45.823  35.058 0.0000000000
54578  31.531  -45.742  34.469 0.0000000000
53346  29.913  -46.133  33.871 0.0000000000
54630  30.985  -45.398  32.347 0.0000000000
54684  29.196  -45.461  30.774 0.0000000000
53435  28.656  -45.827  30.576 0.0000000000
53412  28.326  -46.088  31.690 0.0000000000
53425  28.136  -46.070  30.963 0.0000000000
53437  27.296  -46.391  29.869 0.0000000000
53439  25.770  -46.753  28.955 0.0000000000
68182  50.585  -34.436  23.453 0.0000000000
66882  50.388  -35.429  24.006 0.0000000000
45155  13.966  -51.987  41.637 0.0000000000
45164  14.117  -52.231  40.964 0.0000000000
45174  14.127  -52.264  40.211 0.0000000000
45198  13.848  -51.916  38.060 0.0000000000
45210  13.388  -52.144  37.187 0.0000000000
45200  12.600  -53.040  38.411 0.0000000000
77923  51.391  -26.908  28.762 0.0000000000
76638  51.600  -27.943  28.401 0.0000000000
75453  51.493  -28.468  29.470 0.0000000000
74300  51.619  -29.551  30.008 0.0000000000
74301  50.880  -29.389  30.403 0.0000000000
71910  50.806  -31.833  29.732 0.0000000000
71920  50.477  -32.457  29.310 0.0000000000
73175  50.405  -30.780  28.280 0.0000000000
73187  50.304  -31.119  27.837 0.0000000000
71980  48.809  -31.368  25.348 0.0000000000
76572  45.645  -27.202  33.068 0.0000000000
69376  44.603  -33.940  29.374 0.0000000000
69375  44.818  -33.652  29.710 0.0000000000
69390  44.719  -33.452  29.104 0.0000000000
70653  44.734  -32.960  28.407 0.0000000000
70671  44.712  -32.397  27.947 0.0000000000
70672  44.472  -32.837  27.490 0.0000000000
71949  44.697  -31.967  27.500 0.0000000000
73190  44.559  -31.590  27.055 0.0000000000
73202  44.973  -30.915  26.034 0.0000000000
71966  44.888  -31.315  25.812 0.0000000000
70729  44.133  -32.258  24.401 0.0000000000
69516  43.770  -33.165  21.246 0.0000000000
69517  42.949  -33.582  20.864 0.0000000000
68253  40.799  -34.827  19.769 0.0000000000
63046  38.210  -39.229  21.040 0.0000000000
63071  38.240  -38.759  20.582 0.0000000000
61924  37.045  -39.112  19.219 0.0000000000
61925  36.537  -39.463  18.683 0.0000000000
50748  38.717  -48.318  26.724 0.0000000000
50766  38.068  -47.878  26.314 0.0000000000
52101  37.595  -47.480  25.542 0.0000000000
52118  36.636  -47.366  24.496 0.0000000000
53477  36.439  -47.000  25.332 0.0000000000
52119  36.199  -47.091  24.657 0.0000000000
52144  35.488  -46.818  22.696 0.0000000000
52159  34.585  -46.730  22.050 0.0000000000
53551  29.790  -46.911  20.921 0.0000000000
52209  29.450  -46.907  19.940 0.0000000000
52210  28.486  -47.174  19.902 0.0000000000
85767  56.812  -19.894  12.259 0.0000000000
85747  56.680  -20.515  12.541 0.0000000000
84521  56.459  -21.311  12.568 0.0000000000
49313  27.027  -48.723  34.353 0.0000000000
49325  26.508  -48.779  33.859 0.0000000000
48000  26.362  -49.341  34.243 0.0000000000
46587  25.917  -50.645  34.100 0.0000000000
47982  26.486  -50.009  35.326 0.0000000000
46580  25.847  -50.664  34.796 0.0000000000
46581  25.695  -51.013  34.281 0.0000000000
45237  25.083  -51.317  33.964 0.0000000000
45231  24.198  -51.428  34.942 0.0000000000
47937  27.394  -50.325  38.182 0.0000000000
46551  25.861  -50.630  37.550 0.0000000000
45205  25.170  -50.779  36.880 0.0000000000
45195  24.675  -50.757  38.053 0.0000000000
45214  24.732  -50.938  36.300 0.0000000000
45222  24.487  -51.201  35.655 0.0000000000
47983  22.279  -50.510  35.684 0.0000000000
47969  20.997  -49.635  36.251 0.0000000000
49286  20.123  -49.592  36.541 0.0000000000
54514  37.630  -46.718  38.825 0.0000000000
51906  37.720  -47.130  38.979 0.0000000000
50591  37.556  -47.521  38.343 0.0000000000
50607  37.536  -47.885  37.586 0.0000000000
50593  36.846  -47.918  38.332 0.0000000000
50594  36.099  -48.008  38.020 0.0000000000
50595  35.238  -47.846  37.859 0.0000000000
51910  35.195  -47.633  39.177 0.0000000000
51932  34.981  -47.771  38.443 0.0000000000
50596  34.772  -47.730  37.528 0.0000000000
53188  32.731  -46.542  41.165 0.0000000000
53206  32.408  -46.487  40.268 0.0000000000
53223  32.694  -46.598  39.535 0.0000000000
51912  32.224  -47.063  39.079 0.0000000000
51953  32.213  -46.744  37.721 0.0000000000
53269  32.206  -46.423  37.072 0.0000000000
53293  31.451  -46.290  36.487 0.0000000000
53295  29.382  -46.682  36.254 0.0000000000
51974  29.052  -46.997  36.712 0.0000000000
51987  28.900  -46.976  35.984 0.0000000000
50663  28.102  -47.697  35.157 0.0000000000
50664  27.588  -48.162  34.518 0.0000000000
65492  50.915  -37.193  28.679 0.0000000000
64147  50.696  -37.753  28.315 0.0000000000
64167  50.336  -37.879  27.609 0.0000000000
77947  52.209  -26.452  27.400 0.0000000000
79191  51.723  -26.353  27.761 0.0000000000
77937  51.396  -26.397  28.257 0.0000000000
77901  51.219  -26.658  29.626 0.0000000000
77878  51.002  -26.872  30.420 0.0000000000
80447  51.154  -24.934  29.767 0.0000000000
77902  51.103  -26.187  30.110 0.0000000000
76593  51.115  -27.189  31.439 0.0000000000
76568  50.923  -27.028  31.979 0.0000000000
75410  50.264  -27.334  30.677 0.0000000000
76594  49.651  -27.275  30.197 0.0000000000
69333  45.795  -33.576  32.967 0.0000000000
69345  45.617  -33.614  32.215 0.0000000000
68057  44.996  -34.446  31.124 0.0000000000
64087  45.054  -37.419  31.803 0.0000000000
64099  44.527  -37.036  31.035 0.0000000000
64112  44.708  -37.018  30.273 0.0000000000
66790  44.601  -35.995  30.949 0.0000000000
66791  44.488  -35.502  30.404 0.0000000000
68073  44.655  -34.745  30.518 0.0000000000
68089  44.586  -34.626  29.622 0.0000000000
68103  44.436  -35.007  28.788 0.0000000000
68115  43.814  -35.000  27.410 0.0000000000
66848  43.611  -35.663  27.080 0.0000000000
66859  43.352  -35.506  26.368 0.0000000000
66860  42.986  -35.491  25.839 0.0000000000
66871  42.539  -35.600  25.107 0.0000000000
66886  41.775  -35.707  23.794 0.0000000000
66872  41.986  -36.019  24.624 0.0000000000
65570  41.472  -36.554  24.248 0.0000000000
64214  41.490  -37.460  24.848 0.0000000000
63029  39.918  -38.399  22.644 0.0000000000
61816  39.806  -39.719  24.195 0.0000000000
61836  39.685  -39.387  23.463 0.0000000000
63015  39.657  -39.256  23.098 0.0000000000
61877  38.186  -39.794  21.364 0.0000000000
60799  37.495  -40.582  20.354 0.0000000000
60788  37.667  -41.059  20.801 0.0000000000
59611  37.072  -41.189  19.920 0.0000000000
59612  36.363  -41.435  19.433 0.0000000000
55928  33.950  -44.499  26.340 0.0000000000
55948  33.386  -44.373  25.429 0.0000000000
55964  32.766  -44.324  24.390 0.0000000000
55965  31.780  -44.216  24.464 0.0000000000
57071  32.100  -44.054  23.887 0.0000000000
55979  32.360  -44.611  23.418 0.0000000000
55991  31.679  -44.927  22.777 0.0000000000
54822  29.795  -46.027  21.611 0.0000000000
55968  28.729  -44.747  24.248 0.0000000000
55983  28.746  -44.956  23.759 0.0000000000
53505  28.930  -46.603  23.235 0.0000000000
54811  29.326  -45.724  22.496 0.0000000000
53536  29.451  -46.893  21.627 0.0000000000
83254  55.767  -22.342  16.112 0.0000000000
83255  55.056  -23.161  16.146 0.0000000000
82010  54.908  -23.897  15.676 0.0000000000
80700  54.120  -24.914  17.133 0.0000000000
79450  54.965  -25.345  15.759 0.0000000000
79429  55.063  -26.238  15.988 0.0000000000
78110  54.970  -27.005  17.402 0.0000000000
52083  24.291  -47.922  27.539 0.0000000000
48010  25.373  -50.162  32.101 0.0000000000
46619  24.751  -50.889  30.976 0.0000000000
46610  23.397  -51.480  31.838 0.0000000000
45259  23.514  -51.741  31.195 0.0000000000
46612  22.351  -51.156  30.800 0.0000000000
45272  23.278  -51.851  30.472 0.0000000000
45284  22.944  -52.021  29.638 0.0000000000
45298  23.135  -52.026  28.984 0.0000000000
45314  22.901  -51.907  28.043 0.0000000000
55799  42.677  -45.044  34.533 0.0000000000
56949  44.587  -43.565  34.715 0.0000000000
55796  44.767  -43.772  34.148 0.0000000000
55813  44.807  -43.702  33.494 0.0000000000
55827  43.437  -44.867  32.107 0.0000000000
55837  43.194  -44.242  31.418 0.0000000000
55853  42.515  -44.571  30.538 0.0000000000
55869  41.953  -44.585  29.879 0.0000000000
55870  41.505  -44.558  29.320 0.0000000000
54697  41.669  -45.089  29.628 0.0000000000
54698  41.351  -45.626  29.197 0.0000000000
53443  40.920  -46.369  28.776 0.0000000000
52062  40.963  -47.401  29.074 0.0000000000
50725  40.611  -48.088  28.169 0.0000000000
49404  40.022  -48.348  27.549 0.0000000000
49405  39.443  -48.683  27.428 0.0000000000
50705  40.850  -48.512  30.839 0.0000000000
50713  40.156  -48.344  29.722 0.0000000000
52055  39.626  -47.827  30.678 0.0000000000
49368  39.735  -48.718  28.576 0.0000000000
49388  39.281  -48.745  28.003 0.0000000000
49406  39.110  -48.831  27.448 0.0000000000
50739  38.276  -47.897  27.192 0.0000000000
52081  37.864  -47.580  27.152 0.0000000000
53446  37.592  -46.626  27.721 0.0000000000
53434  37.732  -46.376  28.657 0.0000000000
53447  37.076  -46.217  27.107 0.0000000000
55890  36.059  -45.260  27.315 0.0000000000
55908  34.577  -44.558  27.305 0.0000000000
50642  36.851  -47.661  35.826 0.0000000000
50659  36.727  -47.424  35.171 0.0000000000
50627  35.469  -47.729  36.164 0.0000000000
50660  36.097  -47.175  35.270 0.0000000000
50676  36.735  -47.121  34.806 0.0000000000
52001  36.271  -46.560  34.159 0.0000000000
53367  36.501  -46.437  33.536 0.0000000000
52005  33.625  -46.039  35.043 0.0000000000
53342  34.483  -46.088  34.343 0.0000000000
53370  33.713  -45.600  34.081 0.0000000000
54576  34.516  -45.999  33.859 0.0000000000
53390  36.248  -45.933  32.375 0.0000000000
54677  36.029  -45.204  30.284 0.0000000000
54701  35.475  -44.781  29.423 0.0000000000
55871  35.408  -44.616  28.674 0.0000000000
55892  34.801  -44.578  28.357 0.0000000000
55909  33.670  -44.507  27.113 0.0000000000
55910  33.145  -44.690  27.184 0.0000000000
54755  32.274  -44.767  26.715 0.0000000000
54756  31.700  -44.911  26.777 0.0000000000
55932  30.398  -44.558  26.266 0.0000000000
54744  29.354  -45.227  27.641 0.0000000000
53480  26.305  -46.262  25.766 0.0000000000
52106  26.779  -47.234  25.349 0.0000000000
72015  55.927  -31.587  21.838 0.0000000000
69489  55.493  -33.556  22.487 0.0000000000
64165  51.608  -37.684  27.103 0.0000000000
50527  25.866  -47.984  41.882 0.0000000000
49210  25.006  -49.039  42.146 0.0000000000
49222  24.662  -49.523  41.847 0.0000000000
47896  24.477  -49.990  41.651 0.0000000000
45151  23.425  -50.827  41.405 0.0000000000
45161  23.193  -51.251  41.105 0.0000000000
46451  22.724  -50.630  43.728 0.0000000000
45145  22.534  -50.597  42.417 0.0000000000
45162  22.653  -50.836  41.377 0.0000000000
45173  22.957  -51.356  40.887 0.0000000000
46508  22.235  -50.832  40.321 0.0000000000
47926  21.784  -50.703  39.959 0.0000000000
47927  20.850  -50.253  39.770 0.0000000000
47941  20.914  -50.131  38.948 0.0000000000
49257  20.377  -49.833  38.509 0.0000000000
49273  19.251  -49.597  37.400 0.0000000000
47887  17.728  -49.817  42.683 0.0000000000
49213  17.648  -49.680  41.856 0.0000000000
49224  17.736  -49.767  41.016 0.0000000000
49236  17.016  -49.700  40.430 0.0000000000
49235  17.448  -49.577  40.146 0.0000000000
49259  18.411  -49.460  38.249 0.0000000000
49288  18.234  -49.369  36.204 0.0000000000
49289  17.359  -49.280  35.963 0.0000000000
49304  17.294  -49.576  35.022 0.0000000000
49305  16.643  -49.801  34.834 0.0000000000
46557  14.361  -51.387  37.517 0.0000000000
46569  14.488  -51.326  36.530 0.0000000000
85689  56.672  -21.073  15.893 0.0000000000
84463  56.657  -21.063  16.400 0.0000000000
84465  56.034  -21.778  16.383 0.0000000000
84456  55.842  -21.813  16.606 0.0000000000
81972  54.233  -23.366  18.022 0.0000000000
79363  55.465  -25.395  19.937 0.0000000000
84419  54.883  -21.517  19.803 0.0000000000
81950  54.537  -22.743  19.703 0.0000000000
80628  54.834  -24.348  20.221 0.0000000000
78068  56.256  -26.698  20.308 0.0000000000
75567  56.518  -28.446  21.157 0.0000000000
78032  56.149  -27.048  21.115 0.0000000000
75566  56.640  -29.010  21.397 0.0000000000
75544  56.572  -29.264  21.616 0.0000000000
78035  54.599  -26.041  21.114 0.0000000000
75547  55.091  -28.613  21.810 0.0000000000
70759  52.937  -32.926  22.694 0.0000000000
69468  50.807  -33.404  23.452 0.0000000000
68127  51.140  -34.438  26.569 0.0000000000
68145  51.270  -35.005  26.549 0.0000000000
66829  51.555  -35.964  28.306 0.0000000000
75521  51.418  -27.748  24.281 0.0000000000
75467  51.799  -28.665  28.268 0.0000000000
74326  51.861  -29.618  28.404 0.0000000000
73173  51.730  -30.246  28.834 0.0000000000
73174  52.048  -30.380  28.390 0.0000000000
70668  51.678  -32.356  27.691 0.0000000000
70651  51.609  -33.327  28.119 0.0000000000
69387  51.574  -33.818  28.721 0.0000000000
65452  51.299  -36.088  28.910 0.0000000000
65473  51.082  -36.510  28.924 0.0000000000
65474  50.775  -36.169  28.905 0.0000000000
68102  50.255  -35.277  28.597 0.0000000000
66830  50.031  -35.956  28.291 0.0000000000
70652  50.293  -33.126  28.802 0.0000000000
76571  49.216  -26.088  30.586 0.0000000000
76595  49.603  -26.961  30.235 0.0000000000
76612  49.373  -27.223  29.839 0.0000000000
75397  45.414  -28.413  33.022 0.0000000000
76573  45.346  -27.465  32.526 0.0000000000
73156  45.732  -30.542  31.154 0.0000000000
77855  45.352  -26.939  32.006 0.0000000000
77885  45.618  -26.827  31.487 0.0000000000
77884  46.319  -26.524  31.436 0.0000000000
77906  46.517  -26.704  30.538 0.0000000000
77926  46.992  -26.604  30.027 0.0000000000
77905  47.478  -26.520  30.336 0.0000000000
77924  48.085  -26.774  29.426 0.0000000000
76627  48.664  -27.209  29.220 0.0000000000
76626  49.211  -27.580  29.587 0.0000000000
74338  49.035  -29.064  27.269 0.0000000000
75498  47.973  -28.723  26.694 0.0000000000
74351  48.527  -29.296  26.544 0.0000000000
73212  48.894  -30.777  25.616 0.0000000000
71991  48.360  -31.293  24.707 0.0000000000
74368  45.543  -30.243  25.623 0.0000000000
73215  46.037  -30.285  25.048 0.0000000000
72005  45.828  -31.105  23.645 0.0000000000
73241  46.596  -30.757  23.863 0.0000000000
73226  47.344  -30.714  24.267 0.0000000000
71992  47.883  -31.406  24.232 0.0000000000
70728  48.220  -31.884  24.415 0.0000000000
69470  48.024  -33.028  23.264 0.0000000000
69495  46.797  -33.294  22.132 0.0000000000
69533  43.755  -33.848  20.512 0.0000000000
68250  43.595  -34.322  20.040 0.0000000000
66963  43.284  -35.496  19.081 0.0000000000
66964  42.768  -35.319  18.781 0.0000000000
65622  40.621  -36.558  21.953 0.0000000000
66946  40.240  -35.594  20.361 0.0000000000
66966  39.647  -35.567  18.916 0.0000000000
65649  38.629  -36.992  19.867 0.0000000000
57020  40.147  -43.938  27.154 0.0000000000
54736  40.407  -45.798  26.846 0.0000000000
55924  40.119  -45.028  26.303 0.0000000000
57039  39.695  -43.948  26.361 0.0000000000
57058  39.500  -44.092  25.416 0.0000000000
57070  39.302  -43.919  24.554 0.0000000000
57085  39.097  -43.830  23.843 0.0000000000
52100  38.518  -47.437  25.630 0.0000000000
53476  39.055  -46.775  25.415 0.0000000000
53487  38.607  -46.459  24.737 0.0000000000
53500  37.489  -46.415  23.466 0.0000000000
53499  38.196  -46.066  23.943 0.0000000000
54781  38.622  -45.531  24.230 0.0000000000
55977  38.716  -44.759  23.704 0.0000000000
57086  38.617  -43.840  23.200 0.0000000000
57112  38.118  -43.369  22.245 0.0000000000
58323  36.996  -42.970  20.930 0.0000000000
56005  36.562  -44.268  21.089 0.0000000000
57121  36.491  -43.603  20.789 0.0000000000
58338  35.852  -42.773  20.111 0.0000000000
58350  35.510  -42.480  19.571 0.0000000000
58351  34.453  -42.499  19.283 0.0000000000
55946  34.829  -45.037  25.214 0.0000000000
54793  34.384  -45.982  23.706 0.0000000000
54807  33.271  -45.722  22.703 0.0000000000
53504  34.180  -46.123  23.399 0.0000000000
53517  34.300  -46.543  22.992 0.0000000000
53532  34.169  -46.555  21.611 0.0000000000
52162  32.186  -46.965  21.045 0.0000000000
52184  32.446  -46.882  20.965 0.0000000000
52182  33.269  -46.658  21.063 0.0000000000
53547  33.869  -46.284  21.116 0.0000000000
56008  34.036  -44.622  20.424 0.0000000000
56015  33.569  -44.272  20.052 0.0000000000
56016  32.820  -44.563  19.725 0.0000000000
57124  34.144  -43.912  19.993 0.0000000000
57132  33.671  -43.509  19.660 0.0000000000
58362  33.953  -42.147  18.842 0.0000000000
82068  56.199  -23.306  12.887 0.0000000000
72034  56.310  -31.635  21.344 0.0000000000
72048  56.818  -31.358  20.488 0.0000000000
70787  56.548  -32.503  20.832 0.0000000000
43982  13.749  -52.750  40.760 0.0000000000
45146  22.251  -50.719  42.499 0.0000000000
45152  23.009  -50.604  41.754 0.0000000000
45153  22.326  -50.889  42.155 0.0000000000
45163  22.201  -51.039  41.947 0.0000000000
45165  13.776  -52.549  41.427 0.0000000000
45183  24.130  -51.238  39.326 0.0000000000
45184  23.789  -51.500  39.552 0.0000000000
45207  24.321  -50.773  37.768 0.0000000000
45216  23.911  -51.188  36.483 0.0000000000
45229  25.323  -51.186  34.596 0.0000000000
45236  25.484  -51.176  33.965 0.0000000000
46463  22.648  -50.136  42.983 0.0000000000
46467  20.311  -50.975  43.519 0.0000000000
46477  21.983  -50.876  42.553 0.0000000000
46478  21.767  -51.070  42.459 0.0000000000
46479  20.981  -51.387  42.793 0.0000000000
46493  21.916  -51.054  41.823 0.0000000000
46506  23.053  -51.394  40.049 0.0000000000
46507  22.638  -51.089  40.580 0.0000000000
46517  26.424  -49.827  38.945 0.0000000000
46522  22.371  -51.065  39.950 0.0000000000
46523  15.152  -51.117  38.956 0.0000000000
46532  27.538  -49.588  38.362 0.0000000000
46533  27.175  -50.007  38.034 0.0000000000
46549  27.425  -50.131  38.018 0.0000000000
46550  27.684  -50.352  38.137 0.0000000000
46553  24.109  -50.716  37.874 0.0000000000
46558  13.912  -51.547  37.037 0.0000000000
46564  25.778  -50.623  36.580 0.0000000000
47871  22.797  -50.091  43.303 0.0000000000
47872  20.380  -50.792  44.425 0.0000000000
47894  25.829  -49.969  40.606 0.0000000000
47897  22.066  -50.618  41.121 0.0000000000
47898  21.885  -50.686  41.302 0.0000000000
47899  21.102  -50.942  41.888 0.0000000000
47908  26.834  -49.318  39.420 0.0000000000
47909  26.652  -49.510  39.569 0.0000000000
47911  22.208  -50.660  40.884 0.0000000000
47916  17.011  -49.715  40.086 0.0000000000
47928  20.164  -49.713  39.913 0.0000000000
47938  26.595  -50.088  37.918 0.0000000000
47942  16.950  -49.761  38.953 0.0000000000
47951  27.029  -49.902  37.920 0.0000000000
47981  26.839  -49.563  35.058 0.0000000000
48018  22.308  -50.992  31.252 0.0000000000
49232  26.446  -49.145  40.368 0.0000000000
49233  19.574  -49.591  40.287 0.0000000000
49255  26.743  -49.810  37.629 0.0000000000
49300  26.765  -49.662  35.607 0.0000000000
49322  41.401  -48.511  33.259 0.0000000000
49324  26.685  -49.124  34.413 0.0000000000
49334  41.221  -48.722  32.863 0.0000000000
49335  40.846  -48.795  33.292 0.0000000000
49345  41.035  -48.729  32.418 0.0000000000
49386  40.299  -48.729  28.061 0.0000000000
49411  23.723  -49.702  27.387 0.0000000000
49412  23.570  -49.731  26.813 0.0000000000
49419  39.243  -48.646  27.079 0.0000000000
50540  28.815  -47.347  41.673 0.0000000000
50544  25.377  -48.591  41.836 0.0000000000
50545  24.797  -48.805  42.255 0.0000000000
50565  37.128  -47.688  39.866 0.0000000000
50567  29.861  -47.537  40.255 0.0000000000
50579  37.186  -47.712  39.535 0.0000000000
50581  36.166  -47.796  38.774 0.0000000000
50612  28.622  -47.715  37.292 0.0000000000
50621  39.508  -47.649  36.393 0.0000000000
50661  35.510  -47.045  35.198 0.0000000000
50665  27.188  -48.383  34.030 0.0000000000
50670  41.866  -47.776  33.515 0.0000000000
50724  40.971  -48.208  28.709 0.0000000000
50726  39.259  -48.135  28.201 0.0000000000
50736  40.238  -48.070  27.614 0.0000000000
50747  39.209  -48.431  26.772 0.0000000000
51867  28.749  -47.594  40.824 0.0000000000
51881  37.817  -47.068  39.387 0.0000000000
51882  37.341  -47.372  39.783 0.0000000000
51883  36.777  -47.455  39.930 0.0000000000
51907  37.459  -47.383  39.249 0.0000000000
51908  36.906  -47.823  39.732 0.0000000000
51913  31.336  -46.671  39.286 0.0000000000
51916  28.345  -47.918  38.777 0.0000000000
51930  37.715  -47.301  38.311 0.0000000000
51931  37.526  -47.420  38.753 0.0000000000
51937  28.675  -47.211  38.267 0.0000000000
51948  38.886  -47.338  37.242 0.0000000000
51950  34.835  -47.699  36.882 0.0000000000
51954  29.499  -46.639  37.450 0.0000000000
51986  33.499  -46.387  35.335 0.0000000000
52002  36.030  -46.550  34.396 0.0000000000
52004  34.154  -46.217  35.023 0.0000000000
52008  27.842  -47.568  34.072 0.0000000000
52022  36.561  -46.751  34.395 0.0000000000
52026  27.621  -47.406  33.506 0.0000000000
52034  43.232  -46.754  32.606 0.0000000000
52038  28.104  -46.784  33.227 0.0000000000
52048  27.370  -47.027  31.986 0.0000000000
52073  38.096  -47.370  27.711 0.0000000000
52080  38.370  -47.786  27.462 0.0000000000
52087  40.188  -47.190  26.793 0.0000000000
52103  36.373  -47.112  25.095 0.0000000000
52130  37.041  -46.908  23.655 0.0000000000
52143  36.117  -46.788  22.873 0.0000000000
53184  35.677  -46.072  40.804 0.0000000000
53185  35.449  -46.231  40.839 0.0000000000
53189  31.971  -46.634  40.874 0.0000000000
53219  37.754  -46.986  39.352 0.0000000000
53224  29.766  -46.639  39.023 0.0000000000
53267  39.158  -46.990  37.134 0.0000000000
53271  30.177  -46.452  37.580 0.0000000000
53289  39.865  -47.025  36.004 0.0000000000
53290  39.492  -46.906  36.569 0.0000000000
53340  36.064  -46.481  33.899 0.0000000000
53363  43.988  -46.053  33.694 0.0000000000
53364  43.701  -46.290  33.483 0.0000000000
53368  35.614  -46.453  33.613 0.0000000000
53373  30.061  -45.860  33.672 0.0000000000
53387  43.197  -46.763  32.904 0.0000000000
53392  34.830  -46.028  32.813 0.0000000000
53393  29.646  -45.660  32.098 0.0000000000
53413  27.687  -46.522  31.470 0.0000000000
53432  40.718  -46.977  28.805 0.0000000000
53436  28.114  -46.169  30.133 0.0000000000
53438  26.426  -46.657  29.571 0.0000000000
53449  27.297  -46.483  28.952 0.0000000000
53464  40.009  -46.839  26.368 0.0000000000
53465  37.160  -47.013  26.183 0.0000000000
53466  36.729  -46.855  25.764 0.0000000000
53474  40.081  -46.341  26.185 0.0000000000
53481  25.610  -46.771  25.846 0.0000000000
53489  35.656  -46.636  24.367 0.0000000000
53503  34.598  -46.421  23.453 0.0000000000
54473  35.753  -45.881  40.657 0.0000000000
54485  37.373  -46.839  39.682 0.0000000000
54486  36.682  -46.616  39.822 0.0000000000
54487  35.975  -46.075  40.165 0.0000000000
54500  37.520  -46.825  39.379 0.0000000000
54503  35.756  -45.751  39.892 0.0000000000
54555  30.260  -45.801  35.182 0.0000000000
54577  34.176  -45.692  34.018 0.0000000000
54602  33.645  -45.576  33.446 0.0000000000
54632  29.654  -45.560  32.327 0.0000000000
54657  29.843  -45.350  31.544 0.0000000000
54719  37.315  -46.080  28.351 0.0000000000
54739  33.932  -44.658  27.572 0.0000000000
54754  35.199  -45.263  25.949 0.0000000000
54768  39.510  -45.700  25.344 0.0000000000
54791  38.372  -45.453  23.722 0.0000000000
54792  38.034  -45.742  23.449 0.0000000000
54806  37.338  -45.838  22.475 0.0000000000
55727  34.870  -45.455  41.181 0.0000000000
55812  45.211  -43.234  33.515 0.0000000000
55839  29.893  -44.973  31.380 0.0000000000
55840  29.538  -45.174  31.486 0.0000000000
55854  32.550  -44.873  30.313 0.0000000000
55855  32.379  -44.991  30.440 0.0000000000
55856  30.052  -45.202  31.095 0.0000000000
55857  29.581  -44.939  30.977 0.0000000000
55872  34.972  -44.586  28.971 0.0000000000
55873  32.587  -44.711  30.026 0.0000000000
55906  36.010  -45.369  26.999 0.0000000000
55926  35.315  -45.171  26.262 0.0000000000
55962  34.535  -44.914  24.703 0.0000000000
55990  37.796  -44.703  22.533 0.0000000000
55994  29.417  -45.201  22.832 0.0000000000
56001  36.312  -44.858  21.237 0.0000000000
56959  45.498  -43.029  33.847 0.0000000000
56969  45.299  -42.957  33.391 0.0000000000
56991  42.387  -43.536  30.322 0.0000000000
57038  40.032  -44.498  26.715 0.0000000000
57072  31.778  -44.007  23.983 0.0000000000
57087  31.952  -44.285  23.662 0.0000000000
57088  31.797  -44.159  23.803 0.0000000000
58102  45.535  -42.684  34.089 0.0000000000
58146  45.390  -42.783  33.552 0.0000000000
58147  45.209  -42.286  33.237 0.0000000000
58194  42.432  -42.484  30.297 0.0000000000
58195  42.103  -42.926  30.313 0.0000000000
58210  42.158  -42.115  29.869 0.0000000000
58241  39.913  -43.233  27.033 0.0000000000
59454  42.269  -41.576  29.597 0.0000000000
60557  45.622  -39.822  33.779 0.0000000000
61699  45.698  -38.614  34.062 0.0000000000
61700  45.697  -38.916  33.578 0.0000000000
61722  44.078  -38.939  31.197 0.0000000000
61915  36.878  -39.752  19.271 0.0000000000
63070  38.577  -38.513  20.970 0.0000000000
64088  44.524  -37.673  31.349 0.0000000000
65367  46.392  -36.353  33.898 0.0000000000
65418  44.884  -36.421  31.578 0.0000000000
65454  44.728  -36.855  30.002 0.0000000000
65476  43.652  -36.318  28.358 0.0000000000
65544  51.021  -37.390  24.948 0.0000000000
66731  46.218  -35.042  33.756 0.0000000000
66758  46.127  -34.743  32.902 0.0000000000
66776  44.547  -35.124  30.830 0.0000000000
66804  51.116  -35.497  29.223 0.0000000000
66978  42.478  -35.663  18.402 0.0000000000
68070  50.991  -33.791  30.179 0.0000000000
68072  44.857  -34.175  30.162 0.0000000000
68088  44.724  -34.096  29.726 0.0000000000
68204  50.793  -34.959  22.925 0.0000000000
69359  50.721  -33.366  30.110 0.0000000000
69371  51.659  -33.203  29.040 0.0000000000
69414  50.815  -33.957  26.288 0.0000000000
70606  45.739  -32.588  32.718 0.0000000000
70740  52.508  -32.697  22.742 0.0000000000
70755  56.082  -33.186  21.986 0.0000000000
71890  45.639  -32.013  32.539 0.0000000000
71898  45.542  -31.171  32.313 0.0000000000
71918  51.660  -31.427  29.320 0.0000000000
71947  50.300  -31.280  28.127 0.0000000000
71981  44.933  -31.245  25.445 0.0000000000
72047  57.059  -31.088  20.305 0.0000000000
72061  57.166  -31.096  20.094 0.0000000000
73203  44.640  -31.420  26.619 0.0000000000
73227  46.449  -30.451  24.417 0.0000000000
73242  46.110  -30.626  24.040 0.0000000000
73260  51.872  -30.672  22.800 0.0000000000
74282  51.037  -28.106  31.146 0.0000000000
74283  50.854  -28.001  31.019 0.0000000000
74284  50.689  -27.740  31.350 0.0000000000
74302  45.665  -29.785  31.850 0.0000000000
74401  56.597  -29.508  21.563 0.0000000000
74439  56.702  -30.010  20.917 0.0000000000
75407  50.988  -27.947  31.317 0.0000000000
75409  50.506  -27.217  31.414 0.0000000000
75421  51.011  -27.971  30.756 0.0000000000
75422  51.107  -27.714  31.528 0.0000000000
75423  49.657  -27.531  30.114 0.0000000000
75436  51.534  -29.024  29.765 0.0000000000
75438  49.462  -27.628  29.816 0.0000000000
75471  45.842  -28.204  27.999 0.0000000000
75483  49.174  -28.769  27.637 0.0000000000
76552  45.448  -27.760  33.213 0.0000000000
76611  49.528  -27.371  30.006 0.0000000000
76613  48.990  -27.042  29.573 0.0000000000
76624  51.604  -27.978  28.758 0.0000000000
76639  48.242  -27.366  28.694 0.0000000000
77879  50.760  -26.235  30.496 0.0000000000
77880  50.284  -26.245  30.627 0.0000000000
77903  48.976  -26.804  29.777 0.0000000000
77904  48.368  -26.657  29.818 0.0000000000
77907  45.953  -26.778  30.992 0.0000000000
77922  51.546  -27.562  28.609 0.0000000000
77956  52.234  -26.927  27.317 0.0000000000
78012  56.112  -27.282  21.236 0.0000000000
79159  50.987  -25.615  30.099 0.0000000000
79200  52.025  -26.324  27.572 0.0000000000
79411  53.938  -25.018  17.690 0.0000000000
80678  53.918  -24.806  17.881 0.0000000000
80701  53.996  -24.781  17.646 0.0000000000
83271  56.019  -23.135  15.363 0.0000000000
83286  56.707  -21.924  14.248 0.0000000000
84454  56.686  -21.116  17.044 0.0000000000
84464  56.330  -21.592  16.051 0.0000000000
84482  56.530  -21.756  15.153 0.0000000000
85643  55.162  -21.122  19.686 0.0000000000
85653  55.930  -20.784  18.915 0.0000000000
157539  50.161  -29.992  30.148 0.0000000000
157542  50.239  -29.792  30.117 0.0000000000
157545  50.554  -29.602  30.281 0.0000000000
157546  50.369  -30.005  30.202 0.0000000000
