#!ascii label  , from subject 3759 vox2ras=TkReg
1274
66486  -41.368  -8.222  25.383 0.0000000000
78077  -54.600  1.781  20.587 0.0000000000
73570  -46.695  -3.012  23.239 0.0000000000
38590  -15.586  -32.630  46.799 0.0000000000
62957  -39.882  -11.460  30.581 0.0000000000
48693  -29.861  -25.328  40.614 0.0000000000
49852  -38.799  -23.787  38.332 0.0000000000
54418  -42.211  -19.137  34.736 0.0000000000
57982  -44.724  -15.567  34.710 0.0000000000
46323  -21.699  -25.655  38.164 0.0000000000
48628  -25.468  -24.419  42.829 0.0000000000
49872  -25.375  -23.389  37.112 0.0000000000
49944  -34.113  -22.456  34.788 0.0000000000
51030  -39.433  -22.028  34.271 0.0000000000
65233  -44.798  -9.695  32.195 0.0000000000
68866  -45.691  -6.499  29.313 0.0000000000
74840  -52.065  -1.408  21.849 0.0000000000
71138  -43.392  -4.936  24.250 0.0000000000
77036  -53.141  0.159  15.214 0.0000000000
36428  -13.044  -35.170  49.283 0.0000000000
62923  -43.356  -11.906  33.835 0.0000000000
65282  -40.003  -9.811  28.876 0.0000000000
51000  -29.042  -21.997  35.229 0.0000000000
48757  -34.832  -24.497  38.548 0.0000000000
73487  -47.508  -2.992  28.025 0.0000000000
80451  -58.584  4.135  11.691 0.0000000000
54467  -40.443  -18.500  32.991 0.0000000000
57996  -41.443  -17.075  32.829 0.0000000000
49837  -23.654  -24.328  37.927 0.0000000000
52154  -36.185  -21.102  31.880 0.0000000000
52157  -39.254  -20.228  33.040 0.0000000000
52106  -41.048  -20.485  34.592 0.0000000000
66433  -42.689  -9.100  29.147 0.0000000000
67642  -45.335  -7.995  31.018 0.0000000000
67704  -43.405  -7.669  27.613 0.0000000000
76972  -53.389  -0.011  20.921 0.0000000000
75901  -54.080  -0.342  23.796 0.0000000000
80388  -55.894  3.595  19.024 0.0000000000
37541  -13.952  -33.814  44.005 0.0000000000
37505  -14.699  -33.751  48.061 0.0000000000
60356  -42.277  -13.359  31.869 0.0000000000
60327  -44.093  -13.089  34.030 0.0000000000
62936  -42.107  -11.681  32.070 0.0000000000
65229  -41.095  -9.952  31.497 0.0000000000
65248  -39.194  -9.946  30.335 0.0000000000
48665  -27.047  -24.540  41.088 0.0000000000
48618  -27.372  -23.927  44.096 0.0000000000
48649  -30.132  -24.677  43.209 0.0000000000
47509  -32.521  -25.230  42.068 0.0000000000
52097  -27.386  -21.521  34.262 0.0000000000
52129  -29.262  -21.309  33.101 0.0000000000
49910  -36.353  -23.171  36.123 0.0000000000
49908  -33.994  -23.103  36.061 0.0000000000
49850  -36.948  -24.022  38.284 0.0000000000
48700  -36.655  -24.297  40.506 0.0000000000
42901  -18.824  -29.781  42.417 0.0000000000
43938  -20.974  -28.913  43.408 0.0000000000
42867  -20.525  -29.475  46.197 0.0000000000
73551  -44.970  -3.379  23.543 0.0000000000
72305  -45.652  -3.707  26.081 0.0000000000
73540  -47.536  -3.039  25.663 0.0000000000
82524  -60.073  5.101  10.588 0.0000000000
39724  -16.054  -32.408  50.029 0.0000000000
54377  -43.591  -18.959  37.419 0.0000000000
55537  -44.614  -17.477  36.952 0.0000000000
56768  -43.483  -17.335  34.749 0.0000000000
58017  -42.101  -15.825  32.049 0.0000000000
45136  -22.070  -27.134  40.843 0.0000000000
47466  -23.696  -25.693  43.000 0.0000000000
48661  -23.537  -24.723  40.465 0.0000000000
49796  -25.257  -24.215  39.686 0.0000000000
48720  -26.777  -24.032  39.090 0.0000000000
52132  -31.752  -20.886  33.214 0.0000000000
52152  -34.095  -21.130  31.997 0.0000000000
49960  -36.514  -22.867  33.721 0.0000000000
49913  -39.243  -23.816  36.274 0.0000000000
49933  -41.152  -22.530  35.785 0.0000000000
52050  -42.389  -20.550  36.190 0.0000000000
44016  -20.657  -27.426  39.086 0.0000000000
64052  -45.587  -10.535  34.801 0.0000000000
67514  -47.196  -9.205  36.821 0.0000000000
66386  -46.521  -8.980  33.741 0.0000000000
68815  -47.258  -6.957  33.056 0.0000000000
73588  -49.679  -3.000  22.694 0.0000000000
74800  -49.399  -2.249  25.370 0.0000000000
74792  -52.259  -1.761  25.056 0.0000000000
31150  -12.120  -38.888  50.966 0.0000000000
68935  -42.328  -6.805  24.865 0.0000000000
72365  -42.301  -4.028  22.174 0.0000000000
73602  -47.398  -3.559  21.261 0.0000000000
74867  -49.907  -3.108  19.731 0.0000000000
75972  -51.527  -1.585  18.908 0.0000000000
77000  -53.348  0.272  18.390 0.0000000000
78109  -54.009  0.739  17.568 0.0000000000
78107  -51.946  -0.314  16.481 0.0000000000
38536  -14.614  -33.972  51.531 0.0000000000
36399  -12.770  -35.326  52.127 0.0000000000
33369  -12.333  -37.028  51.835 0.0000000000
62825  -46.038  -13.155  38.714 0.0000000000
59098  -45.670  -14.710  36.703 0.0000000000
61664  -44.713  -12.688  36.476 0.0000000000
62893  -44.815  -11.353  36.046 0.0000000000
64078  -44.135  -10.603  33.266 0.0000000000
65268  -42.474  -9.719  30.122 0.0000000000
65314  -40.501  -9.665  26.830 0.0000000000
48596  -25.363  -24.338  44.470 0.0000000000
49902  -27.387  -22.823  36.330 0.0000000000
49845  -29.759  -24.124  37.618 0.0000000000
52069  -31.585  -21.203  34.753 0.0000000000
49879  -31.425  -23.751  37.025 0.0000000000
48725  -31.934  -25.242  39.377 0.0000000000
48672  -34.667  -24.466  41.222 0.0000000000
39796  -15.757  -32.168  43.015 0.0000000000
41931  -17.135  -30.975  42.573 0.0000000000
40885  -17.561  -30.987  45.520 0.0000000000
69990  -44.783  -5.629  27.293 0.0000000000
71057  -46.389  -5.023  29.070 0.0000000000
72244  -48.424  -3.659  30.751 0.0000000000
74744  -49.475  -2.037  28.463 0.0000000000
79265  -55.807  2.142  17.055 0.0000000000
81491  -56.790  4.023  16.055 0.0000000000
82480  -57.805  5.313  14.836 0.0000000000
80435  -57.705  3.413  13.431 0.0000000000
83480  -58.930  5.515  13.637 0.0000000000
54487  -39.718  -18.690  31.932 0.0000000000
55638  -40.090  -17.703  31.753 0.0000000000
55659  -39.354  -17.608  30.796 0.0000000000
53292  -38.119  -20.086  31.869 0.0000000000
53309  -39.258  -19.007  31.485 0.0000000000
54466  -40.004  -19.064  32.662 0.0000000000
66454  -41.686  -8.741  26.931 0.0000000000
66447  -43.246  -8.420  28.389 0.0000000000
67717  -42.093  -7.792  26.164 0.0000000000
76973  -54.022  1.040  21.009 0.0000000000
76956  -54.011  0.700  21.823 0.0000000000
79212  -54.656  2.175  21.468 0.0000000000
79213  -55.200  2.712  21.333 0.0000000000
79236  -55.311  2.598  19.533 0.0000000000
38603  -14.913  -33.496  45.398 0.0000000000
37522  -14.306  -33.971  46.016 0.0000000000
38576  -15.244  -33.317  47.440 0.0000000000
61725  -40.948  -12.535  30.790 0.0000000000
61709  -41.714  -12.496  31.721 0.0000000000
62958  -40.327  -11.643  31.201 0.0000000000
64091  -40.473  -10.706  31.414 0.0000000000
64113  -39.132  -10.207  30.429 0.0000000000
45072  -22.688  -28.016  44.528 0.0000000000
48667  -28.900  -25.243  41.754 0.0000000000
48648  -29.229  -24.590  42.882 0.0000000000
48668  -30.473  -25.265  42.056 0.0000000000
47488  -31.124  -24.614  42.877 0.0000000000
47508  -31.634  -24.963  42.278 0.0000000000
49884  -37.230  -23.496  37.074 0.0000000000
49883  -36.131  -23.616  37.186 0.0000000000
49851  -37.884  -24.036  38.308 0.0000000000
49819  -37.609  -23.844  39.322 0.0000000000
43956  -21.775  -27.824  42.050 0.0000000000
43921  -21.829  -28.450  44.024 0.0000000000
43906  -21.911  -28.998  45.103 0.0000000000
63962  -46.756  -12.092  38.239 0.0000000000
73552  -45.863  -2.990  24.010 0.0000000000
73539  -46.081  -3.203  25.212 0.0000000000
73553  -47.001  -3.201  24.386 0.0000000000
53207  -43.058  -19.368  36.616 0.0000000000
55546  -43.635  -18.003  36.114 0.0000000000
55555  -43.111  -17.958  34.978 0.0000000000
58031  -41.593  -15.173  31.197 0.0000000000
59146  -41.702  -14.367  30.948 0.0000000000
45154  -21.774  -26.711  39.950 0.0000000000
46297  -22.910  -25.413  40.725 0.0000000000
47549  -22.452  -25.288  39.779 0.0000000000
49838  -24.401  -23.965  38.106 0.0000000000
49812  -24.394  -24.438  39.387 0.0000000000
49814  -25.468  -23.534  38.904 0.0000000000
49797  -25.797  -24.005  39.363 0.0000000000
49840  -25.726  -23.485  37.951 0.0000000000
52167  -32.539  -20.802  31.312 0.0000000000
51045  -38.212  -21.851  33.223 0.0000000000
51054  -36.702  -21.714  32.591 0.0000000000
51028  -37.960  -22.613  33.613 0.0000000000
48803  -37.537  -23.511  34.551 0.0000000000
49949  -38.929  -22.737  34.415 0.0000000000
49914  -40.250  -23.401  35.987 0.0000000000
51007  -39.907  -21.798  34.649 0.0000000000
53249  -41.639  -19.860  34.582 0.0000000000
52077  -41.606  -20.742  35.340 0.0000000000
53229  -42.201  -19.844  35.458 0.0000000000
53185  -42.746  -19.866  37.331 0.0000000000
45171  -21.291  -26.765  38.856 0.0000000000
65216  -45.166  -9.881  32.962 0.0000000000
65205  -46.273  -9.667  34.265 0.0000000000
65234  -45.502  -9.296  32.407 0.0000000000
68854  -45.278  -7.429  30.173 0.0000000000
67620  -46.322  -7.713  32.213 0.0000000000
68844  -46.091  -7.132  31.503 0.0000000000
69920  -47.286  -6.147  32.748 0.0000000000
68856  -46.536  -6.299  30.516 0.0000000000
74838  -50.836  -2.335  22.295 0.0000000000
73557  -50.762  -2.410  23.968 0.0000000000
74813  -52.115  -1.749  23.411 0.0000000000
78045  -54.654  1.109  24.825 0.0000000000
73624  -48.450  -3.579  20.372 0.0000000000
73640  -48.302  -3.773  19.290 0.0000000000
74885  -50.407  -1.934  18.386 0.0000000000
74901  -50.804  -1.605  18.194 0.0000000000
75973  -52.136  -1.263  18.839 0.0000000000
75985  -52.204  -0.841  18.279 0.0000000000
77009  -52.469  -0.425  17.502 0.0000000000
36444  -12.724  -35.102  47.308 0.0000000000
35464  -12.426  -35.766  49.505 0.0000000000
39703  -16.447  -32.425  51.659 0.0000000000
39713  -15.779  -33.059  50.854 0.0000000000
38526  -15.937  -33.277  51.952 0.0000000000
36401  -14.783  -34.371  52.439 0.0000000000
34457  -14.091  -35.819  51.771 0.0000000000
35428  -12.301  -35.895  52.262 0.0000000000
33377  -14.253  -36.685  51.489 0.0000000000
32281  -13.726  -37.623  51.216 0.0000000000
56771  -45.226  -16.243  35.851 0.0000000000
56749  -45.636  -16.004  36.813 0.0000000000
59104  -45.337  -15.119  35.267 0.0000000000
61696  -43.612  -12.588  34.042 0.0000000000
61686  -44.831  -12.891  34.946 0.0000000000
62906  -44.623  -12.292  35.485 0.0000000000
62876  -44.629  -12.249  36.994 0.0000000000
64049  -44.519  -11.699  34.947 0.0000000000
64050  -44.681  -11.235  34.882 0.0000000000
64077  -43.477  -11.068  33.398 0.0000000000
65266  -40.506  -9.940  29.788 0.0000000000
65251  -41.757  -9.810  30.938 0.0000000000
65267  -41.477  -9.976  29.974 0.0000000000
65298  -41.394  -10.062  27.797 0.0000000000
65297  -40.500  -9.999  27.783 0.0000000000
48614  -24.628  -24.782  42.977 0.0000000000
47447  -24.483  -24.423  44.046 0.0000000000
48616  -25.552  -24.002  43.761 0.0000000000
52065  -28.005  -21.361  34.804 0.0000000000
50998  -27.427  -22.077  35.167 0.0000000000
50947  -27.964  -22.682  36.122 0.0000000000
49876  -28.469  -23.589  36.776 0.0000000000
49877  -29.381  -23.524  36.776 0.0000000000
51040  -33.167  -21.672  33.589 0.0000000000
52102  -31.972  -21.069  34.115 0.0000000000
51023  -32.619  -21.510  34.293 0.0000000000
48778  -34.254  -24.492  37.678 0.0000000000
49907  -33.014  -23.183  36.504 0.0000000000
48777  -33.327  -24.428  37.661 0.0000000000
49847  -31.695  -24.330  37.670 0.0000000000
48726  -33.487  -24.820  39.286 0.0000000000
48696  -33.434  -24.978  40.161 0.0000000000
48697  -34.354  -24.344  40.353 0.0000000000
48761  -41.674  -23.653  38.003 0.0000000000
41933  -18.138  -30.212  42.588 0.0000000000
41923  -18.121  -30.393  43.644 0.0000000000
40892  -17.400  -30.922  44.566 0.0000000000
41891  -20.696  -29.740  47.450 0.0000000000
70042  -43.306  -5.655  24.844 0.0000000000
70025  -43.354  -6.024  25.587 0.0000000000
70026  -43.932  -5.524  25.983 0.0000000000
72286  -46.757  -3.509  27.565 0.0000000000
71082  -45.787  -4.555  27.707 0.0000000000
72254  -47.295  -3.995  28.998 0.0000000000
71059  -47.571  -4.261  29.628 0.0000000000
72255  -47.831  -3.619  29.269 0.0000000000
74763  -50.874  -2.042  26.845 0.0000000000
74775  -49.604  -2.222  26.568 0.0000000000
75835  -50.982  -1.510  28.171 0.0000000000
77022  -53.636  0.218  16.601 0.0000000000
79256  -54.927  2.176  17.884 0.0000000000
77023  -54.394  0.550  16.559 0.0000000000
79282  -56.274  1.835  15.540 0.0000000000
80421  -56.808  3.236  15.482 0.0000000000
81492  -57.253  4.611  15.830 0.0000000000
80426  -57.189  3.194  14.450 0.0000000000
79310  -57.737  3.018  11.584 0.0000000000
79304  -57.533  2.806  12.282 0.0000000000
80442  -58.174  3.717  12.356 0.0000000000
81506  -58.133  4.825  13.631 0.0000000000
82494  -58.782  5.105  12.943 0.0000000000
83494  -59.553  5.097  12.061 0.0000000000
82503  -61.232  5.142  11.395 0.0000000000
54443  -41.423  -18.795  34.045 0.0000000000
55600  -41.816  -17.590  33.843 0.0000000000
55598  -40.898  -17.885  33.005 0.0000000000
56844  -40.652  -17.158  31.516 0.0000000000
48775  -22.560  -24.671  38.238 0.0000000000
52171  -36.651  -20.335  31.158 0.0000000000
52156  -38.557  -20.817  32.752 0.0000000000
52134  -39.384  -20.705  33.650 0.0000000000
52104  -39.686  -21.169  34.329 0.0000000000
53273  -40.087  -20.427  33.808 0.0000000000
53247  -40.413  -19.442  33.476 0.0000000000
66421  -43.233  -9.232  29.868 0.0000000000
66410  -44.231  -8.896  31.004 0.0000000000
66434  -43.802  -8.551  29.391 0.0000000000
67672  -44.368  -7.739  29.250 0.0000000000
68874  -44.356  -7.194  28.938 0.0000000000
75935  -52.738  -1.022  21.835 0.0000000000
75899  -53.242  -0.827  23.136 0.0000000000
76941  -53.853  -0.155  22.758 0.0000000000
78052  -54.569  0.995  23.890 0.0000000000
81460  -56.121  4.165  18.723 0.0000000000
37521  -13.624  -34.379  46.681 0.0000000000
36436  -13.728  -34.551  48.243 0.0000000000
58019  -43.516  -14.547  32.582 0.0000000000
59110  -44.441  -14.634  33.853 0.0000000000
60357  -42.888  -13.269  32.696 0.0000000000
61711  -42.908  -12.587  33.337 0.0000000000
62937  -42.756  -11.760  32.918 0.0000000000
64093  -42.766  -10.874  32.194 0.0000000000
64092  -41.569  -10.735  31.901 0.0000000000
65228  -40.352  -10.107  31.066 0.0000000000
65265  -39.538  -9.840  29.738 0.0000000000
48645  -26.062  -24.206  41.755 0.0000000000
48629  -26.363  -24.250  43.013 0.0000000000
48630  -27.332  -24.034  43.247 0.0000000000
48632  -29.307  -24.241  43.837 0.0000000000
47471  -32.598  -24.754  43.031 0.0000000000
52098  -28.285  -21.546  33.915 0.0000000000
52067  -29.619  -21.749  34.414 0.0000000000
51006  -35.086  -22.756  34.677 0.0000000000
49925  -33.907  -22.549  35.151 0.0000000000
49909  -35.306  -23.230  36.100 0.0000000000
49882  -34.960  -24.073  37.136 0.0000000000
49849  -35.828  -24.230  38.398 0.0000000000
49817  -35.884  -24.312  39.637 0.0000000000
49818  -36.777  -24.164  39.373 0.0000000000
42930  -19.714  -28.626  40.369 0.0000000000
42917  -19.933  -28.768  41.367 0.0000000000
42882  -20.283  -29.425  44.421 0.0000000000
42873  -19.775  -29.747  45.346 0.0000000000
43905  -21.146  -29.344  45.470 0.0000000000
72341  -44.061  -3.868  24.033 0.0000000000
72304  -44.821  -4.159  25.826 0.0000000000
72326  -45.217  -3.651  25.343 0.0000000000
73522  -46.666  -3.402  26.271 0.0000000000
73524  -47.802  -2.950  27.242 0.0000000000
78138  -52.656  1.163  14.386 0.0000000000
78129  -54.419  0.546  15.074 0.0000000000
78139  -53.935  0.927  14.313 0.0000000000
80457  -58.179  3.175  10.163 0.0000000000
81527  -59.359  4.661  10.846 0.0000000000
80459  -59.369  4.391  10.381 0.0000000000
81561  -59.886  4.319  9.121 0.0000000000
40865  -16.486  -31.534  47.301 0.0000000000
38577  -15.633  -32.562  47.799 0.0000000000
55513  -44.405  -18.424  38.151 0.0000000000
55525  -44.082  -18.405  37.471 0.0000000000
55547  -44.358  -17.420  36.192 0.0000000000
56785  -44.235  -16.408  34.644 0.0000000000
56806  -42.288  -17.154  33.581 0.0000000000
57998  -42.987  -16.222  33.159 0.0000000000
57999  -43.875  -15.181  32.945 0.0000000000
59136  -42.271  -14.517  31.634 0.0000000000
60366  -41.477  -13.333  30.760 0.0000000000
45120  -22.587  -26.781  42.460 0.0000000000
46248  -23.261  -26.348  43.427 0.0000000000
46264  -22.954  -26.205  42.402 0.0000000000
47487  -24.072  -25.128  41.834 0.0000000000
48642  -24.369  -24.637  41.488 0.0000000000
48717  -23.001  -24.550  39.287 0.0000000000
48688  -24.352  -24.415  40.560 0.0000000000
49775  -25.333  -24.251  41.290 0.0000000000
48664  -26.221  -24.445  40.614 0.0000000000
48690  -26.966  -24.331  40.014 0.0000000000
48722  -28.396  -24.598  39.380 0.0000000000
51050  -32.748  -21.421  32.817 0.0000000000
51041  -34.111  -21.886  33.618 0.0000000000
52153  -35.105  -20.985  32.022 0.0000000000
51042  -35.085  -22.001  33.571 0.0000000000
51026  -35.399  -22.733  34.239 0.0000000000
49928  -36.640  -23.118  35.166 0.0000000000
49912  -37.953  -23.578  36.132 0.0000000000
49885  -38.373  -23.939  37.303 0.0000000000
49853  -39.662  -23.621  38.297 0.0000000000
48791  -40.006  -23.719  36.672 0.0000000000
48793  -41.481  -23.219  36.679 0.0000000000
48794  -41.982  -22.801  36.707 0.0000000000
52076  -40.694  -21.080  35.053 0.0000000000
50978  -42.030  -21.493  36.136 0.0000000000
50951  -42.621  -21.667  37.384 0.0000000000
52016  -42.735  -20.413  37.996 0.0000000000
43992  -20.245  -28.157  40.229 0.0000000000
65161  -45.662  -10.539  36.625 0.0000000000
65177  -46.628  -9.539  36.085 0.0000000000
66354  -47.001  -9.188  35.839 0.0000000000
67556  -47.478  -8.466  35.575 0.0000000000
66399  -46.207  -8.584  32.599 0.0000000000
66387  -47.080  -8.344  33.845 0.0000000000
73572  -48.902  -3.083  23.642 0.0000000000
73554  -48.126  -2.877  24.555 0.0000000000
73556  -50.228  -2.489  24.225 0.0000000000
74791  -51.481  -2.091  25.254 0.0000000000
75862  -51.866  -1.762  26.275 0.0000000000
75883  -53.223  -1.046  23.826 0.0000000000
75864  -53.492  -0.903  26.294 0.0000000000
67730  -40.632  -7.999  24.450 0.0000000000
67732  -41.837  -7.607  25.605 0.0000000000
68933  -41.131  -7.193  23.771 0.0000000000
70040  -41.667  -6.298  23.679 0.0000000000
71137  -42.312  -5.474  23.700 0.0000000000
71151  -43.226  -4.425  23.533 0.0000000000
72353  -44.207  -3.531  23.129 0.0000000000
73568  -44.771  -3.201  22.628 0.0000000000
73584  -45.408  -3.140  21.891 0.0000000000
73586  -47.568  -3.363  22.403 0.0000000000
73603  -48.512  -3.400  21.483 0.0000000000
73604  -49.563  -3.169  21.666 0.0000000000
73627  -50.950  -2.544  20.963 0.0000000000
73657  -49.388  -2.455  18.419 0.0000000000
74868  -50.333  -2.512  19.223 0.0000000000
74854  -51.635  -1.964  20.628 0.0000000000
75964  -52.441  -1.068  19.745 0.0000000000
76988  -53.385  0.250  19.552 0.0000000000
78089  -53.828  1.105  18.967 0.0000000000
78090  -54.598  1.862  19.409 0.0000000000
77021  -52.931  -0.151  16.737 0.0000000000
78118  -52.427  -0.242  16.151 0.0000000000
78127  -51.661  0.746  15.090 0.0000000000
38565  -15.367  -33.265  48.439 0.0000000000
37489  -14.764  -33.891  49.888 0.0000000000
37488  -14.130  -34.429  50.058 0.0000000000
37454  -15.221  -33.981  52.597 0.0000000000
37470  -13.827  -34.431  51.695 0.0000000000
36421  -12.903  -35.167  50.386 0.0000000000
36414  -12.162  -35.430  51.540 0.0000000000
35436  -11.874  -36.303  52.441 0.0000000000
33367  -11.096  -37.391  52.619 0.0000000000
32279  -12.234  -37.907  51.516 0.0000000000
63960  -45.935  -12.256  38.421 0.0000000000
59080  -45.539  -14.679  37.897 0.0000000000
60329  -45.502  -13.827  35.073 0.0000000000
60306  -45.438  -13.771  36.584 0.0000000000
61637  -45.325  -12.961  37.899 0.0000000000
62863  -45.150  -12.056  37.496 0.0000000000
63995  -45.414  -11.054  37.210 0.0000000000
65175  -45.516  -10.611  35.766 0.0000000000
64067  -45.254  -10.589  34.225 0.0000000000
65215  -44.397  -10.148  32.761 0.0000000000
65230  -42.101  -9.921  31.806 0.0000000000
65231  -43.166  -10.151  31.747 0.0000000000
65253  -43.701  -9.581  31.147 0.0000000000
65284  -42.045  -9.945  29.312 0.0000000000
66445  -41.749  -9.062  27.721 0.0000000000
66453  -41.160  -9.131  26.447 0.0000000000
64128  -38.134  -10.287  29.565 0.0000000000
65263  -38.100  -10.124  29.420 0.0000000000
65280  -38.110  -9.943  28.967 0.0000000000
65312  -38.469  -9.975  27.186 0.0000000000
65313  -39.538  -10.048  26.976 0.0000000000
65331  -39.740  -9.724  25.860 0.0000000000
66468  -40.393  -9.139  25.227 0.0000000000
66484  -40.136  -8.551  24.404 0.0000000000
48607  -26.535  -23.964  44.514 0.0000000000
50943  -24.830  -22.974  36.039 0.0000000000
50969  -25.882  -22.670  35.895 0.0000000000
49873  -26.080  -23.449  37.058 0.0000000000
49842  -27.181  -23.898  37.467 0.0000000000
48751  -28.261  -24.028  38.515 0.0000000000
48723  -29.392  -25.094  39.392 0.0000000000
52131  -30.749  -21.158  33.056 0.0000000000
52068  -30.665  -21.582  34.473 0.0000000000
51001  -30.066  -22.189  35.062 0.0000000000
50977  -33.229  -22.703  36.135 0.0000000000
50975  -31.631  -22.499  35.877 0.0000000000
49904  -30.146  -23.313  36.224 0.0000000000
49846  -30.774  -24.300  37.624 0.0000000000
48753  -30.160  -24.604  38.503 0.0000000000
48724  -30.633  -25.154  39.443 0.0000000000
48695  -32.390  -25.347  40.377 0.0000000000
48650  -33.549  -25.025  41.739 0.0000000000
38631  -14.887  -32.927  43.884 0.0000000000
39769  -15.996  -32.386  45.020 0.0000000000
40923  -16.776  -31.056  41.092 0.0000000000
40910  -16.145  -31.785  41.476 0.0000000000
40902  -16.431  -31.516  43.339 0.0000000000
40891  -16.828  -31.430  44.384 0.0000000000
39757  -16.650  -31.642  45.731 0.0000000000
40866  -17.051  -31.015  47.364 0.0000000000
42855  -19.932  -29.532  47.087 0.0000000000
68904  -42.907  -6.937  26.218 0.0000000000
68890  -44.112  -6.892  27.903 0.0000000000
68891  -44.626  -6.198  27.775 0.0000000000
71099  -45.318  -4.640  26.634 0.0000000000
69975  -45.652  -5.263  28.276 0.0000000000
69964  -46.204  -5.536  29.065 0.0000000000
69956  -47.318  -5.535  30.668 0.0000000000
73541  -48.507  -2.559  25.438 0.0000000000
74774  -48.801  -2.213  26.863 0.0000000000
74759  -48.120  -2.333  28.117 0.0000000000
79245  -54.999  2.304  18.718 0.0000000000
80398  -55.642  3.333  18.258 0.0000000000
81485  -56.083  3.640  17.490 0.0000000000
78120  -55.743  1.684  16.444 0.0000000000
79266  -56.346  2.609  16.556 0.0000000000
82469  -56.827  4.926  17.042 0.0000000000
82470  -57.352  5.201  16.489 0.0000000000
83459  -57.695  5.659  16.128 0.0000000000
80434  -57.250  2.668  13.608 0.0000000000
81505  -57.899  4.515  14.094 0.0000000000
82481  -58.216  5.380  14.552 0.0000000000
83496  -60.336  5.472  11.837 0.0000000000
54509  -39.385  -18.451  31.395 0.0000000000
55637  -39.612  -17.967  31.528 0.0000000000
53308  -38.511  -19.302  31.227 0.0000000000
66470  -41.677  -8.402  26.081 0.0000000000
66455  -42.329  -8.326  27.281 0.0000000000
66471  -42.148  -8.207  26.565 0.0000000000
78067  -54.306  1.536  21.615 0.0000000000
79224  -54.987  2.358  20.843 0.0000000000
79225  -55.370  2.816  20.504 0.0000000000
78091  -55.055  2.001  19.939 0.0000000000
38604  -15.441  -32.724  45.773 0.0000000000
38589  -15.088  -33.390  46.413 0.0000000000
61724  -40.165  -12.072  30.819 0.0000000000
64115  -40.092  -11.083  30.987 0.0000000000
64130  -39.336  -10.993  30.187 0.0000000000
45073  -23.081  -27.246  44.836 0.0000000000
45090  -22.912  -27.045  43.991 0.0000000000
48692  -28.548  -25.197  40.465 0.0000000000
49820  -38.414  -23.858  39.230 0.0000000000
54398  -42.482  -19.135  35.575 0.0000000000
54399  -43.158  -18.755  36.019 0.0000000000
54419  -42.568  -18.527  35.002 0.0000000000
58039  -40.975  -15.495  30.467 0.0000000000
49839  -25.027  -23.356  38.090 0.0000000000
51029  -38.739  -22.167  33.808 0.0000000000
49948  -38.222  -23.151  34.114 0.0000000000
49931  -39.760  -22.868  34.972 0.0000000000
53206  -42.702  -19.695  36.398 0.0000000000
46312  -21.316  -26.148  38.454 0.0000000000
45172  -21.548  -26.633  39.440 0.0000000000
68855  -45.808  -7.119  30.478 0.0000000000
68845  -46.453  -6.552  31.268 0.0000000000
74839  -51.349  -2.008  21.830 0.0000000000
74822  -50.978  -2.142  22.766 0.0000000000
74823  -51.692  -1.805  22.663 0.0000000000
78037  -54.960  0.766  25.650 0.0000000000
73639  -47.382  -3.645  18.931 0.0000000000
75984  -51.397  -1.215  17.953 0.0000000000
75983  -50.378  -0.774  17.095 0.0000000000
77008  -51.222  -0.477  16.842 0.0000000000
36435  -13.099  -34.992  48.264 0.0000000000
35473  -12.506  -35.606  48.471 0.0000000000
39692  -16.082  -33.049  51.796 0.0000000000
38527  -16.359  -33.076  51.962 0.0000000000
33371  -13.725  -36.255  51.752 0.0000000000
57971  -45.110  -15.831  35.402 0.0000000000
62912  -43.990  -12.045  34.583 0.0000000000
61685  -44.411  -12.609  34.731 0.0000000000
64032  -44.636  -11.808  35.424 0.0000000000
64065  -44.010  -11.453  34.332 0.0000000000
65283  -41.191  -10.303  28.849 0.0000000000
48627  -24.871  -24.550  42.568 0.0000000000
48615  -24.783  -24.338  43.580 0.0000000000
50999  -28.244  -21.890  35.280 0.0000000000
50972  -28.457  -22.328  35.857 0.0000000000
50948  -28.414  -22.952  36.235 0.0000000000
50973  -29.367  -22.700  35.975 0.0000000000
51024  -33.549  -22.115  34.606 0.0000000000
48756  -33.688  -24.766  38.511 0.0000000000
48727  -34.124  -24.517  39.428 0.0000000000
48762  -42.534  -23.046  37.995 0.0000000000
41907  -19.285  -30.094  45.411 0.0000000000
71120  -43.569  -5.386  25.013 0.0000000000
72269  -47.204  -3.528  28.243 0.0000000000
72270  -47.616  -3.542  28.738 0.0000000000
75852  -51.685  -1.718  27.102 0.0000000000
77030  -53.104  -0.197  15.951 0.0000000000
77031  -54.013  -0.116  15.695 0.0000000000
79283  -56.575  2.199  14.845 0.0000000000
80450  -58.307  3.337  11.226 0.0000000000
80443  -58.491  4.287  12.312 0.0000000000
81520  -58.776  4.572  12.277 0.0000000000
83487  -58.992  5.232  12.830 0.0000000000
82501  -59.174  4.809  12.210 0.0000000000
54468  -40.932  -18.376  33.460 0.0000000000
55599  -41.360  -17.881  33.571 0.0000000000
56843  -39.872  -17.452  31.310 0.0000000000
53306  -36.830  -19.800  30.638 0.0000000000
54441  -40.270  -19.131  33.227 0.0000000000
54442  -40.636  -18.969  33.593 0.0000000000
66422  -43.851  -8.999  30.341 0.0000000000
67688  -43.936  -7.783  28.551 0.0000000000
68864  -44.561  -7.407  29.251 0.0000000000
75952  -52.961  -0.621  21.368 0.0000000000
75936  -53.305  -0.596  21.870 0.0000000000
76955  -53.807  -0.107  22.078 0.0000000000
78053  -54.887  1.603  23.436 0.0000000000
78046  -54.876  1.469  24.151 0.0000000000
79184  -55.316  1.917  23.925 0.0000000000
80381  -56.208  4.078  19.778 0.0000000000
81461  -56.291  4.435  19.213 0.0000000000
37513  -14.586  -33.955  47.065 0.0000000000
37512  -14.002  -34.170  47.720 0.0000000000
36445  -13.406  -34.666  47.525 0.0000000000
59137  -43.119  -14.068  32.200 0.0000000000
59122  -43.360  -13.766  32.794 0.0000000000
61710  -42.457  -12.524  32.393 0.0000000000
64090  -40.189  -10.395  31.084 0.0000000000
65249  -40.015  -9.961  30.434 0.0000000000
48646  -27.201  -24.172  42.183 0.0000000000
48633  -29.986  -24.567  43.698 0.0000000000
47489  -32.136  -24.765  42.677 0.0000000000
53239  -28.729  -21.372  33.414 0.0000000000
52066  -28.676  -21.518  34.652 0.0000000000
52099  -29.222  -21.439  33.719 0.0000000000
49800  -37.308  -23.900  40.099 0.0000000000
43973  -20.136  -28.266  40.817 0.0000000000
43920  -21.157  -29.197  44.614 0.0000000000
72325  -44.548  -4.038  24.990 0.0000000000
73538  -45.107  -3.474  24.537 0.0000000000
73523  -47.607  -3.122  26.716 0.0000000000
74772  -47.986  -2.858  26.728 0.0000000000
80449  -57.555  2.940  10.742 0.0000000000
80458  -58.937  3.929  10.643 0.0000000000
39740  -16.434  -31.501  48.614 0.0000000000
40827  -17.088  -31.030  51.880 0.0000000000
55524  -43.695  -18.978  37.753 0.0000000000
55512  -43.864  -18.964  37.988 0.0000000000
55556  -43.597  -17.662  35.343 0.0000000000
55557  -44.089  -17.422  35.588 0.0000000000
56769  -44.032  -17.121  34.953 0.0000000000
56784  -43.713  -16.769  34.337 0.0000000000
56805  -41.670  -17.314  33.273 0.0000000000
57997  -41.925  -16.673  32.889 0.0000000000
58018  -43.076  -15.099  32.311 0.0000000000
60377  -41.620  -13.834  30.606 0.0000000000
46263  -22.603  -26.564  42.098 0.0000000000
46278  -22.576  -26.391  41.554 0.0000000000
47506  -23.553  -25.136  41.098 0.0000000000
47507  -24.094  -24.859  41.293 0.0000000000
48662  -24.077  -24.658  40.880 0.0000000000
47567  -22.682  -24.620  39.007 0.0000000000
48748  -23.075  -24.501  38.596 0.0000000000
49813  -24.957  -23.916  39.075 0.0000000000
49795  -24.784  -24.298  40.268 0.0000000000
49783  -25.023  -24.133  41.022 0.0000000000
49784  -25.208  -24.267  40.628 0.0000000000
49776  -25.626  -24.288  40.943 0.0000000000
49785  -25.631  -24.435  40.132 0.0000000000
48691  -27.769  -24.515  40.286 0.0000000000
48721  -27.642  -24.105  39.321 0.0000000000
52151  -33.150  -20.982  32.110 0.0000000000
51051  -33.621  -21.577  32.760 0.0000000000
51043  -36.045  -22.407  33.424 0.0000000000
51027  -35.881  -22.715  33.973 0.0000000000
49945  -35.720  -22.898  34.550 0.0000000000
49946  -36.141  -22.933  34.353 0.0000000000
49930  -38.515  -23.681  34.893 0.0000000000
49929  -37.459  -23.637  35.068 0.0000000000
48780  -39.692  -23.766  36.982 0.0000000000
49915  -40.968  -22.999  36.138 0.0000000000
48792  -40.664  -23.506  36.709 0.0000000000
49916  -41.650  -22.481  36.196 0.0000000000
52105  -40.267  -20.676  34.435 0.0000000000
52075  -40.107  -21.240  34.808 0.0000000000
50950  -42.498  -21.036  37.126 0.0000000000
50927  -42.756  -21.334  37.970 0.0000000000
50926  -42.656  -20.748  37.687 0.0000000000
54386  -43.018  -19.573  37.448 0.0000000000
54375  -42.911  -19.684  37.695 0.0000000000
54376  -43.262  -19.415  37.899 0.0000000000
44015  -20.120  -27.912  39.393 0.0000000000
65176  -46.201  -9.987  36.236 0.0000000000
65192  -46.050  -10.188  35.170 0.0000000000
66371  -46.581  -9.248  34.239 0.0000000000
65206  -46.496  -9.679  34.933 0.0000000000
66372  -46.956  -9.106  34.724 0.0000000000
66411  -44.946  -8.475  31.244 0.0000000000
66412  -45.515  -8.686  31.882 0.0000000000
68832  -46.152  -7.381  31.870 0.0000000000
67621  -46.830  -7.782  32.985 0.0000000000
67599  -47.562  -7.422  33.835 0.0000000000
73587  -48.678  -3.349  22.598 0.0000000000
73573  -49.847  -2.732  23.591 0.0000000000
74803  -51.813  -2.041  24.332 0.0000000000
74802  -50.901  -2.307  24.570 0.0000000000
74778  -51.894  -1.813  25.765 0.0000000000
75900  -53.755  -0.431  23.375 0.0000000000
75884  -53.801  -0.632  24.354 0.0000000000
76901  -54.029  -0.432  25.581 0.0000000000
31143  -11.775  -38.823  51.576 0.0000000000
30024  -11.245  -39.398  51.657 0.0000000000
30030  -11.563  -39.523  50.883 0.0000000000
70054  -41.306  -5.771  23.243 0.0000000000
71149  -41.646  -5.164  23.076 0.0000000000
71162  -42.378  -4.369  22.675 0.0000000000
72351  -42.664  -4.235  22.762 0.0000000000
72352  -43.310  -3.959  22.980 0.0000000000
73567  -43.870  -3.230  22.406 0.0000000000
73583  -44.470  -3.082  21.762 0.0000000000
73569  -45.644  -2.855  22.923 0.0000000000
73585  -46.454  -3.194  22.117 0.0000000000
73625  -49.468  -3.188  20.514 0.0000000000
73626  -50.293  -2.871  20.882 0.0000000000
74852  -50.284  -3.045  20.089 0.0000000000
74886  -50.970  -1.836  18.677 0.0000000000
73658  -49.987  -2.320  18.526 0.0000000000
74869  -51.253  -2.051  19.512 0.0000000000
75950  -52.114  -1.378  20.205 0.0000000000
75963  -51.830  -1.510  19.642 0.0000000000
76999  -52.833  -0.592  18.882 0.0000000000
78108  -52.444  -0.269  16.729 0.0000000000
35463  -11.867  -36.261  49.869 0.0000000000
39732  -16.086  -32.022  49.068 0.0000000000
38566  -15.846  -32.623  48.734 0.0000000000
38556  -15.917  -32.576  49.371 0.0000000000
38546  -15.184  -33.697  50.676 0.0000000000
37480  -14.637  -34.176  50.540 0.0000000000
37479  -14.232  -34.531  50.988 0.0000000000
37455  -15.487  -34.009  52.522 0.0000000000
36400  -13.673  -34.823  52.201 0.0000000000
37457  -13.360  -34.677  52.049 0.0000000000
37478  -13.396  -34.744  51.135 0.0000000000
37469  -13.169  -34.759  51.678 0.0000000000
36415  -12.683  -34.976  51.297 0.0000000000
36407  -12.680  -35.062  51.881 0.0000000000
34455  -12.630  -36.215  52.065 0.0000000000
34454  -11.820  -36.608  52.535 0.0000000000
34453  -11.344  -37.020  53.081 0.0000000000
33368  -11.587  -37.154  52.552 0.0000000000
32274  -11.857  -37.383  51.794 0.0000000000
33375  -12.707  -37.566  51.527 0.0000000000
31146  -13.856  -37.895  50.899 0.0000000000
62826  -46.212  -13.009  38.696 0.0000000000
55526  -44.766  -17.513  37.722 0.0000000000
55514  -45.077  -17.539  38.393 0.0000000000
57954  -45.635  -15.629  37.230 0.0000000000
57953  -45.505  -16.167  37.591 0.0000000000
57945  -45.597  -15.347  37.611 0.0000000000
57937  -45.527  -15.467  38.514 0.0000000000
59088  -45.623  -14.953  37.418 0.0000000000
60342  -44.113  -13.709  33.747 0.0000000000
59111  -45.169  -14.493  34.682 0.0000000000
60328  -44.805  -13.487  34.449 0.0000000000
60305  -44.910  -13.244  36.085 0.0000000000
60294  -45.127  -13.153  36.770 0.0000000000
60295  -45.430  -13.616  37.372 0.0000000000
61652  -45.341  -13.252  37.676 0.0000000000
61651  -45.141  -12.789  37.270 0.0000000000
62877  -44.865  -11.584  36.713 0.0000000000
64013  -45.150  -10.995  36.343 0.0000000000
64034  -44.927  -10.970  35.615 0.0000000000
64066  -44.454  -10.866  34.104 0.0000000000
65203  -44.844  -10.441  33.469 0.0000000000
65252  -42.718  -9.811  31.068 0.0000000000
65269  -43.235  -9.558  30.482 0.0000000000
64167  -41.112  -9.923  27.496 0.0000000000
66432  -41.969  -9.612  28.489 0.0000000000
65315  -41.183  -9.458  27.261 0.0000000000
65279  -37.557  -9.961  29.003 0.0000000000
65311  -37.441  -9.772  27.375 0.0000000000
65295  -38.243  -9.763  28.170 0.0000000000
65330  -38.660  -10.016  26.105 0.0000000000
65348  -38.810  -10.117  24.962 0.0000000000
47445  -23.733  -25.837  43.714 0.0000000000
48605  -24.937  -24.229  44.273 0.0000000000
48617  -26.467  -23.874  43.921 0.0000000000
50970  -26.773  -22.674  36.105 0.0000000000
50997  -26.480  -22.366  35.258 0.0000000000
50946  -26.397  -23.041  36.628 0.0000000000
49874  -26.851  -23.254  36.841 0.0000000000
49844  -28.815  -23.894  37.644 0.0000000000
49843  -27.970  -23.971  37.505 0.0000000000
48752  -29.122  -24.351  38.507 0.0000000000
52101  -31.159  -21.014  33.980 0.0000000000
51002  -31.153  -21.987  35.166 0.0000000000
51004  -33.278  -22.403  35.589 0.0000000000
49880  -32.516  -24.073  37.084 0.0000000000
49906  -32.050  -23.192  36.466 0.0000000000
49905  -31.055  -23.241  36.309 0.0000000000
49878  -30.440  -23.567  37.017 0.0000000000
47568  -32.615  -24.934  39.097 0.0000000000
48754  -31.279  -24.747  38.461 0.0000000000
48694  -31.196  -25.250  40.568 0.0000000000
48671  -33.909  -24.826  41.137 0.0000000000
48651  -34.054  -24.577  41.787 0.0000000000
49798  -35.898  -24.263  40.200 0.0000000000
48698  -35.318  -24.237  40.456 0.0000000000
48699  -36.014  -24.317  40.651 0.0000000000
48760  -40.384  -23.759  38.249 0.0000000000
38617  -15.312  -32.954  44.752 0.0000000000
39782  -15.651  -32.434  43.962 0.0000000000
42916  -18.999  -29.410  41.554 0.0000000000
41954  -18.405  -29.732  40.714 0.0000000000
41943  -18.239  -29.900  41.669 0.0000000000
41932  -17.484  -30.678  42.903 0.0000000000
41942  -17.510  -30.425  41.774 0.0000000000
41941  -17.143  -30.857  42.149 0.0000000000
40911  -16.738  -31.298  42.294 0.0000000000
40901  -16.251  -31.988  42.376 0.0000000000
40912  -17.058  -31.151  42.948 0.0000000000
40884  -16.972  -31.336  45.287 0.0000000000
39770  -16.475  -31.745  45.150 0.0000000000
40877  -16.954  -31.453  46.352 0.0000000000
40878  -17.847  -30.714  46.492 0.0000000000
42866  -19.641  -29.636  46.325 0.0000000000
66289  -47.619  -9.626  37.362 0.0000000000
68918  -41.995  -7.260  24.898 0.0000000000
67733  -42.209  -7.370  26.025 0.0000000000
68919  -42.546  -6.825  25.608 0.0000000000
70006  -43.805  -5.884  26.421 0.0000000000
68905  -43.424  -6.809  26.694 0.0000000000
69989  -44.130  -6.049  27.148 0.0000000000
71098  -44.663  -4.720  26.098 0.0000000000
71068  -46.235  -4.737  28.639 0.0000000000
69965  -46.599  -5.549  29.610 0.0000000000
71058  -46.830  -4.864  29.448 0.0000000000
72243  -48.031  -3.705  30.212 0.0000000000
71051  -47.542  -4.858  30.429 0.0000000000
72231  -48.183  -4.113  31.026 0.0000000000
73555  -49.252  -2.621  24.677 0.0000000000
73542  -49.011  -2.324  25.369 0.0000000000
74761  -49.616  -2.389  27.569 0.0000000000
74760  -48.733  -2.288  27.836 0.0000000000
78100  -54.331  1.711  18.399 0.0000000000
79264  -54.970  1.993  17.166 0.0000000000
80408  -55.256  2.596  17.872 0.0000000000
80409  -55.661  2.969  17.697 0.0000000000
81478  -55.917  3.604  17.889 0.0000000000
78130  -55.240  0.850  15.433 0.0000000000
79274  -56.507  2.536  15.841 0.0000000000
80416  -56.529  3.331  16.325 0.0000000000
81486  -56.470  4.149  16.989 0.0000000000
81487  -56.983  4.589  16.512 0.0000000000
82475  -57.579  5.292  15.630 0.0000000000
83467  -57.889  5.746  15.607 0.0000000000
83468  -58.301  5.808  15.647 0.0000000000
83473  -58.156  5.646  15.098 0.0000000000
79294  -57.337  2.410  12.982 0.0000000000
82487  -58.438  5.210  13.789 0.0000000000
83474  -58.589  5.548  14.687 0.0000000000
83475  -59.202  5.491  14.377 0.0000000000
82513  -59.976  4.877  11.127 0.0000000000
83507  -59.755  5.533  11.325 0.0000000000
82514  -60.241  5.173  10.859 0.0000000000
54488  -40.136  -18.442  32.385 0.0000000000
55618  -40.530  -17.937  32.264 0.0000000000
55617  -39.985  -18.108  32.004 0.0000000000
53307  -37.506  -19.817  31.114 0.0000000000
53293  -39.266  -19.715  32.215 0.0000000000
66446  -42.421  -8.742  28.165 0.0000000000
66456  -42.888  -8.250  27.702 0.0000000000
67703  -42.837  -7.808  27.251 0.0000000000
79204  -54.434  1.939  22.048 0.0000000000
80364  -55.498  3.257  21.850 0.0000000000
81444  -55.903  3.941  21.233 0.0000000000
80371  -55.598  3.390  20.945 0.0000000000
80380  -55.910  3.549  20.047 0.0000000000
38616  -14.647  -33.461  44.450 0.0000000000
37529  -14.132  -34.057  44.940 0.0000000000
60355  -41.626  -13.086  31.288 0.0000000000
62935  -41.042  -11.715  31.794 0.0000000000
64114  -39.746  -10.481  30.663 0.0000000000
45056  -22.637  -27.929  45.347 0.0000000000
48666  -28.038  -24.361  41.383 0.0000000000
48647  -28.196  -24.296  42.512 0.0000000000
49801  -38.247  -23.452  39.997 0.0000000000
54387  -43.292  -19.250  37.029 0.0000000000
54388  -43.619  -18.585  36.740 0.0000000000
55545  -43.355  -18.100  35.620 0.0000000000
58016  -41.492  -16.765  32.142 0.0000000000
58030  -41.126  -16.059  31.409 0.0000000000
58040  -41.397  -14.787  30.585 0.0000000000
46296  -22.465  -25.993  40.459 0.0000000000
47528  -22.709  -25.396  40.297 0.0000000000
47529  -23.016  -25.049  40.242 0.0000000000
48749  -23.943  -24.602  38.585 0.0000000000
49815  -26.190  -23.579  38.739 0.0000000000
49816  -26.780  -23.941  38.284 0.0000000000
51055  -37.673  -21.594  32.670 0.0000000000
51044  -37.215  -22.412  33.247 0.0000000000
49947  -37.205  -23.316  34.099 0.0000000000
48815  -38.099  -23.484  34.489 0.0000000000
49932  -40.641  -22.621  35.526 0.0000000000
52036  -42.534  -20.270  36.977 0.0000000000
53186  -42.993  -19.603  36.990 0.0000000000
45153  -21.241  -27.092  39.636 0.0000000000
64068  -45.787  -10.263  34.429 0.0000000000
65204  -45.567  -10.097  33.741 0.0000000000
65217  -45.943  -9.485  33.239 0.0000000000
67660  -45.090  -7.827  30.470 0.0000000000
67661  -45.505  -7.715  30.862 0.0000000000
68833  -46.636  -6.941  32.192 0.0000000000
69933  -46.969  -6.023  31.828 0.0000000000
69945  -47.029  -5.993  30.932 0.0000000000
73589  -50.431  -2.573  22.772 0.0000000000
73574  -50.588  -2.446  23.481 0.0000000000
74812  -51.289  -2.196  23.585 0.0000000000
74804  -52.539  -1.531  24.115 0.0000000000
76918  -54.374  0.060  24.621 0.0000000000
76902  -54.482  0.227  25.649 0.0000000000
83452  -58.014  5.527  17.340 0.0000000000
72366  -43.063  -3.446  21.967 0.0000000000
73623  -47.389  -4.070  20.092 0.0000000000
73641  -49.299  -3.107  19.280 0.0000000000
35472  -11.623  -36.370  48.608 0.0000000000
39714  -16.342  -32.401  50.988 0.0000000000
39702  -15.946  -33.060  51.489 0.0000000000
38525  -15.347  -33.492  51.931 0.0000000000
36402  -15.340  -34.614  52.335 0.0000000000
35430  -13.935  -35.247  52.177 0.0000000000
34456  -13.408  -35.915  51.949 0.0000000000
33370  -13.241  -36.568  51.772 0.0000000000
33376  -13.232  -37.287  51.547 0.0000000000
32282  -14.735  -37.443  51.066 0.0000000000
56757  -44.929  -16.746  36.356 0.0000000000
56748  -45.321  -16.592  37.139 0.0000000000
56758  -45.514  -16.173  36.391 0.0000000000
57963  -45.697  -15.501  36.468 0.0000000000
59105  -45.655  -14.816  35.877 0.0000000000
61675  -44.657  -12.691  35.530 0.0000000000
62892  -44.726  -12.004  35.911 0.0000000000
64033  -44.717  -11.477  35.486 0.0000000000
65250  -40.870  -9.930  30.659 0.0000000000
64151  -40.713  -10.041  27.577 0.0000000000
47467  -24.283  -25.239  42.605 0.0000000000
47446  -24.295  -25.121  43.657 0.0000000000
48619  -28.195  -24.104  44.224 0.0000000000
51022  -26.832  -21.927  34.611 0.0000000000
50971  -27.754  -22.393  35.951 0.0000000000
49903  -27.714  -22.747  36.226 0.0000000000
49875  -27.717  -23.255  36.652 0.0000000000
51039  -32.424  -21.266  33.501 0.0000000000
52070  -32.164  -21.273  34.664 0.0000000000
51003  -32.361  -21.750  35.263 0.0000000000
49881  -33.676  -24.016  36.898 0.0000000000
48755  -32.510  -24.615  38.353 0.0000000000
47531  -32.793  -25.258  39.827 0.0000000000
42891  -18.697  -30.164  43.164 0.0000000000
40903  -17.218  -31.118  43.662 0.0000000000
41922  -17.607  -30.691  43.829 0.0000000000
40893  -17.855  -30.709  44.903 0.0000000000
42856  -20.820  -29.696  46.826 0.0000000000
70041  -42.677  -6.159  24.659 0.0000000000
70024  -42.877  -6.351  25.281 0.0000000000
72285  -46.206  -3.864  27.026 0.0000000000
72268  -46.438  -4.017  27.996 0.0000000000
71069  -46.767  -4.206  28.674 0.0000000000
74776  -50.396  -2.171  26.325 0.0000000000
74789  -49.802  -2.123  25.774 0.0000000000
74762  -50.266  -2.281  27.079 0.0000000000
75834  -50.304  -2.178  28.202 0.0000000000
77011  -54.029  0.598  17.142 0.0000000000
78110  -54.544  1.206  17.462 0.0000000000
78119  -55.153  1.294  16.488 0.0000000000
81497  -56.980  3.983  15.299 0.0000000000
81498  -57.454  4.469  14.909 0.0000000000
79309  -56.931  2.633  11.227 0.0000000000
81513  -58.151  4.240  13.315 0.0000000000
81514  -58.413  4.633  12.939 0.0000000000
84510  -59.357  5.329  12.970 0.0000000000
82525  -60.777  5.141  10.569 0.0000000000
83521  -60.926  5.673  10.675 0.0000000000
83522  -61.129  5.535  10.661 0.0000000000
54444  -42.029  -18.396  34.467 0.0000000000
55574  -41.679  -17.994  34.169 0.0000000000
56804  -41.224  -17.443  33.081 0.0000000000
56826  -41.154  -17.446  32.442 0.0000000000
47566  -22.276  -24.975  38.800 0.0000000000
48776  -22.889  -24.336  37.548 0.0000000000
49871  -24.528  -23.296  36.843 0.0000000000
52170  -35.556  -20.597  31.141 0.0000000000
52155  -37.346  -20.757  32.035 0.0000000000
53291  -37.579  -20.242  31.644 0.0000000000
52133  -38.834  -21.367  33.485 0.0000000000
52103  -39.249  -21.464  33.884 0.0000000000
52135  -39.839  -20.742  34.089 0.0000000000
53272  -39.890  -19.784  33.303 0.0000000000
53248  -40.765  -19.875  33.875 0.0000000000
65254  -44.451  -9.283  31.538 0.0000000000
66423  -44.489  -8.501  30.486 0.0000000000
67673  -44.509  -8.116  29.848 0.0000000000
68865  -44.912  -7.295  29.614 0.0000000000
68875  -44.930  -6.570  28.578 0.0000000000
74824  -52.365  -1.325  22.596 0.0000000000
75916  -53.018  -0.962  22.551 0.0000000000
75917  -53.501  -0.507  22.631 0.0000000000
76929  -54.030  -0.035  23.058 0.0000000000
76942  -54.007  0.363  22.666 0.0000000000
76930  -54.264  0.181  23.500 0.0000000000
79173  -54.934  1.541  24.855 0.0000000000
81445  -56.455  4.466  21.361 0.0000000000
82446  -56.783  5.091  19.532 0.0000000000
82452  -56.609  5.118  18.503 0.0000000000
37527  -13.017  -34.538  46.132 0.0000000000
36455  -13.142  -34.777  46.890 0.0000000000
59123  -43.803  -14.170  33.096 0.0000000000
60341  -43.438  -13.325  33.457 0.0000000000
48644  -25.240  -24.341  41.928 0.0000000000
48631  -28.319  -24.019  43.520 0.0000000000
47470  -31.614  -24.707  43.318 0.0000000000
52128  -27.592  -21.314  33.475 0.0000000000
49926  -34.709  -22.746  35.086 0.0000000000
49848  -35.141  -24.221  37.975 0.0000000000
48728  -34.966  -24.254  39.607 0.0000000000
48758  -35.436  -24.458  39.069 0.0000000000
49799  -36.503  -24.231  40.098 0.0000000000
48675  -37.091  -24.351  40.663 0.0000000000
42929  -19.139  -29.221  40.591 0.0000000000
42902  -19.563  -29.292  42.401 0.0000000000
42881  -19.495  -29.785  44.372 0.0000000000
42874  -20.398  -29.487  45.414 0.0000000000
43893  -21.405  -29.189  45.984 0.0000000000
71139  -44.015  -4.393  24.692 0.0000000000
73505  -46.868  -3.326  27.011 0.0000000000
73506  -47.361  -3.154  27.489 0.0000000000
73507  -47.764  -2.721  27.755 0.0000000000
77037  -53.642  0.386  14.860 0.0000000000
81526  -59.014  4.587  11.479 0.0000000000
80476  -58.742  3.574  9.512 0.0000000000
80477  -59.416  4.045  9.812 0.0000000000
81538  -59.754  4.637  10.229 0.0000000000
39747  -15.965  -31.965  47.163 0.0000000000
39739  -16.119  -31.898  48.111 0.0000000000
39715  -16.759  -31.600  51.403 0.0000000000
55536  -44.045  -17.987  36.725 0.0000000000
56770  -44.612  -16.613  35.452 0.0000000000
57981  -43.890  -15.874  33.952 0.0000000000
55575  -42.258  -17.737  34.409 0.0000000000
56783  -43.056  -17.151  34.107 0.0000000000
57980  -43.420  -16.508  33.869 0.0000000000
60367  -41.876  -13.721  31.169 0.0000000000
61740  -40.105  -12.215  30.172 0.0000000000
45104  -22.677  -26.842  43.126 0.0000000000
46279  -22.893  -25.668  41.448 0.0000000000
47486  -23.531  -25.454  42.077 0.0000000000
48626  -24.517  -24.731  42.195 0.0000000000
48643  -24.770  -24.424  41.671 0.0000000000
47550  -22.749  -24.819  39.501 0.0000000000
48686  -23.265  -24.667  39.860 0.0000000000
48718  -23.597  -24.604  39.328 0.0000000000
48687  -23.901  -24.439  40.154 0.0000000000
48663  -24.570  -24.388  41.035 0.0000000000
49774  -25.052  -24.283  41.447 0.0000000000
48689  -26.230  -24.322  39.678 0.0000000000
52150  -32.188  -20.992  32.298 0.0000000000
51049  -32.331  -20.982  32.988 0.0000000000
51053  -35.622  -21.650  32.694 0.0000000000
51052  -34.611  -21.582  32.758 0.0000000000
51025  -34.579  -22.357  34.364 0.0000000000
49927  -35.670  -22.966  35.050 0.0000000000
49911  -37.089  -23.342  35.960 0.0000000000
49886  -39.386  -23.705  37.524 0.0000000000
49887  -39.812  -23.534  37.837 0.0000000000
48781  -40.142  -23.625  37.427 0.0000000000
48782  -41.119  -23.622  37.377 0.0000000000
48783  -42.181  -23.083  37.303 0.0000000000
48784  -42.547  -22.646  37.767 0.0000000000
51008  -40.389  -21.888  35.057 0.0000000000
51009  -41.216  -21.862  35.501 0.0000000000
49888  -42.382  -22.152  36.842 0.0000000000
49889  -42.617  -22.198  37.570 0.0000000000
50914  -42.984  -21.652  38.290 0.0000000000
52015  -42.636  -20.351  37.542 0.0000000000
53164  -42.893  -19.930  38.230 0.0000000000
42943  -19.638  -28.357  39.572 0.0000000000
43993  -20.719  -27.585  39.999 0.0000000000
43974  -20.934  -27.939  41.082 0.0000000000
45103  -22.308  -27.395  42.697 0.0000000000
66310  -46.109  -9.952  37.043 0.0000000000
65193  -46.575  -9.627  35.534 0.0000000000
67534  -47.380  -8.850  36.350 0.0000000000
65255  -45.122  -9.183  31.748 0.0000000000
67643  -45.763  -7.869  31.515 0.0000000000
66400  -46.669  -8.437  33.276 0.0000000000
67579  -47.478  -8.002  34.716 0.0000000000
68816  -47.959  -6.476  33.608 0.0000000000
73571  -47.800  -3.066  23.481 0.0000000000
74801  -50.014  -2.220  25.002 0.0000000000
74790  -50.634  -2.207  25.526 0.0000000000
74777  -51.269  -2.017  26.174 0.0000000000
74814  -52.745  -1.234  23.271 0.0000000000
75870  -53.028  -1.284  24.790 0.0000000000
76917  -54.002  -0.539  24.980 0.0000000000
75871  -53.546  -0.953  25.348 0.0000000000
75863  -52.630  -1.499  26.015 0.0000000000
32277  -10.889  -38.055  51.804 0.0000000000
67731  -41.277  -7.724  24.717 0.0000000000
68917  -41.563  -7.235  24.460 0.0000000000
68934  -41.877  -6.801  24.409 0.0000000000
70039  -41.202  -6.656  23.487 0.0000000000
71161  -41.864  -4.544  22.578 0.0000000000
71150  -42.591  -4.598  23.228 0.0000000000
72340  -43.512  -4.271  23.699 0.0000000000
73605  -50.546  -2.618  21.803 0.0000000000
73606  -51.163  -2.322  21.313 0.0000000000
73656  -48.292  -2.673  18.401 0.0000000000
73642  -49.770  -2.604  18.845 0.0000000000
74853  -50.889  -2.622  20.185 0.0000000000
74855  -51.976  -1.674  21.296 0.0000000000
75951  -52.572  -1.046  20.844 0.0000000000
76971  -52.915  -0.453  20.625 0.0000000000
76987  -52.925  -0.462  20.096 0.0000000000
78076  -53.956  1.031  20.071 0.0000000000
78099  -53.885  0.945  18.055 0.0000000000
77010  -53.462  0.341  17.436 0.0000000000
78128  -52.419  0.179  15.392 0.0000000000
78137  -51.357  1.434  14.333 0.0000000000
38555  -15.521  -33.224  49.574 0.0000000000
37498  -14.994  -33.938  48.976 0.0000000000
37504  -14.280  -34.233  48.576 0.0000000000
36429  -13.782  -34.681  49.102 0.0000000000
36422  -13.530  -34.873  49.889 0.0000000000
37460  -15.681  -33.689  52.271 0.0000000000
37459  -15.156  -33.753  52.397 0.0000000000
38524  -14.818  -33.665  51.875 0.0000000000
37458  -14.331  -34.003  52.184 0.0000000000
37487  -13.649  -34.761  50.522 0.0000000000
35457  -12.271  -35.745  50.334 0.0000000000
36406  -12.268  -35.640  52.112 0.0000000000
35447  -11.838  -36.121  51.834 0.0000000000
32278  -11.460  -38.064  51.719 0.0000000000
31144  -12.534  -38.407  51.171 0.0000000000
32280  -12.979  -37.873  51.278 0.0000000000
62827  -46.608  -12.847  38.641 0.0000000000
63961  -46.358  -12.128  38.367 0.0000000000
54364  -45.203  -17.889  38.775 0.0000000000
56740  -45.265  -16.662  37.924 0.0000000000
59112  -45.472  -14.459  35.283 0.0000000000
60319  -45.539  -14.210  36.177 0.0000000000
60317  -45.115  -13.212  35.277 0.0000000000
60318  -45.355  -13.704  35.792 0.0000000000
59097  -45.594  -14.215  36.757 0.0000000000
59069  -45.574  -14.583  38.545 0.0000000000
61619  -45.752  -13.405  38.575 0.0000000000
62846  -45.605  -12.561  38.211 0.0000000000
63978  -45.589  -11.658  37.917 0.0000000000
65147  -45.726  -10.503  37.102 0.0000000000
65191  -45.586  -10.586  35.208 0.0000000000
64051  -45.152  -10.822  34.948 0.0000000000
65232  -44.017  -9.901  31.999 0.0000000000
65214  -43.634  -10.439  32.580 0.0000000000
66469  -41.063  -8.855  25.641 0.0000000000
62975  -38.900  -11.160  29.662 0.0000000000
64129  -38.621  -10.304  29.998 0.0000000000
65264  -38.704  -9.938  29.671 0.0000000000
65281  -38.975  -9.842  28.936 0.0000000000
65296  -39.291  -9.788  28.011 0.0000000000
65332  -40.581  -9.330  26.009 0.0000000000
66485  -40.860  -8.475  24.909 0.0000000000
46227  -23.473  -26.446  44.253 0.0000000000
47427  -24.197  -25.478  44.184 0.0000000000
49901  -24.330  -22.905  35.715 0.0000000000
50944  -25.273  -23.038  36.347 0.0000000000
49841  -26.436  -23.697  37.714 0.0000000000
48750  -27.453  -24.056  38.378 0.0000000000
52130  -29.822  -21.383  32.884 0.0000000000
52100  -30.227  -21.308  33.806 0.0000000000
50976  -32.606  -22.452  36.126 0.0000000000
50974  -30.581  -22.779  35.625 0.0000000000
48669  -31.881  -25.225  41.479 0.0000000000
48670  -33.025  -25.259  41.310 0.0000000000
47510  -33.155  -25.282  41.910 0.0000000000
38630  -14.412  -33.400  43.756 0.0000000000
39797  -16.064  -32.014  43.631 0.0000000000
39783  -16.312  -31.955  44.244 0.0000000000
39756  -16.171  -32.017  46.116 0.0000000000
40876  -16.345  -31.707  46.756 0.0000000000
42849  -20.276  -29.554  47.534 0.0000000000
67718  -42.637  -7.517  26.522 0.0000000000
67719  -43.066  -7.441  27.028 0.0000000000
68920  -43.049  -6.638  26.032 0.0000000000
71121  -44.116  -4.940  25.419 0.0000000000
70008  -45.063  -5.274  26.896 0.0000000000
69991  -45.313  -5.203  27.450 0.0000000000
69974  -45.173  -5.829  27.974 0.0000000000
68876  -45.578  -5.978  28.600 0.0000000000
69954  -46.407  -6.188  29.785 0.0000000000
69946  -47.443  -5.471  31.287 0.0000000000
74787  -48.256  -2.398  26.247 0.0000000000
74788  -48.961  -1.983  25.911 0.0000000000
74786  -47.943  -2.789  26.440 0.0000000000
74773  -48.058  -2.514  27.107 0.0000000000
74743  -48.696  -2.276  28.808 0.0000000000
73488  -48.043  -2.970  28.565 0.0000000000
73474  -48.258  -3.112  29.664 0.0000000000
79235  -55.000  2.221  19.219 0.0000000000
79246  -55.485  2.885  18.682 0.0000000000
80397  -55.202  2.804  18.132 0.0000000000
81468  -56.063  3.886  18.315 0.0000000000
81469  -56.249  4.530  18.357 0.0000000000
81479  -56.198  4.151  17.776 0.0000000000
77032  -54.757  0.453  15.853 0.0000000000
78131  -55.848  1.370  15.885 0.0000000000
79273  -56.193  1.970  16.270 0.0000000000
80415  -56.190  3.167  17.056 0.0000000000
82460  -56.439  4.870  17.682 0.0000000000
82461  -57.217  5.350  17.552 0.0000000000
83451  -57.730  5.531  16.730 0.0000000000
83460  -57.995  5.823  16.331 0.0000000000
83461  -58.330  5.551  16.604 0.0000000000
79293  -56.593  1.785  13.468 0.0000000000
80427  -57.632  3.905  14.259 0.0000000000
82486  -58.074  5.102  14.172 0.0000000000
82512  -59.522  4.878  11.568 0.0000000000
83495  -59.889  5.459  12.041 0.0000000000
83497  -60.767  5.469  11.413 0.0000000000
32272  -10.981  -37.503  52.232 0.0000000000
32273  -11.196  -37.360  52.065 0.0000000000
34462  -11.405  -36.753  52.855 0.0000000000
35429  -13.071  -35.532  52.138 0.0000000000
35435  -11.320  -36.665  52.693 0.0000000000
36398  -12.197  -35.671  52.324 0.0000000000
36420  -12.257  -35.358  50.897 0.0000000000
37497  -14.417  -34.265  49.339 0.0000000000
37520  -13.134  -34.652  46.507 0.0000000000
38537  -15.312  -33.549  51.446 0.0000000000
38545  -14.774  -34.216  50.995 0.0000000000
39693  -16.450  -32.617  51.911 0.0000000000
39723  -15.621  -33.076  50.313 0.0000000000
40817  -17.152  -31.360  52.212 0.0000000000
40856  -16.616  -31.361  47.978 0.0000000000
41892  -21.055  -29.967  47.375 0.0000000000
41912  -17.840  -30.593  44.320 0.0000000000
42850  -20.497  -29.623  47.492 0.0000000000
47530  -32.409  -25.318  39.746 0.0000000000
47551  -32.553  -25.169  39.461 0.0000000000
47552  -33.018  -25.031  39.433 0.0000000000
47569  -33.066  -24.832  38.923 0.0000000000
48719  -26.245  -23.877  39.220 0.0000000000
48747  -22.604  -24.647  38.706 0.0000000000
48759  -40.015  -23.488  37.993 0.0000000000
48779  -34.847  -24.328  37.817 0.0000000000
48804  -37.864  -23.621  34.660 0.0000000000
48814  -37.772  -23.457  34.336 0.0000000000
49794  -24.368  -24.368  40.173 0.0000000000
49943  -33.851  -22.395  34.836 0.0000000000
49959  -36.093  -22.772  33.854 0.0000000000
50928  -42.850  -21.738  38.145 0.0000000000
50945  -25.930  -23.036  36.504 0.0000000000
50949  -28.870  -23.190  36.431 0.0000000000
51005  -35.014  -22.373  34.720 0.0000000000
52172  -37.290  -20.308  31.485 0.0000000000
53163  -42.760  -19.890  37.851 0.0000000000
54400  -43.475  -18.482  36.288 0.0000000000
57944  -45.529  -15.691  37.929 0.0000000000
57972  -45.573  -15.646  35.817 0.0000000000
59081  -45.585  -15.149  37.760 0.0000000000
59087  -45.599  -14.287  37.151 0.0000000000
59138  -43.456  -14.134  32.649 0.0000000000
60307  -45.563  -14.202  36.510 0.0000000000
60330  -45.519  -14.178  35.623 0.0000000000
61636  -45.235  -12.651  37.542 0.0000000000
61674  -44.612  -12.411  35.236 0.0000000000
62862  -45.123  -12.458  37.401 0.0000000000
62891  -44.642  -12.026  35.570 0.0000000000
62905  -44.562  -12.093  35.238 0.0000000000
64152  -40.944  -10.176  27.560 0.0000000000
64166  -40.802  -9.876  27.405 0.0000000000
65162  -45.970  -10.148  36.939 0.0000000000
66286  -46.014  -10.120  37.172 0.0000000000
66312  -47.351  -9.293  37.197 0.0000000000
66435  -44.215  -8.602  29.987 0.0000000000
69955  -46.955  -5.578  30.150 0.0000000000
70007  -44.502  -5.343  26.463 0.0000000000
71050  -47.121  -5.108  29.995 0.0000000000
71136  -41.738  -5.664  23.426 0.0000000000
74742  -48.297  -2.475  28.450 0.0000000000
74884  -49.832  -1.891  17.986 0.0000000000
75850  -50.272  -2.358  27.644 0.0000000000
75851  -50.816  -2.145  27.570 0.0000000000
75885  -54.251  -0.260  24.064 0.0000000000
78078  -55.098  2.297  20.287 0.0000000000
79183  -54.933  1.583  24.511 0.0000000000
79257  -55.320  2.352  17.580 0.0000000000
80389  -56.108  3.918  19.510 0.0000000000
82515  -61.106  5.231  10.729 0.0000000000
82526  -61.008  5.216  10.434 0.0000000000
83506  -59.832  5.219  11.647 0.0000000000
83508  -60.753  5.559  11.090 0.0000000000
83509  -61.090  5.681  10.963 0.0000000000
84502  -59.007  5.444  13.108 0.0000000000
