#!ascii label  , from subject 3759 vox2ras=TkReg
894
71873  -22.184  -5.059  -27.022 0.5555555820
71889  -23.368  -4.953  -27.780 0.6666666865
71901  -22.940  -4.048  -28.288 0.7777777910
73076  -24.025  -3.736  -29.023 0.7777777910
74281  -23.388  -2.420  -28.971 0.8888888955
74301  -26.029  -2.300  -29.650 0.8888888955
70700  -22.117  -5.553  -26.684 0.5555555820
71872  -21.413  -4.704  -26.769 0.5555555820
73062  -21.987  -3.623  -27.775 0.6666666865
73074  -22.523  -3.580  -28.195 0.8888888955
71920  -25.215  -3.573  -29.292 0.8888888955
74299  -24.131  -2.331  -29.527 0.8888888955
75449  -25.504  -1.369  -29.844 1.0000000000
74302  -26.961  -2.437  -29.807 0.8888888955
76538  -26.101  -0.686  -29.728 1.0000000000
73061  -21.522  -3.564  -27.207 0.7777777910
74279  -21.967  -2.092  -28.274 1.0000000000
76523  -21.722  -0.749  -28.421 1.0000000000
75446  -22.739  -1.192  -29.124 1.0000000000
76536  -23.940  -0.406  -29.946 1.0000000000
76537  -24.543  -0.712  -30.088 1.0000000000
77587  -23.185  0.353  -29.896 1.0000000000
76556  -24.806  -0.119  -30.032 1.0000000000
76558  -26.626  -0.038  -29.848 1.0000000000
77601  -23.849  0.478  -30.251 1.0000000000
77603  -25.332  0.690  -30.352 1.0000000000
77604  -26.300  0.717  -30.172 1.0000000000
78730  -25.885  1.477  -30.684 1.0000000000
78731  -26.924  1.547  -30.378 0.7777777910
77574  -21.246  0.183  -28.355 0.8888888955
76524  -22.335  -0.603  -28.855 1.0000000000
77586  -22.220  0.376  -29.171 1.0000000000
78715  -23.452  0.903  -30.146 1.0000000000
78728  -23.915  1.453  -30.397 1.0000000000
78729  -24.920  1.429  -30.688 1.0000000000
79888  -25.440  2.307  -30.922 1.0000000000
79889  -26.512  2.483  -30.977 1.0000000000
79890  -27.609  2.318  -30.824 0.8888888955
81062  -28.312  3.150  -31.080 0.7777777910
78703  -20.539  1.530  -28.165 0.5555555820
79873  -20.904  2.879  -29.158 0.7777777910
78712  -21.008  2.037  -28.899 0.8888888955
78727  -23.415  2.015  -30.205 1.0000000000
79875  -22.271  2.408  -29.880 0.8888888955
79885  -22.955  2.474  -30.258 1.0000000000
79887  -24.544  2.308  -30.830 1.0000000000
79902  -25.026  3.050  -31.176 1.0000000000
79904  -26.579  3.385  -31.256 0.8888888955
81078  -26.320  3.955  -31.507 1.0000000000
81079  -26.927  3.921  -31.583 0.8888888955
82076  -28.044  4.645  -31.844 0.7777777910
81080  -29.582  3.960  -31.944 0.6666666865
82077  -28.982  4.306  -31.990 0.6666666865
81017  -19.419  3.730  -27.628 0.4444444478
79864  -20.454  2.673  -28.399 0.7777777910
81037  -20.590  3.623  -29.127 0.6666666865
82052  -21.562  4.070  -30.071 0.7777777910
81047  -22.034  3.461  -30.184 0.8888888955
81059  -22.985  3.482  -30.670 0.8888888955
79901  -24.293  3.017  -31.165 1.0000000000
82062  -23.464  4.095  -31.013 1.0000000000
81076  -24.670  3.797  -31.156 1.0000000000
81077  -25.530  3.854  -31.380 1.0000000000
82074  -26.190  4.594  -31.565 0.8888888955
82075  -27.054  4.627  -31.658 0.7777777910
82078  -29.799  4.604  -31.747 0.5555555820
83043  -28.712  5.429  -32.090 0.7777777910
83044  -29.502  5.409  -31.784 0.6666666865
82038  -20.329  4.631  -28.966 0.6666666865
82037  -19.602  4.655  -28.280 0.6666666865
82051  -21.072  4.626  -29.859 0.7777777910
81058  -22.472  4.071  -30.639 0.8888888955
82061  -23.001  4.658  -31.137 1.0000000000
82071  -23.668  5.242  -31.213 1.0000000000
82073  -25.187  4.626  -31.479 1.0000000000
83040  -25.805  5.468  -31.582 0.8888888955
83041  -26.818  5.519  -31.280 0.8888888955
83042  -27.809  5.516  -31.749 0.7777777910
84018  -25.465  6.154  -32.128 0.8888888955
84020  -27.574  6.479  -31.415 0.7777777910
84022  -29.363  6.337  -31.981 0.7777777910
84023  -30.102  6.362  -31.600 0.6666666865
83010  -20.014  5.675  -28.751 0.6666666865
83024  -20.598  5.668  -29.551 0.7777777910
82059  -21.424  5.161  -30.432 0.8888888955
83033  -22.503  5.621  -31.273 0.8888888955
83037  -23.377  5.752  -31.458 1.0000000000
83039  -24.890  5.449  -31.786 0.8888888955
85024  -28.300  7.390  -31.745 0.7777777910
85025  -29.383  7.369  -31.827 0.6666666865
85007  -30.173  7.398  -31.324 0.5555555820
83997  -20.279  6.702  -29.286 0.6666666865
83031  -21.174  5.737  -30.247 0.8888888955
84008  -22.276  6.602  -31.161 1.0000000000
84016  -23.963  6.558  -32.106 1.0000000000
84034  -25.183  6.753  -32.345 0.8888888955
84035  -25.797  6.835  -32.147 0.8888888955
85022  -26.273  7.563  -31.873 0.8888888955
84019  -26.386  6.521  -31.546 0.8888888955
86096  -27.970  8.274  -31.431 0.7777777910
87163  -28.508  8.861  -31.103 0.7777777910
86097  -28.872  8.186  -31.383 0.7777777910
86080  -29.645  8.036  -30.941 0.5555555820
86095  -27.054  8.454  -31.571 0.7777777910
87147  -29.246  9.090  -30.773 0.5555555820
87148  -30.074  9.119  -30.386 0.5555555820
87146  -28.595  9.490  -30.784 0.6666666865
84977  -19.269  7.940  -27.824 0.4444444478
84978  -19.516  7.475  -28.328 0.5555555820
85004  -21.344  7.757  -30.590 0.7777777910
84007  -21.598  6.642  -30.597 0.8888888955
85018  -22.825  7.717  -31.475 1.0000000000
85019  -23.841  7.596  -32.127 0.8888888955
85020  -24.801  7.900  -31.875 0.8888888955
85036  -25.011  7.333  -32.274 0.8888888955
85021  -25.548  7.857  -31.848 0.8888888955
87162  -27.805  9.301  -31.204 0.6666666865
88175  -29.676  9.655  -30.376 0.5555555820
87145  -21.266  9.650  -30.522 0.6666666865
86078  -20.877  8.756  -30.292 0.6666666865
86079  -21.593  8.882  -30.906 0.7777777910
86091  -23.686  8.697  -31.579 0.8888888955
86090  -22.825  8.916  -31.589 0.7777777910
86092  -24.553  8.676  -31.655 0.8888888955
87159  -25.087  9.609  -32.247 0.7777777910
86093  -25.387  8.705  -31.803 0.8888888955
87160  -25.999  9.596  -32.096 0.7777777910
87161  -27.028  9.504  -32.029 0.6666666865
88183  -25.633  10.560  -32.335 0.6666666865
88185  -27.413  10.485  -31.194 0.6666666865
89269  -27.599  11.613  -30.906 0.6666666865
89251  -28.222  10.929  -30.406 0.5555555820
88174  -29.102  10.121  -30.115 0.4444444478
89261  -21.098  11.536  -30.563 0.3333333433
89249  -20.663  11.187  -30.181 0.3333333433
88180  -21.595  10.474  -30.669 0.5555555820
87155  -21.944  9.793  -31.104 0.6666666865
88181  -22.258  10.672  -31.230 0.5555555820
87156  -22.737  10.014  -31.803 0.7777777910
87157  -23.537  9.681  -31.929 0.7777777910
88195  -24.842  10.917  -32.583 0.6666666865
87174  -24.668  10.094  -32.561 0.6666666865
87173  -24.087  10.285  -32.623 0.6666666865
88182  -25.059  10.295  -32.535 0.6666666865
89267  -26.193  11.465  -32.183 0.6666666865
90397  -27.056  12.234  -31.106 0.6666666865
90377  -28.234  12.175  -30.236 0.5555555820
90398  -27.674  12.214  -30.842 0.6666666865
90390  -21.323  12.072  -30.684 0.4444444478
90374  -20.920  11.972  -30.326 0.4444444478
89262  -21.714  11.367  -30.844 0.4444444478
90391  -21.940  12.278  -31.073 0.5555555820
89263  -22.467  11.528  -31.334 0.5555555820
88193  -23.412  11.120  -32.239 0.6666666865
87171  -23.120  10.623  -32.129 0.6666666865
88194  -23.979  11.141  -32.737 0.6666666865
88196  -25.578  11.385  -32.360 0.6666666865
89283  -25.890  12.109  -32.312 0.6666666865
90375  -26.806  12.915  -31.120 0.6666666865
91553  -27.658  13.247  -29.968 0.5555555820
90376  -27.373  12.683  -30.633 0.6666666865
91580  -22.844  12.750  -31.568 0.4444444478
89280  -23.931  11.795  -31.796 0.6666666865
89281  -24.578  11.569  -32.176 0.6666666865
89266  -24.878  12.030  -31.857 0.6666666865
90396  -26.356  12.616  -31.873 0.6666666865
73095  -23.912  -3.014  -29.078 0.8888888955
74268  -22.136  -3.119  -28.101 1.0000000000
75432  -22.862  -1.833  -28.937 1.0000000000
75447  -23.481  -1.451  -29.475 1.0000000000
75465  -25.399  -0.622  -30.001 1.0000000000
83009  -19.353  5.743  -28.068 0.5555555820
86057  -19.336  8.765  -27.993 0.5555555820
84006  -20.865  6.693  -30.069 0.7777777910
84015  -23.121  6.623  -31.615 1.0000000000
86044  -18.817  8.633  -27.416 0.2222222239
87158  -24.299  9.539  -31.949 0.7777777910
88173  -28.261  10.087  -30.777 0.4444444478
89279  -23.178  11.644  -31.662 0.6666666865
90393  -23.979  12.613  -31.770 0.6666666865
82021  -19.305  4.852  -27.403 0.4444444478
91554  -28.432  12.967  -29.237 0.5555555820
90378  -29.018  12.164  -29.307 0.5555555820
91548  -20.866  12.637  -30.150 0.2222222239
91564  -21.419  12.761  -30.558 0.3333333433
69606  -22.911  -6.416  -26.587 0.5555555820
69616  -23.920  -6.409  -27.544 0.5555555820
70714  -23.221  -5.496  -27.562 0.6666666865
70721  -24.447  -5.274  -28.324 0.5555555820
71921  -25.821  -3.674  -29.070 0.7777777910
73098  -26.537  -3.192  -29.621 0.8888888955
69605  -22.112  -6.034  -26.351 0.5555555820
71903  -24.877  -4.313  -29.023 0.6666666865
76539  -26.962  -0.713  -29.582 0.8888888955
70683  -21.263  -5.722  -25.562 0.4444444478
71871  -20.926  -4.183  -26.163 0.5555555820
74252  -20.753  -2.673  -26.209 0.2222222239
74267  -21.707  -2.630  -27.820 0.6666666865
77605  -27.456  0.469  -30.145 0.8888888955
78732  -27.884  1.413  -30.555 0.6666666865
79891  -28.676  2.071  -30.510 0.6666666865
76514  -20.632  -0.710  -27.338 0.5555555820
81063  -29.268  3.363  -31.290 0.6666666865
77557  -20.272  0.481  -27.450 0.4444444478
81081  -30.091  3.870  -31.719 0.5555555820
82079  -30.501  4.659  -31.457 0.5555555820
78685  -19.215  2.337  -26.380 0.2222222239
83045  -30.240  5.438  -31.486 0.5555555820
81016  -19.099  4.019  -26.678 0.4444444478
84009  -30.774  6.849  -31.251 0.5555555820
82979  -18.125  5.336  -25.924 0.3333333433
85008  -30.922  7.618  -30.563 0.5555555820
86082  -30.890  8.489  -30.102 0.4444444478
86042  -17.788  8.608  -26.260 0.3333333433
88162  -29.663  10.353  -29.983 0.4444444478
89235  -20.463  11.292  -29.653 0.3333333433
88170  -20.027  10.706  -29.548 0.3333333433
88157  -19.922  10.279  -29.528 0.4444444478
89252  -28.901  11.207  -29.628 0.4444444478
91555  -29.258  12.872  -28.913 0.2222222239
90394  -24.631  12.619  -31.801 0.6666666865
89282  -25.265  11.845  -32.172 0.6666666865
90412  -26.008  12.674  -32.319 0.6666666865
91569  -26.065  13.740  -31.835 0.6666666865
91551  -26.532  13.672  -31.400 0.6666666865
91552  -27.041  13.527  -30.732 0.6666666865
91536  -28.037  14.001  -29.339 0.4444444478
91537  -29.026  13.751  -28.998 0.3333333433
91581  -23.191  12.879  -31.758 0.5555555820
71888  -22.543  -4.566  -27.646 0.6666666865
70713  -22.649  -5.525  -27.153 0.5555555820
70720  -23.772  -5.456  -28.002 0.6666666865
71902  -23.627  -4.495  -28.396 0.7777777910
73075  -23.280  -3.408  -28.615 0.8888888955
74300  -25.072  -2.254  -29.569 0.8888888955
73097  -25.543  -3.095  -29.596 0.8888888955
70699  -21.657  -5.629  -26.226 0.4444444478
71857  -21.347  -5.179  -25.967 0.4444444478
73050  -21.045  -3.571  -26.518 0.6666666865
71887  -21.812  -4.138  -27.389 0.6666666865
74280  -22.502  -2.578  -28.449 0.8888888955
73096  -24.677  -3.195  -29.319 0.8888888955
75450  -26.501  -1.505  -29.615 1.0000000000
75448  -24.500  -1.375  -29.948 1.0000000000
75464  -24.943  -0.872  -30.171 1.0000000000
74253  -21.356  -2.634  -26.847 0.6666666865
75421  -21.223  -1.626  -27.307 0.8888888955
75430  -21.585  -1.596  -28.120 0.8888888955
75431  -22.223  -1.524  -28.617 1.0000000000
76515  -21.204  -0.774  -27.857 0.8888888955
76535  -22.963  -0.496  -29.457 1.0000000000
76557  -25.715  0.045  -29.839 1.0000000000
76559  -27.216  -0.189  -29.870 0.8888888955
77602  -24.496  0.643  -30.395 1.0000000000
77558  -20.840  -0.195  -27.712 0.6666666865
77575  -21.901  -0.181  -28.665 1.0000000000
77585  -21.462  0.761  -28.998 1.0000000000
78714  -22.902  1.437  -29.882 1.0000000000
81061  -27.367  3.359  -31.147 0.8888888955
77556  -19.785  1.219  -27.167 0.5555555820
77573  -20.677  0.787  -28.245 0.5555555820
78687  -20.070  1.638  -27.526 0.6666666865
79846  -20.320  2.132  -27.885 0.6666666865
78704  -20.951  1.071  -28.820 0.7777777910
81046  -21.287  3.558  -29.620 0.8888888955
79874  -21.502  2.625  -29.535 0.8888888955
81048  -22.542  2.950  -30.244 0.8888888955
78713  -21.680  1.492  -29.403 0.8888888955
79886  -23.700  2.608  -30.685 1.0000000000
81091  -26.510  4.188  -31.563 0.8888888955
82063  -27.515  4.157  -31.406 0.8888888955
82064  -28.182  3.918  -31.466 0.7777777910
82065  -28.700  3.671  -31.554 0.7777777910
81036  -20.059  3.560  -28.313 0.5555555820
79825  -19.012  3.029  -26.246 0.3333333433
79844  -19.567  2.978  -26.794 0.3333333433
79845  -19.966  2.690  -27.678 0.4444444478
81060  -23.833  3.584  -31.065 1.0000000000
82072  -24.137  4.688  -31.152 1.0000000000
84021  -28.537  6.448  -32.039 0.7777777910
84024  -30.704  6.132  -31.312 0.5555555820
82060  -21.909  4.638  -30.645 0.8888888955
83038  -24.198  5.787  -31.385 1.0000000000
85026  -29.812  6.910  -31.828 0.6666666865
83032  -21.809  5.724  -30.717 0.8888888955
84017  -24.671  6.187  -32.192 0.8888888955
85023  -27.258  7.451  -31.585 0.7777777910
86081  -30.420  8.246  -30.531 0.5555555820
83982  -19.220  6.892  -27.701 0.5555555820
84032  -24.240  6.898  -32.329 1.0000000000
86094  -26.251  8.610  -31.984 0.8888888955
84993  -19.877  7.779  -28.992 0.5555555820
85003  -20.560  7.756  -29.810 0.5555555820
85005  -22.020  7.389  -31.012 1.0000000000
87133  -20.063  9.809  -29.721 0.5555555820
86071  -20.187  8.913  -29.549 0.5555555820
86089  -22.178  9.156  -31.446 0.6666666865
85017  -22.072  8.279  -31.272 0.7777777910
86070  -19.590  8.826  -28.779 0.6666666865
88184  -26.614  10.540  -32.085 0.6666666865
89268  -26.742  11.468  -31.432 0.6666666865
88172  -20.829  10.400  -30.427 0.4444444478
89250  -21.120  11.005  -30.587 0.5555555820
87172  -23.472  10.479  -32.347 0.7777777910
90409  -23.325  12.292  -31.564 0.6666666865
82996  -18.894  5.876  -27.210 0.4444444478
69615  -23.184  -5.941  -27.201 0.5555555820
73099  -27.507  -3.552  -29.261 0.6666666865
69588  -22.043  -6.476  -25.727 0.5555555820
76540  -27.793  -0.502  -29.908 0.7777777910
70682  -20.620  -5.811  -24.975 0.3333333433
78686  -19.574  1.901  -26.918 0.3333333433
78668  -19.169  1.649  -26.249 0.1111111119
82008  -18.500  4.749  -26.215 0.4444444478
82995  -18.298  5.956  -26.289 0.3333333433
83969  -18.582  6.868  -26.848 0.3333333433
87132  -19.733  9.789  -29.092 0.3333333433
92727  -27.370  14.424  -30.282 0.6666666865
68498  -26.819  -7.621  -28.434 0.4444444478
67227  -29.142  -8.275  -27.505 0.2222222239
68479  -24.080  -7.190  -27.005 0.4444444478
68480  -24.736  -7.335  -27.272 0.4444444478
69617  -25.203  -6.815  -27.621 0.4444444478
69629  -26.017  -6.573  -28.171 0.4444444478
69630  -27.166  -6.583  -28.629 0.4444444478
69631  -28.194  -6.574  -28.957 0.2222222239
70722  -25.445  -5.403  -28.495 0.4444444478
70723  -26.555  -5.565  -28.585 0.4444444478
69632  -29.242  -6.413  -29.022 0.1111111119
69633  -30.137  -6.257  -28.598 0.1111111119
70725  -28.453  -5.551  -28.966 0.3333333433
70724  -27.543  -5.585  -28.745 0.3333333433
69647  -29.539  -5.983  -28.722 0.2222222239
71905  -27.003  -4.694  -28.797 0.4444444478
71906  -27.779  -4.415  -28.492 0.3333333433
71904  -26.072  -4.534  -28.714 0.5555555820
73101  -29.137  -3.567  -29.019 0.2222222239
73102  -30.044  -3.666  -29.219 0.1111111119
74282  -30.692  -3.140  -28.802 0.1111111119
73079  -28.756  -3.821  -28.529 0.3333333433
74303  -27.771  -2.618  -29.686 0.4444444478
75452  -28.299  -1.656  -29.836 0.5555555820
75453  -29.394  -1.794  -29.705 0.4444444478
76543  -30.855  -0.604  -29.824 0.3333333433
77590  -29.334  0.354  -30.002 0.5555555820
77588  -27.838  0.059  -30.114 0.6666666865
78716  -28.882  1.159  -30.597 0.5555555820
78717  -29.875  1.355  -30.150 0.5555555820
77591  -30.408  0.373  -30.179 0.4444444478
77606  -28.201  0.916  -30.456 0.5555555820
79893  -30.536  2.495  -30.570 0.4444444478
81064  -30.156  3.320  -30.884 0.5555555820
78734  -30.245  1.960  -30.305 0.4444444478
81082  -30.730  3.936  -31.251 0.4444444478
90395  -25.152  12.595  -31.906 0.5555555820
91568  -24.862  13.093  -31.837 0.5555555820
91584  -25.882  13.314  -32.148 0.5555555820
92739  -26.384  14.472  -31.654 0.5555555820
92740  -26.710  15.007  -31.584 0.5555555820
68482  -26.351  -8.034  -27.996 0.4444444478
67238  -28.362  -7.897  -28.143 0.2222222239
70734  -29.119  -5.541  -29.076 0.2222222239
71925  -29.496  -4.538  -29.260 0.2222222239
71926  -30.083  -4.465  -29.462 0.1111111119
74304  -28.707  -2.655  -29.488 0.4444444478
74305  -29.465  -2.779  -29.188 0.3333333433
76541  -28.826  -0.702  -30.087 0.6666666865
76542  -29.876  -0.681  -30.045 0.4444444478
81065  -30.996  3.274  -30.847 0.4444444478
83046  -30.993  5.488  -31.245 0.4444444478
92753  -25.757  14.733  -32.247 0.5555555820
92752  -24.881  14.923  -32.168 0.5555555820
75454  -30.462  -1.559  -29.597 0.2222222239
92726  -26.770  14.372  -31.182 0.5555555820
67207  -25.011  -8.483  -26.664 0.4444444478
67223  -25.587  -8.585  -27.124 0.4444444478
67224  -26.396  -8.692  -27.483 0.4444444478
67226  -28.398  -8.536  -27.644 0.2222222239
67210  -28.945  -8.564  -26.875 0.1111111119
68461  -23.652  -7.498  -26.467 0.4444444478
68462  -24.517  -7.781  -26.740 0.4444444478
68500  -28.941  -7.416  -28.502 0.1111111119
68501  -30.041  -7.344  -28.638 0.1111111119
68515  -31.356  -7.022  -29.260 0.1111111119
70727  -30.434  -5.617  -28.877 0.1111111119
71910  -31.461  -4.355  -28.592 0.1111111119
74283  -31.409  -3.057  -28.730 0.1111111119
74307  -31.069  -2.370  -29.273 0.1111111119
75455  -31.343  -1.644  -29.562 0.2222222239
77592  -31.345  0.228  -30.172 0.1111111119
78735  -30.880  1.566  -30.559 0.2222222239
79894  -31.371  2.498  -30.555 0.2222222239
82080  -31.156  4.678  -31.093 0.4444444478
83034  -31.303  5.473  -30.519 0.3333333433
84010  -31.139  6.478  -30.699 0.3333333433
87149  -30.646  8.950  -30.102 0.4444444478
89240  -29.658  10.734  -29.699 0.3333333433
91567  -24.301  13.649  -31.844 0.5555555820
91582  -24.626  14.271  -31.954 0.5555555820
93861  -26.358  15.570  -31.840 0.5555555820
93862  -26.614  15.273  -31.564 0.5555555820
92751  -24.095  14.885  -32.132 0.5555555820
69607  -23.671  -6.846  -26.868 0.4444444478
71922  -26.717  -3.909  -29.017 0.5555555820
73112  -27.164  -2.960  -29.721 0.6666666865
75451  -27.388  -1.573  -29.712 0.6666666865
79877  -29.117  1.661  -30.429 0.5555555820
79892  -29.669  2.357  -30.521 0.4444444478
90361  -29.742  11.641  -29.450 0.3333333433
69627  -24.163  -5.913  -28.174 0.4444444478
71923  -27.253  -4.103  -28.868 0.3333333433
68497  -26.112  -7.457  -28.043 0.4444444478
68499  -27.859  -7.411  -28.509 0.4444444478
67237  -27.629  -8.232  -28.174 0.3333333433
67236  -26.916  -8.359  -27.966 0.4444444478
68483  -28.906  -7.928  -27.875 0.1111111119
68463  -25.104  -7.991  -27.081 0.4444444478
68481  -25.641  -7.781  -27.591 0.4444444478
69628  -24.792  -6.157  -28.228 0.4444444478
69618  -25.774  -7.118  -27.784 0.4444444478
70726  -30.055  -5.763  -28.698 0.1111111119
68502  -31.045  -7.230  -28.861 0.1111111119
71907  -28.818  -4.593  -28.594 0.3333333433
73077  -27.748  -3.811  -28.535 0.3333333433
71924  -29.242  -5.080  -29.134 0.2222222239
70735  -29.689  -5.537  -29.081 0.2222222239
73080  -30.650  -3.776  -29.087 0.1111111119
74306  -30.220  -2.410  -29.098 0.1111111119
73081  -31.103  -3.765  -28.824 0.1111111119
73100  -28.332  -3.417  -29.209 0.3333333433
77589  -28.317  0.262  -30.160 0.5555555820
78718  -30.575  1.003  -30.466 0.3333333433
81083  -31.222  3.994  -30.856 0.4444444478
91583  -25.216  13.641  -31.918 0.5555555820
71909  -30.655  -4.546  -29.109 0.1111111119
93871  -25.079  16.019  -32.715 0.5555555820
74319  -30.972  -2.077  -29.513 0.2222222239
66029  -26.060  -9.229  -26.951 0.4444444478
67225  -27.388  -9.073  -27.544 0.4444444478
68441  -23.218  -7.805  -25.953 0.4444444478
68484  -29.750  -8.033  -27.992 0.1111111119
69635  -31.494  -6.665  -28.945 0.1111111119
61129  -25.850  -14.036  -22.324 0.1111111119
62497  -22.803  -12.356  -24.162 0.3333333433
61159  -24.799  -13.112  -24.363 0.2222222239
61148  -25.719  -13.589  -22.954 0.2222222239
61149  -26.543  -13.256  -22.779 0.1111111119
64830  -21.668  -10.164  -24.160 0.3333333433
63681  -22.234  -11.421  -23.883 0.3333333433
63705  -24.307  -11.913  -25.071 0.3333333433
62539  -24.714  -11.929  -25.206 0.3333333433
61160  -25.342  -13.054  -23.816 0.2222222239
62519  -25.605  -12.408  -24.554 0.2222222239
62499  -25.895  -12.639  -23.653 0.2222222239
67158  -21.250  -8.351  -24.264 0.2222222239
67159  -21.651  -8.806  -24.346 0.2222222239
65971  -21.521  -9.547  -24.047 0.2222222239
64831  -22.266  -10.544  -24.393 0.3333333433
63703  -22.875  -11.351  -24.499 0.3333333433
63704  -23.722  -11.319  -24.995 0.3333333433
62520  -26.553  -12.182  -24.120 0.1111111119
68439  -21.637  -7.544  -24.941 0.2222222239
67160  -22.112  -9.068  -24.586 0.3333333433
65992  -22.890  -9.565  -25.247 0.3333333433
67180  -23.153  -8.575  -25.651 0.3333333433
65993  -23.743  -9.439  -25.668 0.3333333433
64852  -25.427  -10.635  -25.984 0.3333333433
64851  -24.545  -10.136  -25.786 0.3333333433
64853  -26.229  -10.814  -25.999 0.3333333433
63726  -26.319  -11.198  -25.331 0.1111111119
64854  -26.981  -10.766  -25.698 0.2222222239
69587  -21.331  -6.331  -24.878 0.2222222239
68440  -22.557  -7.587  -25.621 0.3333333433
67205  -23.640  -8.214  -26.044 0.3333333433
66013  -24.422  -9.209  -25.899 0.3333333433
66014  -24.949  -9.077  -26.267 0.3333333433
64873  -25.383  -9.801  -26.404 0.3333333433
64892  -25.795  -9.478  -26.669 0.3333333433
67206  -24.296  -8.438  -26.284 0.3333333433
64893  -26.116  -9.804  -26.767 0.3333333433
66030  -26.668  -9.783  -27.297 0.3333333433
66015  -27.345  -9.946  -27.228 0.3333333433
82066  -31.373  4.571  -30.373 0.2222222239
81066  -31.664  3.568  -30.296 0.2222222239
86072  -31.118  8.300  -29.656 0.3333333433
84994  -31.157  7.303  -29.745 0.2222222239
62517  -23.769  -12.429  -24.607 0.3333333433
61158  -24.288  -12.903  -24.515 0.3333333433
68421  -21.401  -8.154  -24.531 0.3333333433
65991  -22.379  -9.337  -24.770 0.3333333433
63723  -24.110  -10.809  -25.513 0.3333333433
63724  -24.693  -11.287  -25.486 0.3333333433
62540  -25.200  -11.930  -25.235 0.3333333433
67179  -22.251  -8.597  -24.986 0.3333333433
59917  -25.007  -14.237  -22.995 0.1111111119
59903  -25.400  -14.690  -22.350 0.1111111119
62496  -21.958  -12.278  -23.504 0.3333333433
61145  -23.005  -13.253  -23.808 0.3333333433
61146  -23.899  -13.424  -24.094 0.3333333433
61147  -24.805  -13.561  -23.551 0.3333333433
59904  -25.890  -14.215  -22.008 0.1111111119
61130  -26.532  -13.798  -22.144 0.1111111119
67140  -21.164  -8.661  -23.759 0.2222222239
62521  -27.239  -12.064  -23.833 0.1111111119
68420  -21.129  -7.788  -24.303 0.2222222239
63708  -27.368  -11.485  -24.463 0.1111111119
64833  -27.420  -10.836  -25.025 0.1111111119
68438  -21.410  -7.091  -24.525 0.2222222239
64855  -27.682  -10.397  -25.527 0.1111111119
64876  -27.351  -10.410  -26.108 0.1111111119
67208  -27.652  -9.499  -27.002 0.1111111119
70664  -20.806  -5.779  -24.666 0.1111111119
83025  -31.507  5.296  -29.749 0.2222222239
71856  -20.833  -4.813  -25.433 0.2222222239
69589  -22.638  -6.911  -25.995 0.4444444478
69586  -20.559  -5.956  -24.819 0.2222222239
83998  -31.550  6.290  -29.734 0.2222222239
59918  -25.366  -14.198  -22.784 0.1111111119
62516  -23.220  -11.919  -24.689 0.3333333433
62498  -23.348  -12.919  -24.225 0.3333333433
65972  -21.983  -9.631  -24.482 0.3333333433
64807  -21.761  -10.748  -23.866 0.2222222239
62518  -24.670  -12.436  -24.856 0.3333333433
63706  -25.844  -11.741  -25.130 0.2222222239
64832  -23.054  -10.473  -24.783 0.3333333433
65973  -22.543  -9.896  -24.700 0.3333333433
63707  -26.421  -11.683  -24.765 0.1111111119
67181  -23.876  -8.760  -25.863 0.3333333433
64850  -23.640  -10.323  -25.404 0.3333333433
63725  -25.621  -11.265  -25.525 0.3333333433
64872  -24.839  -9.558  -26.073 0.3333333433
64874  -26.069  -10.347  -26.542 0.3333333433
63727  -26.903  -11.183  -25.056 0.1111111119
69571  -21.090  -5.905  -24.591 0.2222222239
64875  -26.891  -10.387  -26.632 0.3333333433
58751  -24.835  -15.149  -22.271 0.1111111119
61144  -22.383  -12.964  -23.525 0.3333333433
62477  -21.351  -12.247  -23.166 0.2222222239
59915  -23.172  -13.979  -23.358 0.3333333433
59916  -24.107  -14.023  -23.134 0.3333333433
64806  -21.236  -10.220  -23.557 0.2222222239
82053  -31.658  4.461  -29.665 0.1111111119
81049  -31.936  3.831  -29.585 0.1111111119
83018  -32.397  5.158  -28.529 0.1111111119
83026  -32.007  5.187  -29.210 0.1111111119
83976  -32.000  6.270  -28.429 0.1111111119
83977  -32.329  6.090  -27.851 0.1111111119
84970  -31.845  6.772  -28.257 0.1111111119
84986  -31.522  7.085  -28.936 0.1111111119
86049  -31.593  7.633  -28.083 0.1111111119
87138  -30.614  9.614  -29.949 0.2222222239
86063  -31.179  7.983  -28.841 0.1111111119
89241  -30.413  11.126  -29.539 0.1111111119
88164  -30.957  10.430  -29.433 0.1111111119
89242  -31.256  11.559  -29.368 0.1111111119
90379  -29.788  12.459  -29.295 0.1111111119
92737  -23.164  14.967  -31.042 0.4444444478
92738  -23.637  14.502  -31.752 0.4444444478
91538  -30.149  13.365  -29.132 0.1111111119
92712  -27.898  14.910  -29.645 0.3333333433
92713  -28.729  14.736  -29.463 0.2222222239
92714  -29.774  14.577  -29.321 0.1111111119
92715  -30.978  14.411  -29.497 0.1111111119
94926  -25.564  17.571  -33.090 0.4444444478
93872  -25.699  16.364  -32.549 0.4444444478
94918  -26.192  16.942  -32.453 0.4444444478
93853  -26.500  15.777  -31.488 0.4444444478
94907  -27.018  16.431  -30.814 0.4444444478
94908  -27.896  16.546  -30.335 0.4444444478
93855  -27.545  15.568  -30.290 0.2222222239
94898  -28.770  16.607  -29.781 0.2222222239
93847  -28.311  15.687  -29.745 0.2222222239
94899  -29.739  16.584  -29.641 0.2222222239
93848  -29.286  15.627  -29.549 0.2222222239
98865  -30.293  19.976  -33.134 0.1111111119
97923  -30.261  19.139  -31.509 0.1111111119
94910  -30.678  16.653  -30.203 0.1111111119
93860  -23.637  15.955  -31.441 0.4444444478
94916  -23.873  16.630  -31.836 0.4444444478
93869  -23.865  15.883  -32.024 0.4444444478
94923  -24.070  16.594  -32.279 0.3333333433
94925  -25.177  17.289  -32.865 0.4444444478
95970  -25.884  18.006  -32.949 0.4444444478
95957  -26.309  17.720  -31.854 0.4444444478
95944  -26.573  17.066  -31.112 0.4444444478
94906  -26.420  16.414  -31.467 0.4444444478
95958  -26.813  18.124  -31.469 0.3333333433
95946  -28.335  17.486  -30.283 0.3333333433
96926  -28.775  18.366  -30.208 0.1111111119
96915  -29.497  18.207  -29.741 0.1111111119
95939  -29.916  17.511  -29.736 0.1111111119
96916  -30.140  18.152  -30.040 0.1111111119
94924  -24.626  17.203  -32.687 0.3333333433
95969  -24.629  18.478  -33.910 0.3333333433
95945  -27.268  17.542  -30.975 0.4444444478
96942  -27.423  18.629  -31.367 0.2222222239
96925  -28.031  18.180  -30.812 0.2222222239
96944  -29.090  18.751  -30.868 0.1111111119
97921  -28.131  19.687  -31.925 0.1111111119
96943  -28.451  18.738  -31.249 0.1111111119
97909  -29.831  19.014  -30.887 0.1111111119
98853  -29.526  19.936  -31.916 0.1111111119
97922  -29.298  19.409  -31.385 0.1111111119
94917  -24.135  17.288  -32.152 0.3333333433
95956  -24.537  17.995  -32.566 0.3333333433
96912  -24.554  18.174  -31.024 0.3333333433
96922  -24.799  18.274  -32.102 0.3333333433
96957  -25.034  17.943  -33.399 0.3333333433
96958  -25.904  18.544  -32.808 0.3333333433
96941  -26.305  18.619  -31.611 0.2222222239
98863  -28.558  20.691  -32.569 0.1111111119
98864  -29.751  20.309  -32.584 0.1111111119
99796  -28.990  21.500  -34.515 0.1111111119
95930  -24.477  17.769  -29.544 0.1111111119
96905  -24.841  18.330  -29.472 0.1111111119
96913  -24.979  18.659  -30.340 0.2222222239
96924  -25.997  18.588  -30.677 0.2222222239
96923  -25.277  18.470  -31.377 0.3333333433
97919  -26.553  19.267  -30.903 0.2222222239
97920  -27.251  19.644  -31.425 0.1111111119
97932  -27.494  20.284  -32.149 0.1111111119
98876  -28.230  21.456  -33.470 0.1111111119
98877  -29.252  21.082  -33.451 0.1111111119
98878  -30.303  20.660  -33.901 0.1111111119
97945  -30.673  19.626  -33.558 0.1111111119
96906  -25.869  18.243  -28.766 0.1111111119
96914  -25.920  18.418  -29.772 0.1111111119
97906  -26.483  19.262  -30.067 0.1111111119
97907  -27.146  19.857  -30.414 0.1111111119
98841  -27.498  20.705  -30.893 0.1111111119
98851  -27.211  20.812  -31.926 0.1111111119
99775  -26.580  21.920  -32.703 0.1111111119
98862  -27.503  21.211  -32.673 0.1111111119
97896  -26.548  19.086  -29.107 0.1111111119
97890  -26.518  19.065  -28.179 0.1111111119
97897  -27.068  19.871  -29.420 0.1111111119
98830  -27.343  20.735  -29.818 0.1111111119
99765  -27.303  21.736  -31.516 0.1111111119
97891  -26.970  19.848  -28.471 0.1111111119
98825  -27.273  20.741  -28.777 0.1111111119
82054  -32.180  4.395  -29.104 0.1111111119
83992  -32.127  5.844  -28.733 0.1111111119
87128  -31.471  8.936  -28.864 0.1111111119
87115  -31.642  8.565  -28.092 0.1111111119
87139  -31.019  9.250  -29.517 0.1111111119
90362  -30.638  12.274  -29.488 0.1111111119
93849  -30.303  15.524  -29.520 0.1111111119
96927  -29.589  18.610  -30.426 0.1111111119
96928  -30.370  18.251  -30.890 0.1111111119
95959  -31.230  17.742  -31.181 0.1111111119
96969  -25.561  18.317  -33.331 0.3333333433
97934  -29.928  19.725  -31.904 0.1111111119
99744  -27.467  21.540  -29.335 0.1111111119
82984  -33.170  5.211  -26.957 0.1111111119
83002  -32.862  5.068  -27.728 0.1111111119
88163  -30.099  10.215  -30.088 0.2222222239
93870  -24.355  15.903  -32.466 0.4444444478
94935  -25.048  17.925  -33.604 0.4444444478
96896  -26.083  18.181  -28.014 0.1111111119
82032  -33.148  4.150  -27.800 0.1111111119
81050  -32.415  3.451  -29.170 0.1111111119
82046  -32.595  4.211  -28.390 0.1111111119
82985  -33.762  4.796  -26.590 0.1111111119
82033  -33.638  4.085  -27.324 0.1111111119
84951  -32.576  6.583  -26.650 0.1111111119
84971  -32.120  7.191  -27.407 0.1111111119
86029  -32.532  7.753  -26.376 0.1111111119
86050  -31.771  8.209  -27.160 0.1111111119
88151  -31.483  10.011  -28.597 0.1111111119
88138  -31.817  9.357  -28.186 0.1111111119
89227  -31.628  11.086  -28.730 0.1111111119
90363  -31.490  12.397  -29.301 0.1111111119
91566  -23.336  13.710  -31.692 0.4444444478
91539  -31.377  13.228  -29.327 0.1111111119
93850  -31.188  15.505  -29.736 0.1111111119
92750  -23.633  15.253  -31.689 0.4444444478
94901  -31.253  16.177  -29.980 0.1111111119
95949  -31.394  16.995  -31.117 0.1111111119
94904  -23.968  16.674  -31.316 0.2222222239
94905  -24.069  17.248  -31.621 0.2222222239
95937  -24.347  17.683  -31.252 0.2222222239
96945  -31.104  18.391  -32.004 0.1111111119
95929  -24.759  17.514  -30.344 0.1111111119
97956  -30.705  19.677  -34.642 0.1111111119
95931  -24.738  17.736  -28.658 0.1111111119
95932  -25.897  17.684  -28.422 0.1111111119
96897  -26.475  17.626  -28.186 0.1111111119
99797  -29.768  21.128  -34.921 0.1111111119
96895  -24.873  18.607  -27.390 0.1111111119
97882  -25.928  19.473  -27.309 0.1111111119
100649  -26.597  22.124  -34.363 0.1111111119
100650  -27.421  22.402  -34.227 0.1111111119
99800  -28.692  22.251  -35.041 0.1111111119
97883  -26.917  19.806  -27.595 0.1111111119
99755  -27.310  21.678  -30.325 0.1111111119
100625  -27.390  22.653  -32.242 0.1111111119
93854  -26.789  15.409  -31.151 0.4444444478
83999  -31.893  5.828  -29.316 0.1111111119
83991  -31.817  6.360  -28.903 0.1111111119
95938  -29.084  17.584  -29.584 0.1111111119
94909  -30.207  16.820  -29.918 0.2222222239
94900  -30.606  16.252  -29.758 0.1111111119
97935  -30.492  19.368  -32.565 0.1111111119
94911  -31.260  16.322  -30.699 0.1111111119
95947  -30.311  17.168  -30.140 0.2222222239
95940  -30.279  17.615  -30.145 0.2222222239
96939  -24.574  18.644  -33.040 0.3333333433
98852  -29.070  20.122  -31.961 0.1111111119
95943  -24.340  17.817  -31.791 0.3333333433
96911  -24.397  17.867  -30.922 0.1111111119
96940  -25.300  18.580  -32.469 0.3333333433
97933  -27.875  20.435  -32.374 0.1111111119
98888  -28.545  21.533  -34.033 0.1111111119
99787  -29.574  21.222  -34.136 0.1111111119
99795  -28.191  21.998  -34.242 0.1111111119
96904  -24.541  18.174  -30.159 0.1111111119
98875  -27.391  21.538  -33.395 0.1111111119
99784  -26.596  21.766  -33.666 0.1111111119
83957  -32.714  5.698  -27.011 0.1111111119
95948  -30.706  17.310  -30.597 0.1111111119
95960  -31.581  17.242  -31.938 0.1111111119
100637  -26.703  22.390  -32.498 0.1111111119
83958  -33.365  5.832  -26.236 0.1111111119
90349  -31.959  12.001  -28.888 0.1111111119
96960  -31.322  18.213  -33.225 0.1111111119
96903  -24.436  17.907  -30.631 0.1111111119
94891  -25.035  16.869  -29.940 0.1111111119
96959  -31.044  18.789  -32.709 0.1111111119
99783  -25.504  22.137  -33.830 0.1111111119
99785  -27.385  21.844  -33.886 0.1111111119
100614  -27.027  22.850  -30.891 0.1111111119
61128  -22.447  -13.669  -23.355 0.2222222239
76497  -20.337  -0.610  -26.665 0.2222222239
77537  -20.067  0.306  -26.362 0.2222222239
73049  -20.595  -3.590  -25.850 0.3333333433
75420  -20.668  -1.304  -26.807 0.3333333433
91565  -22.356  13.461  -30.951 0.3333333433
92724  -23.109  15.491  -30.209 0.1111111119
93852  -23.680  16.079  -30.823 0.1111111119
88156  -19.762  10.628  -29.131 0.2222222239
87121  -19.550  9.585  -28.159 0.1111111119
75404  -20.674  -1.604  -26.036 0.2222222239
88133  -19.569  10.196  -27.396 0.1111111119
90360  -20.740  11.815  -29.768 0.1111111119
91532  -20.836  12.709  -29.634 0.1111111119
91550  -21.860  14.245  -29.892 0.1111111119
75405  -21.143  -1.884  -26.498 0.3333333433
81000  -18.790  3.803  -26.078 0.2222222239
91549  -21.077  13.490  -30.109 0.1111111119
79809  -18.764  2.960  -25.886 0.1111111119
92736  -22.455  14.772  -30.285 0.3333333433
92723  -22.454  15.016  -29.715 0.1111111119
91516  -21.091  12.553  -29.454 0.1111111119
91533  -21.316  13.544  -29.510 0.1111111119
91534  -22.285  14.378  -29.586 0.1111111119
59900  -22.348  -14.445  -22.572 0.1111111119
59901  -23.415  -14.500  -22.586 0.1111111119
61107  -21.145  -13.581  -22.137 0.1111111119
61127  -21.616  -13.243  -22.919 0.1111111119
63680  -21.389  -11.376  -23.363 0.1111111119
63679  -20.899  -10.831  -23.195 0.1111111119
73022  -20.643  -3.424  -24.236 0.1111111119
77523  -20.147  0.338  -25.756 0.1111111119
83968  -17.931  7.027  -26.248 0.2222222239
84962  -18.164  7.788  -26.585 0.2222222239
84961  -17.624  8.013  -26.031 0.2222222239
86024  -17.583  8.820  -25.453 0.2222222239
61126  -20.853  -13.000  -22.392 0.1111111119
77522  -19.333  0.904  -25.977 0.1111111119
77536  -19.568  1.016  -26.665 0.1111111119
61106  -20.451  -13.287  -21.666 0.1111111119
62460  -20.541  -12.293  -22.119 0.1111111119
63661  -20.710  -11.368  -22.689 0.1111111119
64805  -20.581  -10.317  -22.993 0.1111111119
65951  -20.806  -9.460  -23.297 0.1111111119
65952  -21.263  -9.376  -23.670 0.1111111119
68404  -21.041  -7.869  -23.545 0.1111111119
71836  -20.674  -4.354  -24.516 0.1111111119
74221  -20.573  -2.673  -24.612 0.1111111119
83937  -18.097  7.009  -25.425 0.2222222239
87072  -17.668  9.619  -25.033 0.2222222239
87073  -18.138  9.988  -25.381 0.1111111119
58749  -21.840  -14.714  -22.312 0.1111111119
87091  -17.855  9.378  -25.769 0.2222222239
87110  -19.096  9.476  -27.313 0.1111111119
74236  -20.552  -2.638  -25.470 0.1111111119
82978  -17.816  6.324  -25.627 0.2222222239
73036  -20.572  -3.575  -24.998 0.1111111119
69572  -21.294  -6.844  -24.173 0.1111111119
63662  -21.082  -11.849  -23.008 0.1111111119
76482  -20.400  -0.650  -25.834 0.1111111119
59899  -21.618  -14.201  -22.216 0.1111111119
62476  -20.986  -12.350  -22.744 0.1111111119
73009  -20.738  -3.328  -23.745 0.1111111119
84903  -18.100  7.828  -24.993 0.1111111119
63649  -20.285  -11.425  -21.783 0.1111111119
64794  -20.403  -10.450  -22.088 0.1111111119
71818  -20.709  -4.926  -23.979 0.1111111119
71819  -20.880  -4.015  -23.969 0.1111111119
130642  -19.028  9.505  -24.717 0.1111111119
88100  -18.889  10.484  -25.802 0.1111111119
89218  -19.767  11.097  -28.651 0.1111111119
82961  -18.092  5.565  -25.586 0.1111111119
89205  -19.819  10.833  -27.874 0.1111111119
90341  -20.063  11.484  -28.856 0.1111111119
58750  -21.946  -14.950  -22.321 0.1111111119
59879  -26.034  -14.627  -21.631 0.1111111119
64894  -26.462  -10.120  -26.847 0.3333333433
66028  -25.523  -9.077  -26.602 0.4444444478
67141  -21.428  -9.079  -23.920 0.1111111119
67178  -21.704  -8.277  -24.709 0.3333333433
68460  -22.962  -7.263  -26.164 0.4444444478
68503  -31.588  -7.032  -28.888 0.1111111119
68516  -31.593  -6.950  -29.170 0.1111111119
69634  -31.127  -6.565  -29.082 0.1111111119
69646  -29.340  -5.869  -28.977 0.2222222239
69648  -31.233  -6.872  -29.389 0.1111111119
69649  -31.404  -6.817  -29.239 0.1111111119
70681  -20.328  -5.869  -24.822 0.1111111119
70736  -30.094  -5.011  -29.445 0.1111111119
71908  -29.143  -4.123  -28.629 0.2222222239
73078  -28.141  -3.756  -28.406 0.3333333433
73113  -27.452  -2.896  -29.697 0.6666666865
74316  -27.316  -2.687  -29.760 0.4444444478
74317  -27.561  -2.676  -29.718 0.4444444478
74318  -30.730  -2.061  -29.463 0.2222222239
75466  -30.934  -1.842  -29.566 0.2222222239
75467  -31.166  -1.951  -29.577 0.2222222239
76555  -24.261  0.149  -30.174 1.0000000000
78733  -28.430  1.359  -30.547 0.5555555820
79863  -20.143  2.963  -28.132 0.7777777910
79876  -28.903  1.551  -30.692 0.5555555820
79903  -25.881  3.156  -31.245 1.0000000000
81067  -32.060  3.350  -29.789 0.1111111119
81092  -26.726  4.258  -31.524 0.8888888955
82020  -18.854  5.082  -26.722 0.4444444478
82084  -26.329  4.335  -31.608 0.8888888955
82085  -26.560  4.427  -31.609 0.8888888955
82994  -17.733  6.563  -25.991 0.2222222239
83003  -33.330  4.683  -27.298 0.1111111119
83952  -17.757  7.357  -25.387 0.2222222239
83967  -17.672  7.193  -25.722 0.2222222239
83983  -19.699  6.694  -28.547 0.5555555820
84033  -24.560  6.816  -32.346 1.0000000000
84928  -17.798  8.105  -24.916 0.1111111119
84946  -17.577  8.092  -25.257 0.2222222239
84963  -18.735  7.763  -27.224 0.2222222239
84992  -19.498  8.147  -28.424 0.5555555820
85006  -29.738  7.562  -31.360 0.5555555820
85034  -24.075  7.075  -32.327 1.0000000000
85035  -24.399  7.274  -32.321 0.8888888955
85037  -25.568  7.262  -32.179 0.8888888955
85984  -18.164  8.918  -24.517 0.2222222239
86005  -17.591  9.017  -24.651 0.2222222239
86043  -18.351  8.516  -26.797 0.3333333433
87092  -18.425  9.783  -26.129 0.1111111119
87093  -18.810  9.773  -26.620 0.1111111119
87108  -17.964  9.010  -26.393 0.2222222239
87109  -18.525  9.237  -26.843 0.2222222239
87144  -20.482  9.646  -30.194 0.5555555820
88099  -18.385  9.953  -24.776 0.1111111119
88145  -19.710  10.397  -28.385 0.1111111119
88171  -20.284  10.423  -29.947 0.4444444478
88192  -22.845  10.928  -31.824 0.5555555820
89234  -19.999  11.189  -29.328 0.1111111119
89248  -20.310  10.949  -29.715 0.3333333433
89264  -24.152  12.085  -31.666 0.6666666865
89265  -24.419  12.032  -31.729 0.6666666865
90359  -20.420  11.402  -29.355 0.1111111119
90392  -22.691  12.327  -31.405 0.5555555820
90410  -23.672  12.392  -31.663 0.6666666865
90411  -25.672  12.666  -32.201 0.5555555820
91563  -21.096  12.395  -30.433 0.3333333433
92725  -26.525  14.165  -31.399 0.5555555820
94934  -24.834  17.873  -33.364 0.4444444478
94936  -25.235  18.086  -33.569 0.4444444478
95924  -26.198  17.676  -28.404 0.1111111119
95933  -26.309  17.401  -28.329 0.1111111119
95936  -24.752  17.468  -30.964 0.1111111119
95968  -24.633  18.299  -33.407 0.3333333433
95980  -24.786  18.285  -33.824 0.3333333433
95981  -25.043  18.238  -33.863 0.3333333433
95982  -25.421  18.230  -33.502 0.3333333433
96907  -26.195  17.715  -28.418 0.1111111119
96917  -30.335  17.826  -30.416 0.2222222239
96956  -24.506  18.509  -33.615 0.3333333433
96968  -25.314  18.305  -33.712 0.3333333433
97908  -29.447  18.865  -30.949 0.1111111119
97936  -31.070  19.069  -33.174 0.1111111119
98889  -28.833  21.362  -33.888 0.1111111119
99786  -29.162  21.275  -33.998 0.1111111119
99794  -25.176  22.269  -34.742 0.1111111119
100648  -25.823  21.893  -34.515 0.1111111119
130646  -19.452  10.479  -26.019 0.1111111119
