#!ascii label  , from subject 3759 vox2ras=TkReg
397
11944  -35.490  -58.853  -14.068 0.0000000000
14628  -34.245  -55.510  -17.511 0.0000000000
14566  -35.268  -55.393  -9.990 0.0000000000
11945  -38.132  -58.200  -14.503 0.0000000000
19826  -35.176  -50.966  -12.705 0.0000000000
15548  -32.394  -54.692  -12.976 0.0000000000
19766  -33.596  -51.038  -9.636 0.0000000000
25402  -31.951  -45.818  -9.463 0.0000000000
17554  -35.237  -52.857  -8.742 0.0000000000
17581  -35.241  -53.009  -11.210 0.0000000000
19793  -36.082  -50.695  -10.281 0.0000000000
17580  -33.156  -52.738  -11.044 0.0000000000
19789  -31.629  -50.330  -11.004 0.0000000000
26449  -34.808  -44.164  -9.012 0.0000000000
23205  -34.981  -47.133  -9.177 0.0000000000
8506  -37.373  -62.540  -13.465 0.0000000000
12771  -35.980  -57.379  -15.724 0.0000000000
9454  -38.037  -61.466  -16.509 0.0000000000
10351  -35.562  -60.282  -17.563 0.0000000000
13662  -35.784  -57.081  -11.888 0.0000000000
11128  -37.927  -58.997  -12.940 0.0000000000
15549  -35.412  -54.729  -13.683 0.0000000000
16582  -34.414  -53.292  -15.232 0.0000000000
14574  -33.967  -55.074  -11.408 0.0000000000
16482  -33.868  -53.728  -8.311 0.0000000000
18593  -34.670  -51.944  -7.204 0.0000000000
22060  -30.779  -48.074  -9.957 0.0000000000
22062  -33.356  -48.476  -9.749 0.0000000000
20886  -34.536  -49.417  -8.014 0.0000000000
20843  -36.935  -49.951  -6.663 0.0000000000
8531  -38.637  -62.068  -14.168 0.0000000000
18792  -38.505  -51.408  -17.345 0.0000000000
15623  -36.085  -54.016  -18.995 0.0000000000
13762  -36.330  -57.100  -20.536 0.0000000000
18610  -35.587  -51.735  -8.150 0.0000000000
19767  -35.674  -51.130  -9.334 0.0000000000
10312  -36.679  -60.325  -14.326 0.0000000000
13707  -34.979  -56.431  -16.087 0.0000000000
11962  -35.556  -58.402  -16.525 0.0000000000
11968  -34.413  -58.457  -17.102 0.0000000000
11200  -34.016  -59.307  -18.578 0.0000000000
13731  -33.895  -56.648  -18.169 0.0000000000
13637  -35.291  -55.651  -10.780 0.0000000000
14576  -35.526  -55.501  -10.942 0.0000000000
18678  -35.335  -51.844  -11.863 0.0000000000
15535  -35.648  -54.593  -12.659 0.0000000000
16547  -35.064  -53.498  -13.276 0.0000000000
15559  -35.108  -54.470  -14.708 0.0000000000
17604  -34.713  -52.399  -13.685 0.0000000000
13660  -34.006  -55.956  -12.269 0.0000000000
14584  -33.504  -55.334  -12.330 0.0000000000
18651  -33.297  -51.736  -10.240 0.0000000000
16509  -33.569  -53.609  -9.938 0.0000000000
17535  -33.579  -52.909  -8.340 0.0000000000
17519  -33.810  -52.599  -7.708 0.0000000000
19729  -33.907  -51.172  -7.728 0.0000000000
24321  -31.016  -46.977  -9.549 0.0000000000
23217  -31.624  -48.268  -10.305 0.0000000000
23202  -32.504  -47.653  -10.129 0.0000000000
23184  -36.330  -47.510  -8.381 0.0000000000
23182  -34.906  -47.712  -8.810 0.0000000000
22011  -35.580  -48.690  -7.885 0.0000000000
20860  -35.480  -49.666  -7.191 0.0000000000
11155  -38.693  -59.096  -13.878 0.0000000000
9408  -38.823  -60.716  -14.016 0.0000000000
10331  -39.349  -59.990  -14.542 0.0000000000
7708  -37.511  -62.746  -15.897 0.0000000000
18766  -40.429  -51.383  -16.832 0.0000000000
17701  -36.386  -52.437  -18.533 0.0000000000
15635  -37.596  -54.432  -19.527 0.0000000000
16499  -35.404  -53.815  -9.380 0.0000000000
16510  -35.539  -53.895  -10.492 0.0000000000
17569  -35.344  -52.775  -9.902 0.0000000000
18666  -35.348  -51.943  -10.699 0.0000000000
19811  -35.620  -51.079  -11.096 0.0000000000
16532  -32.338  -53.425  -12.177 0.0000000000
18665  -32.314  -51.647  -11.316 0.0000000000
19791  -33.234  -50.698  -10.235 0.0000000000
26469  -33.486  -44.855  -9.332 0.0000000000
24324  -33.683  -46.473  -9.605 0.0000000000
25405  -34.907  -45.633  -9.395 0.0000000000
24327  -36.104  -46.217  -9.082 0.0000000000
24305  -37.387  -46.572  -8.154 0.0000000000
12762  -37.004  -57.515  -15.222 0.0000000000
11185  -38.522  -59.772  -15.798 0.0000000000
11184  -37.682  -59.537  -16.163 0.0000000000
10338  -36.244  -60.128  -16.832 0.0000000000
10362  -35.987  -61.126  -18.062 0.0000000000
9475  -35.607  -61.372  -18.871 0.0000000000
10371  -34.475  -60.432  -19.824 0.0000000000
11219  -34.374  -59.839  -20.417 0.0000000000
12732  -35.847  -57.974  -12.801 0.0000000000
11138  -36.802  -59.507  -13.861 0.0000000000
12720  -37.648  -57.636  -12.661 0.0000000000
13679  -37.544  -57.251  -13.179 0.0000000000
15520  -35.738  -54.858  -11.462 0.0000000000
14598  -36.512  -55.985  -13.191 0.0000000000
13691  -36.908  -56.610  -13.949 0.0000000000
13699  -36.068  -56.149  -15.150 0.0000000000
14611  -34.880  -55.102  -15.629 0.0000000000
15584  -34.375  -54.237  -16.478 0.0000000000
13677  -34.615  -57.075  -12.835 0.0000000000
13661  -34.780  -56.414  -11.918 0.0000000000
14565  -34.774  -55.470  -10.161 0.0000000000
15519  -33.608  -54.411  -11.101 0.0000000000
15490  -33.904  -54.462  -9.579 0.0000000000
15475  -34.360  -54.227  -8.538 0.0000000000
16483  -34.402  -53.485  -8.080 0.0000000000
17521  -34.726  -52.345  -7.411 0.0000000000
18574  -35.795  -51.244  -6.818 0.0000000000
20919  -31.082  -49.554  -10.584 0.0000000000
20920  -32.237  -49.518  -10.535 0.0000000000
20900  -33.297  -49.801  -9.731 0.0000000000
23204  -34.320  -47.419  -9.288 0.0000000000
22041  -33.957  -49.080  -8.935 0.0000000000
20885  -33.951  -50.203  -8.205 0.0000000000
20859  -34.532  -50.276  -7.395 0.0000000000
19705  -35.454  -50.722  -6.717 0.0000000000
10300  -37.527  -60.404  -14.058 0.0000000000
7652  -38.247  -62.377  -13.650 0.0000000000
9455  -38.578  -61.237  -15.732 0.0000000000
7691  -37.179  -63.536  -14.865 0.0000000000
19891  -34.941  -50.960  -15.116 0.0000000000
18760  -34.633  -51.948  -16.448 0.0000000000
16617  -34.420  -53.661  -17.205 0.0000000000
17700  -35.385  -52.557  -18.033 0.0000000000
15621  -34.469  -54.492  -17.946 0.0000000000
13743  -34.722  -56.493  -19.254 0.0000000000
12810  -34.993  -57.233  -19.821 0.0000000000
18611  -36.524  -51.194  -7.840 0.0000000000
10311  -35.686  -60.719  -14.687 0.0000000000
11154  -36.238  -59.659  -14.199 0.0000000000
13719  -34.185  -56.566  -16.905 0.0000000000
11961  -34.723  -57.979  -16.672 0.0000000000
12782  -33.841  -57.817  -17.410 0.0000000000
13718  -33.867  -57.186  -17.421 0.0000000000
17588  -35.003  -52.003  -12.792 0.0000000000
17589  -35.131  -52.803  -12.364 0.0000000000
17605  -34.949  -52.664  -13.030 0.0000000000
18698  -35.029  -51.099  -13.285 0.0000000000
15547  -31.710  -54.720  -13.212 0.0000000000
14595  -32.486  -55.353  -13.304 0.0000000000
14596  -33.124  -55.490  -12.942 0.0000000000
14583  -32.871  -55.050  -12.820 0.0000000000
17553  -33.476  -52.817  -9.436 0.0000000000
18629  -33.493  -51.947  -8.985 0.0000000000
18609  -33.613  -51.964  -8.023 0.0000000000
19751  -33.760  -51.046  -8.680 0.0000000000
25380  -32.114  -45.013  -9.178 0.0000000000
25379  -31.313  -45.291  -8.709 0.0000000000
25401  -31.054  -46.158  -9.297 0.0000000000
24322  -31.755  -46.776  -9.785 0.0000000000
24323  -32.720  -46.554  -9.814 0.0000000000
22044  -35.767  -48.053  -8.160 0.0000000000
22012  -36.224  -48.516  -7.660 0.0000000000
22013  -37.098  -48.585  -7.498 0.0000000000
11946  -38.503  -58.533  -14.235 0.0000000000
11156  -39.014  -59.455  -14.365 0.0000000000
11959  -38.994  -59.335  -14.719 0.0000000000
17723  -37.898  -52.766  -19.163 0.0000000000
16648  -37.260  -53.914  -19.329 0.0000000000
18652  -35.379  -51.789  -9.866 0.0000000000
19792  -35.615  -51.301  -10.260 0.0000000000
18650  -32.747  -51.604  -10.840 0.0000000000
19790  -32.552  -50.847  -10.854 0.0000000000
26448  -33.807  -44.154  -8.999 0.0000000000
26470  -34.357  -44.877  -9.268 0.0000000000
26471  -35.159  -44.919  -9.190 0.0000000000
24304  -36.652  -46.374  -8.612 0.0000000000
8505  -36.941  -63.105  -13.198 0.0000000000
12772  -36.674  -57.754  -15.525 0.0000000000
11963  -36.989  -58.377  -15.686 0.0000000000
11182  -35.587  -59.470  -16.893 0.0000000000
10360  -34.373  -60.309  -18.953 0.0000000000
11210  -34.202  -59.563  -19.710 0.0000000000
11917  -36.453  -58.239  -12.834 0.0000000000
13664  -37.425  -56.981  -12.745 0.0000000000
16522  -35.505  -53.907  -11.262 0.0000000000
14597  -35.950  -55.496  -13.714 0.0000000000
14606  -36.405  -55.894  -14.176 0.0000000000
13700  -36.588  -56.568  -14.748 0.0000000000
15558  -34.726  -53.831  -14.984 0.0000000000
15572  -35.033  -54.806  -15.300 0.0000000000
15571  -34.615  -54.282  -15.609 0.0000000000
16600  -34.295  -53.290  -16.165 0.0000000000
14585  -34.198  -55.676  -11.782 0.0000000000
14575  -34.537  -55.585  -11.039 0.0000000000
13647  -35.095  -55.826  -10.932 0.0000000000
16520  -32.914  -53.351  -11.687 0.0000000000
15518  -33.168  -53.922  -11.787 0.0000000000
16521  -33.377  -53.442  -11.037 0.0000000000
16498  -33.552  -53.748  -8.962 0.0000000000
15491  -34.379  -54.637  -9.165 0.0000000000
15474  -33.884  -54.300  -8.795 0.0000000000
15476  -34.760  -54.090  -8.414 0.0000000000
18592  -34.100  -51.953  -7.477 0.0000000000
17520  -34.311  -52.686  -7.536 0.0000000000
18594  -35.235  -51.839  -7.279 0.0000000000
18573  -35.098  -51.373  -6.814 0.0000000000
22078  -30.669  -49.060  -10.183 0.0000000000
23218  -32.015  -48.179  -10.302 0.0000000000
22080  -31.929  -48.645  -10.404 0.0000000000
22061  -32.624  -48.775  -10.251 0.0000000000
20899  -32.764  -49.347  -10.243 0.0000000000
24325  -34.567  -46.469  -9.428 0.0000000000
20887  -35.143  -48.960  -8.112 0.0000000000
22042  -34.567  -48.423  -8.664 0.0000000000
20858  -34.194  -50.725  -7.554 0.0000000000
20842  -36.318  -50.072  -6.610 0.0000000000
20841  -35.841  -50.292  -6.657 0.0000000000
19706  -36.161  -50.705  -6.627 0.0000000000
11139  -37.733  -59.361  -13.418 0.0000000000
10301  -38.404  -60.176  -13.817 0.0000000000
9426  -38.764  -61.323  -14.178 0.0000000000
8508  -38.483  -61.997  -13.815 0.0000000000
7674  -38.371  -62.469  -13.817 0.0000000000
7673  -38.180  -62.887  -13.813 0.0000000000
10340  -38.201  -60.522  -16.344 0.0000000000
10341  -38.862  -60.457  -15.500 0.0000000000
7707  -36.714  -63.597  -15.962 0.0000000000
19867  -35.459  -50.057  -14.241 0.0000000000
20990  -35.806  -49.867  -15.119 0.0000000000
18788  -34.807  -51.928  -16.988 0.0000000000
17679  -34.453  -52.602  -16.890 0.0000000000
17680  -34.915  -52.337  -17.410 0.0000000000
16635  -35.767  -53.355  -18.618 0.0000000000
16634  -34.862  -53.513  -18.123 0.0000000000
15622  -35.274  -54.366  -18.671 0.0000000000
14638  -34.678  -55.462  -18.621 0.0000000000
14639  -35.358  -55.069  -19.213 0.0000000000
13744  -35.886  -56.525  -20.009 0.0000000000
18630  -35.269  -52.006  -9.160 0.0000000000
19752  -36.144  -50.858  -8.531 0.0000000000
19768  -36.478  -50.496  -9.360 0.0000000000
26450  -35.853  -44.515  -8.800 0.0000000000
9424  -36.705  -61.551  -14.290 0.0000000000
12770  -34.899  -57.389  -16.428 0.0000000000
11196  -34.717  -59.392  -17.522 0.0000000000
11201  -34.763  -60.018  -18.209 0.0000000000
11195  -33.953  -58.882  -17.759 0.0000000000
11979  -33.651  -58.265  -18.121 0.0000000000
11980  -33.762  -58.347  -18.720 0.0000000000
13648  -35.846  -56.344  -11.635 0.0000000000
14577  -35.958  -55.898  -11.735 0.0000000000
16533  -35.349  -53.794  -12.023 0.0000000000
16563  -35.039  -54.030  -13.997 0.0000000000
16562  -34.712  -53.375  -14.300 0.0000000000
17622  -34.471  -52.382  -14.800 0.0000000000
17568  -33.332  -52.761  -10.444 0.0000000000
16472  -33.969  -53.162  -7.806 0.0000000000
23200  -30.579  -47.588  -9.490 0.0000000000
23201  -31.408  -47.722  -10.065 0.0000000000
23183  -35.537  -47.434  -8.740 0.0000000000
22043  -35.237  -48.203  -8.364 0.0000000000
20861  -36.577  -49.408  -7.077 0.0000000000
11140  -38.381  -59.239  -13.462 0.0000000000
11141  -38.912  -59.643  -13.950 0.0000000000
9427  -39.101  -60.628  -14.244 0.0000000000
9445  -38.993  -61.148  -14.775 0.0000000000
18824  -39.493  -51.403  -18.439 0.0000000000
18823  -38.560  -51.512  -18.303 0.0000000000
18822  -37.789  -51.354  -18.020 0.0000000000
17702  -37.652  -52.265  -18.712 0.0000000000
16636  -36.893  -53.341  -19.037 0.0000000000
15633  -35.862  -54.610  -19.245 0.0000000000
14650  -37.200  -55.140  -19.777 0.0000000000
13745  -37.026  -55.879  -20.136 0.0000000000
15492  -35.052  -54.567  -9.076 0.0000000000
15506  -35.591  -54.754  -10.108 0.0000000000
19827  -35.515  -50.806  -12.209 0.0000000000
15533  -32.830  -54.435  -12.427 0.0000000000
17579  -32.622  -52.722  -11.527 0.0000000000
17578  -31.791  -52.292  -11.787 0.0000000000
17567  -32.865  -52.214  -10.890 0.0000000000
26447  -32.795  -44.445  -9.031 0.0000000000
25403  -32.957  -45.417  -9.488 0.0000000000
25404  -33.989  -45.614  -9.443 0.0000000000
25406  -35.809  -45.496  -9.123 0.0000000000
24326  -35.464  -46.486  -9.257 0.0000000000
24303  -36.050  -46.835  -8.891 0.0000000000
23185  -36.992  -47.177  -8.222 0.0000000000
11957  -37.877  -58.226  -14.988 0.0000000000
11958  -38.775  -59.079  -15.021 0.0000000000
11964  -38.168  -59.029  -15.589 0.0000000000
10339  -37.154  -60.259  -16.663 0.0000000000
9465  -36.786  -61.638  -17.630 0.0000000000
10361  -35.204  -60.696  -18.496 0.0000000000
10372  -34.885  -61.021  -19.273 0.0000000000
9491  -35.493  -61.602  -19.658 0.0000000000
9490  -34.762  -61.166  -20.074 0.0000000000
10380  -34.481  -60.574  -20.598 0.0000000000
11929  -35.997  -58.557  -13.482 0.0000000000
11137  -35.966  -59.267  -13.971 0.0000000000
11930  -36.998  -58.674  -13.231 0.0000000000
11931  -37.559  -58.678  -12.982 0.0000000000
12719  -37.072  -57.744  -12.198 0.0000000000
11129  -38.103  -58.782  -12.929 0.0000000000
12721  -38.232  -58.079  -13.083 0.0000000000
12734  -38.229  -58.062  -13.429 0.0000000000
12750  -38.197  -58.009  -13.851 0.0000000000
15536  -36.005  -55.443  -12.444 0.0000000000
13678  -37.223  -56.708  -13.237 0.0000000000
13692  -37.435  -57.244  -13.777 0.0000000000
13701  -37.241  -57.245  -14.482 0.0000000000
12763  -37.525  -57.709  -14.763 0.0000000000
12761  -36.280  -56.760  -15.288 0.0000000000
14612  -35.515  -55.421  -15.210 0.0000000000
13708  -35.663  -56.285  -15.540 0.0000000000
14618  -34.487  -55.309  -16.353 0.0000000000
15602  -34.314  -54.638  -17.096 0.0000000000
12731  -35.139  -57.810  -13.252 0.0000000000
12717  -35.419  -57.364  -12.445 0.0000000000
13636  -35.133  -55.624  -10.380 0.0000000000
15534  -33.423  -54.648  -11.817 0.0000000000
15505  -33.686  -54.224  -10.360 0.0000000000
14564  -34.135  -54.905  -10.346 0.0000000000
14555  -34.353  -54.934  -9.723 0.0000000000
14556  -34.799  -55.077  -9.554 0.0000000000
16484  -35.079  -53.701  -8.439 0.0000000000
17537  -34.832  -52.772  -7.842 0.0000000000
16473  -34.215  -53.135  -7.713 0.0000000000
18595  -36.106  -51.295  -7.287 0.0000000000
22079  -31.200  -48.629  -10.304 0.0000000000
20921  -32.868  -50.175  -10.388 0.0000000000
23203  -33.459  -47.444  -9.729 0.0000000000
22063  -33.930  -48.159  -9.256 0.0000000000
19730  -34.487  -51.145  -7.072 0.0000000000
19731  -34.943  -50.572  -6.905 0.0000000000
19704  -34.952  -50.977  -6.714 0.0000000000
18575  -36.565  -51.117  -6.812 0.0000000000
10299  -37.022  -60.071  -14.075 0.0000000000
9425  -37.223  -60.912  -14.345 0.0000000000
9406  -37.560  -61.582  -13.889 0.0000000000
9407  -38.327  -61.247  -13.899 0.0000000000
8507  -38.083  -62.138  -13.597 0.0000000000
7650  -37.264  -63.650  -13.050 0.0000000000
11172  -39.026  -59.752  -15.325 0.0000000000
8550  -38.666  -61.957  -14.743 0.0000000000
8562  -38.147  -61.945  -15.865 0.0000000000
8549  -38.281  -62.312  -15.151 0.0000000000
8530  -38.394  -62.435  -14.463 0.0000000000
19753  -36.955  -50.702  -8.475 0.0000000000
19812  -36.197  -50.380  -11.283 0.0000000000
19844  -35.267  -50.775  -12.829 0.0000000000
18721  -35.282  -50.782  -13.923 0.0000000000
18720  -34.928  -51.229  -14.439 0.0000000000
17638  -34.371  -52.575  -15.598 0.0000000000
19892  -35.418  -50.601  -15.485 0.0000000000
18739  -34.712  -51.573  -15.626 0.0000000000
18821  -36.902  -51.609  -18.066 0.0000000000
18820  -36.052  -51.881  -17.979 0.0000000000
18789  -35.476  -51.758  -17.380 0.0000000000
17699  -34.718  -52.912  -17.585 0.0000000000
12809  -34.141  -57.519  -19.197 0.0000000000
12830  -34.636  -57.940  -20.039 0.0000000000
7651  -37.991  -62.721  -13.507 0.0000000000
7692  -37.918  -62.919  -14.652 0.0000000000
8529  -36.928  -62.162  -13.745 0.0000000000
8563  -38.621  -61.744  -15.253 0.0000000000
9405  -37.170  -61.979  -13.766 0.0000000000
9446  -39.254  -60.417  -14.510 0.0000000000
10302  -38.975  -60.100  -13.888 0.0000000000
10313  -37.170  -60.569  -14.263 0.0000000000
10314  -39.270  -60.065  -14.187 0.0000000000
10330  -39.305  -60.254  -14.934 0.0000000000
10353  -37.443  -61.089  -16.948 0.0000000000
11173  -39.185  -59.643  -14.837 0.0000000000
11194  -33.734  -58.576  -17.921 0.0000000000
11199  -33.759  -58.708  -18.215 0.0000000000
11919  -37.660  -58.352  -12.789 0.0000000000
11920  -38.166  -58.436  -12.972 0.0000000000
11932  -38.413  -58.567  -13.475 0.0000000000
11947  -38.834  -59.121  -14.591 0.0000000000
11956  -37.328  -58.022  -15.306 0.0000000000
11965  -38.657  -59.423  -15.445 0.0000000000
11967  -33.792  -58.345  -17.647 0.0000000000
11969  -35.047  -58.953  -16.962 0.0000000000
12733  -37.848  -57.676  -13.516 0.0000000000
12749  -37.873  -57.858  -14.272 0.0000000000
12783  -34.247  -57.569  -16.937 0.0000000000
12796  -33.627  -57.899  -17.854 0.0000000000
12797  -33.674  -57.661  -18.338 0.0000000000
13663  -37.023  -56.504  -12.562 0.0000000000
13730  -33.654  -57.416  -17.823 0.0000000000
14554  -34.135  -54.780  -9.845 0.0000000000
14613  -36.101  -55.850  -14.779 0.0000000000
14619  -35.048  -55.705  -15.741 0.0000000000
15550  -35.897  -55.278  -13.129 0.0000000000
16546  -34.781  -53.082  -13.751 0.0000000000
16637  -37.548  -52.935  -19.132 0.0000000000
17536  -34.408  -53.049  -7.730 0.0000000000
17657  -34.428  -52.387  -16.154 0.0000000000
18677  -35.183  -51.319  -12.569 0.0000000000
18761  -35.251  -51.419  -16.474 0.0000000000
19845  -35.555  -50.467  -13.115 0.0000000000
19866  -35.119  -50.649  -14.832 0.0000000000
26468  -33.058  -44.851  -9.376 0.0000000000
