#!ascii label  , from subject 3759 vox2ras=TkReg
798
96845  40.415  22.374  16.574 0.0000000000
97953  41.578  23.555  6.366 0.0000000000
103850  48.036  29.249  4.563 0.0000000000
91415  41.839  17.921  -1.041 0.0000000000
93641  37.795  19.163  12.343 0.0000000000
99916  50.752  25.733  9.851 0.0000000000
95982  42.386  21.868  -0.207 0.0000000000
100889  39.658  26.344  6.617 0.0000000000
97882  45.818  24.217  11.644 0.0000000000
96875  41.439  22.634  11.731 0.0000000000
92493  39.667  19.127  7.074 0.0000000000
103795  44.982  29.465  8.501 0.0000000000
100928  41.406  26.568  2.706 0.0000000000
100895  45.241  26.477  5.258 0.0000000000
100018  43.935  25.430  -1.189 0.0000000000
103798  40.847  29.256  8.166 0.0000000000
97861  43.660  23.210  14.360 0.0000000000
96856  41.873  21.970  14.378 0.0000000000
92458  38.843  19.074  9.424 0.0000000000
102910  50.490  28.801  6.994 0.0000000000
103778  48.111  29.117  8.933 0.0000000000
103827  46.717  29.406  6.672 0.0000000000
102947  43.053  28.212  5.123 0.0000000000
102963  45.019  28.192  3.785 0.0000000000
99934  42.706  24.814  8.851 0.0000000000
99931  45.275  26.060  9.043 0.0000000000
98959  43.229  24.933  5.891 0.0000000000
94968  43.055  20.714  -2.296 0.0000000000
99024  43.990  24.243  -1.044 0.0000000000
96017  41.813  21.590  -2.311 0.0000000000
96983  41.148  22.499  -0.286 0.0000000000
92607  39.697  18.858  0.113 0.0000000000
130800  39.122  16.608  2.680 0.0000000000
95805  38.113  21.230  16.559 0.0000000000
94753  39.457  20.293  14.247 0.0000000000
101879  50.432  27.549  6.289 0.0000000000
95955  40.612  21.106  3.743 0.0000000000
97979  41.615  23.051  3.252 0.0000000000
94918  41.433  20.305  1.398 0.0000000000
92617  43.739  19.345  -1.028 0.0000000000
98866  47.905  24.827  14.232 0.0000000000
97859  45.118  23.737  13.837 0.0000000000
97885  43.267  23.444  11.581 0.0000000000
98937  40.673  24.150  8.780 0.0000000000
95845  38.878  21.465  11.588 0.0000000000
95858  39.105  22.035  9.469 0.0000000000
95910  39.795  21.229  6.786 0.0000000000
92550  40.695  18.828  4.729 0.0000000000
94708  38.074  20.840  19.386 0.0000000000
102846  46.255  28.639  11.650 0.0000000000
102884  43.515  28.605  9.455 0.0000000000
102915  42.735  28.433  7.609 0.0000000000
100907  40.467  26.515  4.548 0.0000000000
98993  39.031  24.340  3.236 0.0000000000
98905  48.154  25.235  10.881 0.0000000000
101857  47.839  27.105  7.758 0.0000000000
101895  46.557  27.497  4.917 0.0000000000
98991  43.384  24.974  2.425 0.0000000000
99997  45.357  25.978  1.552 0.0000000000
101930  45.592  27.242  2.057 0.0000000000
100000  42.502  26.117  0.843 0.0000000000
97996  39.828  23.327  1.867 0.0000000000
103785  40.090  29.511  8.933 0.0000000000
103769  41.292  29.231  10.090 0.0000000000
97856  42.086  22.970  15.798 0.0000000000
96852  40.754  21.956  15.964 0.0000000000
103824  49.553  29.372  5.524 0.0000000000
103808  48.437  29.517  7.050 0.0000000000
103838  47.948  29.549  5.250 0.0000000000
102945  46.008  28.861  5.382 0.0000000000
102973  46.228  28.435  3.801 0.0000000000
97923  42.098  24.036  7.449 0.0000000000
98934  42.968  24.907  7.539 0.0000000000
97961  42.056  24.045  5.795 0.0000000000
92635  42.339  19.240  -1.474 0.0000000000
96016  42.453  21.582  -2.539 0.0000000000
93829  41.534  19.607  -1.283 0.0000000000
94959  40.960  20.677  -1.354 0.0000000000
92620  40.672  19.084  -0.315 0.0000000000
90252  39.911  17.016  0.840 0.0000000000
90251  40.717  16.165  0.486 0.0000000000
94744  38.197  20.443  15.521 0.0000000000
100856  51.652  26.865  8.108 0.0000000000
100857  51.090  26.449  8.329 0.0000000000
94908  40.585  20.053  3.308 0.0000000000
95966  40.663  20.876  2.859 0.0000000000
93796  41.513  19.354  1.968 0.0000000000
92604  43.723  19.088  -0.107 0.0000000000
92616  44.217  18.658  -0.941 0.0000000000
92632  43.854  18.476  -1.377 0.0000000000
96867  42.402  22.217  12.770 0.0000000000
96865  43.962  22.675  13.315 0.0000000000
97886  41.833  23.241  11.272 0.0000000000
97896  42.145  23.848  10.382 0.0000000000
97897  41.049  23.480  10.489 0.0000000000
93630  38.278  19.882  12.982 0.0000000000
94764  39.774  20.718  13.230 0.0000000000
93640  38.123  19.967  11.963 0.0000000000
93667  39.193  19.316  8.617 0.0000000000
94796  38.435  20.723  9.615 0.0000000000
94810  39.303  20.727  8.057 0.0000000000
95873  40.052  22.030  7.926 0.0000000000
94843  39.654  20.488  6.494 0.0000000000
94884  39.849  20.087  5.283 0.0000000000
93719  39.836  19.492  6.066 0.0000000000
92526  42.855  17.947  5.400 0.0000000000
103793  46.768  29.589  8.326 0.0000000000
103764  47.226  28.877  9.974 0.0000000000
103766  45.559  29.398  9.900 0.0000000000
102866  44.750  28.891  10.398 0.0000000000
103782  44.616  29.290  9.108 0.0000000000
102900  42.817  28.925  8.527 0.0000000000
102914  43.826  29.098  7.706 0.0000000000
100906  42.375  26.970  3.912 0.0000000000
101898  41.905  27.524  4.913 0.0000000000
101924  41.055  27.123  3.824 0.0000000000
99969  40.332  26.198  4.042 0.0000000000
99991  40.013  24.837  2.807 0.0000000000
97865  46.725  23.933  12.595 0.0000000000
98881  48.325  24.672  12.623 0.0000000000
98907  46.712  25.080  10.937 0.0000000000
100876  44.805  26.138  7.051 0.0000000000
100849  46.352  26.362  9.026 0.0000000000
100874  46.635  27.089  6.754 0.0000000000
101882  47.328  27.564  6.040 0.0000000000
100894  46.010  27.027  4.674 0.0000000000
97994  41.964  22.832  1.851 0.0000000000
97986  42.250  23.611  2.638 0.0000000000
98002  43.106  23.537  0.378 0.0000000000
99031  44.062  24.801  -1.529 0.0000000000
100010  44.120  24.958  0.387 0.0000000000
100948  45.002  25.959  0.384 0.0000000000
100926  45.617  26.621  1.866 0.0000000000
100937  44.513  26.782  0.745 0.0000000000
100938  43.623  26.963  0.920 0.0000000000
100959  43.314  25.992  -0.185 0.0000000000
95984  40.191  21.391  0.410 0.0000000000
96976  40.338  22.648  0.964 0.0000000000
95976  39.583  21.570  1.803 0.0000000000
96968  39.384  22.504  2.297 0.0000000000
100808  49.834  26.298  12.264 0.0000000000
102903  39.415  28.303  8.602 0.0000000000
101872  39.920  27.277  7.558 0.0000000000
99857  43.919  24.810  15.591 0.0000000000
97855  42.661  23.393  15.375 0.0000000000
96855  42.569  22.593  14.670 0.0000000000
95835  41.558  21.845  12.773 0.0000000000
93655  37.935  19.431  10.803 0.0000000000
102897  48.688  28.887  8.246 0.0000000000
103792  47.878  29.439  8.133 0.0000000000
103810  46.284  29.590  7.597 0.0000000000
102913  44.548  29.215  7.382 0.0000000000
102927  45.678  29.240  6.211 0.0000000000
101896  44.087  28.052  4.525 0.0000000000
101921  43.311  27.422  3.398 0.0000000000
98921  44.209  24.902  10.223 0.0000000000
99906  45.554  25.372  10.234 0.0000000000
99932  44.519  25.656  8.812 0.0000000000
99943  43.669  25.328  7.249 0.0000000000
99958  43.728  25.409  5.338 0.0000000000
96004  43.044  21.665  -1.800 0.0000000000
96991  43.286  22.923  -1.231 0.0000000000
97001  43.342  22.548  -1.870 0.0000000000
98033  43.079  23.244  -2.374 0.0000000000
98021  42.500  23.307  -2.109 0.0000000000
99026  42.026  24.177  -0.715 0.0000000000
97004  41.255  21.933  -1.180 0.0000000000
94931  40.131  20.949  -0.006 0.0000000000
93797  39.434  19.734  1.127 0.0000000000
90237  39.825  16.432  1.828 0.0000000000
95804  39.256  21.810  16.684 0.0000000000
95812  40.247  21.505  15.601 0.0000000000
95813  38.800  21.256  15.741 0.0000000000
93607  38.416  19.790  14.899 0.0000000000
93631  37.808  19.183  13.399 0.0000000000
102894  51.514  27.829  7.871 0.0000000000
102925  51.157  28.302  6.468 0.0000000000
102957  49.873  28.900  4.627 0.0000000000
96951  41.096  22.643  4.927 0.0000000000
97972  41.476  23.228  4.317 0.0000000000
96958  40.986  22.219  3.878 0.0000000000
95965  41.235  21.286  2.172 0.0000000000
95983  41.901  21.287  0.036 0.0000000000
92605  42.820  19.095  0.347 0.0000000000
94929  42.377  20.029  -0.291 0.0000000000
94944  42.541  20.519  -0.954 0.0000000000
93842  43.375  19.810  -1.761 0.0000000000
92649  43.100  19.335  -2.240 0.0000000000
91414  42.744  17.576  -1.026 0.0000000000
90267  41.844  16.834  -0.551 0.0000000000
99865  46.867  24.766  14.532 0.0000000000
97866  46.120  23.721  12.963 0.0000000000
97860  44.351  23.534  14.182 0.0000000000
97867  45.138  23.578  13.150 0.0000000000
97884  44.487  23.733  11.844 0.0000000000
98911  42.845  24.617  10.223 0.0000000000
98922  42.189  24.326  9.315 0.0000000000
97942  41.119  23.222  7.125 0.0000000000
94752  40.533  20.621  14.169 0.0000000000
95829  40.309  21.296  12.968 0.0000000000
95843  40.154  22.086  11.801 0.0000000000
94785  38.131  20.808  10.562 0.0000000000
96891  38.476  22.413  10.417 0.0000000000
97899  39.047  22.871  10.362 0.0000000000
97926  39.643  23.553  8.671 0.0000000000
96915  40.426  22.659  7.577 0.0000000000
96929  40.555  22.554  6.645 0.0000000000
95927  40.432  21.469  5.488 0.0000000000
94895  40.337  20.243  4.213 0.0000000000
92564  41.291  18.590  3.668 0.0000000000
91348  41.422  17.872  5.637 0.0000000000
92548  42.077  17.904  4.550 0.0000000000
95796  39.018  22.038  17.883 0.0000000000
95790  37.929  21.351  18.144 0.0000000000
94710  36.479  19.865  19.158 0.0000000000
102820  47.904  28.316  12.333 0.0000000000
102847  45.088  28.635  11.474 0.0000000000
102886  42.051  29.430  9.055 0.0000000000
103814  40.836  28.811  7.773 0.0000000000
102932  40.842  27.628  6.711 0.0000000000
102930  42.368  28.249  6.323 0.0000000000
101884  41.171  27.656  5.741 0.0000000000
100896  40.364  26.764  5.412 0.0000000000
99902  48.832  25.436  10.616 0.0000000000
99920  46.777  25.888  9.669 0.0000000000
99919  47.696  25.868  9.737 0.0000000000
100846  49.352  26.354  9.268 0.0000000000
101869  48.691  27.321  7.315 0.0000000000
101893  48.197  28.098  5.360 0.0000000000
101905  47.757  28.330  4.814 0.0000000000
97971  42.171  23.893  4.802 0.0000000000
99968  43.071  25.036  4.665 0.0000000000
99967  43.691  25.396  4.189 0.0000000000
99006  43.758  24.640  0.665 0.0000000000
99988  43.976  25.641  1.782 0.0000000000
99976  45.032  25.937  3.366 0.0000000000
100915  45.618  26.625  3.413 0.0000000000
100902  46.320  27.476  3.455 0.0000000000
101918  46.338  28.022  3.516 0.0000000000
102975  45.265  27.974  3.287 0.0000000000
101944  43.426  27.350  1.679 0.0000000000
100940  41.727  26.474  1.882 0.0000000000
99017  41.300  24.371  0.331 0.0000000000
99008  41.089  24.590  1.239 0.0000000000
99990  40.668  25.436  2.470 0.0000000000
97988  39.265  23.458  2.598 0.0000000000
91371  38.410  17.720  3.349 0.0000000000
102869  41.602  28.166  10.491 0.0000000000
97845  40.192  23.528  17.205 0.0000000000
96844  41.052  22.778  16.307 0.0000000000
103837  48.830  29.376  5.041 0.0000000000
102944  46.810  29.173  4.936 0.0000000000
102961  46.886  28.649  4.446 0.0000000000
97941  41.797  23.739  7.081 0.0000000000
97952  42.084  24.066  6.626 0.0000000000
93844  42.130  19.914  -1.719 0.0000000000
92619  41.768  19.175  -0.766 0.0000000000
93830  40.941  19.769  -1.149 0.0000000000
91416  40.706  18.110  -0.445 0.0000000000
91401  40.401  17.262  0.137 0.0000000000
90268  41.015  17.179  -0.426 0.0000000000
100837  51.157  26.293  10.719 0.0000000000
99915  51.397  25.827  10.029 0.0000000000
100845  50.474  26.316  9.250 0.0000000000
93784  41.031  19.293  2.931 0.0000000000
92587  42.076  18.617  1.612 0.0000000000
93826  44.736  18.946  -0.343 0.0000000000
92615  44.843  18.545  -0.369 0.0000000000
91412  44.351  17.789  -0.546 0.0000000000
99952  39.320  25.728  6.295 0.0000000000
96868  41.779  22.354  12.321 0.0000000000
96874  42.303  22.761  12.022 0.0000000000
97887  40.857  23.027  11.181 0.0000000000
93686  39.456  19.778  7.777 0.0000000000
93687  38.985  20.101  8.394 0.0000000000
94825  39.522  20.586  7.268 0.0000000000
93703  39.538  19.869  6.883 0.0000000000
93720  39.616  19.898  6.223 0.0000000000
92508  39.714  19.449  6.498 0.0000000000
103794  45.810  29.594  8.440 0.0000000000
103780  46.173  29.500  9.181 0.0000000000
103781  45.321  29.502  9.156 0.0000000000
103767  44.891  29.281  9.667 0.0000000000
103796  44.274  29.226  8.505 0.0000000000
103813  44.129  29.303  8.099 0.0000000000
101923  41.648  26.994  3.602 0.0000000000
100918  41.137  26.774  3.426 0.0000000000
99978  40.324  25.907  3.516 0.0000000000
100929  40.840  26.305  3.178 0.0000000000
97873  46.131  24.041  12.143 0.0000000000
98883  46.707  24.336  11.949 0.0000000000
98892  46.276  24.494  11.453 0.0000000000
100887  45.082  26.249  6.355 0.0000000000
100875  45.574  26.462  7.338 0.0000000000
100886  45.973  27.058  5.884 0.0000000000
96974  41.983  22.347  0.975 0.0000000000
97993  42.321  23.225  1.462 0.0000000000
96982  42.535  22.662  0.343 0.0000000000
100027  43.624  24.891  -1.472 0.0000000000
100017  44.277  25.276  -0.930 0.0000000000
100957  44.184  25.563  -0.690 0.0000000000
100949  44.629  26.035  -0.119 0.0000000000
100958  43.871  25.822  -0.553 0.0000000000
100950  43.886  26.427  0.122 0.0000000000
100019  43.087  25.245  -0.900 0.0000000000
94919  39.608  20.641  1.444 0.0000000000
95985  39.923  21.373  1.037 0.0000000000
94909  39.450  20.821  2.382 0.0000000000
103800  39.499  28.839  8.594 0.0000000000
103799  39.953  28.963  8.282 0.0000000000
102918  39.841  27.713  8.066 0.0000000000
103815  40.520  28.919  7.908 0.0000000000
98862  43.160  24.422  15.738 0.0000000000
98863  42.485  23.975  15.858 0.0000000000
96850  42.251  22.723  15.408 0.0000000000
95826  42.015  21.960  13.590 0.0000000000
95827  41.658  21.654  13.696 0.0000000000
102896  49.818  28.653  8.284 0.0000000000
103826  47.698  29.498  6.306 0.0000000000
103809  47.306  29.574  7.364 0.0000000000
103828  45.744  29.282  6.919 0.0000000000
102946  44.492  28.278  4.966 0.0000000000
101908  44.022  27.963  4.052 0.0000000000
99908  43.443  24.973  10.111 0.0000000000
99923  43.956  25.241  9.649 0.0000000000
99933  43.407  25.237  8.438 0.0000000000
98949  43.109  24.908  6.736 0.0000000000
99951  43.777  25.329  6.305 0.0000000000
96003  43.157  21.607  -2.171 0.0000000000
97014  42.799  22.353  -2.491 0.0000000000
97015  42.276  22.375  -2.430 0.0000000000
98020  42.974  23.762  -2.286 0.0000000000
97003  41.652  22.417  -1.874 0.0000000000
93831  40.132  19.520  -0.243 0.0000000000
94946  40.279  20.512  -0.521 0.0000000000
94947  40.033  19.994  0.055 0.0000000000
94932  39.893  20.498  0.478 0.0000000000
93814  39.676  19.529  0.394 0.0000000000
92588  39.372  18.698  1.072 0.0000000000
93620  38.509  19.786  14.051 0.0000000000
101866  51.312  27.461  7.244 0.0000000000
101877  51.580  27.853  6.790 0.0000000000
101878  51.127  27.655  6.490 0.0000000000
102940  50.109  28.622  5.439 0.0000000000
101891  50.002  27.943  5.621 0.0000000000
96959  40.748  21.561  4.291 0.0000000000
95954  40.910  21.574  3.062 0.0000000000
95975  41.552  21.442  0.931 0.0000000000
94930  41.912  20.393  0.190 0.0000000000
92606  42.375  18.902  1.045 0.0000000000
92618  43.304  19.302  -0.363 0.0000000000
93828  42.808  19.593  -0.556 0.0000000000
93827  43.045  19.785  -1.300 0.0000000000
94943  43.081  20.174  -1.599 0.0000000000
91427  43.491  18.178  -1.368 0.0000000000
92633  43.460  19.075  -1.787 0.0000000000
91428  42.834  18.383  -1.582 0.0000000000
90266  42.826  16.810  -0.454 0.0000000000
98859  45.876  24.734  15.034 0.0000000000
99854  46.579  25.108  15.265 0.0000000000
98868  46.145  24.237  14.271 0.0000000000
98877  46.343  23.840  13.533 0.0000000000
97858  45.809  23.744  13.562 0.0000000000
97854  43.492  23.657  15.000 0.0000000000
97853  44.039  23.673  14.656 0.0000000000
97869  43.955  23.070  13.891 0.0000000000
97876  43.532  22.806  12.398 0.0000000000
97875  44.210  23.118  12.648 0.0000000000
98895  44.069  23.983  11.378 0.0000000000
97895  43.034  24.068  10.725 0.0000000000
97910  41.177  23.686  9.680 0.0000000000
97909  41.740  23.888  9.615 0.0000000000
98923  41.300  24.003  9.169 0.0000000000
98936  41.500  23.938  8.581 0.0000000000
97925  40.578  23.557  8.214 0.0000000000
94742  40.048  20.691  14.813 0.0000000000
95820  40.530  20.986  14.830 0.0000000000
94773  39.406  20.885  12.572 0.0000000000
95837  39.674  21.317  12.421 0.0000000000
95836  40.520  21.796  12.337 0.0000000000
95844  39.705  21.814  11.798 0.0000000000
93654  38.181  19.626  10.132 0.0000000000
93648  38.098  19.983  11.067 0.0000000000
95875  38.793  21.419  9.270 0.0000000000
95859  38.387  21.767  10.028 0.0000000000
97900  38.691  22.631  10.451 0.0000000000
96890  38.786  22.687  9.780 0.0000000000
97912  39.401  23.503  9.552 0.0000000000
96900  39.393  22.761  9.070 0.0000000000
95891  40.049  21.981  7.122 0.0000000000
95909  40.249  21.785  6.283 0.0000000000
93756  40.200  19.580  4.916 0.0000000000
94883  40.125  20.354  4.861 0.0000000000
93771  40.578  19.262  3.947 0.0000000000
92565  40.855  18.679  4.198 0.0000000000
92547  43.220  18.382  4.366 0.0000000000
95788  39.278  21.770  18.831 0.0000000000
94717  37.942  21.163  18.641 0.0000000000
94718  37.322  20.864  18.360 0.0000000000
102864  46.886  28.885  10.774 0.0000000000
102845  47.321  28.171  11.480 0.0000000000
102821  46.825  28.264  12.505 0.0000000000
101835  43.312  28.000  10.406 0.0000000000
103768  42.118  28.998  10.129 0.0000000000
102885  42.622  28.995  9.295 0.0000000000
102901  41.967  29.072  8.465 0.0000000000
102916  41.557  28.322  7.604 0.0000000000
102929  43.589  28.407  6.428 0.0000000000
101900  40.831  27.192  4.898 0.0000000000
101899  41.458  27.540  5.209 0.0000000000
101885  40.745  27.485  5.872 0.0000000000
100908  39.949  26.229  5.073 0.0000000000
99980  38.926  24.748  3.516 0.0000000000
98875  48.194  24.768  13.652 0.0000000000
98890  48.225  24.856  11.488 0.0000000000
99889  49.200  25.336  11.292 0.0000000000
99905  46.314  25.481  10.301 0.0000000000
99921  45.850  25.838  9.580 0.0000000000
100861  46.811  26.970  8.077 0.0000000000
100848  47.311  26.274  8.967 0.0000000000
100847  48.315  26.228  9.101 0.0000000000
100860  48.000  26.712  8.336 0.0000000000
100873  48.662  26.939  8.005 0.0000000000
101856  48.272  27.032  7.876 0.0000000000
101883  46.731  27.478  5.607 0.0000000000
101881  48.395  27.643  6.254 0.0000000000
101894  47.275  27.834  5.121 0.0000000000
97978  42.249  23.741  3.732 0.0000000000
99001  42.870  24.222  2.013 0.0000000000
98992  42.730  24.429  3.052 0.0000000000
98981  43.281  25.042  3.346 0.0000000000
98010  43.488  23.528  -0.539 0.0000000000
98001  43.637  23.873  0.051 0.0000000000
99015  43.943  24.486  -0.117 0.0000000000
99998  44.741  25.647  1.218 0.0000000000
99999  44.143  25.208  0.925 0.0000000000
99987  44.966  25.641  2.194 0.0000000000
100904  45.500  26.504  4.168 0.0000000000
99986  45.446  26.250  2.447 0.0000000000
101941  45.475  26.861  1.545 0.0000000000
100914  45.652  27.022  2.940 0.0000000000
100913  46.035  27.502  3.184 0.0000000000
101919  45.510  27.571  3.037 0.0000000000
101931  44.963  27.724  2.112 0.0000000000
100939  42.598  26.680  1.457 0.0000000000
101933  42.824  27.229  2.484 0.0000000000
98003  41.323  23.253  -0.281 0.0000000000
97995  40.375  23.228  1.111 0.0000000000
99018  40.695  24.052  0.932 0.0000000000
99009  40.403  24.295  1.739 0.0000000000
100002  41.037  24.920  1.727 0.0000000000
99002  40.089  24.578  2.433 0.0000000000
99010  39.782  24.024  2.263 0.0000000000
95956  39.236  21.721  3.092 0.0000000000
96961  38.850  22.558  2.963 0.0000000000
130798  38.811  17.326  2.596 0.0000000000
130797  38.505  16.663  3.639 0.0000000000
103771  39.343  29.375  9.664 0.0000000000
103770  40.316  29.431  9.894 0.0000000000
103784  41.199  29.555  9.150 0.0000000000
97848  42.159  23.593  15.948 0.0000000000
97849  41.552  23.271  16.293 0.0000000000
96851  41.398  22.241  15.573 0.0000000000
103806  50.161  29.233  5.988 0.0000000000
103807  49.505  29.404  6.463 0.0000000000
103825  48.691  29.535  5.908 0.0000000000
103839  46.996  29.271  5.623 0.0000000000
102962  45.764  28.580  4.180 0.0000000000
98935  42.359  24.431  8.133 0.0000000000
98950  42.484  24.399  7.126 0.0000000000
98960  42.582  24.542  6.251 0.0000000000
93857  42.902  19.851  -2.378 0.0000000000
94969  42.700  20.793  -2.440 0.0000000000
93858  42.523  20.334  -2.329 0.0000000000
94970  42.166  20.812  -2.366 0.0000000000
94958  41.619  20.797  -1.850 0.0000000000
96005  41.365  21.458  -1.592 0.0000000000
92621  40.016  18.987  -0.210 0.0000000000
91402  39.876  17.997  0.451 0.0000000000
91417  40.091  18.586  -0.138 0.0000000000
90236  40.238  15.954  1.173 0.0000000000
95806  37.584  21.024  16.952 0.0000000000
95814  38.191  21.011  15.873 0.0000000000
94733  37.790  20.799  15.988 0.0000000000
100844  51.588  26.557  9.387 0.0000000000
100870  51.274  26.892  7.637 0.0000000000
100871  50.519  26.843  7.730 0.0000000000
94907  41.011  20.191  2.411 0.0000000000
92603  44.340  19.021  -0.391 0.0000000000
91426  44.032  18.067  -1.201 0.0000000000
98860  45.215  24.561  14.993 0.0000000000
96860  43.461  22.598  13.866 0.0000000000
96859  43.944  22.855  13.622 0.0000000000
96866  43.437  22.308  12.967 0.0000000000
96873  43.025  22.670  12.363 0.0000000000
98924  40.449  24.234  9.235 0.0000000000
94754  38.932  20.175  14.062 0.0000000000
94765  38.930  20.296  13.534 0.0000000000
94774  38.860  20.610  12.438 0.0000000000
94780  38.152  20.835  11.511 0.0000000000
93668  38.566  19.915  9.057 0.0000000000
94811  38.745  20.790  8.724 0.0000000000
95874  39.474  21.704  8.617 0.0000000000
95892  39.638  21.404  7.620 0.0000000000
94842  40.098  20.965  6.072 0.0000000000
94863  39.764  20.339  5.830 0.0000000000
93738  39.756  19.803  5.706 0.0000000000
92529  40.473  18.886  5.498 0.0000000000
91347  42.181  17.779  5.815 0.0000000000
92525  44.020  18.641  5.399 0.0000000000
103779  47.180  29.227  9.153 0.0000000000
102882  47.824  28.769  9.557 0.0000000000
103765  46.487  29.309  10.002 0.0000000000
102865  45.836  29.027  10.720 0.0000000000
102883  44.301  28.831  9.624 0.0000000000
102899  43.581  28.974  8.677 0.0000000000
102964  42.515  27.705  4.720 0.0000000000
102965  42.260  27.587  4.738 0.0000000000
101910  42.124  27.376  4.381 0.0000000000
101911  41.270  27.329  4.306 0.0000000000
101912  40.836  27.072  4.236 0.0000000000
99979  39.575  25.111  3.285 0.0000000000
98876  47.142  24.045  13.277 0.0000000000
98882  47.295  24.326  12.251 0.0000000000
98891  47.125  24.706  11.527 0.0000000000
98906  47.558  25.170  10.963 0.0000000000
99941  45.133  26.050  8.285 0.0000000000
100862  45.770  26.464  8.519 0.0000000000
101870  47.587  27.320  7.056 0.0000000000
100885  46.615  27.350  6.092 0.0000000000
97987  41.838  22.915  2.283 0.0000000000
99014  44.327  24.841  -0.715 0.0000000000
100009  44.457  25.465  0.171 0.0000000000
100008  45.000  25.910  0.846 0.0000000000
100936  45.157  26.383  1.020 0.0000000000
101942  45.138  27.167  1.391 0.0000000000
101943  44.289  27.431  1.448 0.0000000000
100951  43.068  26.431  0.485 0.0000000000
100011  42.637  25.755  0.198 0.0000000000
96984  40.636  22.377  0.426 0.0000000000
96985  40.146  21.872  0.782 0.0000000000
96977  40.004  22.358  1.294 0.0000000000
95967  39.398  21.680  2.517 0.0000000000
99887  50.275  26.079  11.105 0.0000000000
103786  39.214  29.033  8.964 0.0000000000
100877  40.005  26.768  7.010 0.0000000000
97862  43.072  23.193  14.676 0.0000000000
96854  43.199  22.868  14.361 0.0000000000
96861  42.439  22.033  13.701 0.0000000000
95834  42.023  21.954  13.314 0.0000000000
96869  41.172  22.224  12.172 0.0000000000
93649  37.810  19.266  11.366 0.0000000000
92441  37.893  18.934  10.738 0.0000000000
92440  38.750  18.306  10.272 0.0000000000
92477  39.761  18.836  7.999 0.0000000000
92492  40.309  18.437  7.175 0.0000000000
102881  48.820  28.541  9.333 0.0000000000
102911  49.279  29.157  7.454 0.0000000000
102912  48.541  29.206  7.687 0.0000000000
103811  45.395  29.463  7.802 0.0000000000
103829  45.017  29.259  7.331 0.0000000000
102928  44.843  29.024  6.528 0.0000000000
101897  43.735  27.999  4.584 0.0000000000
101909  43.050  27.552  4.291 0.0000000000
101922  42.411  27.069  3.452 0.0000000000
101934  42.041  27.041  2.887 0.0000000000
98909  44.886  24.857  10.534 0.0000000000
98908  45.884  24.908  10.763 0.0000000000
99922  44.920  25.481  9.721 0.0000000000
99942  44.533  25.711  7.695 0.0000000000
99950  44.379  25.756  6.751 0.0000000000
99957  44.509  25.785  5.792 0.0000000000
95993  42.430  21.668  -1.153 0.0000000000
96992  42.849  22.608  -0.628 0.0000000000
97002  42.972  22.325  -1.416 0.0000000000
98019  43.545  23.516  -1.480 0.0000000000
96015  42.947  21.578  -2.465 0.0000000000
97013  43.163  22.447  -2.294 0.0000000000
98032  43.470  23.313  -2.088 0.0000000000
99043  43.382  23.706  -2.134 0.0000000000
99033  43.029  24.303  -1.820 0.0000000000
99025  42.620  24.520  -1.202 0.0000000000
99034  42.421  23.940  -1.491 0.0000000000
98012  41.807  23.330  -1.342 0.0000000000
96993  41.409  22.547  -0.916 0.0000000000
96006  40.754  21.350  -0.976 0.0000000000
95995  40.414  21.426  -0.241 0.0000000000
92589  39.273  18.640  1.667 0.0000000000
91378  38.991  17.688  2.048 0.0000000000
130804  39.573  17.051  1.978 0.0000000000
96840  39.720  22.208  17.346 0.0000000000
95803  40.042  21.791  16.475 0.0000000000
94743  39.230  20.455  15.134 0.0000000000
93606  38.905  20.110  14.564 0.0000000000
102879  50.905  27.791  8.905 0.0000000000
102895  51.062  28.102  8.232 0.0000000000
101865  51.545  27.549  7.628 0.0000000000
102909  51.503  28.183  7.298 0.0000000000
102926  50.537  28.733  5.962 0.0000000000
103823  50.066  29.093  5.301 0.0000000000
103849  48.934  29.042  4.740 0.0000000000
97963  40.953  22.973  5.635 0.0000000000
97962  41.364  23.328  5.414 0.0000000000
96967  41.364  22.251  2.740 0.0000000000
96975  41.749  22.334  1.785 0.0000000000
95974  42.088  21.910  0.434 0.0000000000
93813  41.846  19.288  0.836 0.0000000000
93812  42.307  19.641  0.104 0.0000000000
94945  42.096  20.837  -0.320 0.0000000000
95994  42.206  21.221  -0.539 0.0000000000
94957  42.742  21.119  -1.583 0.0000000000
94956  43.212  20.677  -1.895 0.0000000000
93856  43.300  19.897  -2.168 0.0000000000
92648  43.233  19.542  -2.247 0.0000000000
92634  42.796  19.209  -2.029 0.0000000000
91429  42.408  18.746  -1.369 0.0000000000
90250  42.117  15.956  0.002 0.0000000000
98867  47.297  24.590  14.082 0.0000000000
99856  44.595  24.950  15.612 0.0000000000
98869  44.886  24.079  14.441 0.0000000000
97868  44.366  23.232  13.495 0.0000000000
97874  45.239  23.726  12.431 0.0000000000
97883  45.326  24.035  11.753 0.0000000000
98894  44.699  24.206  11.228 0.0000000000
98910  43.819  24.436  10.699 0.0000000000
99924  42.968  25.096  9.501 0.0000000000
97924  41.621  23.745  7.784 0.0000000000
95811  40.958  21.653  15.315 0.0000000000
95819  41.110  21.374  14.701 0.0000000000
94763  40.664  21.040  13.531 0.0000000000
94762  41.130  21.264  13.585 0.0000000000
95828  40.983  21.464  13.148 0.0000000000
96876  40.565  22.418  11.598 0.0000000000
95851  37.988  21.837  11.052 0.0000000000
95852  38.324  22.089  11.377 0.0000000000
96878  39.182  21.994  11.271 0.0000000000
96884  39.481  22.401  10.825 0.0000000000
97888  40.431  22.719  11.042 0.0000000000
97898  40.101  22.990  10.450 0.0000000000
98925  39.904  24.199  9.336 0.0000000000
98938  39.888  24.277  8.828 0.0000000000
96899  39.894  22.751  8.316 0.0000000000
97954  40.939  23.102  6.123 0.0000000000
96941  40.705  22.442  5.653 0.0000000000
96952  40.780  21.887  4.829 0.0000000000
95945  40.436  21.063  4.679 0.0000000000
94862  40.148  20.702  5.373 0.0000000000
93770  40.800  19.074  3.433 0.0000000000
92576  41.850  18.701  2.648 0.0000000000
92507  40.108  18.982  6.297 0.0000000000
92528  40.932  18.267  5.242 0.0000000000
91360  41.879  17.799  5.247 0.0000000000
91361  41.444  17.907  5.010 0.0000000000
92549  41.208  18.339  4.558 0.0000000000
92563  42.488  18.329  3.435 0.0000000000
96839  39.975  22.847  17.723 0.0000000000
95797  38.398  21.569  17.537 0.0000000000
95782  38.906  21.292  19.321 0.0000000000
95789  38.519  21.426  18.552 0.0000000000
95798  37.718  21.214  17.473 0.0000000000
94709  37.009  20.233  19.406 0.0000000000
94719  36.517  20.195  18.598 0.0000000000
102822  45.547  28.212  12.699 0.0000000000
102823  44.380  28.195  12.174 0.0000000000
103783  41.849  29.324  9.578 0.0000000000
101847  42.617  29.244  8.897 0.0000000000
101871  40.450  27.296  6.904 0.0000000000
102948  42.092  27.726  5.221 0.0000000000
102949  41.636  27.728  5.520 0.0000000000
102931  41.363  27.856  6.203 0.0000000000
100888  40.176  26.848  6.272 0.0000000000
99960  39.386  25.732  5.339 0.0000000000
99970  39.662  25.805  4.273 0.0000000000
98880  48.770  25.063  13.186 0.0000000000
100809  49.295  25.951  12.106 0.0000000000
99888  50.011  25.822  11.037 0.0000000000
99901  49.886  25.684  10.532 0.0000000000
99904  47.172  25.520  10.362 0.0000000000
99903  48.009  25.457  10.386 0.0000000000
99918  48.646  25.855  9.852 0.0000000000
99917  49.694  25.845  9.908 0.0000000000
100858  50.014  26.643  8.529 0.0000000000
100872  49.477  27.022  7.913 0.0000000000
101868  49.933  27.397  7.147 0.0000000000
101880  49.467  27.580  6.281 0.0000000000
101892  49.140  28.051  5.577 0.0000000000
102959  49.060  28.849  4.731 0.0000000000
102960  48.044  28.718  4.542 0.0000000000
98970  42.780  24.681  5.258 0.0000000000
98982  42.798  24.644  4.158 0.0000000000
98969  43.219  25.075  5.390 0.0000000000
99959  43.232  25.198  4.989 0.0000000000
99966  44.644  25.891  4.689 0.0000000000
99007  43.088  24.193  1.008 0.0000000000
99000  43.568  24.798  1.474 0.0000000000
99977  44.019  25.551  2.871 0.0000000000
101907  46.494  27.366  4.300 0.0000000000
100903  46.267  27.035  3.776 0.0000000000
101906  46.880  27.924  4.246 0.0000000000
101920  44.597  27.774  3.124 0.0000000000
101932  43.879  27.887  2.269 0.0000000000
100927  42.065  26.912  2.257 0.0000000000
100020  42.496  24.751  -0.760 0.0000000000
100012  42.199  24.997  -0.123 0.0000000000
98004  40.820  23.486  0.490 0.0000000000
100001  41.656  25.593  1.179 0.0000000000
99989  41.298  26.102  2.021 0.0000000000
97980  39.131  23.914  2.970 0.0000000000
96969  39.043  22.915  2.634 0.0000000000
97989  38.870  23.118  2.781 0.0000000000
90228  38.928  17.562  2.250 0.0000000000
91379  38.776  17.860  2.349 0.0000000000
92527  42.264  17.827  5.251 0.0000000000
93619  38.921  20.149  14.297 0.0000000000
93737  40.044  19.397  5.634 0.0000000000
93757  39.916  19.701  5.361 0.0000000000
93785  40.692  19.407  3.376 0.0000000000
93843  42.691  19.609  -2.154 0.0000000000
93845  41.346  20.266  -1.565 0.0000000000
94751  41.176  20.954  13.908 0.0000000000
94896  39.479  21.243  2.899 0.0000000000
95838  39.227  21.038  12.233 0.0000000000
95846  38.470  21.892  11.418 0.0000000000
96846  39.971  21.870  16.868 0.0000000000
96862  41.962  21.959  13.911 0.0000000000
96877  39.867  22.193  11.374 0.0000000000
96879  38.609  22.018  11.327 0.0000000000
96883  40.118  22.478  10.997 0.0000000000
96885  38.575  22.357  11.000 0.0000000000
96886  38.484  22.224  11.241 0.0000000000
96940  41.006  22.867  5.399 0.0000000000
96960  39.209  22.126  2.710 0.0000000000
96994  40.918  21.999  -0.542 0.0000000000
97846  39.938  23.686  16.961 0.0000000000
97850  40.716  23.365  16.782 0.0000000000
97851  40.087  23.874  16.775 0.0000000000
97872  46.713  24.160  12.273 0.0000000000
97911  40.289  23.786  9.735 0.0000000000
97913  38.699  22.974  10.102 0.0000000000
97940  42.110  24.054  7.080 0.0000000000
98011  42.942  23.134  -0.130 0.0000000000
98034  42.685  22.829  -2.405 0.0000000000
98856  39.764  24.133  16.760 0.0000000000
98861  44.217  24.245  15.073 0.0000000000
98870  44.378  23.869  14.588 0.0000000000
98893  45.500  24.398  11.209 0.0000000000
98920  44.488  25.141  10.053 0.0000000000
99003  39.513  24.357  2.769 0.0000000000
99016  43.568  24.126  0.406 0.0000000000
99023  44.209  24.760  -1.314 0.0000000000
99032  43.642  24.287  -1.664 0.0000000000
99044  43.231  23.901  -2.169 0.0000000000
99879  49.195  25.404  11.552 0.0000000000
99890  49.066  25.154  11.505 0.0000000000
99899  51.313  26.031  10.341 0.0000000000
99900  50.710  25.939  10.548 0.0000000000
99907  43.868  24.882  10.171 0.0000000000
99975  45.469  26.497  3.009 0.0000000000
100025  44.232  24.995  -1.395 0.0000000000
100026  44.035  25.054  -1.545 0.0000000000
100810  49.006  25.448  11.751 0.0000000000
100811  49.118  25.130  11.726 0.0000000000
100825  49.743  26.246  11.570 0.0000000000
100826  49.313  25.766  11.527 0.0000000000
100827  49.076  25.402  11.513 0.0000000000
100850  45.776  26.262  9.082 0.0000000000
100859  48.961  26.651  8.540 0.0000000000
100869  51.480  27.163  7.663 0.0000000000
100897  39.906  26.195  5.854 0.0000000000
100905  42.630  27.059  4.092 0.0000000000
100916  43.003  27.049  3.924 0.0000000000
100917  42.723  26.986  3.724 0.0000000000
100919  40.726  26.598  3.819 0.0000000000
101848  42.387  29.334  8.982 0.0000000000
101855  51.204  27.685  8.740 0.0000000000
101858  42.390  29.208  8.724 0.0000000000
101859  42.181  29.320  8.799 0.0000000000
101867  50.813  27.328  7.094 0.0000000000
101889  51.209  27.963  6.217 0.0000000000
101890  50.752  27.922  5.848 0.0000000000
102898  44.102  28.871  9.026 0.0000000000
102902  39.983  28.479  8.241 0.0000000000
102917  40.515  28.075  7.741 0.0000000000
102939  50.830  28.251  5.928 0.0000000000
102941  49.633  28.604  5.165 0.0000000000
102942  49.029  28.515  4.994 0.0000000000
102943  48.445  28.514  4.797 0.0000000000
102958  49.668  28.923  4.606 0.0000000000
102974  45.765  28.271  3.444 0.0000000000
103797  43.948  29.198  8.247 0.0000000000
103812  44.574  29.352  7.915 0.0000000000
103835  49.974  29.008  4.586 0.0000000000
103836  49.599  29.143  4.823 0.0000000000
103840  46.211  29.331  6.133 0.0000000000
103847  49.974  28.985  4.283 0.0000000000
103848  49.727  28.990  4.475 0.0000000000
103851  47.354  29.314  4.821 0.0000000000
130801  39.369  17.026  2.206 0.0000000000
