#!ascii label  , from subject 3759 vox2ras=TkReg
1502
70252  49.710  -0.551  27.389 0.0000000000
46320  36.028  -19.693  42.030 0.0000000000
43062  26.332  -23.096  44.245 0.0000000000
38271  21.027  -27.327  44.374 0.0000000000
45200  32.025  -21.376  48.250 0.0000000000
39451  32.189  -27.080  44.379 0.0000000000
62976  44.199  -5.725  29.600 0.0000000000
76221  55.606  5.231  23.528 0.0000000000
62885  44.388  -6.860  36.515 0.0000000000
51049  36.626  -16.627  34.235 0.0000000000
43177  33.998  -23.673  36.572 0.0000000000
45220  25.248  -21.626  48.184 0.0000000000
41886  23.225  -24.375  44.754 0.0000000000
41823  22.876  -24.790  49.561 0.0000000000
41835  28.661  -24.439  47.768 0.0000000000
66391  48.374  -3.237  36.271 0.0000000000
50822  37.941  -16.863  43.877 0.0000000000
49736  40.692  -17.019  41.394 0.0000000000
52185  42.175  -15.476  37.976 0.0000000000
48615  36.651  -18.270  38.599 0.0000000000
47483  32.250  -19.268  34.353 0.0000000000
46354  32.250  -20.322  38.567 0.0000000000
37089  31.366  -27.897  42.114 0.0000000000
37068  34.883  -28.214  41.905 0.0000000000
72660  52.329  1.893  25.185 0.0000000000
72683  55.237  1.612  22.516 0.0000000000
40729  27.642  -25.070  40.846 0.0000000000
41970  23.643  -24.405  39.815 0.0000000000
44156  34.947  -20.769  45.677 0.0000000000
45313  30.716  -21.966  42.612 0.0000000000
41860  30.347  -24.448  46.346 0.0000000000
38270  28.889  -27.056  45.104 0.0000000000
65350  47.730  -3.825  29.245 0.0000000000
38202  20.379  -27.337  50.447 0.0000000000
35831  18.183  -28.958  45.510 0.0000000000
73798  52.647  2.055  28.032 0.0000000000
70204  50.292  -0.791  30.673 0.0000000000
65304  48.272  -4.052  32.413 0.0000000000
64108  43.746  -6.115  33.339 0.0000000000
58222  41.829  -10.810  32.038 0.0000000000
58110  45.204  -10.433  39.072 0.0000000000
54639  41.913  -13.257  34.739 0.0000000000
53516  37.713  -14.700  30.505 0.0000000000
48788  33.067  -18.227  29.975 0.0000000000
41941  32.927  -25.269  40.230 0.0000000000
44087  24.532  -21.625  50.280 0.0000000000
42994  23.759  -23.096  48.728 0.0000000000
44076  23.502  -22.931  51.083 0.0000000000
46242  26.976  -20.656  49.082 0.0000000000
47325  38.205  -19.197  43.710 0.0000000000
47352  38.973  -18.576  41.935 0.0000000000
48574  39.267  -17.737  40.114 0.0000000000
47397  36.239  -18.972  40.068 0.0000000000
47431  34.376  -19.114  38.476 0.0000000000
47386  34.185  -19.618  40.703 0.0000000000
39545  30.397  -26.822  39.641 0.0000000000
37099  31.934  -28.276  40.669 0.0000000000
71469  51.172  1.158  26.040 0.0000000000
71512  51.487  0.553  23.907 0.0000000000
70309  50.134  -0.900  24.758 0.0000000000
41910  27.442  -24.718  42.834 0.0000000000
41968  25.734  -24.386  39.563 0.0000000000
41925  25.275  -23.795  41.597 0.0000000000
39456  21.930  -26.251  44.088 0.0000000000
40710  21.679  -25.849  41.811 0.0000000000
39515  20.708  -26.953  41.825 0.0000000000
37074  19.154  -28.251  42.451 0.0000000000
47286  35.398  -18.901  46.868 0.0000000000
45215  33.440  -21.185  47.443 0.0000000000
44176  32.647  -21.881  46.185 0.0000000000
43004  31.445  -23.160  47.877 0.0000000000
43032  27.739  -23.492  46.217 0.0000000000
39431  28.720  -26.199  46.888 0.0000000000
40675  28.201  -25.294  44.152 0.0000000000
39489  28.691  -26.192  43.113 0.0000000000
64170  45.721  -5.513  29.833 0.0000000000
64203  46.788  -5.553  27.689 0.0000000000
62992  45.535  -6.579  28.793 0.0000000000
35797  15.969  -28.986  47.679 0.0000000000
67660  49.065  -2.331  31.932 0.0000000000
66428  49.603  -2.862  33.921 0.0000000000
65233  45.235  -4.186  37.018 0.0000000000
64077  45.797  -4.609  34.851 0.0000000000
62907  43.973  -6.734  35.122 0.0000000000
60640  42.812  -8.130  32.976 0.0000000000
59393  42.946  -9.235  34.131 0.0000000000
51005  39.413  -15.843  36.343 0.0000000000
53399  42.226  -14.202  36.686 0.0000000000
53442  39.536  -14.797  34.315 0.0000000000
53481  39.667  -14.193  32.380 0.0000000000
52275  37.467  -15.576  32.775 0.0000000000
51123  35.555  -16.188  30.554 0.0000000000
49891  34.453  -17.401  32.245 0.0000000000
46429  32.459  -21.054  32.918 0.0000000000
41909  30.454  -24.796  42.930 0.0000000000
43111  30.554  -23.850  41.146 0.0000000000
40684  32.799  -26.081  42.328 0.0000000000
39505  36.311  -27.396  41.021 0.0000000000
78714  56.679  5.995  20.062 0.0000000000
76232  56.484  5.027  21.621 0.0000000000
45244  25.849  -21.688  46.317 0.0000000000
43064  24.494  -23.412  44.225 0.0000000000
43020  24.183  -22.831  46.770 0.0000000000
41851  22.762  -24.758  47.022 0.0000000000
39416  22.107  -26.144  47.482 0.0000000000
46226  30.207  -20.601  49.161 0.0000000000
42979  30.244  -22.693  48.976 0.0000000000
45201  28.768  -21.463  48.671 0.0000000000
44131  27.603  -22.346  47.452 0.0000000000
68830  49.534  -1.830  35.283 0.0000000000
64035  45.537  -4.975  38.709 0.0000000000
50927  41.581  -16.579  40.066 0.0000000000
50961  39.393  -16.641  38.196 0.0000000000
48652  37.149  -17.699  36.461 0.0000000000
48696  34.831  -17.601  35.011 0.0000000000
47465  34.083  -18.859  36.699 0.0000000000
46383  31.974  -20.081  36.297 0.0000000000
44318  31.643  -22.910  36.459 0.0000000000
37037  32.787  -28.518  44.591 0.0000000000
38283  34.083  -27.605  43.607 0.0000000000
37070  33.419  -28.433  42.580 0.0000000000
75003  54.244  4.014  24.124 0.0000000000
75025  55.246  3.311  22.456 0.0000000000
72685  53.525  1.726  22.800 0.0000000000
41927  23.321  -24.573  41.671 0.0000000000
47318  36.559  -19.607  45.430 0.0000000000
46305  35.526  -20.469  43.655 0.0000000000
46315  33.798  -20.347  42.450 0.0000000000
45278  32.272  -21.440  43.912 0.0000000000
44195  30.306  -23.053  44.416 0.0000000000
40661  30.291  -25.551  44.870 0.0000000000
39397  29.751  -25.646  48.052 0.0000000000
38232  29.912  -26.683  46.098 0.0000000000
37022  31.219  -28.132  45.223 0.0000000000
38287  30.447  -27.706  43.935 0.0000000000
39510  29.421  -25.977  41.407 0.0000000000
67707  48.147  -2.605  28.594 0.0000000000
68976  48.774  -2.039  26.186 0.0000000000
65378  47.471  -4.242  27.156 0.0000000000
38200  22.137  -26.982  50.278 0.0000000000
37006  20.903  -27.811  47.531 0.0000000000
36997  19.676  -28.415  48.393 0.0000000000
37027  19.705  -28.561  45.297 0.0000000000
74990  53.585  3.427  25.658 0.0000000000
73818  52.796  2.450  26.685 0.0000000000
71448  50.742  0.495  28.221 0.0000000000
70222  49.453  -1.020  29.168 0.0000000000
67689  48.743  -2.140  30.241 0.0000000000
65330  48.102  -4.019  30.764 0.0000000000
64132  46.426  -4.826  31.545 0.0000000000
65274  48.323  -4.100  34.545 0.0000000000
65292  46.106  -4.515  33.459 0.0000000000
64134  44.512  -5.158  31.739 0.0000000000
61826  42.345  -7.169  31.113 0.0000000000
58265  41.362  -10.060  30.068 0.0000000000
60599  44.943  -8.611  37.961 0.0000000000
54585  43.839  -12.883  38.283 0.0000000000
56945  43.718  -11.844  37.101 0.0000000000
58173  43.481  -10.650  35.156 0.0000000000
56999  41.797  -12.059  33.533 0.0000000000
54717  40.403  -13.034  31.195 0.0000000000
48736  32.611  -18.691  32.154 0.0000000000
46335  31.910  -20.979  40.765 0.0000000000
44260  30.648  -23.012  39.336 0.0000000000
43133  32.885  -24.258  38.192 0.0000000000
39507  34.630  -26.544  41.587 0.0000000000
40746  35.431  -25.480  39.878 0.0000000000
44088  23.794  -22.374  50.610 0.0000000000
45173  23.697  -21.802  50.586 0.0000000000
46303  37.061  -20.221  42.943 0.0000000000
47338  38.140  -19.181  42.932 0.0000000000
47368  37.478  -19.189  41.587 0.0000000000
47382  37.559  -18.862  40.888 0.0000000000
47384  35.616  -19.392  41.030 0.0000000000
47399  34.917  -19.327  39.846 0.0000000000
46331  35.073  -19.594  41.206 0.0000000000
70267  50.027  0.072  26.780 0.0000000000
70284  50.227  -0.076  25.686 0.0000000000
70268  49.597  -0.616  26.106 0.0000000000
41898  26.821  -23.832  43.229 0.0000000000
41911  26.581  -24.172  42.480 0.0000000000
43088  25.728  -23.452  42.748 0.0000000000
39457  21.606  -26.941  44.704 0.0000000000
39471  21.281  -26.720  43.705 0.0000000000
39472  20.828  -27.046  43.636 0.0000000000
38305  20.262  -27.372  42.557 0.0000000000
38291  20.379  -27.565  43.742 0.0000000000
47271  31.842  -19.775  48.691 0.0000000000
46251  32.844  -20.253  47.981 0.0000000000
46261  33.497  -20.146  47.552 0.0000000000
44126  32.719  -21.287  47.822 0.0000000000
44141  32.858  -22.013  47.222 0.0000000000
44115  31.726  -21.781  48.203 0.0000000000
43047  27.392  -23.648  45.244 0.0000000000
41873  27.987  -24.416  45.548 0.0000000000
41885  27.760  -24.437  44.646 0.0000000000
62974  45.792  -5.936  29.077 0.0000000000
62993  44.856  -6.570  28.884 0.0000000000
71356  50.500  -0.119  33.143 0.0000000000
68857  50.069  -1.653  33.495 0.0000000000
68841  50.023  -1.467  33.971 0.0000000000
64049  44.623  -5.538  36.914 0.0000000000
64063  44.747  -5.303  35.926 0.0000000000
62897  44.162  -6.846  35.908 0.0000000000
61801  43.771  -7.590  34.758 0.0000000000
60623  43.890  -8.270  35.140 0.0000000000
51029  38.252  -16.369  35.622 0.0000000000
52223  39.782  -15.298  35.570 0.0000000000
52240  38.183  -15.622  34.343 0.0000000000
52256  38.604  -15.187  33.847 0.0000000000
51066  37.169  -15.929  33.403 0.0000000000
51086  35.881  -16.435  32.683 0.0000000000
51068  35.910  -16.692  33.401 0.0000000000
40672  31.342  -25.972  43.329 0.0000000000
41908  31.057  -25.283  42.436 0.0000000000
39485  32.848  -26.529  43.100 0.0000000000
77415  56.556  5.494  21.577 0.0000000000
76233  56.146  4.940  22.178 0.0000000000
45232  25.301  -21.529  47.277 0.0000000000
44164  24.720  -22.053  46.052 0.0000000000
44148  24.470  -22.096  47.290 0.0000000000
42995  23.343  -23.962  49.129 0.0000000000
43008  23.379  -23.693  48.180 0.0000000000
41838  22.643  -24.869  47.760 0.0000000000
40627  22.492  -25.353  47.392 0.0000000000
40613  22.513  -25.490  48.202 0.0000000000
47261  28.762  -20.074  49.447 0.0000000000
45168  29.234  -21.151  49.044 0.0000000000
46228  28.504  -20.470  49.114 0.0000000000
45204  26.289  -21.256  48.661 0.0000000000
45203  27.264  -21.190  48.473 0.0000000000
45219  25.999  -21.487  47.999 0.0000000000
45231  26.602  -21.883  47.089 0.0000000000
50866  40.148  -16.496  41.699 0.0000000000
52089  40.626  -15.473  41.545 0.0000000000
50886  41.758  -15.587  41.217 0.0000000000
52124  42.696  -15.410  40.928 0.0000000000
50909  41.480  -16.507  40.771 0.0000000000
48595  37.574  -18.238  39.454 0.0000000000
49779  39.031  -17.207  39.204 0.0000000000
48613  38.228  -17.538  38.550 0.0000000000
49808  37.940  -17.505  37.394 0.0000000000
48631  36.579  -18.068  37.409 0.0000000000
48654  35.679  -18.273  36.636 0.0000000000
48632  35.754  -18.405  37.785 0.0000000000
46353  33.020  -19.778  38.313 0.0000000000
47433  32.918  -19.484  37.327 0.0000000000
46369  32.336  -20.092  37.336 0.0000000000
46384  31.460  -20.710  36.464 0.0000000000
45370  30.749  -21.886  37.839 0.0000000000
37072  31.620  -27.822  42.845 0.0000000000
37055  33.152  -28.433  43.575 0.0000000000
37088  31.786  -28.061  41.749 0.0000000000
73844  53.020  2.786  24.499 0.0000000000
75014  53.810  3.347  23.497 0.0000000000
72672  52.418  1.731  23.998 0.0000000000
70329  52.405  -0.034  23.283 0.0000000000
41944  27.968  -24.523  39.687 0.0000000000
41967  26.680  -24.585  39.388 0.0000000000
43065  23.662  -23.864  44.030 0.0000000000
43090  23.817  -23.808  42.519 0.0000000000
43091  23.385  -24.231  42.959 0.0000000000
39533  21.150  -26.352  40.321 0.0000000000
40733  21.697  -25.823  40.673 0.0000000000
46268  35.415  -20.208  46.349 0.0000000000
47309  36.113  -19.472  46.074 0.0000000000
46286  36.104  -20.272  45.117 0.0000000000
46285  36.941  -20.052  44.642 0.0000000000
46296  35.560  -20.480  44.533 0.0000000000
45264  34.827  -20.496  44.082 0.0000000000
45254  33.948  -21.247  45.356 0.0000000000
44160  31.530  -22.868  46.258 0.0000000000
44193  31.568  -22.203  45.061 0.0000000000
43046  30.452  -23.653  45.571 0.0000000000
43060  30.078  -23.685  44.710 0.0000000000
40650  30.130  -25.274  45.914 0.0000000000
40573  29.438  -23.886  48.465 0.0000000000
40591  30.014  -24.081  48.647 0.0000000000
40609  29.301  -25.237  48.142 0.0000000000
38251  29.002  -26.578  46.062 0.0000000000
38233  29.408  -26.412  46.608 0.0000000000
38250  29.714  -27.224  45.600 0.0000000000
38249  30.479  -27.356  45.427 0.0000000000
37041  30.098  -27.830  45.056 0.0000000000
37058  30.874  -28.231  44.376 0.0000000000
38288  29.642  -27.361  44.116 0.0000000000
40706  27.801  -25.371  41.581 0.0000000000
39511  28.553  -25.910  41.987 0.0000000000
40705  28.441  -25.410  41.198 0.0000000000
66499  47.915  -3.211  29.091 0.0000000000
67708  47.702  -2.816  27.935 0.0000000000
65365  47.206  -4.164  28.296 0.0000000000
64202  47.252  -5.225  27.293 0.0000000000
36972  21.746  -27.393  50.065 0.0000000000
38209  21.482  -27.337  49.024 0.0000000000
36995  21.082  -27.669  48.744 0.0000000000
35780  17.769  -28.568  48.395 0.0000000000
35795  18.492  -28.574  47.715 0.0000000000
35810  19.371  -28.484  46.937 0.0000000000
35830  19.300  -28.722  45.654 0.0000000000
35848  18.833  -28.994  44.436 0.0000000000
35849  17.743  -29.161  44.446 0.0000000000
76197  54.695  5.184  25.433 0.0000000000
73806  53.201  2.884  27.127 0.0000000000
73807  52.783  2.335  27.495 0.0000000000
72626  51.863  1.538  27.592 0.0000000000
72618  51.990  1.529  28.246 0.0000000000
70203  50.954  -0.156  30.037 0.0000000000
70220  50.855  0.207  29.080 0.0000000000
70221  50.088  -0.574  29.473 0.0000000000
68938  49.062  -1.680  29.500 0.0000000000
68917  49.133  -1.710  30.637 0.0000000000
66456  48.983  -2.983  32.512 0.0000000000
66457  48.529  -3.317  31.910 0.0000000000
64131  47.303  -4.712  31.128 0.0000000000
64115  47.255  -4.601  32.185 0.0000000000
66401  49.220  -2.634  35.634 0.0000000000
66402  49.352  -2.864  35.353 0.0000000000
65258  48.206  -3.736  35.524 0.0000000000
64093  45.186  -4.844  34.183 0.0000000000
64092  46.413  -4.454  34.076 0.0000000000
64106  44.911  -4.841  33.274 0.0000000000
64117  45.025  -4.787  32.450 0.0000000000
64118  44.276  -5.250  32.657 0.0000000000
62943  42.816  -6.091  31.134 0.0000000000
62934  43.130  -6.366  32.281 0.0000000000
59410  42.350  -9.446  32.505 0.0000000000
59431  42.068  -9.234  31.562 0.0000000000
58244  41.605  -10.303  31.255 0.0000000000
57069  40.655  -11.529  30.105 0.0000000000
59344  45.101  -9.311  38.442 0.0000000000
53350  43.124  -14.524  39.235 0.0000000000
54575  43.806  -13.641  39.455 0.0000000000
53382  43.098  -13.996  38.304 0.0000000000
54621  42.043  -13.507  35.253 0.0000000000
54610  42.873  -13.031  36.784 0.0000000000
55753  42.689  -12.565  35.814 0.0000000000
58155  43.829  -10.635  35.987 0.0000000000
56975  42.920  -11.636  35.054 0.0000000000
56998  42.382  -11.643  34.106 0.0000000000
55791  41.539  -12.903  33.970 0.0000000000
53498  38.417  -14.594  31.519 0.0000000000
54681  40.303  -13.614  32.307 0.0000000000
53497  39.307  -13.928  31.108 0.0000000000
54719  39.189  -13.500  30.051 0.0000000000
53530  37.573  -14.564  29.371 0.0000000000
53531  36.939  -14.997  29.271 0.0000000000
49928  33.966  -16.934  29.984 0.0000000000
51152  34.320  -16.724  28.495 0.0000000000
48697  33.791  -17.948  34.512 0.0000000000
48716  33.369  -18.196  33.518 0.0000000000
47499  32.290  -19.214  33.484 0.0000000000
45471  32.643  -21.136  31.697 0.0000000000
45294  32.169  -20.947  42.881 0.0000000000
46324  32.861  -20.742  41.582 0.0000000000
44234  30.727  -22.008  41.165 0.0000000000
41942  31.839  -25.186  40.771 0.0000000000
43119  31.102  -23.992  40.086 0.0000000000
41964  32.170  -24.665  39.636 0.0000000000
43134  31.586  -23.932  38.592 0.0000000000
41987  32.660  -24.429  38.937 0.0000000000
38300  34.587  -27.904  42.779 0.0000000000
39483  34.609  -27.044  42.692 0.0000000000
38299  35.032  -27.603  42.115 0.0000000000
39529  35.801  -26.589  40.776 0.0000000000
41960  35.374  -25.133  38.807 0.0000000000
73865  55.701  2.403  22.289 0.0000000000
75024  56.279  3.351  22.075 0.0000000000
67766  49.470  -2.793  25.387 0.0000000000
45189  25.466  -21.308  49.448 0.0000000000
44132  24.743  -21.881  48.683 0.0000000000
44119  24.710  -21.839  49.420 0.0000000000
42982  23.618  -23.283  49.607 0.0000000000
42983  23.230  -24.158  49.977 0.0000000000
45170  25.977  -20.840  49.484 0.0000000000
48483  38.234  -18.091  44.153 0.0000000000
50847  38.461  -16.852  43.186 0.0000000000
49721  38.812  -17.622  42.973 0.0000000000
48518  39.459  -18.050  42.217 0.0000000000
47351  39.452  -18.307  41.633 0.0000000000
49750  40.562  -17.506  40.984 0.0000000000
48555  38.834  -18.386  41.097 0.0000000000
48576  37.578  -18.592  40.325 0.0000000000
48596  36.670  -18.645  39.787 0.0000000000
48633  34.960  -18.649  38.174 0.0000000000
48617  35.028  -18.781  39.184 0.0000000000
47414  34.001  -19.569  38.986 0.0000000000
46342  33.122  -19.778  39.433 0.0000000000
39531  30.631  -27.104  40.681 0.0000000000
38327  31.755  -27.842  41.077 0.0000000000
38335  30.945  -27.702  39.790 0.0000000000
72646  51.814  1.490  25.645 0.0000000000
72673  51.801  1.067  24.075 0.0000000000
71497  51.125  0.405  24.583 0.0000000000
70308  50.721  -0.409  24.475 0.0000000000
40707  27.186  -25.134  41.775 0.0000000000
41946  26.736  -24.649  40.634 0.0000000000
41924  26.271  -24.373  41.404 0.0000000000
41947  25.544  -24.223  40.579 0.0000000000
41948  24.423  -24.141  40.645 0.0000000000
41900  22.561  -25.234  44.022 0.0000000000
40676  22.691  -25.061  42.819 0.0000000000
39470  21.892  -26.154  43.148 0.0000000000
39493  21.441  -26.406  42.481 0.0000000000
37090  19.084  -28.265  41.340 0.0000000000
46259  34.365  -20.440  47.158 0.0000000000
45227  34.460  -21.035  46.575 0.0000000000
45241  33.726  -21.660  46.312 0.0000000000
44157  33.449  -21.996  46.849 0.0000000000
44143  31.749  -22.610  46.826 0.0000000000
43017  31.401  -23.287  47.066 0.0000000000
41848  28.427  -24.191  47.341 0.0000000000
40625  28.453  -25.549  47.851 0.0000000000
40640  28.403  -25.436  46.660 0.0000000000
40662  28.516  -25.752  45.358 0.0000000000
39468  28.496  -26.258  44.259 0.0000000000
38289  28.981  -27.052  44.207 0.0000000000
40687  28.417  -25.883  43.586 0.0000000000
39490  27.983  -25.402  42.414 0.0000000000
64150  47.007  -4.786  29.946 0.0000000000
64168  47.028  -5.028  28.878 0.0000000000
64169  46.327  -5.486  29.218 0.0000000000
62991  46.150  -6.336  28.485 0.0000000000
36987  16.638  -28.552  48.538 0.0000000000
37016  16.865  -28.636  46.824 0.0000000000
35832  17.068  -28.915  45.445 0.0000000000
35833  16.004  -29.269  45.389 0.0000000000
70181  50.263  -0.942  31.771 0.0000000000
68892  49.630  -1.533  31.423 0.0000000000
68872  49.889  -1.707  32.497 0.0000000000
67643  49.365  -2.680  32.753 0.0000000000
66430  48.994  -3.582  33.466 0.0000000000
65246  47.256  -3.539  36.191 0.0000000000
65259  47.206  -3.913  35.264 0.0000000000
65261  45.331  -4.716  35.484 0.0000000000
64078  44.866  -5.114  35.128 0.0000000000
62919  43.698  -6.657  34.130 0.0000000000
62930  43.411  -6.659  33.244 0.0000000000
62920  43.358  -7.119  33.727 0.0000000000
60631  43.045  -8.516  33.619 0.0000000000
59394  42.650  -9.598  33.402 0.0000000000
52187  41.126  -15.396  37.209 0.0000000000
53384  41.815  -14.602  37.014 0.0000000000
52204  40.721  -15.268  36.520 0.0000000000
53420  40.564  -14.662  35.114 0.0000000000
53440  40.954  -14.032  34.137 0.0000000000
54658  41.231  -13.570  33.863 0.0000000000
53462  39.370  -14.666  33.603 0.0000000000
53482  38.748  -14.750  32.719 0.0000000000
52295  37.447  -15.144  31.765 0.0000000000
52313  36.358  -15.595  30.416 0.0000000000
51122  36.133  -15.999  31.158 0.0000000000
49909  35.020  -16.656  31.454 0.0000000000
49911  33.698  -17.622  31.522 0.0000000000
46417  31.664  -20.526  34.139 0.0000000000
47484  31.919  -19.855  33.777 0.0000000000
45434  31.791  -21.046  33.752 0.0000000000
45432  33.520  -22.087  33.644 0.0000000000
44372  34.519  -22.681  33.980 0.0000000000
43098  30.426  -23.695  42.332 0.0000000000
44235  30.479  -22.582  41.854 0.0000000000
41923  30.802  -24.605  41.952 0.0000000000
41943  31.092  -24.720  41.244 0.0000000000
40725  32.865  -25.731  40.991 0.0000000000
38314  35.584  -28.126  41.603 0.0000000000
37083  36.429  -28.769  41.327 0.0000000000
78700  56.545  6.162  21.073 0.0000000000
77425  56.951  5.272  20.748 0.0000000000
76263  57.372  4.364  20.555 0.0000000000
43048  26.553  -22.925  45.086 0.0000000000
43063  25.372  -22.995  44.210 0.0000000000
44182  25.134  -22.358  45.367 0.0000000000
43050  24.719  -23.003  45.288 0.0000000000
43051  23.811  -23.635  45.017 0.0000000000
43007  23.900  -22.901  47.762 0.0000000000
41862  23.257  -24.124  46.653 0.0000000000
41875  22.846  -24.889  45.534 0.0000000000
40653  22.419  -25.623  45.370 0.0000000000
39433  22.162  -26.252  46.151 0.0000000000
39445  21.640  -26.859  45.762 0.0000000000
46239  31.306  -20.928  48.620 0.0000000000
44100  30.820  -22.071  48.639 0.0000000000
45184  30.455  -21.718  48.858 0.0000000000
42980  29.757  -22.707  49.000 0.0000000000
42993  28.943  -22.945  48.299 0.0000000000
45186  28.276  -20.853  48.633 0.0000000000
45202  28.215  -21.356  48.423 0.0000000000
43018  28.413  -23.463  47.477 0.0000000000
44145  27.478  -22.656  46.943 0.0000000000
44162  26.956  -22.671  46.170 0.0000000000
62977  43.216  -6.363  29.215 0.0000000000
62994  44.076  -6.527  28.638 0.0000000000
62995  43.478  -6.735  28.485 0.0000000000
70093  49.665  -1.182  34.413 0.0000000000
66357  48.119  -2.789  37.003 0.0000000000
65216  46.862  -3.434  37.445 0.0000000000
65218  45.655  -4.264  37.792 0.0000000000
62872  44.834  -6.485  37.827 0.0000000000
52137  42.603  -15.247  40.195 0.0000000000
50958  41.751  -15.890  38.517 0.0000000000
49777  40.400  -17.179  39.741 0.0000000000
49791  40.882  -16.964  39.238 0.0000000000
50959  40.859  -16.331  38.530 0.0000000000
50981  39.204  -16.450  37.509 0.0000000000
49840  38.019  -16.902  36.302 0.0000000000
49857  37.119  -16.843  35.237 0.0000000000
49859  35.560  -17.362  34.625 0.0000000000
48674  35.612  -17.714  35.591 0.0000000000
48675  34.418  -18.324  35.874 0.0000000000
48676  33.181  -18.633  35.153 0.0000000000
47450  34.217  -18.988  37.543 0.0000000000
47451  33.401  -19.088  37.037 0.0000000000
46400  32.001  -19.739  35.885 0.0000000000
45400  31.433  -21.407  35.561 0.0000000000
44337  31.654  -22.279  35.591 0.0000000000
44317  32.297  -23.260  36.343 0.0000000000
38265  33.167  -27.963  44.696 0.0000000000
38284  33.402  -27.559  44.080 0.0000000000
37036  33.583  -28.167  44.094 0.0000000000
37054  33.993  -28.290  43.291 0.0000000000
37069  34.250  -28.390  42.333 0.0000000000
37087  32.710  -28.275  41.662 0.0000000000
37086  33.655  -28.362  41.556 0.0000000000
76222  54.951  4.286  23.508 0.0000000000
76234  55.468  4.221  22.688 0.0000000000
75013  54.372  3.742  23.211 0.0000000000
73867  53.844  2.749  22.668 0.0000000000
72684  54.366  1.860  22.537 0.0000000000
72671  52.896  1.765  23.229 0.0000000000
71528  53.670  1.059  22.786 0.0000000000
43089  24.878  -23.446  42.494 0.0000000000
43100  23.930  -23.886  41.958 0.0000000000
41949  23.354  -24.574  40.794 0.0000000000
40690  22.717  -24.969  42.025 0.0000000000
40732  22.462  -25.200  40.474 0.0000000000
48484  37.918  -18.534  44.571 0.0000000000
47316  37.997  -19.198  44.331 0.0000000000
46294  37.029  -20.169  43.765 0.0000000000
46313  35.248  -20.350  42.681 0.0000000000
46314  34.291  -20.264  42.472 0.0000000000
45275  34.815  -20.587  43.217 0.0000000000
45277  33.154  -20.843  43.685 0.0000000000
45295  31.266  -21.709  43.201 0.0000000000
45267  32.204  -21.806  44.902 0.0000000000
45279  31.598  -22.046  44.106 0.0000000000
44207  30.899  -22.279  43.641 0.0000000000
43087  30.268  -23.688  43.326 0.0000000000
40673  30.788  -25.787  43.842 0.0000000000
39467  31.233  -26.497  44.287 0.0000000000
42991  31.182  -22.936  48.392 0.0000000000
40623  30.524  -24.459  48.035 0.0000000000
40638  30.145  -25.093  47.033 0.0000000000
39413  29.205  -26.217  47.536 0.0000000000
39412  29.775  -25.804  47.589 0.0000000000
39429  29.923  -25.915  46.486 0.0000000000
39442  30.403  -26.579  45.498 0.0000000000
39441  31.083  -26.969  45.145 0.0000000000
38247  32.320  -27.839  45.312 0.0000000000
35846  31.913  -28.807  45.046 0.0000000000
37057  31.268  -28.301  43.864 0.0000000000
38301  31.166  -27.694  43.282 0.0000000000
38303  29.585  -27.128  43.310 0.0000000000
39487  29.906  -26.702  41.999 0.0000000000
39509  30.305  -26.797  41.494 0.0000000000
39532  30.090  -26.232  40.529 0.0000000000
68964  49.175  -1.257  27.807 0.0000000000
68975  49.174  -1.289  26.657 0.0000000000
67748  48.183  -2.589  26.739 0.0000000000
64219  47.826  -4.737  26.674 0.0000000000
61869  44.694  -7.410  28.559 0.0000000000
45160  23.134  -22.456  50.970 0.0000000000
41780  23.307  -23.650  51.192 0.0000000000
41795  23.241  -24.836  50.947 0.0000000000
40551  22.784  -25.744  51.041 0.0000000000
39384  22.480  -26.054  49.793 0.0000000000
38214  21.810  -26.679  48.252 0.0000000000
38222  21.531  -27.030  47.537 0.0000000000
38252  21.063  -27.537  45.385 0.0000000000
36985  19.714  -28.243  49.282 0.0000000000
37007  20.125  -28.311  47.666 0.0000000000
37014  20.084  -28.263  46.719 0.0000000000
38272  20.583  -27.836  44.770 0.0000000000
37060  19.434  -28.593  43.633 0.0000000000
77392  55.716  5.975  24.282 0.0000000000
76211  54.848  4.746  24.512 0.0000000000
74989  54.085  4.199  25.346 0.0000000000
73830  53.175  2.910  25.289 0.0000000000
74972  53.523  3.659  26.517 0.0000000000
73817  53.246  2.964  26.226 0.0000000000
73831  52.755  2.463  25.754 0.0000000000
72634  51.814  1.551  26.629 0.0000000000
71462  51.176  1.133  27.129 0.0000000000
70251  50.140  0.012  27.526 0.0000000000
71447  51.352  0.894  28.372 0.0000000000
70233  50.323  -0.029  28.301 0.0000000000
70234  49.663  -0.783  28.474 0.0000000000
68954  49.204  -1.308  28.672 0.0000000000
68939  48.628  -2.210  29.003 0.0000000000
66485  47.821  -3.262  30.001 0.0000000000
67672  48.695  -2.125  31.037 0.0000000000
66469  48.254  -3.495  30.883 0.0000000000
66486  47.725  -3.925  29.939 0.0000000000
65331  47.698  -4.303  30.514 0.0000000000
64151  46.423  -5.110  30.412 0.0000000000
64152  45.646  -5.159  30.750 0.0000000000
67608  49.752  -2.345  34.811 0.0000000000
65289  49.477  -3.408  34.181 0.0000000000
65291  48.484  -4.063  33.483 0.0000000000
65275  47.523  -4.231  34.550 0.0000000000
64091  47.261  -4.315  34.259 0.0000000000
62926  47.615  -4.451  33.321 0.0000000000
64116  46.690  -4.577  32.516 0.0000000000
64133  45.448  -4.839  31.682 0.0000000000
64154  43.875  -5.373  30.812 0.0000000000
62959  42.659  -6.387  30.139 0.0000000000
61842  41.920  -7.379  29.792 0.0000000000
61816  42.504  -7.602  31.835 0.0000000000
59456  41.853  -8.699  30.839 0.0000000000
62871  45.397  -6.330  38.572 0.0000000000
61788  44.552  -7.977  36.915 0.0000000000
56916  44.709  -11.454  38.843 0.0000000000
54598  43.184  -13.332  37.482 0.0000000000
55718  43.866  -12.400  37.910 0.0000000000
58122  44.417  -10.813  38.191 0.0000000000
58136  44.235  -10.678  37.367 0.0000000000
59369  44.135  -9.621  36.273 0.0000000000
60616  44.056  -8.638  35.823 0.0000000000
59381  43.200  -9.668  34.788 0.0000000000
58198  42.520  -10.639  33.704 0.0000000000
57021  41.713  -11.573  32.624 0.0000000000
54679  41.191  -13.383  33.290 0.0000000000
55812  40.870  -12.674  32.307 0.0000000000
55834  40.755  -12.345  31.550 0.0000000000
55859  39.841  -12.617  29.928 0.0000000000
52330  35.444  -15.808  29.169 0.0000000000
51167  34.776  -16.462  27.750 0.0000000000
49876  34.284  -17.588  33.094 0.0000000000
49892  33.731  -17.795  32.422 0.0000000000
48756  32.493  -18.595  31.204 0.0000000000
46449  31.961  -20.270  32.402 0.0000000000
47532  32.095  -19.509  31.502 0.0000000000
46323  33.431  -20.396  41.833 0.0000000000
46334  32.527  -20.694  40.959 0.0000000000
46355  31.491  -21.214  38.920 0.0000000000
44248  30.683  -22.292  40.323 0.0000000000
45340  31.016  -21.758  39.721 0.0000000000
45355  30.820  -22.160  38.776 0.0000000000
44277  30.710  -22.942  38.123 0.0000000000
43154  32.359  -23.825  37.476 0.0000000000
43153  33.460  -24.136  37.337 0.0000000000
39484  33.707  -26.478  42.662 0.0000000000
40701  33.662  -26.126  41.612 0.0000000000
40724  33.742  -25.620  40.764 0.0000000000
39506  35.517  -27.223  41.515 0.0000000000
40723  34.852  -25.704  40.521 0.0000000000
41940  33.870  -25.216  40.048 0.0000000000
41985  34.279  -24.768  38.647 0.0000000000
43131  34.483  -24.490  38.146 0.0000000000
76248  56.707  3.920  21.580 0.0000000000
75044  57.345  3.390  21.076 0.0000000000
68993  49.499  -1.630  25.337 0.0000000000
46311  36.919  -19.968  42.607 0.0000000000
47354  37.350  -19.574  42.513 0.0000000000
47355  36.794  -19.794  42.395 0.0000000000
47369  36.521  -19.531  41.851 0.0000000000
47370  35.885  -19.546  41.742 0.0000000000
46321  35.366  -19.696  41.859 0.0000000000
43074  26.851  -23.592  43.715 0.0000000000
43075  26.162  -23.372  43.377 0.0000000000
38290  20.884  -27.132  43.916 0.0000000000
45181  31.979  -20.823  48.452 0.0000000000
47270  32.473  -19.789  48.351 0.0000000000
46237  32.204  -20.400  48.433 0.0000000000
44114  32.328  -21.406  48.074 0.0000000000
43061  27.155  -23.596  44.371 0.0000000000
41897  27.451  -24.322  43.525 0.0000000000
64171  45.017  -5.561  30.185 0.0000000000
62975  45.185  -6.007  29.429 0.0000000000
68856  50.137  -1.246  33.524 0.0000000000
70111  49.968  -0.857  33.782 0.0000000000
64050  44.456  -6.309  36.700 0.0000000000
64064  44.400  -6.124  36.261 0.0000000000
61795  44.057  -7.645  35.518 0.0000000000
61789  44.381  -7.736  36.293 0.0000000000
51030  37.563  -16.632  35.302 0.0000000000
51047  38.474  -15.881  34.873 0.0000000000
51048  37.416  -16.287  34.520 0.0000000000
51067  36.544  -16.409  33.581 0.0000000000
39466  31.723  -26.558  43.802 0.0000000000
39486  32.263  -26.594  43.355 0.0000000000
39465  32.705  -27.124  43.926 0.0000000000
77402  56.196  5.826  23.128 0.0000000000
77416  56.428  5.862  22.338 0.0000000000
76220  56.016  5.362  22.950 0.0000000000
44147  24.795  -21.861  47.982 0.0000000000
41837  22.772  -24.585  48.546 0.0000000000
40612  22.582  -25.489  49.122 0.0000000000
48401  29.046  -19.515  49.470 0.0000000000
47262  28.058  -20.154  49.305 0.0000000000
45205  25.388  -21.468  48.781 0.0000000000
49726  40.404  -17.020  41.616 0.0000000000
50887  41.094  -16.278  41.324 0.0000000000
52109  41.501  -15.147  41.388 0.0000000000
49749  40.908  -17.059  41.107 0.0000000000
48614  37.582  -17.779  38.239 0.0000000000
46370  31.428  -20.926  37.623 0.0000000000
37071  32.497  -28.366  42.712 0.0000000000
73845  52.714  2.395  24.822 0.0000000000
73855  52.770  2.406  24.202 0.0000000000
41945  27.499  -24.586  40.049 0.0000000000
43078  23.562  -23.961  43.277 0.0000000000
41899  22.963  -24.600  43.596 0.0000000000
44155  35.075  -20.696  45.954 0.0000000000
46278  35.952  -20.096  46.115 0.0000000000
44174  35.284  -20.615  45.643 0.0000000000
46287  35.591  -20.494  44.971 0.0000000000
45253  34.947  -20.753  45.092 0.0000000000
43030  30.901  -23.726  46.295 0.0000000000
43045  31.067  -23.296  45.889 0.0000000000
43031  30.480  -24.071  45.992 0.0000000000
41884  29.970  -24.522  45.147 0.0000000000
41872  30.209  -24.405  45.783 0.0000000000
41822  28.987  -23.940  48.148 0.0000000000
41821  29.254  -24.511  48.239 0.0000000000
41834  28.959  -24.766  48.064 0.0000000000
37024  29.949  -27.695  45.214 0.0000000000
38269  29.662  -27.621  44.872 0.0000000000
38268  30.066  -27.670  44.484 0.0000000000
40728  28.453  -24.843  40.257 0.0000000000
65364  47.678  -3.661  28.751 0.0000000000
66500  47.645  -3.293  28.375 0.0000000000
38201  21.399  -27.232  50.398 0.0000000000
36973  20.937  -27.619  50.064 0.0000000000
36983  21.420  -27.477  49.542 0.0000000000
35796  17.756  -28.592  47.423 0.0000000000
35811  18.453  -28.730  46.617 0.0000000000
77380  54.770  5.753  25.291 0.0000000000
77365  54.166  5.437  25.743 0.0000000000
73797  53.145  2.678  27.851 0.0000000000
72625  52.431  1.810  27.871 0.0000000000
68916  49.648  -1.220  30.229 0.0000000000
66446  48.664  -3.465  32.862 0.0000000000
64114  47.775  -4.429  31.903 0.0000000000
64103  47.856  -4.465  32.987 0.0000000000
66390  48.729  -3.016  36.028 0.0000000000
65257  48.714  -3.327  35.708 0.0000000000
65244  48.497  -3.259  36.061 0.0000000000
64107  44.157  -5.660  33.609 0.0000000000
64119  43.688  -5.897  32.864 0.0000000000
58243  42.081  -10.086  32.005 0.0000000000
57068  41.265  -11.050  30.576 0.0000000000
59330  45.266  -9.549  38.902 0.0000000000
52170  42.375  -15.262  38.608 0.0000000000
53368  42.827  -14.549  38.707 0.0000000000
56958  43.084  -11.816  35.774 0.0000000000
55772  42.156  -12.646  34.687 0.0000000000
55773  41.781  -13.125  34.496 0.0000000000
53499  37.656  -14.851  31.171 0.0000000000
53515  38.546  -14.009  30.187 0.0000000000
52328  37.072  -15.190  29.904 0.0000000000
49929  33.569  -17.533  30.512 0.0000000000
49945  33.413  -17.651  29.463 0.0000000000
48677  32.612  -18.934  34.761 0.0000000000
48698  32.818  -18.613  34.139 0.0000000000
45312  31.095  -21.351  42.039 0.0000000000
41963  33.175  -24.925  39.445 0.0000000000
45171  25.369  -21.184  50.001 0.0000000000
44104  24.631  -21.741  50.055 0.0000000000
44105  23.999  -22.503  49.946 0.0000000000
42970  23.452  -23.589  50.509 0.0000000000
46232  25.131  -20.725  50.249 0.0000000000
46231  25.737  -20.592  49.747 0.0000000000
48502  38.290  -18.919  44.136 0.0000000000
48501  38.469  -18.439  43.658 0.0000000000
47324  38.527  -18.773  43.107 0.0000000000
47353  38.160  -18.946  42.177 0.0000000000
47337  38.646  -18.669  42.515 0.0000000000
48535  39.071  -18.436  42.245 0.0000000000
48534  39.541  -18.164  41.943 0.0000000000
47365  39.497  -18.239  41.373 0.0000000000
47366  39.110  -18.406  41.440 0.0000000000
47383  36.623  -19.034  40.756 0.0000000000
47381  38.028  -18.683  40.754 0.0000000000
48577  37.111  -18.761  40.472 0.0000000000
48597  35.811  -18.846  39.641 0.0000000000
48598  35.402  -19.074  39.691 0.0000000000
47385  34.740  -19.547  40.672 0.0000000000
47400  34.037  -19.502  40.084 0.0000000000
39544  30.813  -27.331  40.182 0.0000000000
71479  51.375  0.942  25.122 0.0000000000
71480  50.811  0.480  25.359 0.0000000000
70285  49.881  -0.741  25.128 0.0000000000
41912  25.665  -23.621  42.278 0.0000000000
40664  22.346  -25.708  44.431 0.0000000000
40677  22.393  -25.564  43.499 0.0000000000
39494  20.772  -26.924  43.021 0.0000000000
39514  21.238  -26.381  41.280 0.0000000000
38329  20.093  -27.288  41.074 0.0000000000
38317  20.235  -27.344  41.826 0.0000000000
38318  19.665  -27.652  41.869 0.0000000000
48435  34.378  -18.494  47.488 0.0000000000
46260  33.860  -20.521  47.389 0.0000000000
46270  34.284  -20.138  47.251 0.0000000000
45214  34.274  -20.750  47.124 0.0000000000
45228  33.733  -21.811  47.090 0.0000000000
44128  31.877  -22.320  47.734 0.0000000000
44142  32.119  -22.294  47.092 0.0000000000
43003  31.698  -22.722  47.413 0.0000000000
41849  28.321  -24.505  46.938 0.0000000000
41861  28.239  -24.576  46.241 0.0000000000
40663  28.400  -25.246  45.133 0.0000000000
39454  28.601  -26.204  45.324 0.0000000000
39469  28.481  -25.777  44.763 0.0000000000
40674  28.310  -25.720  43.791 0.0000000000
40688  28.062  -25.305  43.178 0.0000000000
40689  27.482  -25.053  42.376 0.0000000000
39491  27.495  -25.296  42.057 0.0000000000
62973  46.026  -5.907  28.917 0.0000000000
61867  45.930  -7.249  28.429 0.0000000000
36999  16.552  -28.663  47.896 0.0000000000
36998  17.172  -28.548  48.058 0.0000000000
37010  16.520  -28.771  47.295 0.0000000000
35813  16.333  -28.934  46.621 0.0000000000
70156  50.197  -1.073  32.751 0.0000000000
67626  49.673  -2.429  33.303 0.0000000000
67627  49.410  -2.852  33.213 0.0000000000
66429  49.407  -3.218  33.629 0.0000000000
65232  46.293  -3.619  37.034 0.0000000000
65247  46.123  -3.710  36.095 0.0000000000
65248  45.294  -4.553  36.121 0.0000000000
64079  44.311  -5.943  35.531 0.0000000000
64094  44.288  -5.771  34.646 0.0000000000
60624  43.430  -8.544  34.530 0.0000000000
51004  40.146  -15.535  36.588 0.0000000000
52205  40.129  -15.362  36.119 0.0000000000
52238  39.432  -15.120  34.846 0.0000000000
52222  40.542  -14.909  35.676 0.0000000000
53419  41.289  -14.278  35.207 0.0000000000
53441  40.228  -14.591  34.464 0.0000000000
52274  38.285  -15.255  33.092 0.0000000000
52294  38.058  -15.030  32.385 0.0000000000
52276  36.904  -15.600  32.153 0.0000000000
52296  36.710  -15.585  31.380 0.0000000000
49890  35.056  -16.782  32.083 0.0000000000
51104  35.587  -16.389  31.552 0.0000000000
49910  34.420  -16.973  31.153 0.0000000000
45415  31.680  -21.387  34.438 0.0000000000
45414  32.135  -21.791  34.107 0.0000000000
45413  34.011  -22.298  34.144 0.0000000000
45431  34.185  -22.297  33.730 0.0000000000
40703  32.177  -25.713  41.721 0.0000000000
41922  31.425  -25.299  41.761 0.0000000000
40726  32.430  -25.636  41.276 0.0000000000
40702  32.888  -25.824  41.690 0.0000000000
76247  56.864  4.631  21.313 0.0000000000
44181  25.729  -22.022  45.509 0.0000000000
43049  25.622  -22.704  44.924 0.0000000000
43034  24.418  -22.876  46.087 0.0000000000
43035  23.820  -23.376  46.099 0.0000000000
44120  24.236  -22.526  49.167 0.0000000000
44133  24.330  -22.400  48.306 0.0000000000
41850  23.072  -24.253  47.569 0.0000000000
43021  23.569  -23.498  47.179 0.0000000000
41874  23.304  -24.159  45.722 0.0000000000
41863  22.928  -24.665  46.280 0.0000000000
39434  21.676  -26.669  46.816 0.0000000000
48400  29.921  -19.364  49.373 0.0000000000
49653  30.162  -18.726  49.393 0.0000000000
47259  30.485  -19.942  49.183 0.0000000000
47258  31.226  -19.900  48.985 0.0000000000
45166  30.573  -20.983  49.001 0.0000000000
45183  30.907  -21.324  48.720 0.0000000000
45167  30.077  -21.306  49.098 0.0000000000
45185  28.967  -21.329  48.834 0.0000000000
44086  29.452  -21.657  48.902 0.0000000000
44102  29.316  -22.046  48.777 0.0000000000
42981  29.326  -22.817  48.687 0.0000000000
44103  29.007  -22.413  48.619 0.0000000000
46241  27.492  -20.529  48.937 0.0000000000
45187  27.445  -20.801  48.705 0.0000000000
45218  27.163  -21.698  47.835 0.0000000000
45217  27.904  -21.740  48.157 0.0000000000
44118  28.555  -22.284  48.312 0.0000000000
44130  28.125  -22.463  47.735 0.0000000000
44144  27.943  -22.901  47.343 0.0000000000
45243  26.556  -22.131  46.365 0.0000000000
44146  27.010  -22.394  46.613 0.0000000000
45257  26.576  -22.306  46.045 0.0000000000
44180  26.534  -22.454  45.703 0.0000000000
66376  47.529  -3.237  37.081 0.0000000000
66359  47.012  -3.316  37.601 0.0000000000
66348  46.416  -3.624  38.416 0.0000000000
65217  46.410  -3.738  37.940 0.0000000000
64036  45.151  -5.267  37.876 0.0000000000
50846  39.057  -16.824  42.683 0.0000000000
50926  42.086  -15.927  40.436 0.0000000000
50942  42.104  -15.820  39.500 0.0000000000
50943  41.410  -16.515  39.275 0.0000000000
48573  39.812  -17.793  40.626 0.0000000000
49763  40.409  -17.448  40.478 0.0000000000
49764  39.913  -17.424  40.158 0.0000000000
49793  39.391  -16.822  38.776 0.0000000000
49792  40.202  -16.780  39.072 0.0000000000
50960  39.902  -16.439  38.281 0.0000000000
49824  37.608  -17.406  36.555 0.0000000000
49823  38.252  -17.103  36.933 0.0000000000
49841  37.501  -17.060  35.798 0.0000000000
49842  36.813  -17.459  35.560 0.0000000000
49843  36.189  -17.454  35.264 0.0000000000
48673  36.346  -17.706  35.654 0.0000000000
47466  33.333  -18.941  36.099 0.0000000000
47452  32.581  -19.498  36.485 0.0000000000
46401  31.619  -20.358  35.318 0.0000000000
45386  31.309  -21.807  36.682 0.0000000000
37098  32.918  -28.488  40.665 0.0000000000
37097  33.922  -28.300  40.554 0.0000000000
73854  53.152  2.536  23.613 0.0000000000
71511  52.059  0.726  23.577 0.0000000000
71510  53.048  0.907  23.180 0.0000000000
43076  25.107  -23.168  43.359 0.0000000000
41913  23.658  -24.191  42.011 0.0000000000
41926  24.001  -24.011  41.466 0.0000000000
40691  22.108  -25.576  42.495 0.0000000000
40709  22.211  -25.333  41.453 0.0000000000
40751  21.929  -25.739  39.621 0.0000000000
48434  35.217  -18.481  47.080 0.0000000000
48452  35.848  -18.471  46.526 0.0000000000
48486  36.394  -19.144  45.713 0.0000000000
48467  36.206  -18.849  46.042 0.0000000000
48485  36.869  -18.637  45.451 0.0000000000
47317  37.414  -19.362  44.838 0.0000000000
46295  36.281  -20.354  44.177 0.0000000000
46304  36.286  -20.362  43.270 0.0000000000
45291  34.690  -20.475  42.805 0.0000000000
45265  34.050  -20.869  44.408 0.0000000000
45276  34.087  -20.623  43.463 0.0000000000
45242  33.091  -21.777  46.238 0.0000000000
45255  32.925  -21.658  45.635 0.0000000000
45256  32.395  -21.791  45.444 0.0000000000
44194  30.911  -22.441  44.541 0.0000000000
45268  31.594  -22.120  44.637 0.0000000000
44208  30.369  -22.867  43.810 0.0000000000
43073  30.193  -23.563  44.040 0.0000000000
41896  30.224  -24.526  44.096 0.0000000000
39453  30.872  -26.457  44.752 0.0000000000
42978  30.737  -22.782  48.667 0.0000000000
40608  29.994  -25.087  48.256 0.0000000000
40607  30.339  -24.014  48.382 0.0000000000
40637  30.480  -24.592  47.582 0.0000000000
40624  30.326  -25.153  47.831 0.0000000000
39432  28.452  -25.792  47.374 0.0000000000
39414  28.589  -25.977  47.781 0.0000000000
38220  29.498  -26.192  47.182 0.0000000000
38219  29.670  -26.222  46.830 0.0000000000
38248  31.418  -27.549  45.206 0.0000000000
37021  32.001  -28.220  45.372 0.0000000000
35847  31.631  -28.559  45.083 0.0000000000
38286  30.906  -27.717  43.491 0.0000000000
38304  29.158  -27.011  43.689 0.0000000000
39488  29.388  -26.633  42.398 0.0000000000
68955  48.640  -1.828  28.385 0.0000000000
68965  48.619  -1.840  27.238 0.0000000000
67727  48.139  -2.378  27.717 0.0000000000
66516  47.523  -3.417  27.521 0.0000000000
67749  47.657  -3.093  26.850 0.0000000000
66540  47.684  -3.733  26.714 0.0000000000
64187  46.902  -5.066  28.003 0.0000000000
63024  47.947  -5.451  26.674 0.0000000000
61870  43.894  -7.342  28.162 0.0000000000
45174  22.819  -22.188  50.565 0.0000000000
42962  22.949  -22.998  51.443 0.0000000000
41770  22.943  -23.942  51.449 0.0000000000
41782  22.918  -25.086  51.241 0.0000000000
39372  22.512  -26.243  50.472 0.0000000000
40575  22.550  -25.940  50.147 0.0000000000
39385  22.453  -26.291  49.828 0.0000000000
39401  22.357  -26.205  48.832 0.0000000000
38208  21.877  -26.933  49.305 0.0000000000
38215  21.493  -27.285  48.409 0.0000000000
38235  21.268  -27.321  46.528 0.0000000000
37013  20.649  -27.798  46.193 0.0000000000
35778  19.050  -28.638  49.106 0.0000000000
35763  18.875  -28.346  49.991 0.0000000000
36996  20.398  -28.135  48.508 0.0000000000
35829  19.762  -28.486  46.255 0.0000000000
37026  20.169  -28.320  45.480 0.0000000000
37042  20.099  -28.276  44.356 0.0000000000
37043  19.604  -28.593  44.796 0.0000000000
37061  18.842  -28.922  43.432 0.0000000000
35864  17.131  -29.213  43.475 0.0000000000
76210  55.215  5.462  24.736 0.0000000000
76180  53.566  4.374  26.426 0.0000000000
72645  52.353  1.950  26.185 0.0000000000
71463  50.617  0.471  27.551 0.0000000000
71446  51.879  1.389  28.613 0.0000000000
71431  51.814  1.174  28.981 0.0000000000
67690  48.406  -2.550  29.555 0.0000000000
67659  49.505  -1.917  32.140 0.0000000000
68893  49.069  -1.814  31.316 0.0000000000
67661  48.507  -2.748  31.295 0.0000000000
66470  47.931  -3.819  30.424 0.0000000000
68829  49.789  -1.582  34.582 0.0000000000
67588  49.736  -2.226  35.078 0.0000000000
65273  49.161  -3.484  34.860 0.0000000000
65272  49.543  -3.007  34.439 0.0000000000
65290  49.240  -3.956  34.024 0.0000000000
65260  46.082  -4.218  35.397 0.0000000000
64076  46.748  -4.260  34.728 0.0000000000
65276  46.006  -4.523  33.796 0.0000000000
62928  47.050  -4.378  33.830 0.0000000000
62917  47.444  -4.401  33.911 0.0000000000
64105  46.757  -4.450  33.347 0.0000000000
64104  47.298  -4.468  33.006 0.0000000000
65305  46.162  -4.540  32.817 0.0000000000
64153  44.818  -5.153  30.891 0.0000000000
62958  43.183  -5.725  30.114 0.0000000000
62944  42.506  -6.660  30.671 0.0000000000
61841  42.265  -7.058  30.287 0.0000000000
60675  41.611  -7.898  29.671 0.0000000000
60674  41.817  -7.841  30.490 0.0000000000
61815  42.836  -7.358  32.567 0.0000000000
60641  42.465  -8.394  32.271 0.0000000000
59432  41.625  -9.421  30.772 0.0000000000
59457  41.462  -8.787  30.001 0.0000000000
61765  45.234  -7.534  38.413 0.0000000000
61778  44.718  -7.588  37.503 0.0000000000
60607  44.684  -8.392  37.278 0.0000000000
54586  43.650  -13.494  38.630 0.0000000000
54574  44.371  -12.956  39.286 0.0000000000
55690  44.636  -12.193  39.304 0.0000000000
55701  44.309  -12.297  38.575 0.0000000000
53383  42.462  -14.527  37.689 0.0000000000
54599  42.604  -13.887  37.054 0.0000000000
55735  43.218  -12.524  36.654 0.0000000000
55719  43.607  -12.542  37.389 0.0000000000
56932  43.808  -12.132  37.562 0.0000000000
56931  44.087  -11.625  37.868 0.0000000000
56944  43.973  -11.304  37.257 0.0000000000
58154  44.140  -10.354  36.648 0.0000000000
59370  43.709  -9.686  35.555 0.0000000000
58174  42.980  -10.737  34.434 0.0000000000
57020  42.137  -11.298  33.346 0.0000000000
53460  40.882  -13.810  33.429 0.0000000000
53480  40.524  -13.845  32.876 0.0000000000
54699  40.014  -13.555  31.581 0.0000000000
54698  40.486  -13.079  31.966 0.0000000000
55858  40.337  -12.375  30.562 0.0000000000
54718  39.768  -13.266  30.559 0.0000000000
53529  38.222  -13.900  28.979 0.0000000000
52314  35.687  -15.749  29.828 0.0000000000
51139  35.150  -16.219  29.659 0.0000000000
49954  33.877  -17.207  28.202 0.0000000000
49969  34.104  -17.385  27.591 0.0000000000
49860  34.588  -17.503  34.028 0.0000000000
48735  33.250  -18.284  32.677 0.0000000000
49877  33.740  -17.968  33.060 0.0000000000
48755  33.140  -18.175  31.821 0.0000000000
46430  32.077  -20.577  33.231 0.0000000000
47500  31.953  -19.805  32.947 0.0000000000
45488  32.566  -20.892  31.173 0.0000000000
46467  32.205  -20.421  31.661 0.0000000000
46322  34.329  -19.872  41.922 0.0000000000
45326  32.051  -20.991  41.072 0.0000000000
46344  31.685  -20.943  40.182 0.0000000000
46343  32.341  -20.374  39.823 0.0000000000
44249  30.475  -22.865  40.844 0.0000000000
39464  33.618  -26.967  43.558 0.0000000000
39463  34.209  -26.900  43.318 0.0000000000
39508  34.124  -26.590  42.128 0.0000000000
40700  34.226  -25.940  41.135 0.0000000000
38313  36.233  -27.956  41.413 0.0000000000
40722  36.002  -25.856  40.205 0.0000000000
41939  34.401  -25.262  39.807 0.0000000000
41962  34.000  -25.044  39.316 0.0000000000
41961  34.877  -25.243  39.306 0.0000000000
41983  35.861  -24.895  38.379 0.0000000000
41984  35.001  -24.699  38.402 0.0000000000
43152  34.752  -24.132  37.489 0.0000000000
78729  56.789  6.295  19.368 0.0000000000
75045  56.885  3.293  21.529 0.0000000000
68994  49.014  -2.298  25.617 0.0000000000
45172  24.487  -21.397  50.333 0.0000000000
44089  23.493  -22.360  50.755 0.0000000000
47339  37.579  -19.667  43.353 0.0000000000
47367  38.363  -18.702  41.322 0.0000000000
47398  35.801  -19.190  40.132 0.0000000000
71470  50.610  0.600  26.427 0.0000000000
38306  19.731  -27.847  43.015 0.0000000000
47280  33.089  -19.266  48.209 0.0000000000
47289  33.436  -19.507  47.771 0.0000000000
46250  33.262  -20.634  47.635 0.0000000000
45216  33.162  -21.730  47.354 0.0000000000
44127  32.573  -21.674  47.695 0.0000000000
70132  50.288  -0.734  33.168 0.0000000000
68842  50.073  -1.812  34.060 0.0000000000
51028  39.060  -15.709  35.339 0.0000000000
51046  38.951  -15.563  34.910 0.0000000000
52239  38.787  -15.387  34.547 0.0000000000
52255  39.112  -14.964  34.270 0.0000000000
52257  37.817  -15.595  33.687 0.0000000000
51084  37.146  -15.846  32.984 0.0000000000
51085  36.755  -15.947  32.805 0.0000000000
49875  35.211  -17.074  33.278 0.0000000000
40686  31.096  -25.546  43.039 0.0000000000
40685  31.804  -26.035  42.699 0.0000000000
78690  56.645  6.470  22.035 0.0000000000
44163  25.299  -21.689  46.001 0.0000000000
45245  25.109  -21.554  46.440 0.0000000000
45233  24.775  -21.665  46.747 0.0000000000
47260  29.632  -20.027  49.325 0.0000000000
46227  29.397  -20.638  49.251 0.0000000000
45169  28.617  -20.824  48.846 0.0000000000
45188  26.420  -20.898  49.184 0.0000000000
45230  27.224  -22.127  47.343 0.0000000000
50867  39.585  -16.729  42.266 0.0000000000
52090  39.742  -15.752  41.913 0.0000000000
52108  42.341  -15.002  41.314 0.0000000000
52107  43.100  -14.786  41.268 0.0000000000
50908  41.972  -15.849  41.044 0.0000000000
48593  39.115  -17.467  39.560 0.0000000000
48594  38.459  -17.638  39.308 0.0000000000
49794  38.685  -17.207  38.558 0.0000000000
49807  38.563  -17.076  37.686 0.0000000000
49795  38.226  -17.489  38.069 0.0000000000
48630  37.239  -17.747  37.036 0.0000000000
48653  36.621  -17.917  36.254 0.0000000000
48655  34.891  -18.686  37.079 0.0000000000
47432  33.596  -19.470  37.893 0.0000000000
46368  32.949  -19.678  37.729 0.0000000000
44297  31.086  -22.574  37.293 0.0000000000
37056  32.234  -28.451  43.734 0.0000000000
75004  53.533  3.387  24.593 0.0000000000
70330  51.434  0.050  23.556 0.0000000000
41969  24.666  -24.229  39.645 0.0000000000
43077  24.214  -23.531  43.312 0.0000000000
41914  23.242  -24.527  42.504 0.0000000000
39546  21.407  -26.152  39.751 0.0000000000
47310  35.585  -19.724  46.444 0.0000000000
47298  35.733  -19.147  46.476 0.0000000000
45266  33.142  -21.343  44.652 0.0000000000
44177  32.058  -22.087  45.710 0.0000000000
44178  31.087  -22.724  45.482 0.0000000000
44179  30.401  -22.987  45.008 0.0000000000
41806  29.957  -23.212  49.088 0.0000000000
40571  30.003  -23.669  48.862 0.0000000000
40572  29.843  -23.771  48.686 0.0000000000
40592  29.661  -24.397  48.431 0.0000000000
39398  29.513  -25.781  48.050 0.0000000000
39443  28.613  -26.178  46.122 0.0000000000
38234  28.948  -26.382  46.619 0.0000000000
37023  30.327  -27.740  45.223 0.0000000000
37040  30.513  -27.967  44.802 0.0000000000
39512  28.000  -25.500  42.143 0.0000000000
40704  28.904  -25.409  40.830 0.0000000000
63009  46.715  -6.258  27.500 0.0000000000
38190  21.810  -26.786  50.698 0.0000000000
36971  22.006  -27.278  50.125 0.0000000000
36982  21.936  -27.308  49.913 0.0000000000
35794  19.095  -28.508  48.110 0.0000000000
37008  19.612  -28.427  47.663 0.0000000000
76196  55.040  5.542  25.147 0.0000000000
74971  54.121  4.502  26.072 0.0000000000
74964  53.239  3.154  27.545 0.0000000000
72633  52.373  1.947  27.104 0.0000000000
71432  51.499  0.509  29.473 0.0000000000
68937  49.543  -1.093  29.616 0.0000000000
65314  48.115  -4.153  31.335 0.0000000000
65315  47.731  -4.425  31.086 0.0000000000
65277  45.813  -4.567  33.949 0.0000000000
65293  45.606  -4.618  33.627 0.0000000000
65306  45.574  -4.601  33.007 0.0000000000
64135  43.618  -5.564  31.944 0.0000000000
61825  42.740  -6.915  31.787 0.0000000000
60632  42.658  -8.818  32.964 0.0000000000
57087  40.957  -10.849  29.825 0.0000000000
60587  45.323  -8.614  38.719 0.0000000000
53349  43.390  -14.188  39.638 0.0000000000
54560  43.671  -13.744  39.933 0.0000000000
53367  43.452  -14.167  38.959 0.0000000000
53418  41.993  -14.024  35.930 0.0000000000
54611  42.537  -13.448  36.425 0.0000000000
55736  42.798  -12.894  36.431 0.0000000000
55752  43.101  -12.128  36.127 0.0000000000
58137  43.947  -11.088  36.735 0.0000000000
56957  43.477  -11.617  36.269 0.0000000000
56974  43.432  -11.289  35.594 0.0000000000
55790  41.931  -12.316  34.098 0.0000000000
53514  39.210  -13.680  30.486 0.0000000000
52341  36.182  -15.256  28.085 0.0000000000
51124  34.776  -16.583  30.286 0.0000000000
51140  34.477  -16.608  29.365 0.0000000000
49944  33.913  -17.135  28.993 0.0000000000
49861  33.838  -17.622  33.636 0.0000000000
48717  32.734  -18.672  33.094 0.0000000000
45455  32.763  -21.331  32.505 0.0000000000
46448  32.373  -20.804  32.407 0.0000000000
45293  33.279  -20.591  42.583 0.0000000000
45310  33.030  -20.777  41.867 0.0000000000
45311  32.342  -20.902  41.692 0.0000000000
45327  31.445  -21.400  40.857 0.0000000000
43110  31.089  -24.483  40.762 0.0000000000
43120  30.616  -23.461  40.532 0.0000000000
41986  33.481  -24.635  38.759 0.0000000000
39482  35.036  -27.088  42.066 0.0000000000
38326  36.867  -28.240  40.838 0.0000000000
67767  48.625  -2.850  25.809 0.0000000000
66562  49.260  -3.560  25.671 0.0000000000
46230  26.653  -20.497  49.387 0.0000000000
49713  37.950  -17.620  44.417 0.0000000000
49712  38.347  -17.621  43.754 0.0000000000
48519  39.039  -18.201  42.572 0.0000000000
49728  39.245  -17.733  42.569 0.0000000000
49727  39.690  -17.534  42.109 0.0000000000
49737  40.230  -17.503  41.457 0.0000000000
48553  39.960  -18.030  41.217 0.0000000000
48554  39.310  -18.149  40.955 0.0000000000
48575  38.468  -18.335  40.425 0.0000000000
48616  35.752  -18.428  38.913 0.0000000000
47413  34.538  -19.152  39.141 0.0000000000
38316  31.073  -27.579  41.614 0.0000000000
38315  31.527  -27.768  41.267 0.0000000000
38328  31.300  -27.680  40.670 0.0000000000
37100  31.415  -28.022  40.183 0.0000000000
72661  51.811  1.370  24.708 0.0000000000
71496  51.485  0.788  24.421 0.0000000000
71513  51.284  0.489  24.202 0.0000000000
70331  51.092  0.244  24.012 0.0000000000
40730  27.269  -25.158  41.234 0.0000000000
41887  22.701  -25.069  44.616 0.0000000000
39492  21.805  -26.036  42.658 0.0000000000
40692  21.743  -25.953  42.383 0.0000000000
39534  20.610  -26.783  40.581 0.0000000000
38330  19.529  -27.844  40.678 0.0000000000
47288  34.119  -19.185  47.438 0.0000000000
47300  34.578  -19.629  47.194 0.0000000000
47299  35.194  -19.441  46.845 0.0000000000
46269  34.886  -20.196  46.720 0.0000000000
44138  34.846  -20.726  46.206 0.0000000000
44139  34.796  -20.917  46.054 0.0000000000
45240  34.579  -21.136  45.860 0.0000000000
44158  32.895  -21.964  46.657 0.0000000000
44159  32.158  -22.200  46.484 0.0000000000
41859  30.614  -24.150  47.000 0.0000000000
40611  28.478  -25.198  47.761 0.0000000000
41836  28.446  -24.802  47.497 0.0000000000
40626  28.429  -25.348  47.468 0.0000000000
40652  28.326  -25.084  45.886 0.0000000000
40639  28.480  -25.945  46.397 0.0000000000
65351  47.439  -4.370  29.477 0.0000000000
64188  46.566  -5.626  28.250 0.0000000000
35765  17.435  -28.515  49.492 0.0000000000
35812  17.412  -28.691  46.502 0.0000000000
70180  50.792  -0.201  31.071 0.0000000000
67642  49.555  -2.240  32.525 0.0000000000
66445  49.142  -3.116  33.094 0.0000000000
65230  47.867  -3.353  36.641 0.0000000000
62929  43.752  -6.270  33.592 0.0000000000
61809  43.125  -7.568  33.379 0.0000000000
61802  43.412  -7.666  34.034 0.0000000000
56896  45.512  -10.588  39.823 0.0000000000
50979  41.319  -15.752  37.848 0.0000000000
52186  41.774  -15.251  37.476 0.0000000000
52203  41.388  -14.964  36.749 0.0000000000
53400  41.669  -14.482  36.247 0.0000000000
52221  41.140  -14.760  36.073 0.0000000000
54622  41.665  -13.812  34.986 0.0000000000
54640  41.567  -13.585  34.568 0.0000000000
53461  40.341  -14.252  33.443 0.0000000000
53463  38.729  -14.926  33.322 0.0000000000
52312  37.129  -15.142  30.858 0.0000000000
51103  36.330  -16.008  31.949 0.0000000000
51105  35.082  -16.578  30.996 0.0000000000
47468  31.876  -19.861  34.579 0.0000000000
45433  32.484  -21.523  33.501 0.0000000000
45454  33.419  -21.712  32.763 0.0000000000
37084  35.405  -28.820  41.444 0.0000000000
37082  37.055  -29.013  41.223 0.0000000000
77444  57.306  5.097  20.172 0.0000000000
72682  56.153  1.388  22.456 0.0000000000
40641  22.482  -25.382  46.460 0.0000000000
39444  22.023  -26.305  45.068 0.0000000000
47272  31.369  -19.365  48.997 0.0000000000
47257  31.537  -20.121  48.766 0.0000000000
45182  31.661  -21.202  48.439 0.0000000000
44099  31.283  -21.619  48.479 0.0000000000
44101  29.990  -22.014  48.924 0.0000000000
41807  29.507  -23.271  48.692 0.0000000000
41808  29.098  -23.475  48.306 0.0000000000
46229  27.586  -20.288  49.183 0.0000000000
46240  28.101  -20.484  48.831 0.0000000000
44117  28.803  -21.903  48.619 0.0000000000
43006  28.735  -23.238  47.903 0.0000000000
43019  28.068  -23.548  47.042 0.0000000000
44161  27.320  -22.786  46.479 0.0000000000
43033  27.036  -23.045  45.680 0.0000000000
67570  49.223  -2.278  35.680 0.0000000000
66389  48.835  -2.639  36.016 0.0000000000
66374  48.537  -2.763  36.448 0.0000000000
67559  48.361  -2.506  36.811 0.0000000000
66375  48.089  -3.197  36.686 0.0000000000
65231  47.301  -3.348  36.983 0.0000000000
62884  44.506  -6.698  37.089 0.0000000000
52136  43.007  -14.594  40.006 0.0000000000
52154  42.688  -14.926  39.404 0.0000000000
49762  41.052  -17.113  40.552 0.0000000000
49776  41.067  -17.145  39.858 0.0000000000
49778  39.642  -17.231  39.542 0.0000000000
50980  40.304  -15.754  37.416 0.0000000000
50982  38.591  -16.749  37.210 0.0000000000
51006  38.591  -16.551  36.645 0.0000000000
49858  36.545  -17.007  34.781 0.0000000000
48695  35.318  -17.473  35.115 0.0000000000
47467  32.357  -19.355  35.342 0.0000000000
44355  31.707  -21.822  35.040 0.0000000000
38266  32.562  -27.534  44.848 0.0000000000
38285  33.031  -27.567  44.462 0.0000000000
38264  33.615  -27.867  44.156 0.0000000000
37085  34.566  -28.620  41.364 0.0000000000
76235  54.839  3.870  22.797 0.0000000000
75027  54.020  3.385  22.894 0.0000000000
75026  54.451  3.345  22.621 0.0000000000
73866  54.788  2.553  22.421 0.0000000000
71527  54.201  1.182  22.644 0.0000000000
43099  24.373  -23.688  41.959 0.0000000000
40708  22.818  -24.913  41.209 0.0000000000
41950  22.846  -24.813  40.553 0.0000000000
41971  22.866  -24.721  40.024 0.0000000000
40749  23.117  -24.946  39.115 0.0000000000
48466  36.402  -18.243  46.120 0.0000000000
49714  37.409  -17.679  45.146 0.0000000000
47326  37.582  -19.654  44.130 0.0000000000
46312  36.307  -20.000  42.484 0.0000000000
45292  34.201  -20.474  42.840 0.0000000000
45296  30.761  -22.038  43.005 0.0000000000
44222  30.458  -22.607  42.967 0.0000000000
44116  31.328  -22.453  48.337 0.0000000000
43005  31.250  -23.206  48.100 0.0000000000
41819  30.721  -23.249  48.487 0.0000000000
41832  30.882  -23.499  47.998 0.0000000000
41847  30.753  -23.794  47.593 0.0000000000
40610  28.685  -25.420  48.002 0.0000000000
39399  28.988  -25.975  48.187 0.0000000000
39430  29.100  -26.360  46.936 0.0000000000
39452  31.641  -27.082  44.732 0.0000000000
38246  32.779  -27.912  45.159 0.0000000000
35826  32.551  -28.665  45.028 0.0000000000
37038  32.008  -28.667  44.576 0.0000000000
37039  31.372  -28.452  44.762 0.0000000000
37073  31.171  -27.678  42.294 0.0000000000
38302  30.562  -27.351  42.673 0.0000000000
40727  29.308  -25.526  40.351 0.0000000000
40747  29.593  -26.038  39.589 0.0000000000
67728  47.728  -2.791  27.343 0.0000000000
66539  48.054  -3.322  26.262 0.0000000000
61868  45.392  -7.403  28.592 0.0000000000
45190  23.357  -21.531  50.080 0.0000000000
44077  23.327  -22.716  51.112 0.0000000000
44078  22.837  -22.800  51.256 0.0000000000
42960  23.483  -23.288  51.046 0.0000000000
41794  23.310  -24.023  50.943 0.0000000000
42971  23.251  -24.402  50.489 0.0000000000
41809  23.115  -24.976  50.309 0.0000000000
41796  22.885  -25.352  51.183 0.0000000000
40574  22.812  -25.659  50.576 0.0000000000
40594  22.615  -25.710  49.907 0.0000000000
38221  21.763  -26.606  47.706 0.0000000000
39417  21.731  -26.600  47.410 0.0000000000
36984  20.548  -27.818  49.400 0.0000000000
37015  19.798  -28.361  47.234 0.0000000000
38253  20.603  -27.874  45.300 0.0000000000
37059  19.969  -28.183  43.844 0.0000000000
38292  19.865  -28.060  43.595 0.0000000000
77403  55.916  5.878  23.713 0.0000000000
77391  56.103  6.225  23.800 0.0000000000
76179  54.210  4.903  26.016 0.0000000000
72617  52.304  1.639  28.539 0.0000000000
70232  50.803  0.429  28.540 0.0000000000
67673  48.360  -2.689  30.514 0.0000000000
67587  50.061  -1.859  34.566 0.0000000000
67607  49.899  -2.217  34.299 0.0000000000
67589  49.597  -2.473  35.092 0.0000000000
66413  49.656  -2.644  34.371 0.0000000000
64090  47.863  -4.418  33.931 0.0000000000
62916  47.697  -4.439  33.581 0.0000000000
65316  46.090  -4.655  32.178 0.0000000000
65317  45.664  -4.655  32.414 0.0000000000
64172  44.481  -5.440  30.372 0.0000000000
60654  42.112  -8.146  31.389 0.0000000000
61779  44.469  -7.388  36.867 0.0000000000
56897  45.195  -11.157  39.640 0.0000000000
56915  45.040  -10.996  38.995 0.0000000000
54597  43.645  -12.808  37.753 0.0000000000
58111  44.869  -10.582  38.645 0.0000000000
59331  45.057  -9.944  38.624 0.0000000000
59345  44.657  -9.814  37.987 0.0000000000
60600  44.673  -9.039  37.368 0.0000000000
59356  44.378  -9.693  37.046 0.0000000000
60608  44.454  -8.719  36.696 0.0000000000
60617  43.612  -8.927  35.211 0.0000000000
59382  42.732  -9.964  34.157 0.0000000000
58221  42.244  -10.519  32.778 0.0000000000
55811  41.398  -12.647  32.902 0.0000000000
54680  40.823  -13.299  32.677 0.0000000000
55833  41.243  -12.154  32.189 0.0000000000
57044  41.402  -11.472  31.561 0.0000000000
57045  40.864  -11.748  30.886 0.0000000000
54741  39.483  -13.082  29.630 0.0000000000
52329  36.227  -15.361  29.207 0.0000000000
52342  35.446  -15.718  28.380 0.0000000000
51151  34.860  -16.173  28.796 0.0000000000
49874  36.058  -16.863  33.994 0.0000000000
48772  32.938  -17.951  30.919 0.0000000000
47516  32.213  -19.242  32.566 0.0000000000
47533  31.843  -19.958  31.747 0.0000000000
46332  34.525  -19.683  41.216 0.0000000000
46333  33.480  -19.858  40.801 0.0000000000
44261  30.643  -23.131  40.203 0.0000000000
43155  31.479  -23.307  37.438 0.0000000000
43179  32.096  -23.425  36.834 0.0000000000
43178  32.891  -23.634  36.535 0.0000000000
40683  33.268  -26.107  42.079 0.0000000000
39530  35.200  -26.493  41.106 0.0000000000
43132  33.910  -24.338  38.117 0.0000000000
35809  19.745  -28.415  46.607 0.0000000000
35827  32.255  -28.631  45.166 0.0000000000
35828  31.846  -28.537  45.198 0.0000000000
35845  32.367  -28.847  44.979 0.0000000000
35862  18.899  -29.015  43.712 0.0000000000
36986  17.101  -28.456  48.791 0.0000000000
37009  17.007  -28.564  47.272 0.0000000000
37017  16.691  -28.704  46.997 0.0000000000
37020  32.634  -28.296  45.170 0.0000000000
37025  20.602  -27.847  45.582 0.0000000000
37095  37.043  -28.810  41.121 0.0000000000
38267  32.046  -27.545  45.129 0.0000000000
39356  22.589  -26.045  51.062 0.0000000000
39371  22.668  -26.011  50.835 0.0000000000
39400  22.494  -26.002  49.531 0.0000000000
39415  28.455  -25.719  47.683 0.0000000000
39455  28.527  -25.756  45.114 0.0000000000
39513  27.707  -25.405  42.048 0.0000000000
40570  30.052  -23.393  49.031 0.0000000000
40590  30.174  -23.575  48.763 0.0000000000
40593  29.308  -24.050  48.359 0.0000000000
40595  22.498  -26.033  49.865 0.0000000000
40651  28.468  -25.725  45.846 0.0000000000
40731  22.843  -24.861  40.798 0.0000000000
41781  23.088  -24.141  51.304 0.0000000000
41805  30.257  -23.197  48.926 0.0000000000
41820  30.899  -23.226  48.333 0.0000000000
41833  31.016  -23.287  48.130 0.0000000000
42948  23.041  -23.588  51.439 0.0000000000
42949  22.755  -23.580  51.415 0.0000000000
42961  23.278  -23.306  51.292 0.0000000000
42992  31.128  -23.134  48.298 0.0000000000
43016  31.712  -22.677  47.130 0.0000000000
44085  29.689  -21.575  48.993 0.0000000000
44113  32.554  -21.186  48.035 0.0000000000
44129  31.527  -22.756  48.145 0.0000000000
44140  33.393  -22.051  47.119 0.0000000000
44175  35.192  -20.646  45.418 0.0000000000
44221  30.814  -22.121  43.235 0.0000000000
45198  32.843  -20.949  47.873 0.0000000000
45199  32.346  -21.001  48.263 0.0000000000
45226  35.197  -20.496  46.209 0.0000000000
45229  33.283  -21.924  47.244 0.0000000000
45239  35.586  -20.517  45.762 0.0000000000
45252  35.520  -20.527  45.332 0.0000000000
45258  26.302  -21.976  45.906 0.0000000000
45412  34.293  -22.444  34.107 0.0000000000
46224  31.355  -20.291  48.795 0.0000000000
46225  30.985  -20.580  48.884 0.0000000000
46238  31.623  -20.537  48.628 0.0000000000
46271  33.897  -20.152  47.406 0.0000000000
46279  35.499  -19.966  46.424 0.0000000000
46468  31.808  -20.139  31.964 0.0000000000
47279  32.963  -19.470  48.200 0.0000000000
47290  33.275  -19.306  48.066 0.0000000000
47301  33.949  -19.782  47.414 0.0000000000
47517  31.789  -19.798  32.175 0.0000000000
48424  33.297  -18.865  48.189 0.0000000000
48425  33.079  -19.037  48.302 0.0000000000
48436  33.706  -18.950  47.765 0.0000000000
48437  33.407  -19.098  48.042 0.0000000000
48438  33.221  -19.111  48.203 0.0000000000
49806  39.033  -16.818  38.166 0.0000000000
49825  37.152  -17.587  36.094 0.0000000000
50978  41.846  -15.688  37.925 0.0000000000
51168  34.197  -16.896  27.959 0.0000000000
52153  43.053  -14.565  39.562 0.0000000000
52237  40.100  -14.869  35.149 0.0000000000
53479  40.909  -13.647  33.056 0.0000000000
56898  44.817  -11.725  39.447 0.0000000000
58100  45.439  -10.263  39.520 0.0000000000
62918  47.096  -4.345  34.073 0.0000000000
62927  47.363  -4.422  33.548 0.0000000000
64130  47.734  -4.439  31.366 0.0000000000
65245  48.110  -3.430  36.299 0.0000000000
66373  48.693  -2.617  36.234 0.0000000000
66414  49.581  -2.674  34.754 0.0000000000
67606  50.095  -1.847  34.303 0.0000000000
70133  50.171  -1.165  33.277 0.0000000000
