#!ascii label  , from subject 3759 vox2ras=TkReg
1556
37019  10.682  -29.701  46.721 0.0000000000
69041  44.735  -1.811  23.311 0.0000000000
48636  28.831  -19.669  37.064 0.0000000000
55662  36.484  -13.386  41.096 0.0000000000
44278  22.218  -23.182  38.619 0.0000000000
40614  18.236  -26.044  48.879 0.0000000000
80006  51.180  6.944  16.685 0.0000000000
77383  51.358  3.944  25.042 0.0000000000
60655  39.615  -8.117  31.774 0.0000000000
81257  55.372  8.541  8.534 0.0000000000
48509  26.121  -19.950  44.715 0.0000000000
39402  14.270  -27.383  48.316 0.0000000000
76279  52.565  4.586  19.709 0.0000000000
75083  47.503  3.333  19.571 0.0000000000
67710  45.105  -3.266  29.060 0.0000000000
70223  48.368  -0.400  29.152 0.0000000000
66522  40.266  -4.250  27.821 0.0000000000
54643  34.033  -13.541  34.585 0.0000000000
50944  33.626  -16.848  39.806 0.0000000000
47332  23.339  -20.709  44.414 0.0000000000
44108  21.433  -23.107  49.682 0.0000000000
43067  20.176  -24.827  43.958 0.0000000000
40694  16.132  -26.970  42.492 0.0000000000
47420  24.675  -20.538  38.044 0.0000000000
82300  54.909  8.976  15.844 0.0000000000
78715  55.060  6.846  20.173 0.0000000000
72663  48.292  1.022  24.583 0.0000000000
66417  40.934  -3.459  33.595 0.0000000000
55722  38.898  -13.006  37.393 0.0000000000
78825  53.737  5.863  11.536 0.0000000000
80051  57.526  7.479  11.530 0.0000000000
78878  59.363  5.993  8.691 0.0000000000
48459  25.027  -19.616  47.208 0.0000000000
38224  12.748  -28.633  47.473 0.0000000000
40562  13.876  -27.330  51.308 0.0000000000
38204  11.281  -28.414  50.315 0.0000000000
77486  47.284  4.750  18.085 0.0000000000
68897  43.791  -2.389  31.539 0.0000000000
68894  45.970  -1.555  31.748 0.0000000000
35790  5.683  -29.979  48.532 0.0000000000
65412  40.634  -5.359  25.433 0.0000000000
49846  29.744  -17.969  34.804 0.0000000000
52208  31.456  -16.325  35.537 0.0000000000
49782  31.046  -18.174  38.530 0.0000000000
45314  22.755  -21.793  41.569 0.0000000000
44196  21.772  -23.002  44.334 0.0000000000
44251  21.340  -23.842  41.249 0.0000000000
45371  23.019  -21.753  37.935 0.0000000000
47373  24.135  -20.389  41.288 0.0000000000
41825  19.923  -25.119  49.364 0.0000000000
81159  52.631  8.354  16.529 0.0000000000
81129  55.149  8.119  18.141 0.0000000000
78744  53.238  6.840  17.779 0.0000000000
76236  51.835  3.821  22.853 0.0000000000
77405  53.466  5.339  23.388 0.0000000000
71541  44.046  0.056  20.740 0.0000000000
72703  46.417  1.078  21.104 0.0000000000
70332  46.526  -0.451  23.985 0.0000000000
64157  38.242  -5.239  29.880 0.0000000000
67665  38.784  -3.650  30.614 0.0000000000
64109  40.863  -5.437  32.763 0.0000000000
55708  35.186  -13.500  38.655 0.0000000000
55758  36.025  -12.765  35.518 0.0000000000
56904  37.041  -11.880  39.748 0.0000000000
77536  51.091  5.435  14.893 0.0000000000
78814  51.671  5.533  12.113 0.0000000000
78792  52.686  5.329  14.585 0.0000000000
81194  54.266  7.446  14.258 0.0000000000
80086  58.910  7.384  7.565 0.0000000000
78880  57.317  6.486  8.570 0.0000000000
78837  58.731  6.600  10.416 0.0000000000
78861  56.515  6.139  9.460 0.0000000000
48559  28.106  -20.704  41.089 0.0000000000
48537  30.519  -19.807  42.379 0.0000000000
48491  28.781  -19.477  45.618 0.0000000000
40616  16.413  -26.331  48.441 0.0000000000
40557  16.897  -27.240  50.728 0.0000000000
40559  15.247  -26.860  50.859 0.0000000000
78769  49.375  5.600  17.085 0.0000000000
78746  51.065  6.512  17.785 0.0000000000
77484  48.920  5.378  18.272 0.0000000000
75061  50.465  3.154  20.199 0.0000000000
75028  50.553  2.841  22.279 0.0000000000
67752  45.510  -3.183  25.832 0.0000000000
68995  46.816  -1.633  25.940 0.0000000000
68956  46.474  -1.856  29.030 0.0000000000
59434  38.287  -9.787  30.940 0.0000000000
58055  37.744  -11.484  43.032 0.0000000000
35817  9.230  -30.663  46.478 0.0000000000
36989  9.803  -29.399  50.017 0.0000000000
35788  7.462  -30.789  49.064 0.0000000000
67809  42.567  -2.914  22.714 0.0000000000
65409  43.226  -4.695  25.102 0.0000000000
66502  43.037  -4.558  28.826 0.0000000000
68898  42.259  -2.369  31.346 0.0000000000
54664  31.319  -14.233  33.469 0.0000000000
54613  33.501  -14.743  36.685 0.0000000000
53332  35.059  -15.110  39.868 0.0000000000
49730  32.545  -18.944  42.919 0.0000000000
52113  34.808  -17.054  43.602 0.0000000000
47302  23.298  -20.620  47.280 0.0000000000
44090  22.387  -22.213  50.230 0.0000000000
45234  22.027  -22.079  47.294 0.0000000000
43036  20.967  -23.761  46.114 0.0000000000
41864  19.501  -25.169  46.648 0.0000000000
41928  18.841  -25.379  41.110 0.0000000000
41903  18.166  -26.049  43.252 0.0000000000
41867  17.153  -26.083  45.172 0.0000000000
40656  15.558  -27.423  45.256 0.0000000000
38254  13.490  -28.360  44.974 0.0000000000
38276  11.505  -29.030  43.837 0.0000000000
48700  27.995  -18.983  34.258 0.0000000000
48683  25.707  -19.589  35.236 0.0000000000
47436  26.506  -19.849  37.583 0.0000000000
48584  25.708  -20.198  40.925 0.0000000000
48496  24.269  -20.310  44.968 0.0000000000
82237  56.115  7.714  19.905 0.0000000000
78717  54.101  5.873  20.199 0.0000000000
75065  45.991  2.482  19.932 0.0000000000
73886  48.265  1.359  21.595 0.0000000000
74993  49.545  2.352  24.997 0.0000000000
71472  48.335  0.097  26.104 0.0000000000
73811  49.423  1.482  26.645 0.0000000000
66524  38.230  -4.323  27.379 0.0000000000
68925  40.114  -2.731  30.921 0.0000000000
70119  41.840  -1.889  33.934 0.0000000000
55793  37.215  -11.992  33.416 0.0000000000
58157  39.040  -10.492  34.436 0.0000000000
58091  39.176  -11.936  41.393 0.0000000000
56917  40.922  -11.405  38.432 0.0000000000
60618  40.708  -8.287  35.498 0.0000000000
62886  41.808  -6.752  36.643 0.0000000000
66378  42.907  -3.958  36.947 0.0000000000
78863  54.490  6.394  9.431 0.0000000000
78810  55.603  6.760  12.292 0.0000000000
82334  56.309  8.981  13.537 0.0000000000
48428  25.396  -19.538  48.985 0.0000000000
38225  11.967  -28.998  47.517 0.0000000000
38210  12.157  -28.570  49.009 0.0000000000
38217  11.619  -29.080  48.595 0.0000000000
70160  43.404  -1.725  32.586 0.0000000000
70159  44.409  -1.591  32.787 0.0000000000
34705  4.486  -30.201  45.905 0.0000000000
48657  29.130  -18.957  36.010 0.0000000000
49811  30.377  -18.061  36.212 0.0000000000
48599  30.429  -18.759  38.855 0.0000000000
45329  22.554  -22.444  40.735 0.0000000000
44250  22.118  -23.334  40.982 0.0000000000
44263  21.399  -23.818  40.175 0.0000000000
45388  22.659  -22.381  36.274 0.0000000000
45357  22.593  -22.294  38.294 0.0000000000
45341  22.997  -21.473  39.914 0.0000000000
41826  19.152  -25.625  49.053 0.0000000000
40576  18.466  -26.476  50.183 0.0000000000
81160  51.856  7.876  16.443 0.0000000000
81146  52.779  8.219  17.095 0.0000000000
79993  52.259  7.627  17.294 0.0000000000
77408  51.666  3.799  23.642 0.0000000000
77407  51.976  4.184  23.993 0.0000000000
70346  44.972  -1.013  22.431 0.0000000000
71530  45.887  -0.357  22.103 0.0000000000
70334  45.325  -1.118  23.231 0.0000000000
61856  39.197  -7.515  29.706 0.0000000000
64155  39.545  -6.200  30.312 0.0000000000
64137  39.517  -5.239  30.822 0.0000000000
62936  40.634  -6.566  32.028 0.0000000000
56906  36.270  -13.234  39.669 0.0000000000
55707  35.681  -12.716  38.359 0.0000000000
56886  36.733  -12.678  40.656 0.0000000000
78779  50.890  5.911  15.844 0.0000000000
77535  51.766  5.293  14.542 0.0000000000
80027  51.815  6.488  15.813 0.0000000000
80014  52.434  7.198  15.661 0.0000000000
81255  57.588  8.374  7.835 0.0000000000
80088  56.954  7.388  8.184 0.0000000000
78882  55.312  6.830  8.788 0.0000000000
47357  27.376  -20.359  42.489 0.0000000000
48524  28.559  -20.098  42.967 0.0000000000
48492  27.556  -19.735  45.625 0.0000000000
40618  15.211  -27.216  47.818 0.0000000000
40579  15.348  -26.753  50.106 0.0000000000
40580  14.673  -26.651  50.048 0.0000000000
39346  12.771  -27.477  52.269 0.0000000000
39352  13.387  -27.218  51.851 0.0000000000
77511  48.400  4.996  16.716 0.0000000000
78759  49.267  5.785  17.671 0.0000000000
78750  48.438  5.152  17.798 0.0000000000
76284  48.025  4.105  19.120 0.0000000000
76283  49.013  4.079  19.078 0.0000000000
75082  48.635  3.267  19.607 0.0000000000
75046  50.573  2.774  21.157 0.0000000000
73896  49.292  2.051  21.456 0.0000000000
66517  45.371  -3.503  26.751 0.0000000000
67729  46.087  -2.584  27.636 0.0000000000
68957  45.690  -2.587  28.796 0.0000000000
77524  49.094  4.849  15.503 0.0000000000
34701  8.741  -30.796  47.023 0.0000000000
34695  7.569  -30.781  47.279 0.0000000000
67810  41.649  -2.957  22.502 0.0000000000
66580  43.581  -3.877  24.245 0.0000000000
66582  41.836  -4.368  23.704 0.0000000000
66546  40.710  -5.156  27.183 0.0000000000
66545  41.840  -5.185  27.138 0.0000000000
66503  42.010  -4.065  28.494 0.0000000000
67712  42.579  -3.942  29.451 0.0000000000
67713  41.500  -3.969  29.233 0.0000000000
54665  30.237  -13.955  33.176 0.0000000000
50983  32.788  -16.378  37.394 0.0000000000
53402  32.682  -15.605  35.893 0.0000000000
52172  33.518  -16.050  38.031 0.0000000000
53352  34.285  -15.356  38.693 0.0000000000
52156  34.229  -16.293  39.211 0.0000000000
47328  31.120  -19.699  44.309 0.0000000000
48536  31.650  -19.438  42.639 0.0000000000
48520  32.327  -19.104  44.328 0.0000000000
50848  34.150  -17.542  44.664 0.0000000000
52112  35.394  -16.564  43.103 0.0000000000
47311  23.283  -20.647  46.340 0.0000000000
46272  22.779  -20.973  46.972 0.0000000000
46289  22.463  -21.539  45.763 0.0000000000
44210  21.512  -23.835  43.964 0.0000000000
44184  21.208  -23.378  45.602 0.0000000000
43052  20.816  -24.008  45.388 0.0000000000
43037  20.308  -24.517  46.132 0.0000000000
43053  20.194  -24.740  45.010 0.0000000000
41951  19.330  -25.401  39.588 0.0000000000
40712  16.072  -27.102  41.350 0.0000000000
41930  17.536  -26.109  41.759 0.0000000000
41904  17.401  -26.364  43.251 0.0000000000
41878  17.700  -25.878  44.783 0.0000000000
40665  16.681  -26.499  44.058 0.0000000000
40655  16.237  -26.986  45.210 0.0000000000
40680  15.566  -27.290  43.686 0.0000000000
38274  12.733  -28.589  44.183 0.0000000000
49880  28.263  -18.489  32.961 0.0000000000
48737  26.903  -18.530  32.665 0.0000000000
47453  24.478  -20.388  36.038 0.0000000000
48662  24.936  -20.007  36.405 0.0000000000
48660  26.237  -19.685  36.051 0.0000000000
47437  25.734  -19.929  37.694 0.0000000000
48623  26.216  -20.180  39.300 0.0000000000
47403  25.134  -20.424  39.716 0.0000000000
48529  23.901  -20.502  42.847 0.0000000000
48528  24.272  -20.370  43.104 0.0000000000
48497  23.767  -20.460  44.669 0.0000000000
48461  23.769  -20.295  46.634 0.0000000000
44107  21.755  -22.528  49.997 0.0000000000
36965  8.521  -29.091  51.304 0.0000000000
38197  9.414  -28.606  51.611 0.0000000000
83349  55.671  8.905  16.813 0.0000000000
81116  55.268  7.405  19.067 0.0000000000
82253  55.811  8.099  18.829 0.0000000000
81094  55.920  7.553  20.585 0.0000000000
79936  55.588  7.121  21.386 0.0000000000
77465  51.988  5.168  19.114 0.0000000000
77464  52.906  5.406  19.192 0.0000000000
76264  53.415  4.968  20.104 0.0000000000
78682  54.173  5.693  23.520 0.0000000000
72675  47.778  0.124  22.801 0.0000000000
72702  47.336  1.071  21.326 0.0000000000
72686  48.259  0.677  22.372 0.0000000000
75018  49.367  1.575  24.163 0.0000000000
73846  48.954  1.744  24.738 0.0000000000
70254  47.201  -1.306  27.301 0.0000000000
70269  47.804  -0.676  26.731 0.0000000000
71450  48.165  -0.291  27.798 0.0000000000
66525  37.301  -4.123  27.260 0.0000000000
67629  39.893  -3.517  32.414 0.0000000000
67677  39.416  -3.198  30.651 0.0000000000
68877  40.077  -2.695  32.207 0.0000000000
70139  41.059  -2.320  32.797 0.0000000000
67610  41.777  -2.860  34.571 0.0000000000
54685  32.936  -13.692  32.660 0.0000000000
54661  34.407  -13.373  33.664 0.0000000000
55740  36.931  -12.805  36.500 0.0000000000
55775  37.222  -12.439  34.325 0.0000000000
55756  38.214  -12.199  35.227 0.0000000000
56977  38.089  -11.293  33.739 0.0000000000
55755  39.350  -11.880  35.718 0.0000000000
58079  38.169  -11.488  41.767 0.0000000000
59318  41.424  -9.614  38.809 0.0000000000
58123  40.745  -10.237  37.441 0.0000000000
60588  41.297  -8.654  37.713 0.0000000000
61790  41.113  -7.355  36.348 0.0000000000
61766  41.834  -7.487  38.043 0.0000000000
78813  52.863  5.528  12.431 0.0000000000
78842  53.377  6.274  10.316 0.0000000000
78841  54.525  5.854  10.431 0.0000000000
78824  54.865  6.065  11.592 0.0000000000
82315  54.475  8.480  15.128 0.0000000000
81192  55.364  8.251  13.839 0.0000000000
82314  55.368  8.818  15.040 0.0000000000
83382  55.942  9.480  14.758 0.0000000000
78898  59.241  6.392  7.881 0.0000000000
80061  57.964  7.410  11.196 0.0000000000
82356  57.964  8.363  11.856 0.0000000000
82340  57.533  8.574  12.198 0.0000000000
48475  25.763  -19.541  46.403 0.0000000000
48474  26.781  -19.407  46.530 0.0000000000
48458  26.006  -19.478  47.386 0.0000000000
39419  13.886  -27.946  47.378 0.0000000000
39387  13.877  -27.335  49.343 0.0000000000
39388  12.725  -28.002  49.088 0.0000000000
39376  12.977  -27.803  50.203 0.0000000000
39348  11.316  -27.787  52.100 0.0000000000
76295  46.536  4.673  18.234 0.0000000000
76285  46.855  4.124  18.729 0.0000000000
67692  44.376  -3.095  29.713 0.0000000000
68919  45.555  -1.904  30.445 0.0000000000
67663  44.876  -2.553  31.798 0.0000000000
70158  45.612  -1.532  32.757 0.0000000000
34703  6.797  -30.762  46.600 0.0000000000
35839  5.773  -30.405  46.315 0.0000000000
35805  5.461  -29.890  47.604 0.0000000000
65460  41.407  -4.596  23.880 0.0000000000
66547  39.574  -4.872  26.813 0.0000000000
52258  30.629  -15.533  33.488 0.0000000000
51032  30.454  -17.151  35.001 0.0000000000
50985  31.499  -17.329  37.027 0.0000000000
50946  32.233  -17.473  39.081 0.0000000000
46306  22.963  -21.679  43.324 0.0000000000
46298  22.457  -21.609  44.872 0.0000000000
45280  22.366  -22.083  43.273 0.0000000000
44223  21.633  -23.307  42.650 0.0000000000
43092  20.610  -24.238  42.551 0.0000000000
39473  15.437  -27.315  42.680 0.0000000000
39518  13.467  -27.022  40.703 0.0000000000
46386  23.981  -21.249  36.328 0.0000000000
46356  24.228  -21.056  38.386 0.0000000000
47404  24.552  -20.649  39.387 0.0000000000
46346  23.469  -21.118  39.740 0.0000000000
46325  23.054  -21.061  41.438 0.0000000000
42996  20.835  -24.162  49.465 0.0000000000
82302  53.669  8.375  15.731 0.0000000000
82272  54.759  8.339  17.212 0.0000000000
82273  53.921  8.180  16.914 0.0000000000
81131  54.153  7.821  17.902 0.0000000000
78730  54.406  6.813  19.097 0.0000000000
76266  52.188  3.941  20.895 0.0000000000
77427  53.239  4.534  21.956 0.0000000000
77419  52.919  4.754  22.788 0.0000000000
77393  53.188  5.221  24.127 0.0000000000
73889  45.289  1.376  20.481 0.0000000000
72689  45.407  0.292  21.273 0.0000000000
71529  46.564  0.013  22.105 0.0000000000
71498  47.590  0.342  23.988 0.0000000000
71433  48.749  0.193  28.874 0.0000000000
66505  36.762  -4.361  28.353 0.0000000000
67699  37.777  -4.051  28.759 0.0000000000
65319  38.408  -4.271  30.441 0.0000000000
65308  39.571  -4.434  31.583 0.0000000000
65294  41.130  -4.582  33.253 0.0000000000
55743  34.515  -13.436  36.679 0.0000000000
54623  35.319  -13.188  35.171 0.0000000000
55742  35.058  -12.904  36.755 0.0000000000
55724  36.711  -12.609  37.628 0.0000000000
56935  37.679  -12.891  38.260 0.0000000000
77550  49.696  5.676  12.786 0.0000000000
78815  50.440  5.817  12.143 0.0000000000
78803  51.014  4.999  12.755 0.0000000000
78802  52.019  4.826  13.222 0.0000000000
76330  53.951  5.084  14.169 0.0000000000
78812  54.420  5.576  13.264 0.0000000000
80024  53.994  6.541  14.483 0.0000000000
81182  53.849  7.966  15.178 0.0000000000
80087  58.198  7.184  7.847 0.0000000000
78879  58.462  6.359  8.486 0.0000000000
78859  58.595  6.346  9.520 0.0000000000
78860  57.596  6.230  9.483 0.0000000000
78839  56.824  6.267  10.518 0.0000000000
48601  28.812  -20.314  39.396 0.0000000000
48600  29.590  -19.368  39.181 0.0000000000
48538  29.437  -20.283  42.153 0.0000000000
48523  29.565  -20.002  43.374 0.0000000000
48490  30.013  -19.397  45.692 0.0000000000
40615  17.288  -26.234  48.693 0.0000000000
40597  17.292  -26.379  49.530 0.0000000000
40578  16.238  -26.877  50.120 0.0000000000
40558  16.075  -27.250  50.838 0.0000000000
40543  14.023  -27.109  51.650 0.0000000000
40534  14.420  -27.171  51.887 0.0000000000
80007  50.277  6.454  16.825 0.0000000000
79978  50.772  6.831  17.424 0.0000000000
79980  49.824  6.383  17.827 0.0000000000
77482  50.591  5.707  18.307 0.0000000000
77467  50.225  4.922  18.629 0.0000000000
77485  48.256  4.966  18.092 0.0000000000
76282  49.907  4.235  19.115 0.0000000000
75060  51.244  3.566  19.959 0.0000000000
76250  51.303  3.355  21.746 0.0000000000
76237  51.294  3.595  23.050 0.0000000000
76225  50.574  3.193  23.996 0.0000000000
69023  45.243  -2.035  24.253 0.0000000000
69022  45.896  -1.389  24.409 0.0000000000
67769  45.937  -2.615  25.563 0.0000000000
68977  46.713  -1.843  26.793 0.0000000000
70237  47.198  -1.206  28.426 0.0000000000
68918  46.043  -1.532  30.137 0.0000000000
70207  46.594  -1.183  30.322 0.0000000000
71417  47.963  -0.379  30.664 0.0000000000
60656  39.328  -8.755  31.522 0.0000000000
56853  37.518  -12.196  42.250 0.0000000000
78804  49.104  5.919  13.147 0.0000000000
77537  49.910  4.911  14.637 0.0000000000
77523  50.104  5.548  15.732 0.0000000000
83450  56.155  10.198  8.132 0.0000000000
83451  55.489  9.901  8.507 0.0000000000
35836  10.048  -30.215  46.135 0.0000000000
37012  10.777  -29.824  47.883 0.0000000000
35801  9.195  -30.596  47.892 0.0000000000
35787  8.625  -30.637  49.135 0.0000000000
36977  7.646  -29.469  50.816 0.0000000000
35789  6.391  -30.310  48.907 0.0000000000
70358  43.444  -1.156  21.470 0.0000000000
69069  42.671  -1.643  21.600 0.0000000000
69042  43.907  -2.099  22.823 0.0000000000
66579  44.190  -3.410  24.134 0.0000000000
66565  43.897  -4.374  25.269 0.0000000000
66543  43.931  -4.508  26.513 0.0000000000
65410  42.555  -4.931  25.205 0.0000000000
66544  42.836  -4.665  26.897 0.0000000000
67732  44.031  -4.170  28.559 0.0000000000
67693  43.155  -2.980  30.107 0.0000000000
68922  42.880  -2.505  30.849 0.0000000000
70161  42.673  -1.879  32.595 0.0000000000
54663  32.397  -13.871  33.669 0.0000000000
54628  31.957  -15.281  34.499 0.0000000000
54645  32.282  -14.301  34.410 0.0000000000
54612  34.095  -14.262  36.490 0.0000000000
54600  34.095  -14.618  37.437 0.0000000000
54576  34.877  -14.410  39.226 0.0000000000
54561  35.769  -14.585  40.612 0.0000000000
48579  30.689  -19.084  40.003 0.0000000000
49753  32.059  -18.455  40.787 0.0000000000
49752  33.122  -18.067  41.117 0.0000000000
49722  33.073  -18.391  44.890 0.0000000000
50891  33.882  -17.826  42.775 0.0000000000
50912  34.404  -17.346  41.183 0.0000000000
50911  35.381  -17.029  41.212 0.0000000000
52111  36.258  -15.714  42.391 0.0000000000
53298  36.762  -14.735  42.259 0.0000000000
46262  23.599  -20.689  49.005 0.0000000000
47283  22.910  -21.474  48.835 0.0000000000
45208  22.181  -22.289  48.935 0.0000000000
45209  21.678  -22.673  48.958 0.0000000000
45259  22.105  -22.141  45.480 0.0000000000
45247  21.826  -22.627  47.033 0.0000000000
44134  21.237  -23.234  48.001 0.0000000000
41839  20.694  -24.527  47.958 0.0000000000
41853  19.733  -25.232  47.543 0.0000000000
41854  18.832  -25.585  47.346 0.0000000000
43121  20.693  -24.275  39.466 0.0000000000
43102  19.822  -24.304  41.074 0.0000000000
43081  19.269  -24.612  42.344 0.0000000000
41953  18.037  -25.666  40.367 0.0000000000
41915  18.690  -25.019  42.011 0.0000000000
41902  18.997  -25.274  43.102 0.0000000000
41877  18.470  -25.605  45.147 0.0000000000
41865  18.476  -25.673  46.325 0.0000000000
40643  17.420  -26.084  46.716 0.0000000000
40630  16.573  -26.376  47.375 0.0000000000
40631  16.076  -26.957  47.087 0.0000000000
40632  15.359  -27.329  46.728 0.0000000000
39458  14.985  -27.806  44.183 0.0000000000
39446  14.851  -27.803  45.356 0.0000000000
39436  14.221  -27.900  46.533 0.0000000000
38236  13.570  -28.248  46.176 0.0000000000
38256  12.221  -29.042  45.642 0.0000000000
37028  11.397  -29.099  44.948 0.0000000000
37029  10.817  -30.133  45.158 0.0000000000
35853  9.344  -29.979  43.874 0.0000000000
51070  29.152  -17.366  32.604 0.0000000000
48699  28.833  -18.645  34.206 0.0000000000
48658  28.195  -19.550  35.976 0.0000000000
48701  27.016  -18.960  34.331 0.0000000000
48659  27.164  -19.700  35.972 0.0000000000
47416  27.956  -20.450  37.869 0.0000000000
48602  27.654  -20.487  39.700 0.0000000000
48560  27.211  -20.420  41.240 0.0000000000
47359  25.828  -20.562  42.945 0.0000000000
48563  24.815  -20.075  41.505 0.0000000000
48527  24.678  -20.319  43.362 0.0000000000
48510  25.342  -19.961  44.613 0.0000000000
48476  24.921  -19.755  46.229 0.0000000000
48445  24.328  -20.018  48.036 0.0000000000
38212  10.765  -28.999  49.937 0.0000000000
38196  10.562  -28.294  51.459 0.0000000000
82261  55.529  8.384  18.149 0.0000000000
78745  52.427  6.323  18.079 0.0000000000
78731  53.602  6.420  18.980 0.0000000000
78702  54.594  6.230  20.901 0.0000000000
78693  53.991  5.514  21.764 0.0000000000
78692  54.429  5.965  21.951 0.0000000000
79927  55.137  6.587  22.294 0.0000000000
76286  45.722  3.582  18.589 0.0000000000
75064  46.988  2.559  20.142 0.0000000000
73887  46.234  1.379  20.782 0.0000000000
73898  47.557  1.702  20.725 0.0000000000
73897  48.646  1.840  20.978 0.0000000000
73868  49.495  2.124  22.642 0.0000000000
76226  50.237  2.282  23.953 0.0000000000
76201  50.774  3.138  25.081 0.0000000000
70288  46.505  -1.121  24.695 0.0000000000
71481  47.712  0.050  24.992 0.0000000000
72648  48.352  0.871  25.373 0.0000000000
71449  48.573  0.197  27.928 0.0000000000
72635  49.241  0.940  26.284 0.0000000000
72647  48.962  1.276  25.542 0.0000000000
74975  49.680  2.279  25.417 0.0000000000
73833  50.510  2.823  25.562 0.0000000000
66548  38.543  -4.525  26.686 0.0000000000
66523  39.173  -4.256  27.544 0.0000000000
67698  38.178  -3.808  29.139 0.0000000000
67715  39.286  -3.953  28.985 0.0000000000
67714  40.323  -4.044  29.021 0.0000000000
68924  40.864  -2.686  31.052 0.0000000000
70162  41.915  -1.988  32.655 0.0000000000
70118  42.711  -1.663  34.282 0.0000000000
54659  35.832  -12.754  33.899 0.0000000000
58224  37.982  -10.486  32.092 0.0000000000
58200  38.570  -9.877  33.014 0.0000000000
59395  39.433  -9.067  33.341 0.0000000000
56865  37.636  -11.624  41.368 0.0000000000
56903  37.791  -12.053  39.759 0.0000000000
55692  39.401  -12.802  39.116 0.0000000000
56901  40.042  -12.330  39.828 0.0000000000
55721  39.922  -12.226  37.408 0.0000000000
56947  40.123  -11.086  36.559 0.0000000000
59358  40.006  -9.608  35.426 0.0000000000
60633  39.999  -8.340  33.487 0.0000000000
61810  40.764  -7.216  33.998 0.0000000000
64081  41.509  -6.152  34.576 0.0000000000
65278  41.808  -4.520  34.680 0.0000000000
62861  42.328  -6.823  38.676 0.0000000000
64051  42.328  -5.682  37.063 0.0000000000
66415  41.915  -3.753  35.048 0.0000000000
67572  43.122  -3.317  35.937 0.0000000000
81238  54.598  8.625  8.787 0.0000000000
80091  54.699  7.564  8.719 0.0000000000
77595  55.003  5.933  9.705 0.0000000000
78840  55.592  5.899  10.383 0.0000000000
80053  56.238  7.155  12.345 0.0000000000
80044  55.002  6.850  13.223 0.0000000000
81203  55.983  8.221  13.282 0.0000000000
81202  56.482  8.288  12.747 0.0000000000
83401  56.591  9.456  13.515 0.0000000000
47281  24.328  -20.205  49.646 0.0000000000
48417  24.837  -19.729  49.568 0.0000000000
37018  11.546  -29.350  46.331 0.0000000000
37011  11.177  -29.226  47.535 0.0000000000
71377  43.620  -1.428  33.269 0.0000000000
71376  44.083  -1.362  33.650 0.0000000000
48635  29.952  -18.545  36.947 0.0000000000
48619  29.746  -19.193  38.059 0.0000000000
44262  22.155  -23.199  39.841 0.0000000000
45342  22.557  -22.172  39.564 0.0000000000
41841  18.981  -25.447  48.252 0.0000000000
40596  18.297  -26.184  49.622 0.0000000000
80005  51.549  7.429  16.638 0.0000000000
81147  52.106  8.015  16.936 0.0000000000
79994  51.407  7.328  17.136 0.0000000000
76212  51.492  4.068  24.826 0.0000000000
77395  51.715  4.270  24.791 0.0000000000
77396  51.477  4.077  24.878 0.0000000000
61844  39.591  -7.510  30.489 0.0000000000
62961  39.531  -6.643  29.953 0.0000000000
61843  39.852  -7.425  31.194 0.0000000000
62945  40.156  -6.555  31.298 0.0000000000
61827  40.043  -7.425  31.967 0.0000000000
55679  36.091  -13.619  40.386 0.0000000000
56887  36.508  -13.250  40.285 0.0000000000
80017  50.811  6.397  16.407 0.0000000000
80016  51.429  6.541  16.135 0.0000000000
81172  51.645  7.149  16.302 0.0000000000
81171  51.869  7.607  16.006 0.0000000000
81256  56.413  8.390  8.021 0.0000000000
80089  55.902  7.531  8.422 0.0000000000
47343  26.950  -20.331  43.377 0.0000000000
47329  27.352  -20.212  43.993 0.0000000000
48508  27.068  -20.109  44.787 0.0000000000
40600  14.672  -26.934  49.084 0.0000000000
77497  48.022  4.937  17.599 0.0000000000
75062  49.484  2.475  20.484 0.0000000000
75063  48.134  2.487  20.196 0.0000000000
66518  44.758  -3.974  27.221 0.0000000000
67730  45.575  -2.990  27.817 0.0000000000
67709  45.436  -2.911  28.534 0.0000000000
34702  8.082  -31.008  46.379 0.0000000000
69045  41.285  -2.703  22.094 0.0000000000
66600  42.025  -3.457  22.959 0.0000000000
66601  41.386  -3.937  23.157 0.0000000000
66521  41.365  -4.729  27.961 0.0000000000
66504  41.079  -4.200  28.501 0.0000000000
50962  32.923  -16.941  38.138 0.0000000000
52157  33.473  -16.685  38.612 0.0000000000
48489  31.059  -19.207  45.628 0.0000000000
47340  31.607  -19.456  44.302 0.0000000000
48488  31.863  -18.850  45.506 0.0000000000
47319  23.256  -20.636  45.373 0.0000000000
46280  22.870  -21.042  46.046 0.0000000000
46288  22.794  -20.984  45.113 0.0000000000
43079  20.787  -24.359  43.476 0.0000000000
43066  20.894  -24.311  44.488 0.0000000000
40693  16.892  -26.501  42.284 0.0000000000
40678  16.716  -26.545  43.269 0.0000000000
41891  17.132  -26.353  43.858 0.0000000000
40679  16.111  -26.838  43.444 0.0000000000
40666  16.187  -26.850  44.310 0.0000000000
47439  24.679  -20.383  36.988 0.0000000000
48641  25.011  -20.190  36.945 0.0000000000
48640  25.365  -20.082  36.910 0.0000000000
47438  25.119  -20.217  37.545 0.0000000000
47419  25.442  -20.395  38.699 0.0000000000
48513  23.829  -20.416  43.733 0.0000000000
38199  8.416  -29.071  51.710 0.0000000000
38198  8.697  -28.919  51.546 0.0000000000
83359  55.708  9.096  16.315 0.0000000000
82286  55.154  8.781  16.650 0.0000000000
79949  55.129  7.092  19.710 0.0000000000
81105  55.578  7.539  19.528 0.0000000000
79948  55.469  7.190  20.378 0.0000000000
81085  55.856  7.475  21.526 0.0000000000
72674  48.355  0.583  23.562 0.0000000000
73847  48.871  1.390  24.227 0.0000000000
70236  48.025  -0.476  28.398 0.0000000000
70253  47.740  -0.652  27.644 0.0000000000
66526  36.405  -3.726  27.233 0.0000000000
67628  40.238  -3.220  32.684 0.0000000000
67646  40.095  -2.945  32.427 0.0000000000
68846  40.457  -2.895  33.039 0.0000000000
68845  40.724  -2.697  33.285 0.0000000000
67611  41.088  -2.993  33.782 0.0000000000
54662  33.428  -13.606  33.677 0.0000000000
54684  33.941  -13.377  32.690 0.0000000000
55739  38.040  -12.971  36.363 0.0000000000
55738  39.102  -12.561  36.374 0.0000000000
59317  41.731  -9.727  39.569 0.0000000000
59332  41.271  -9.526  37.950 0.0000000000
60568  41.433  -8.718  38.552 0.0000000000
61749  41.520  -8.123  38.197 0.0000000000
61748  41.707  -7.844  38.921 0.0000000000
78826  52.504  5.913  11.294 0.0000000000
82327  55.048  8.500  14.649 0.0000000000
83370  55.807  9.292  15.579 0.0000000000
78897  59.726  6.061  7.937 0.0000000000
78877  59.644  5.766  8.398 0.0000000000
77610  59.516  5.758  9.135 0.0000000000
81222  57.982  7.986  11.504 0.0000000000
81209  57.517  8.127  11.843 0.0000000000
48444  25.254  -19.672  48.188 0.0000000000
39420  13.322  -28.221  47.768 0.0000000000
39403  13.443  -27.724  48.345 0.0000000000
39404  12.924  -28.211  48.247 0.0000000000
39389  12.211  -28.424  49.434 0.0000000000
39377  12.131  -28.289  49.976 0.0000000000
39366  11.786  -28.133  51.102 0.0000000000
39354  12.038  -27.497  51.819 0.0000000000
76296  45.710  4.547  18.027 0.0000000000
68943  44.093  -2.740  30.327 0.0000000000
68920  44.699  -2.386  30.729 0.0000000000
68896  44.319  -2.442  31.617 0.0000000000
34714  5.968  -30.675  45.663 0.0000000000
35821  5.110  -30.248  46.524 0.0000000000
35806  4.588  -30.001  47.375 0.0000000000
49878  29.836  -17.604  33.785 0.0000000000
51051  30.485  -16.945  34.290 0.0000000000
49845  30.150  -17.555  34.976 0.0000000000
49797  31.080  -18.074  37.700 0.0000000000
49810  31.029  -17.915  36.814 0.0000000000
49796  31.583  -17.650  38.154 0.0000000000
49781  31.672  -17.786  39.038 0.0000000000
46316  23.099  -21.332  42.369 0.0000000000
45297  22.642  -22.044  42.512 0.0000000000
44236  21.738  -23.190  41.937 0.0000000000
44237  21.319  -23.883  42.184 0.0000000000
44224  21.299  -23.808  43.031 0.0000000000
43101  20.607  -24.239  41.621 0.0000000000
45387  23.121  -21.833  36.836 0.0000000000
46372  23.702  -21.338  37.581 0.0000000000
46345  24.037  -21.124  39.304 0.0000000000
46357  23.628  -21.459  38.691 0.0000000000
45328  22.880  -21.620  40.636 0.0000000000
46336  23.229  -21.022  40.594 0.0000000000
43010  20.313  -24.514  49.069 0.0000000000
41824  20.387  -24.872  49.682 0.0000000000
81158  53.014  8.353  16.348 0.0000000000
82288  53.409  8.380  16.424 0.0000000000
82289  52.924  8.554  16.860 0.0000000000
79992  53.072  7.489  17.474 0.0000000000
81145  53.622  7.835  17.307 0.0000000000
79977  53.796  7.362  18.092 0.0000000000
79960  54.250  7.095  18.678 0.0000000000
76249  51.943  3.763  22.314 0.0000000000
77428  52.531  4.197  22.117 0.0000000000
77420  52.109  4.186  23.024 0.0000000000
77394  52.570  4.906  24.549 0.0000000000
72705  44.568  0.758  20.569 0.0000000000
71516  46.095  -0.491  22.913 0.0000000000
71515  46.873  -0.192  23.077 0.0000000000
71499  47.108  -0.220  24.212 0.0000000000
65366  36.337  -4.809  28.328 0.0000000000
65353  37.353  -4.916  28.927 0.0000000000
65334  37.730  -4.520  29.345 0.0000000000
65333  38.038  -4.707  29.813 0.0000000000
64121  40.332  -5.343  31.566 0.0000000000
64122  39.583  -4.826  31.170 0.0000000000
64110  40.608  -4.880  32.223 0.0000000000
65295  40.645  -4.465  32.632 0.0000000000
55726  34.996  -13.049  37.599 0.0000000000
56921  36.402  -12.366  38.984 0.0000000000
55706  36.297  -12.447  38.230 0.0000000000
56920  37.047  -12.187  38.723 0.0000000000
56936  37.342  -12.638  38.205 0.0000000000
77544  50.769  4.722  13.746 0.0000000000
77549  50.294  5.206  12.988 0.0000000000
77543  51.656  4.924  14.234 0.0000000000
130709  53.031  5.182  13.325 0.0000000000
76325  53.573  5.295  14.503 0.0000000000
77534  53.805  5.539  14.514 0.0000000000
80025  53.001  6.465  15.091 0.0000000000
81170  52.573  7.939  15.813 0.0000000000
81183  53.157  7.298  15.309 0.0000000000
81169  53.170  8.200  16.019 0.0000000000
48581  28.522  -20.498  40.265 0.0000000000
48558  29.067  -20.370  41.093 0.0000000000
48507  28.318  -20.124  44.336 0.0000000000
48506  29.726  -19.789  44.619 0.0000000000
40598  16.354  -26.580  49.356 0.0000000000
40540  15.811  -27.386  51.555 0.0000000000
40541  15.183  -27.179  51.555 0.0000000000
39375  13.813  -27.320  50.423 0.0000000000
40581  14.242  -26.875  49.913 0.0000000000
40561  14.248  -27.178  50.942 0.0000000000
78768  49.906  5.813  16.544 0.0000000000
80008  49.817  6.053  17.126 0.0000000000
78748  49.357  6.082  17.986 0.0000000000
77483  49.688  5.618  18.320 0.0000000000
77470  47.762  4.603  18.584 0.0000000000
75081  49.687  3.398  19.566 0.0000000000
75080  50.533  3.704  19.522 0.0000000000
76267  51.153  3.356  20.780 0.0000000000
76238  50.152  2.998  23.240 0.0000000000
67770  45.206  -2.886  25.022 0.0000000000
68966  46.309  -2.125  27.894 0.0000000000
67750  46.236  -2.531  27.141 0.0000000000
70225  46.975  -1.250  29.498 0.0000000000
70183  45.801  -1.611  30.917 0.0000000000
71398  46.875  -0.678  31.777 0.0000000000
71418  47.129  -0.685  30.987 0.0000000000
70206  47.338  -0.711  30.084 0.0000000000
59479  38.665  -9.170  29.556 0.0000000000
60692  38.878  -8.512  29.444 0.0000000000
59433  38.815  -9.451  31.304 0.0000000000
77546  48.724  5.474  13.688 0.0000000000
77545  49.609  5.183  13.621 0.0000000000
77510  49.454  5.381  16.318 0.0000000000
77509  49.818  5.590  16.200 0.0000000000
78780  50.403  6.029  16.322 0.0000000000
35816  10.144  -30.349  47.254 0.0000000000
35802  8.055  -30.660  48.106 0.0000000000
35773  7.953  -30.211  49.842 0.0000000000
35760  8.251  -29.680  50.387 0.0000000000
35761  7.461  -29.855  50.328 0.0000000000
35804  6.239  -30.080  47.819 0.0000000000
35819  6.603  -30.423  47.289 0.0000000000
71542  43.406  -0.442  20.934 0.0000000000
67824  42.240  -2.522  22.248 0.0000000000
70349  42.073  -1.664  21.605 0.0000000000
69056  42.624  -2.115  21.912 0.0000000000
69043  43.207  -2.272  22.569 0.0000000000
67808  43.493  -2.701  23.103 0.0000000000
67807  44.148  -2.521  23.376 0.0000000000
67788  43.932  -3.176  23.647 0.0000000000
65428  43.452  -4.449  24.747 0.0000000000
65431  41.091  -5.047  24.524 0.0000000000
65411  41.660  -5.261  25.315 0.0000000000
66520  42.481  -4.974  28.036 0.0000000000
66519  43.678  -4.461  27.886 0.0000000000
66501  43.675  -4.346  28.684 0.0000000000
67711  43.816  -3.761  29.155 0.0000000000
67675  42.533  -2.825  30.485 0.0000000000
67674  42.846  -2.695  30.455 0.0000000000
70186  42.955  -2.314  31.884 0.0000000000
54686  31.843  -13.841  32.606 0.0000000000
52225  31.318  -16.070  34.868 0.0000000000
53464  31.300  -15.282  33.580 0.0000000000
52224  31.779  -15.847  35.292 0.0000000000
53401  33.122  -15.304  36.291 0.0000000000
53421  32.848  -15.231  35.724 0.0000000000
54626  33.058  -14.614  35.533 0.0000000000
53351  34.582  -15.259  39.264 0.0000000000
54577  34.359  -14.844  38.973 0.0000000000
54562  35.539  -14.308  40.251 0.0000000000
53331  35.604  -15.076  40.381 0.0000000000
48557  30.167  -19.877  41.135 0.0000000000
48556  31.306  -19.213  41.297 0.0000000000
49740  32.408  -18.791  41.839 0.0000000000
49765  32.536  -17.813  40.145 0.0000000000
50868  34.338  -17.591  43.827 0.0000000000
50869  33.833  -17.995  43.297 0.0000000000
50890  34.436  -17.434  42.528 0.0000000000
49738  33.869  -17.700  42.252 0.0000000000
53299  36.418  -14.888  41.532 0.0000000000
47292  23.406  -20.747  48.410 0.0000000000
46263  23.421  -20.913  49.033 0.0000000000
47282  23.088  -21.269  48.708 0.0000000000
46273  22.396  -21.571  47.566 0.0000000000
46264  22.422  -21.671  48.356 0.0000000000
45221  21.788  -22.065  48.207 0.0000000000
45269  22.091  -22.270  44.624 0.0000000000
44166  21.485  -23.018  46.337 0.0000000000
44149  21.469  -23.085  47.279 0.0000000000
43022  21.073  -24.086  47.195 0.0000000000
43009  20.793  -24.083  48.466 0.0000000000
43023  20.230  -24.775  46.991 0.0000000000
43103  19.453  -25.053  40.738 0.0000000000
43113  19.966  -24.875  39.943 0.0000000000
43093  19.822  -24.347  42.034 0.0000000000
43094  19.313  -24.681  41.614 0.0000000000
40734  17.175  -25.946  39.619 0.0000000000
41954  17.467  -26.170  40.673 0.0000000000
41917  17.661  -26.153  42.595 0.0000000000
41916  18.186  -25.646  42.361 0.0000000000
41888  19.321  -25.207  44.374 0.0000000000
41889  18.401  -25.727  44.140 0.0000000000
41866  17.620  -25.933  45.676 0.0000000000
40642  18.048  -25.942  47.227 0.0000000000
40644  16.711  -26.435  46.029 0.0000000000
40645  15.959  -27.134  46.072 0.0000000000
40646  15.336  -27.485  45.957 0.0000000000
39474  14.690  -27.651  42.842 0.0000000000
38273  13.330  -28.430  43.854 0.0000000000
39459  14.107  -28.116  44.534 0.0000000000
39447  14.147  -27.951  45.655 0.0000000000
38275  11.958  -28.810  44.325 0.0000000000
38255  12.858  -28.688  45.281 0.0000000000
37044  11.492  -29.101  44.256 0.0000000000
37045  10.907  -29.354  43.837 0.0000000000
37046  10.182  -29.820  44.092 0.0000000000
37030  10.035  -30.224  44.509 0.0000000000
35867  9.157  -29.727  43.240 0.0000000000
48718  28.355  -18.647  33.560 0.0000000000
48680  28.564  -19.103  35.090 0.0000000000
48721  25.575  -19.083  33.480 0.0000000000
48720  26.500  -18.819  33.487 0.0000000000
48702  26.015  -18.967  34.427 0.0000000000
48638  26.782  -19.740  36.792 0.0000000000
48637  27.688  -19.877  36.699 0.0000000000
47435  27.289  -20.004  37.386 0.0000000000
48621  27.918  -20.403  38.773 0.0000000000
48622  27.021  -19.860  39.117 0.0000000000
48604  26.066  -20.269  40.108 0.0000000000
48583  26.717  -20.330  40.586 0.0000000000
48561  26.229  -20.351  41.808 0.0000000000
48541  25.937  -20.453  42.508 0.0000000000
47389  24.264  -20.424  40.452 0.0000000000
48586  24.580  -20.097  41.049 0.0000000000
48564  24.568  -20.251  41.647 0.0000000000
48512  24.205  -20.230  43.998 0.0000000000
48526  25.265  -20.268  43.736 0.0000000000
48511  24.711  -20.111  44.307 0.0000000000
48495  24.823  -19.961  45.259 0.0000000000
48446  23.780  -20.220  47.466 0.0000000000
47291  23.985  -20.357  48.970 0.0000000000
45191  22.571  -21.821  49.886 0.0000000000
40577  17.276  -26.755  50.220 0.0000000000
39374  17.619  -26.992  50.538 0.0000000000
35785  10.273  -30.057  48.986 0.0000000000
37001  10.611  -29.611  49.123 0.0000000000
36988  10.407  -29.328  49.720 0.0000000000
38186  9.624  -28.303  52.015 0.0000000000
38185  10.533  -28.053  52.064 0.0000000000
38171  10.364  -28.845  52.775 0.0000000000
82262  55.109  8.382  17.820 0.0000000000
82271  55.494  8.651  17.343 0.0000000000
82246  55.975  7.905  19.499 0.0000000000
78757  51.936  6.957  17.483 0.0000000000
77463  53.550  5.411  19.765 0.0000000000
78732  52.841  5.948  18.701 0.0000000000
77426  53.649  5.116  21.510 0.0000000000
77418  53.756  5.303  22.383 0.0000000000
77417  54.259  5.690  22.585 0.0000000000
78681  54.577  6.038  22.966 0.0000000000
79937  55.034  6.517  21.466 0.0000000000
75085  45.543  2.730  19.008 0.0000000000
76287  45.135  3.060  18.487 0.0000000000
75084  46.468  3.083  19.280 0.0000000000
72704  45.651  0.903  20.909 0.0000000000
73900  45.552  1.915  20.287 0.0000000000
73888  45.906  1.439  20.716 0.0000000000
72715  47.025  1.377  20.826 0.0000000000
73885  48.907  1.810  21.960 0.0000000000
75007  49.511  1.866  24.435 0.0000000000
75017  49.723  1.716  23.755 0.0000000000
76215  50.178  2.474  24.478 0.0000000000
76202  50.307  2.659  24.793 0.0000000000
68996  46.414  -1.777  25.227 0.0000000000
70287  47.111  -0.957  25.236 0.0000000000
70286  47.655  -0.531  25.864 0.0000000000
72627  49.500  1.378  27.959 0.0000000000
72628  49.251  1.001  27.302 0.0000000000
73834  49.050  1.833  25.214 0.0000000000
73821  49.482  1.828  25.833 0.0000000000
66549  37.731  -4.058  26.423 0.0000000000
67679  37.926  -3.927  29.285 0.0000000000
67678  38.417  -3.720  29.911 0.0000000000
68926  39.821  -2.745  31.165 0.0000000000
67697  38.912  -3.566  29.594 0.0000000000
67676  39.824  -3.028  30.604 0.0000000000
67696  39.922  -3.392  30.196 0.0000000000
68946  40.787  -3.346  30.759 0.0000000000
68947  40.345  -2.937  30.771 0.0000000000
70138  41.576  -1.980  33.280 0.0000000000
70163  41.256  -2.324  32.513 0.0000000000
70137  42.480  -1.624  33.258 0.0000000000
54641  35.585  -12.928  34.558 0.0000000000
55794  36.437  -12.477  33.429 0.0000000000
55814  36.825  -11.928  32.379 0.0000000000
55813  37.363  -11.541  32.833 0.0000000000
56976  38.548  -10.895  34.174 0.0000000000
57000  38.301  -10.618  33.411 0.0000000000
58176  38.787  -10.224  33.784 0.0000000000
59396  38.910  -9.288  33.008 0.0000000000
58175  39.422  -9.789  34.077 0.0000000000
58056  37.570  -11.696  42.765 0.0000000000
56866  37.457  -11.968  41.545 0.0000000000
58068  37.723  -11.624  42.432 0.0000000000
58078  39.060  -11.581  41.821 0.0000000000
58092  38.518  -11.646  41.284 0.0000000000
56883  38.594  -11.897  40.623 0.0000000000
56902  38.815  -12.534  39.717 0.0000000000
56882  39.652  -12.305  40.906 0.0000000000
56900  41.247  -11.857  39.517 0.0000000000
55691  40.258  -12.524  39.047 0.0000000000
55720  40.542  -11.827  37.905 0.0000000000
56934  40.033  -11.612  37.023 0.0000000000
56933  40.503  -11.221  37.493 0.0000000000
59357  40.377  -9.085  36.195 0.0000000000
59371  40.208  -8.936  35.215 0.0000000000
59383  40.098  -8.814  34.565 0.0000000000
60625  40.482  -8.359  34.717 0.0000000000
61811  40.391  -7.729  33.721 0.0000000000
62887  41.196  -7.082  36.518 0.0000000000
62909  41.610  -6.746  35.142 0.0000000000
62898  41.909  -6.431  35.711 0.0000000000
64080  41.911  -5.688  34.984 0.0000000000
64065  42.244  -5.663  36.058 0.0000000000
62853  42.194  -7.378  39.272 0.0000000000
62852  42.605  -6.834  39.563 0.0000000000
64038  42.531  -5.720  38.009 0.0000000000
65234  42.624  -4.792  37.395 0.0000000000
65249  42.464  -4.617  36.466 0.0000000000
66403  42.426  -3.877  35.784 0.0000000000
67591  42.417  -3.184  35.288 0.0000000000
67561  43.045  -3.548  36.523 0.0000000000
83436  54.701  10.437  8.862 0.0000000000
78828  50.183  6.943  11.473 0.0000000000
78827  51.299  6.419  11.218 0.0000000000
80073  54.152  7.571  8.919 0.0000000000
78883  54.723  7.127  8.778 0.0000000000
78823  56.037  6.515  11.801 0.0000000000
80035  54.476  6.759  13.899 0.0000000000
80045  54.672  6.666  13.570 0.0000000000
80034  54.650  7.333  13.756 0.0000000000
80033  55.229  7.690  13.544 0.0000000000
82342  56.637  9.089  13.117 0.0000000000
83381  56.518  10.020  14.653 0.0000000000
81254  58.622  8.157  7.335 0.0000000000
81268  59.269  8.028  6.879 0.0000000000
81253  59.244  7.772  7.194 0.0000000000
48429  24.657  -19.859  48.975 0.0000000000
38238  12.322  -29.004  46.692 0.0000000000
38216  12.342  -28.500  48.311 0.0000000000
38211  11.636  -28.668  49.545 0.0000000000
70185  43.729  -2.188  31.976 0.0000000000
70184  44.199  -2.110  32.170 0.0000000000
48656  29.833  -18.347  35.848 0.0000000000
49827  30.249  -17.833  35.562 0.0000000000
48618  30.500  -18.535  37.912 0.0000000000
45315  22.304  -22.546  41.764 0.0000000000
45372  22.596  -22.287  37.218 0.0000000000
45356  22.948  -21.640  39.020 0.0000000000
41812  19.278  -25.916  49.664 0.0000000000
40556  19.105  -26.527  50.450 0.0000000000
78755  53.019  7.125  17.535 0.0000000000
77421  51.861  3.897  23.396 0.0000000000
71531  44.588  -0.345  21.339 0.0000000000
70345  45.642  -0.721  22.871 0.0000000000
70333  45.937  -0.744  23.624 0.0000000000
64173  38.501  -6.050  29.499 0.0000000000
64156  38.921  -5.671  30.064 0.0000000000
65332  38.427  -5.048  30.170 0.0000000000
64136  39.758  -5.920  30.744 0.0000000000
64120  40.796  -5.916  32.237 0.0000000000
56922  35.925  -12.742  39.097 0.0000000000
56905  36.551  -12.372  39.782 0.0000000000
77522  50.678  5.628  15.502 0.0000000000
78793  51.711  5.959  15.558 0.0000000000
80026  52.265  6.408  15.507 0.0000000000
78881  56.239  6.664  8.718 0.0000000000
48540  27.617  -20.452  41.720 0.0000000000
48539  28.334  -20.386  42.004 0.0000000000
47342  27.768  -20.191  43.307 0.0000000000
40617  15.720  -26.605  48.197 0.0000000000
40599  15.518  -26.686  49.240 0.0000000000
39353  13.022  -27.259  51.938 0.0000000000
40544  13.784  -27.245  51.608 0.0000000000
78770  48.937  5.380  17.348 0.0000000000
78760  48.634  5.284  17.570 0.0000000000
78749  48.770  5.512  17.914 0.0000000000
75047  49.901  2.347  21.712 0.0000000000
66541  45.419  -3.382  26.253 0.0000000000
67751  45.828  -2.971  26.500 0.0000000000
68967  45.909  -2.603  28.178 0.0000000000
70157  46.364  -1.256  32.237 0.0000000000
35818  8.678  -30.781  45.605 0.0000000000
34694  8.349  -30.768  47.338 0.0000000000
69057  41.750  -2.397  21.960 0.0000000000
67789  43.242  -3.373  23.403 0.0000000000
66581  42.485  -3.979  23.557 0.0000000000
65429  42.921  -4.543  24.493 0.0000000000
65396  41.231  -5.401  26.301 0.0000000000
67694  41.979  -3.480  30.176 0.0000000000
68923  41.758  -2.767  30.812 0.0000000000
51008  32.389  -16.498  36.689 0.0000000000
52207  32.194  -16.169  35.833 0.0000000000
51007  32.794  -16.147  36.889 0.0000000000
52188  33.129  -15.748  37.081 0.0000000000
53370  33.562  -15.450  37.488 0.0000000000
53385  33.684  -15.028  37.439 0.0000000000
52171  34.063  -15.775  38.427 0.0000000000
52155  34.786  -15.684  39.649 0.0000000000
48522  30.878  -19.846  43.761 0.0000000000
48521  31.957  -19.399  43.834 0.0000000000
52075  34.504  -17.224  44.784 0.0000000000
47303  22.886  -21.156  47.837 0.0000000000
46281  22.459  -21.543  46.682 0.0000000000
44183  21.665  -22.810  45.320 0.0000000000
44197  21.277  -23.509  44.880 0.0000000000
41876  19.401  -25.198  45.605 0.0000000000
41952  18.826  -25.535  40.051 0.0000000000
40711  16.739  -26.566  41.023 0.0000000000
41890  17.707  -26.205  44.027 0.0000000000
41879  17.179  -26.198  44.488 0.0000000000
40654  16.731  -26.487  44.893 0.0000000000
40667  15.735  -27.250  44.544 0.0000000000
38295  12.072  -28.433  43.370 0.0000000000
49894  27.975  -18.172  31.989 0.0000000000
48719  27.590  -18.785  33.281 0.0000000000
48684  24.972  -19.908  35.334 0.0000000000
48661  25.435  -19.696  36.174 0.0000000000
48639  26.004  -19.939  36.851 0.0000000000
47418  26.310  -19.902  38.452 0.0000000000
48624  25.638  -20.341  39.638 0.0000000000
48605  25.353  -20.222  40.321 0.0000000000
48545  23.911  -20.534  42.313 0.0000000000
48544  24.250  -20.436  42.209 0.0000000000
48478  23.754  -20.446  45.668 0.0000000000
36990  9.203  -29.457  50.268 0.0000000000
36975  9.484  -29.218  50.601 0.0000000000
38207  9.150  -28.862  51.237 0.0000000000
38187  8.881  -28.634  51.946 0.0000000000
81115  55.375  7.745  18.682 0.0000000000
77481  51.583  5.724  18.421 0.0000000000
77480  52.351  5.701  18.683 0.0000000000
76278  53.171  4.918  19.774 0.0000000000
77445  53.579  5.176  20.619 0.0000000000
77404  54.103  5.551  22.998 0.0000000000
75066  45.147  2.271  19.564 0.0000000000
72687  47.058  0.427  22.004 0.0000000000
73870  48.807  1.343  22.468 0.0000000000
73857  49.151  1.209  23.538 0.0000000000
75008  49.129  1.512  24.266 0.0000000000
70270  47.305  -1.225  26.296 0.0000000000
71465  48.291  -0.198  27.179 0.0000000000
73810  49.752  1.949  27.108 0.0000000000
67735  37.941  -4.024  27.969 0.0000000000
66458  39.205  -3.935  31.564 0.0000000000
67664  39.326  -3.419  31.311 0.0000000000
68902  39.693  -2.843  31.476 0.0000000000
68901  40.144  -2.550  31.620 0.0000000000
68876  40.679  -2.516  32.312 0.0000000000
68859  40.846  -2.391  32.960 0.0000000000
68844  41.384  -2.373  33.671 0.0000000000
55776  36.358  -12.708  34.512 0.0000000000
55757  37.131  -12.721  35.393 0.0000000000
55774  37.777  -11.864  34.107 0.0000000000
55792  37.645  -11.566  33.408 0.0000000000
56961  38.283  -11.494  34.485 0.0000000000
56960  38.852  -11.140  35.053 0.0000000000
58067  38.030  -11.353  42.513 0.0000000000
58054  38.746  -11.830  42.960 0.0000000000
58066  38.854  -11.594  42.386 0.0000000000
58065  39.811  -11.798  42.352 0.0000000000
58112  41.090  -10.463  38.188 0.0000000000
59346  40.845  -9.337  37.152 0.0000000000
60601  40.930  -8.375  36.965 0.0000000000
60609  40.881  -8.000  36.296 0.0000000000
61781  41.036  -7.411  36.860 0.0000000000
61780  41.621  -7.262  37.319 0.0000000000
78811  55.176  6.570  12.397 0.0000000000
81181  54.339  8.190  14.883 0.0000000000
81193  54.725  8.111  14.362 0.0000000000
82326  55.588  8.803  14.142 0.0000000000
83391  56.175  9.629  13.993 0.0000000000
80101  59.202  6.936  7.635 0.0000000000
80085  59.435  7.209  7.418 0.0000000000
80100  59.776  6.952  7.384 0.0000000000
80060  58.167  7.195  10.830 0.0000000000
82355  58.303  8.119  11.771 0.0000000000
48493  26.461  -19.680  45.588 0.0000000000
39386  14.305  -27.210  48.944 0.0000000000
39365  13.348  -27.651  51.238 0.0000000000
39347  11.942  -27.606  52.330 0.0000000000
77487  46.524  4.717  17.785 0.0000000000
67691  44.856  -2.981  29.515 0.0000000000
68942  45.079  -2.625  29.729 0.0000000000
68895  45.396  -2.042  31.448 0.0000000000
68875  44.678  -2.370  32.190 0.0000000000
68873  45.751  -1.706  32.100 0.0000000000
34713  7.098  -30.872  45.455 0.0000000000
34704  6.126  -30.515  46.410 0.0000000000
35820  6.128  -30.003  46.847 0.0000000000
35791  4.957  -29.941  48.582 0.0000000000
65397  40.207  -5.369  26.316 0.0000000000
51050  30.866  -16.399  34.669 0.0000000000
51031  30.852  -16.775  35.282 0.0000000000
49826  30.794  -17.525  35.886 0.0000000000
51009  31.482  -16.913  36.342 0.0000000000
50984  31.985  -17.021  37.502 0.0000000000
50963  32.176  -17.292  38.564 0.0000000000
50945  33.021  -17.247  39.232 0.0000000000
46297  22.923  -21.242  44.211 0.0000000000
46307  22.414  -21.811  44.005 0.0000000000
45281  22.054  -22.434  43.717 0.0000000000
45298  21.996  -22.611  42.741 0.0000000000
44209  21.751  -23.153  43.393 0.0000000000
39495  15.304  -27.252  41.659 0.0000000000
39496  14.549  -27.501  41.731 0.0000000000
46385  24.332  -20.645  36.677 0.0000000000
46371  24.213  -20.767  37.336 0.0000000000
47405  23.952  -20.713  39.903 0.0000000000
47390  23.714  -20.648  40.542 0.0000000000
47374  23.551  -20.692  41.306 0.0000000000
47361  23.523  -20.741  42.211 0.0000000000
47346  23.485  -20.951  43.329 0.0000000000
82301  54.078  8.618  15.795 0.0000000000
82287  54.374  8.560  16.424 0.0000000000
81144  54.276  7.935  17.450 0.0000000000
82274  53.195  8.396  16.995 0.0000000000
81130  54.694  8.048  17.925 0.0000000000
79975  54.978  7.714  18.389 0.0000000000
79959  54.930  7.233  18.944 0.0000000000
77447  52.736  4.300  21.525 0.0000000000
77406  52.650  4.825  23.641 0.0000000000
72717  44.145  1.396  20.189 0.0000000000
72688  46.147  0.464  21.612 0.0000000000
71514  47.690  0.168  23.369 0.0000000000
70205  48.058  -0.548  29.847 0.0000000000
67719  36.350  -3.893  28.050 0.0000000000
67718  37.100  -4.051  28.218 0.0000000000
66487  37.600  -4.358  28.888 0.0000000000
66472  37.910  -4.146  29.639 0.0000000000
66471  38.260  -4.035  30.290 0.0000000000
65318  38.911  -4.607  30.699 0.0000000000
66459  38.768  -3.965  30.828 0.0000000000
66448  39.716  -3.881  32.215 0.0000000000
66447  40.156  -4.008  32.564 0.0000000000
66431  41.082  -3.963  33.636 0.0000000000
54625  34.020  -13.775  35.594 0.0000000000
55760  34.699  -13.335  36.081 0.0000000000
55759  35.251  -13.031  35.921 0.0000000000
55741  35.914  -12.758  36.632 0.0000000000
55725  35.737  -12.701  37.528 0.0000000000
55723  37.777  -12.940  37.623 0.0000000000
130707  54.506  5.186  13.918 0.0000000000
130708  54.536  5.619  14.077 0.0000000000
82316  53.958  8.448  15.423 0.0000000000
80102  58.822  7.073  7.704 0.0000000000
78899  58.795  6.729  7.830 0.0000000000
78858  59.291  6.096  9.670 0.0000000000
78838  57.830  6.802  10.676 0.0000000000
78821  57.550  7.033  11.196 0.0000000000
78822  57.163  6.813  11.352 0.0000000000
48620  28.918  -20.180  38.277 0.0000000000
48580  29.508  -19.881  40.156 0.0000000000
48505  30.825  -19.570  44.768 0.0000000000
48455  29.001  -19.013  47.667 0.0000000000
48472  29.280  -19.297  46.934 0.0000000000
44279  21.283  -23.645  38.996 0.0000000000
39363  16.398  -27.395  51.247 0.0000000000
39350  16.058  -27.486  51.839 0.0000000000
40601  14.313  -27.043  49.565 0.0000000000
40560  14.632  -26.803  50.847 0.0000000000
40542  14.484  -27.029  51.394 0.0000000000
79995  50.581  6.790  17.245 0.0000000000
79979  50.279  6.587  17.655 0.0000000000
78758  49.510  6.088  17.783 0.0000000000
78747  50.053  6.279  18.025 0.0000000000
77466  51.125  4.993  18.790 0.0000000000
76280  51.618  4.259  19.488 0.0000000000
77469  48.530  4.703  18.640 0.0000000000
77468  49.357  4.832  18.638 0.0000000000
76281  50.732  4.347  19.176 0.0000000000
76224  51.305  3.648  24.101 0.0000000000
75005  50.917  3.420  24.369 0.0000000000
69040  45.344  -1.338  23.830 0.0000000000
68997  45.798  -2.184  24.835 0.0000000000
67768  46.441  -2.313  26.173 0.0000000000
70224  47.696  -0.819  29.242 0.0000000000
68958  45.312  -2.819  29.213 0.0000000000
68941  45.900  -2.022  29.671 0.0000000000
68940  46.377  -1.536  29.743 0.0000000000
70182  46.315  -1.314  31.238 0.0000000000
61873  38.903  -7.687  29.120 0.0000000000
60677  39.214  -8.499  30.524 0.0000000000
60676  39.577  -8.099  31.092 0.0000000000
54511  37.062  -13.526  42.124 0.0000000000
55647  36.998  -13.095  41.828 0.0000000000
55633  37.389  -12.710  42.689 0.0000000000
77538  48.701  4.678  14.338 0.0000000000
82382  55.929  9.285  8.165 0.0000000000
82383  55.448  9.262  8.499 0.0000000000
35800  10.246  -30.252  48.435 0.0000000000
35786  9.771  -30.104  49.281 0.0000000000
35772  8.956  -29.761  49.980 0.0000000000
35759  8.671  -29.534  50.377 0.0000000000
34696  7.009  -30.669  47.281 0.0000000000
35803  6.990  -30.723  47.973 0.0000000000
35774  6.949  -30.208  49.816 0.0000000000
36967  6.897  -29.452  51.149 0.0000000000
71532  43.900  -0.738  21.379 0.0000000000
70347  44.117  -1.058  21.871 0.0000000000
69054  44.256  -1.529  22.510 0.0000000000
69068  42.986  -1.600  21.622 0.0000000000
69055  43.514  -1.697  22.097 0.0000000000
67787  44.603  -2.804  24.038 0.0000000000
66564  44.441  -3.567  24.752 0.0000000000
66542  44.878  -3.758  25.939 0.0000000000
67731  44.518  -3.785  28.279 0.0000000000
65430  42.000  -4.714  24.382 0.0000000000
65395  42.205  -5.004  26.127 0.0000000000
65394  43.081  -4.629  25.858 0.0000000000
68944  43.459  -2.661  30.554 0.0000000000
70210  43.381  -2.382  31.451 0.0000000000
71378  43.053  -1.500  33.056 0.0000000000
54644  33.105  -13.847  34.628 0.0000000000
53465  30.550  -14.757  33.238 0.0000000000
54646  32.054  -15.055  33.952 0.0000000000
53423  31.790  -15.439  34.913 0.0000000000
54627  32.273  -14.993  34.775 0.0000000000
55727  34.543  -13.793  37.493 0.0000000000
54588  34.406  -14.676  38.415 0.0000000000
55709  34.588  -14.136  38.112 0.0000000000
55694  35.516  -13.750  39.667 0.0000000000
54545  35.771  -13.933  40.724 0.0000000000
55663  35.929  -13.743  40.896 0.0000000000
49767  31.035  -18.302  39.320 0.0000000000
48578  31.464  -18.772  40.463 0.0000000000
49766  31.601  -18.178  39.924 0.0000000000
49780  32.190  -17.689  39.491 0.0000000000
50930  33.310  -17.288  40.295 0.0000000000
48503  32.436  -18.830  44.810 0.0000000000
49729  32.963  -18.641  43.858 0.0000000000
50849  33.699  -18.033  44.308 0.0000000000
49739  33.473  -18.167  42.475 0.0000000000
50913  33.744  -17.491  40.910 0.0000000000
50929  34.067  -16.888  40.305 0.0000000000
50928  34.900  -17.026  40.443 0.0000000000
52126  35.838  -16.469  40.946 0.0000000000
50889  35.642  -16.674  42.093 0.0000000000
50888  35.936  -16.137  41.785 0.0000000000
52138  35.936  -15.518  40.540 0.0000000000
53315  36.087  -14.985  40.795 0.0000000000
54528  36.690  -13.952  41.714 0.0000000000
46252  23.641  -20.911  49.500 0.0000000000
45207  22.830  -21.633  49.543 0.0000000000
46245  22.513  -21.922  49.398 0.0000000000
47293  22.901  -21.365  48.509 0.0000000000
46254  22.618  -21.810  48.979 0.0000000000
45192  22.221  -22.214  49.574 0.0000000000
45193  21.811  -22.530  49.514 0.0000000000
45246  22.065  -22.207  46.358 0.0000000000
44165  21.777  -22.495  45.879 0.0000000000
45235  21.566  -22.555  47.728 0.0000000000
45222  21.491  -22.706  48.358 0.0000000000
44121  21.249  -23.288  48.851 0.0000000000
41852  20.447  -24.790  47.615 0.0000000000
41840  20.129  -25.055  48.449 0.0000000000
40628  18.185  -26.065  48.030 0.0000000000
43112  20.620  -24.224  40.588 0.0000000000
43080  19.839  -24.567  42.967 0.0000000000
41929  18.186  -25.703  41.415 0.0000000000
41901  19.639  -25.024  43.565 0.0000000000
40629  17.311  -26.232  47.749 0.0000000000
39418  14.622  -27.561  47.180 0.0000000000
39475  13.791  -28.336  42.908 0.0000000000
39435  14.773  -27.681  46.247 0.0000000000
38223  13.390  -28.482  47.065 0.0000000000
38237  12.891  -28.722  46.390 0.0000000000
35837  9.427  -30.481  45.067 0.0000000000
35838  8.518  -30.630  44.897 0.0000000000
51069  29.921  -16.902  32.921 0.0000000000
49893  28.802  -17.671  32.373 0.0000000000
49879  29.039  -18.065  33.124 0.0000000000
49863  29.414  -18.059  34.260 0.0000000000
48679  29.416  -18.548  35.040 0.0000000000
48682  26.601  -19.467  35.168 0.0000000000
48681  27.576  -19.299  35.143 0.0000000000
47434  28.044  -20.228  37.202 0.0000000000
47415  28.474  -20.230  37.580 0.0000000000
48582  27.580  -20.637  40.463 0.0000000000
48603  26.863  -20.310  39.835 0.0000000000
47387  27.202  -20.543  40.114 0.0000000000
47371  27.035  -20.465  41.885 0.0000000000
47358  26.453  -20.479  42.705 0.0000000000
47344  26.049  -20.487  43.614 0.0000000000
48606  24.782  -20.273  40.378 0.0000000000
48585  25.019  -19.951  40.985 0.0000000000
48543  24.726  -20.309  42.295 0.0000000000
48562  25.224  -20.101  41.671 0.0000000000
48542  25.353  -20.386  42.675 0.0000000000
48525  25.738  -20.205  44.217 0.0000000000
48494  25.554  -19.738  45.466 0.0000000000
48477  24.315  -20.183  45.979 0.0000000000
48460  24.276  -19.863  46.939 0.0000000000
37000  11.145  -29.472  48.278 0.0000000000
38218  11.271  -29.163  49.380 0.0000000000
38213  10.316  -29.035  50.452 0.0000000000
38205  10.641  -28.625  50.677 0.0000000000
38195  11.053  -28.399  50.895 0.0000000000
39355  11.208  -27.898  51.745 0.0000000000
78716  54.659  6.649  19.844 0.0000000000
78701  55.172  6.719  20.691 0.0000000000
77446  53.091  4.586  21.143 0.0000000000
78703  54.080  5.642  21.169 0.0000000000
72716  46.775  1.248  20.916 0.0000000000
73899  46.459  1.712  20.610 0.0000000000
75029  49.783  2.370  22.732 0.0000000000
73869  49.382  1.798  22.946 0.0000000000
75030  49.734  2.040  23.285 0.0000000000
76214  50.645  3.124  24.551 0.0000000000
70311  46.304  -0.842  24.260 0.0000000000
70310  46.781  -0.673  24.497 0.0000000000
71482  47.216  -0.478  24.695 0.0000000000
70235  48.456  -0.143  28.586 0.0000000000
71464  48.747  0.435  26.857 0.0000000000
72620  49.202  0.746  28.335 0.0000000000
72636  48.797  0.703  25.863 0.0000000000
72662  48.662  1.434  25.077 0.0000000000
73820  50.137  2.401  25.819 0.0000000000
74974  49.859  2.398  25.258 0.0000000000
74992  50.298  2.650  25.192 0.0000000000
76200  51.259  3.644  25.381 0.0000000000
66567  38.779  -5.180  26.162 0.0000000000
67736  37.084  -3.868  27.855 0.0000000000
67717  37.775  -4.002  28.436 0.0000000000
67716  38.467  -3.884  28.720 0.0000000000
67734  38.804  -3.912  28.114 0.0000000000
67733  39.579  -3.852  28.201 0.0000000000
67695  40.920  -3.988  30.159 0.0000000000
68945  41.344  -3.532  30.603 0.0000000000
68899  41.562  -2.470  31.452 0.0000000000
68900  40.853  -2.543  31.697 0.0000000000
70188  41.559  -2.436  32.118 0.0000000000
70187  42.187  -2.390  32.064 0.0000000000
54642  34.888  -13.332  34.510 0.0000000000
54660  35.237  -13.076  33.764 0.0000000000
54682  35.717  -12.885  33.211 0.0000000000
58246  37.731  -10.299  31.187 0.0000000000
57001  37.765  -10.966  32.929 0.0000000000
58201  38.183  -10.379  32.739 0.0000000000
58245  38.227  -9.981  31.544 0.0000000000
59412  38.908  -9.258  32.289 0.0000000000
59411  39.263  -8.946  32.701 0.0000000000
60642  39.787  -8.352  32.611 0.0000000000
56867  37.121  -12.638  41.526 0.0000000000
56885  37.143  -11.918  40.647 0.0000000000
56884  37.789  -11.668  40.747 0.0000000000
56918  38.502  -12.951  39.104 0.0000000000
56864  39.888  -12.225  41.517 0.0000000000
56862  41.145  -11.724  41.116 0.0000000000
56881  40.788  -12.202  40.625 0.0000000000
55703  39.639  -12.755  38.301 0.0000000000
55737  39.753  -11.892  36.510 0.0000000000
55754  39.747  -11.539  36.109 0.0000000000
56959  39.670  -11.083  35.699 0.0000000000
56946  40.443  -10.679  37.067 0.0000000000
58139  40.054  -10.241  35.932 0.0000000000
58156  39.653  -10.333  34.999 0.0000000000
59372  39.897  -9.430  34.709 0.0000000000
59384  39.816  -8.964  34.059 0.0000000000
61818  40.387  -7.472  32.874 0.0000000000
61817  40.658  -7.084  33.406 0.0000000000
62931  40.950  -6.407  33.542 0.0000000000
61803  40.973  -7.551  34.791 0.0000000000
62921  41.128  -6.567  34.358 0.0000000000
64096  41.409  -5.564  33.936 0.0000000000
65279  41.451  -4.531  33.999 0.0000000000
62873  42.103  -6.627  37.634 0.0000000000
64027  42.812  -6.105  38.640 0.0000000000
65262  42.088  -4.642  35.532 0.0000000000
66416  41.383  -3.684  34.221 0.0000000000
67609  42.277  -2.507  34.695 0.0000000000
68815  43.262  -2.784  35.849 0.0000000000
68831  42.712  -2.246  35.025 0.0000000000
82368  55.009  9.298  8.758 0.0000000000
81237  55.018  8.840  8.707 0.0000000000
81258  54.791  7.982  8.681 0.0000000000
80090  55.146  7.586  8.629 0.0000000000
78862  55.496  6.159  9.424 0.0000000000
77579  55.028  5.758  10.042 0.0000000000
80052  56.822  7.259  12.099 0.0000000000
80043  55.667  7.220  12.664 0.0000000000
80042  56.372  7.757  12.582 0.0000000000
81210  56.956  8.238  12.263 0.0000000000
82341  56.869  9.002  12.564 0.0000000000
83390  56.712  10.038  13.957 0.0000000000
34720  8.082  -30.699  44.600 0.0000000000
35771  9.502  -29.718  49.744 0.0000000000
35840  5.449  -30.524  46.011 0.0000000000
36966  8.076  -29.272  51.485 0.0000000000
36976  8.836  -29.251  50.759 0.0000000000
37002  10.053  -29.654  49.459 0.0000000000
37005  5.080  -29.980  49.014 0.0000000000
38188  8.428  -28.976  51.937 0.0000000000
38206  9.814  -28.984  50.955 0.0000000000
39345  13.581  -27.374  52.235 0.0000000000
39364  13.912  -27.409  50.918 0.0000000000
39367  11.155  -28.056  51.508 0.0000000000
42997  20.374  -24.664  49.394 0.0000000000
43114  19.449  -25.282  40.127 0.0000000000
44106  22.131  -22.250  50.006 0.0000000000
45206  23.110  -21.502  49.634 0.0000000000
46244  22.640  -21.782  49.487 0.0000000000
46253  23.050  -21.437  49.149 0.0000000000
47327  31.331  -19.522  44.467 0.0000000000
47330  26.617  -20.243  44.133 0.0000000000
47331  26.123  -20.259  44.212 0.0000000000
47341  31.396  -19.610  44.138 0.0000000000
47345  25.543  -20.469  43.260 0.0000000000
47356  28.013  -20.204  42.692 0.0000000000
47360  23.892  -20.546  41.871 0.0000000000
47372  26.768  -20.450  42.216 0.0000000000
47388  26.918  -20.427  40.156 0.0000000000
47401  27.262  -20.463  39.859 0.0000000000
47402  27.042  -20.466  39.945 0.0000000000
47417  27.137  -19.994  38.218 0.0000000000
48504  31.691  -19.271  44.727 0.0000000000
48634  30.626  -18.279  37.347 0.0000000000
48678  29.852  -18.030  35.253 0.0000000000
49751  33.810  -17.667  41.764 0.0000000000
49809  31.455  -17.593  37.442 0.0000000000
49844  30.497  -17.369  35.305 0.0000000000
49862  29.949  -17.679  34.454 0.0000000000
50910  35.842  -16.462  41.441 0.0000000000
52125  36.189  -15.854  41.131 0.0000000000
52139  35.419  -16.149  40.201 0.0000000000
52140  34.655  -16.569  40.027 0.0000000000
52206  32.742  -15.915  36.426 0.0000000000
52241  30.822  -15.913  34.184 0.0000000000
53369  34.078  -15.348  37.898 0.0000000000
53386  33.392  -15.137  37.045 0.0000000000
53422  32.368  -15.396  35.386 0.0000000000
53443  31.526  -15.514  34.343 0.0000000000
54544  35.893  -14.161  41.063 0.0000000000
54587  34.718  -14.143  38.612 0.0000000000
54601  33.619  -14.843  37.166 0.0000000000
54624  34.699  -13.430  35.321 0.0000000000
55678  36.507  -13.255  40.600 0.0000000000
55693  38.844  -12.923  39.136 0.0000000000
55702  40.505  -12.194  38.418 0.0000000000
55704  38.620  -13.075  38.491 0.0000000000
55705  37.968  -13.050  38.334 0.0000000000
56846  37.490  -11.994  43.004 0.0000000000
56854  37.310  -12.648  41.907 0.0000000000
56863  40.433  -12.132  41.368 0.0000000000
56919  37.857  -12.870  38.924 0.0000000000
58077  39.942  -12.093  41.899 0.0000000000
58080  37.790  -11.548  41.940 0.0000000000
58090  39.607  -12.130  41.501 0.0000000000
58138  40.433  -10.122  36.724 0.0000000000
58199  38.949  -9.618  33.482 0.0000000000
58223  38.447  -9.925  32.170 0.0000000000
59458  38.712  -9.364  30.211 0.0000000000
60626  40.111  -8.310  34.161 0.0000000000
60643  39.394  -8.712  32.184 0.0000000000
61767  41.365  -7.882  37.507 0.0000000000
61796  41.125  -7.495  35.728 0.0000000000
61804  40.530  -7.858  34.238 0.0000000000
62860  42.745  -6.439  39.054 0.0000000000
62899  41.403  -7.003  36.070 0.0000000000
62908  41.920  -6.325  35.265 0.0000000000
62935  40.759  -6.485  32.827 0.0000000000
62960  39.826  -6.698  30.617 0.0000000000
62978  38.928  -6.534  29.519 0.0000000000
64095  41.757  -5.068  34.346 0.0000000000
65307  40.234  -4.407  32.069 0.0000000000
65352  37.616  -5.078  29.291 0.0000000000
65398  39.650  -5.327  26.302 0.0000000000
66392  42.757  -3.839  36.356 0.0000000000
66432  40.601  -3.777  33.022 0.0000000000
66433  40.075  -3.692  32.564 0.0000000000
66566  39.332  -5.307  26.279 0.0000000000
67590  42.416  -2.697  34.997 0.0000000000
67612  40.583  -3.110  33.298 0.0000000000
67644  45.042  -2.462  32.180 0.0000000000
67645  44.926  -2.599  32.031 0.0000000000
67647  39.699  -3.294  32.123 0.0000000000
67662  45.165  -2.486  31.933 0.0000000000
67738  35.962  -3.735  27.898 0.0000000000
67825  42.041  -2.674  22.386 0.0000000000
68832  42.880  -2.721  35.492 0.0000000000
68843  42.099  -2.210  34.346 0.0000000000
68858  41.273  -2.245  33.270 0.0000000000
68860  40.407  -2.765  32.758 0.0000000000
68874  45.228  -2.155  32.290 0.0000000000
68878  39.636  -2.987  31.811 0.0000000000
68921  43.754  -2.512  31.049 0.0000000000
69044  41.558  -2.666  22.209 0.0000000000
70208  46.042  -1.466  30.593 0.0000000000
70209  43.620  -2.372  31.515 0.0000000000
70348  42.427  -1.658  21.595 0.0000000000
71363  43.147  -1.415  33.666 0.0000000000
71471  48.783  0.541  26.289 0.0000000000
73856  49.434  1.551  23.478 0.0000000000
73884  49.436  2.099  22.244 0.0000000000
75006  50.672  3.241  24.352 0.0000000000
75015  50.927  3.459  24.076 0.0000000000
75016  50.744  3.322  24.132 0.0000000000
75079  51.047  3.930  19.506 0.0000000000
76213  51.266  3.754  24.798 0.0000000000
76223  51.556  4.010  24.581 0.0000000000
76239  49.990  2.260  23.458 0.0000000000
76265  53.061  4.619  20.352 0.0000000000
76323  54.349  5.243  14.247 0.0000000000
76324  53.985  5.186  14.488 0.0000000000
77382  51.582  4.149  25.123 0.0000000000
77532  54.310  5.475  14.302 0.0000000000
77533  54.126  5.509  14.433 0.0000000000
77578  55.298  5.849  9.879 0.0000000000
77594  59.561  5.683  9.497 0.0000000000
77596  54.734  5.896  9.883 0.0000000000
78756  52.660  7.048  17.530 0.0000000000
78789  54.287  5.724  14.373 0.0000000000
78790  53.953  5.995  14.526 0.0000000000
78791  53.452  5.898  14.571 0.0000000000
79958  55.130  7.560  18.653 0.0000000000
79976  54.453  7.583  18.306 0.0000000000
79996  49.842  6.281  17.569 0.0000000000
79997  49.613  5.934  17.433 0.0000000000
80015  51.943  6.940  15.987 0.0000000000
81106  55.192  7.270  19.304 0.0000000000
81161  51.639  7.462  16.406 0.0000000000
82333  56.559  8.695  12.900 0.0000000000
83411  56.854  9.247  13.078 0.0000000000
