#!ascii label  , from subject 3759 vox2ras=TkReg
276
81801  29.677  8.206  -31.540 0.0000000000
71006  27.480  -0.651  -28.652 0.0000000000
87081  28.727  13.121  -30.293 0.0000000000
97377  26.869  22.346  -31.059 0.0000000000
69778  25.589  -1.808  -28.309 0.0000000000
88250  28.438  14.635  -34.956 0.0000000000
91878  27.695  16.933  -33.733 0.0000000000
79423  27.419  6.438  -30.746 0.0000000000
75747  28.969  3.453  -31.171 0.0000000000
78222  30.316  5.430  -31.575 0.0000000000
83963  31.433  9.844  -34.147 0.0000000000
80641  32.408  7.141  -33.723 0.0000000000
85003  30.001  10.849  -30.862 0.0000000000
86102  29.958  12.042  -34.556 0.0000000000
95304  27.494  20.369  -30.898 0.0000000000
94233  25.818  19.376  -34.392 0.0000000000
73374  29.083  1.207  -30.163 0.0000000000
90694  28.386  16.255  -32.569 0.0000000000
93071  28.032  17.932  -32.172 0.0000000000
80629  29.227  7.386  -31.340 0.0000000000
79457  29.364  6.133  -31.419 0.0000000000
80644  30.172  7.389  -31.646 0.0000000000
69777  26.447  -1.303  -28.438 0.0000000000
86075  30.004  12.178  -30.863 0.0000000000
86088  30.480  11.848  -32.515 0.0000000000
87104  30.355  12.648  -32.938 0.0000000000
88262  28.004  14.470  -36.124 0.0000000000
88261  28.511  13.753  -36.027 0.0000000000
98374  26.593  22.649  -28.597 0.0000000000
95274  27.244  20.509  -28.792 0.0000000000
96364  27.292  21.394  -30.724 0.0000000000
97429  21.733  21.988  -34.894 0.0000000000
95344  22.491  20.363  -35.132 0.0000000000
95341  25.259  20.218  -34.399 0.0000000000
94235  24.007  19.593  -35.340 0.0000000000
93090  25.029  18.659  -35.688 0.0000000000
75746  29.771  3.164  -31.192 0.0000000000
73411  29.108  1.702  -31.279 0.0000000000
68576  24.552  -2.710  -27.721 0.0000000000
88220  29.478  14.387  -31.817 0.0000000000
89471  28.815  15.326  -32.610 0.0000000000
89481  27.746  15.840  -33.987 0.0000000000
90721  26.672  16.005  -35.944 0.0000000000
75734  27.157  3.518  -30.348 0.0000000000
76948  28.245  4.766  -30.576 0.0000000000
76964  29.488  4.377  -31.210 0.0000000000
76945  30.936  4.254  -31.640 0.0000000000
82926  30.897  9.142  -32.325 0.0000000000
80643  31.188  7.414  -32.614 0.0000000000
81816  31.602  8.222  -33.479 0.0000000000
81786  28.366  8.632  -30.788 0.0000000000
83929  27.932  9.975  -30.458 0.0000000000
83941  29.989  9.832  -31.050 0.0000000000
83955  31.011  9.973  -32.420 0.0000000000
83964  31.044  10.414  -34.369 0.0000000000
83987  30.737  11.064  -35.662 0.0000000000
87112  29.440  13.210  -33.951 0.0000000000
85059  29.601  12.277  -36.036 0.0000000000
94197  27.839  19.461  -30.481 0.0000000000
97389  25.093  22.053  -33.150 0.0000000000
95317  26.074  20.983  -32.920 0.0000000000
94217  26.776  19.796  -32.878 0.0000000000
93072  27.610  18.487  -32.792 0.0000000000
93088  26.665  18.192  -34.503 0.0000000000
91888  25.706  17.412  -35.632 0.0000000000
72192  27.152  0.402  -30.034 0.0000000000
74555  27.834  2.665  -30.122 0.0000000000
79454  31.750  6.691  -32.371 0.0000000000
78204  32.202  5.174  -31.796 0.0000000000
91855  28.488  17.218  -30.913 0.0000000000
93063  28.362  17.938  -31.457 0.0000000000
80628  29.657  7.674  -31.528 0.0000000000
67301  24.069  -3.856  -26.679 0.0000000000
67311  24.335  -3.030  -27.189 0.0000000000
71007  26.849  -0.944  -29.108 0.0000000000
87080  29.447  12.931  -30.758 0.0000000000
86089  30.040  12.663  -32.125 0.0000000000
87095  29.614  13.222  -31.539 0.0000000000
88276  26.492  14.975  -36.858 0.0000000000
88274  27.897  14.356  -37.098 0.0000000000
98394  26.721  23.159  -30.417 0.0000000000
97349  26.645  22.000  -28.491 0.0000000000
96359  27.464  21.680  -30.128 0.0000000000
94236  23.188  19.690  -35.556 0.0000000000
94250  24.321  19.612  -36.081 0.0000000000
75731  30.114  2.833  -30.871 0.0000000000
71008  25.951  -1.036  -29.045 0.0000000000
89470  29.278  14.927  -32.315 0.0000000000
89461  29.161  15.416  -31.695 0.0000000000
90701  27.895  16.379  -33.470 0.0000000000
90702  27.500  16.495  -34.202 0.0000000000
89490  27.677  15.877  -34.840 0.0000000000
90711  26.784  16.477  -35.123 0.0000000000
98389  26.343  23.964  -29.777 0.0000000000
78186  27.509  5.558  -30.599 0.0000000000
78207  28.155  5.529  -30.822 0.0000000000
78223  29.458  5.342  -31.229 0.0000000000
76962  30.654  4.870  -31.513 0.0000000000
76963  30.085  4.348  -31.447 0.0000000000
68591  25.148  -2.279  -28.282 0.0000000000
68575  25.442  -2.648  -27.702 0.0000000000
83954  31.381  9.528  -33.209 0.0000000000
82925  31.414  8.856  -33.092 0.0000000000
82934  32.143  9.099  -34.102 0.0000000000
81787  27.569  8.153  -30.660 0.0000000000
85004  29.111  11.203  -30.614 0.0000000000
83942  29.030  10.041  -30.380 0.0000000000
83940  30.640  9.591  -31.654 0.0000000000
85002  30.653  10.424  -31.620 0.0000000000
86095  30.427  12.129  -33.801 0.0000000000
85024  30.540  11.021  -33.811 0.0000000000
85033  30.292  11.428  -34.826 0.0000000000
83976  30.772  10.651  -35.002 0.0000000000
88229  29.135  14.378  -33.109 0.0000000000
88239  29.026  14.082  -34.465 0.0000000000
87128  28.873  13.189  -35.982 0.0000000000
86122  30.209  12.734  -36.272 0.0000000000
95290  27.534  20.443  -29.405 0.0000000000
94169  27.045  19.688  -28.612 0.0000000000
94168  27.427  20.013  -29.054 0.0000000000
94185  27.770  19.404  -29.465 0.0000000000
96402  22.687  20.911  -34.369 0.0000000000
96384  21.758  22.034  -33.936 0.0000000000
96381  24.731  21.450  -33.382 0.0000000000
95330  24.470  20.695  -33.927 0.0000000000
95340  25.942  20.089  -33.907 0.0000000000
94226  26.475  19.431  -33.620 0.0000000000
94225  27.038  19.148  -33.035 0.0000000000
93080  27.130  18.586  -33.778 0.0000000000
93081  26.290  18.729  -34.179 0.0000000000
93101  24.906  18.416  -36.397 0.0000000000
93100  25.248  18.030  -35.864 0.0000000000
91896  25.150  17.352  -36.329 0.0000000000
90723  25.188  16.845  -36.672 0.0000000000
72193  26.209  0.663  -29.582 0.0000000000
75733  28.214  3.492  -30.769 0.0000000000
74554  28.355  2.566  -30.664 0.0000000000
73393  29.035  1.176  -31.049 0.0000000000
72190  28.774  1.122  -30.544 0.0000000000
72191  28.224  0.644  -29.864 0.0000000000
80642  32.023  7.453  -33.662 0.0000000000
79453  32.627  6.602  -33.159 0.0000000000
90688  28.683  16.234  -31.488 0.0000000000
91865  28.304  17.152  -31.928 0.0000000000
91870  28.026  17.380  -33.110 0.0000000000
80630  28.211  7.266  -30.872 0.0000000000
79438  28.785  6.270  -31.289 0.0000000000
80645  29.476  6.688  -31.403 0.0000000000
79456  29.923  6.235  -31.464 0.0000000000
79455  30.664  6.385  -32.094 0.0000000000
69755  26.319  -1.890  -27.722 0.0000000000
69754  27.067  -1.085  -27.757 0.0000000000
82942  32.192  9.656  -35.185 0.0000000000
86076  28.920  11.865  -30.510 0.0000000000
86074  30.518  11.271  -31.634 0.0000000000
88249  28.661  13.855  -35.486 0.0000000000
87137  28.445  13.950  -36.797 0.0000000000
96358  27.613  21.181  -29.879 0.0000000000
96363  27.566  20.816  -30.408 0.0000000000
95345  22.000  20.833  -35.282 0.0000000000
96401  23.275  20.756  -34.325 0.0000000000
95342  24.287  20.149  -34.704 0.0000000000
94234  25.084  19.500  -35.237 0.0000000000
94249  24.646  19.162  -35.804 0.0000000000
74571  28.871  2.400  -31.187 0.0000000000
75732  30.011  2.198  -31.222 0.0000000000
74553  29.899  1.714  -30.870 0.0000000000
68592  24.719  -2.411  -28.183 0.0000000000
71026  26.528  -0.295  -29.498 0.0000000000
88206  29.354  13.899  -30.713 0.0000000000
88240  28.699  14.876  -33.955 0.0000000000
89462  28.703  15.775  -32.053 0.0000000000
89480  28.300  15.552  -33.429 0.0000000000
89489  28.135  15.324  -34.394 0.0000000000
89501  27.876  15.123  -35.195 0.0000000000
89502  27.155  15.422  -35.680 0.0000000000
89515  26.002  15.448  -36.786 0.0000000000
98388  26.820  23.036  -29.335 0.0000000000
98402  26.488  23.201  -31.365 0.0000000000
76924  27.613  4.648  -30.431 0.0000000000
76947  28.824  4.505  -30.826 0.0000000000
78206  28.834  5.436  -30.935 0.0000000000
75762  29.340  3.859  -31.225 0.0000000000
75761  29.678  3.907  -31.316 0.0000000000
75745  30.686  3.316  -31.385 0.0000000000
75744  31.250  3.592  -31.491 0.0000000000
81800  30.474  8.632  -31.773 0.0000000000
81817  30.913  8.250  -32.349 0.0000000000
80655  32.185  7.753  -34.667 0.0000000000
82933  32.539  8.840  -34.684 0.0000000000
80654  32.555  7.231  -34.260 0.0000000000
81802  28.741  8.126  -31.188 0.0000000000
82900  28.568  9.310  -30.640 0.0000000000
82914  29.149  9.071  -31.103 0.0000000000
82913  30.081  9.086  -31.455 0.0000000000
82912  30.581  9.108  -31.726 0.0000000000
85016  31.188  10.155  -33.205 0.0000000000
85017  31.032  10.841  -32.642 0.0000000000
85023  31.110  10.491  -33.624 0.0000000000
83975  31.381  10.056  -35.180 0.0000000000
83986  31.317  10.445  -35.874 0.0000000000
87105  29.952  13.435  -32.714 0.0000000000
87111  30.106  12.821  -33.506 0.0000000000
86096  29.876  12.516  -34.136 0.0000000000
87120  29.195  13.244  -35.095 0.0000000000
86112  29.391  12.624  -35.663 0.0000000000
85047  29.592  12.004  -35.693 0.0000000000
85058  29.945  11.938  -36.321 0.0000000000
93032  28.230  18.643  -29.715 0.0000000000
98410  26.016  23.155  -32.003 0.0000000000
97384  25.467  22.507  -32.548 0.0000000000
97383  26.356  22.410  -31.892 0.0000000000
96371  26.182  21.617  -32.420 0.0000000000
96370  26.788  21.549  -31.668 0.0000000000
95316  26.772  20.622  -32.334 0.0000000000
95329  25.452  20.733  -33.493 0.0000000000
95328  26.300  20.311  -33.228 0.0000000000
95315  27.382  20.237  -31.714 0.0000000000
94209  27.655  19.569  -31.347 0.0000000000
93051  27.970  19.079  -31.022 0.0000000000
93064  27.945  18.733  -31.667 0.0000000000
91871  27.585  18.015  -33.492 0.0000000000
91879  27.301  17.478  -34.160 0.0000000000
93089  25.889  18.484  -35.178 0.0000000000
91887  26.278  17.428  -34.861 0.0000000000
90712  26.079  16.889  -35.381 0.0000000000
90722  25.951  16.457  -36.278 0.0000000000
90730  25.733  15.974  -36.859 0.0000000000
71025  27.420  -0.264  -29.499 0.0000000000
73395  27.532  1.811  -29.722 0.0000000000
73412  28.884  1.679  -31.140 0.0000000000
73394  28.413  1.778  -30.562 0.0000000000
72212  27.795  1.106  -30.203 0.0000000000
78221  31.055  5.433  -32.042 0.0000000000
78220  32.031  5.844  -32.158 0.0000000000
78205  31.567  5.069  -31.617 0.0000000000
69780  24.184  -2.059  -28.233 0.0000000000
72210  28.820  1.125  -30.780 0.0000000000
74570  29.531  1.890  -31.316 0.0000000000
76923  28.204  4.349  -30.702 0.0000000000
76946  30.389  3.710  -31.482 0.0000000000
79439  28.089  6.385  -31.059 0.0000000000
80669  32.349  7.704  -34.951 0.0000000000
81803  28.193  8.051  -30.908 0.0000000000
81818  30.291  8.125  -31.833 0.0000000000
81827  32.130  8.319  -34.676 0.0000000000
82901  27.983  9.141  -30.518 0.0000000000
83928  28.358  9.634  -30.512 0.0000000000
83996  30.600  11.448  -36.109 0.0000000000
85034  29.737  11.771  -35.123 0.0000000000
85046  30.067  11.530  -35.704 0.0000000000
86058  29.574  12.560  -30.754 0.0000000000
86077  28.464  11.774  -30.463 0.0000000000
86103  29.523  12.434  -34.881 0.0000000000
86123  29.579  12.725  -36.156 0.0000000000
87129  28.617  13.748  -36.350 0.0000000000
88230  28.683  15.001  -33.246 0.0000000000
88263  26.847  14.903  -36.380 0.0000000000
88264  26.382  15.127  -36.611 0.0000000000
88275  27.195  14.719  -36.827 0.0000000000
88290  26.812  14.984  -37.089 0.0000000000
89503  26.462  15.491  -36.317 0.0000000000
90731  25.447  16.463  -37.052 0.0000000000
93050  28.391  18.494  -30.588 0.0000000000
94184  28.071  19.029  -29.712 0.0000000000
94196  28.164  19.044  -29.967 0.0000000000
94216  27.422  19.568  -32.306 0.0000000000
95296  27.634  20.271  -30.095 0.0000000000
95305  27.197  20.863  -31.495 0.0000000000
95331  23.746  20.618  -34.308 0.0000000000
96403  21.785  21.525  -34.567 0.0000000000
96424  21.851  21.346  -35.228 0.0000000000
97362  27.373  21.567  -29.490 0.0000000000
97363  26.965  21.994  -29.248 0.0000000000
97370  27.394  21.774  -29.756 0.0000000000
97428  22.061  21.909  -35.211 0.0000000000
