#!ascii label  , from subject 3756 vox2ras=TkReg
732
91746  19.003  3.412  -22.360 0.0000000000
105530  27.069  15.354  -23.580 0.0000000000
115870  22.231  24.994  -27.262 0.0000000000
105573  17.981  16.644  -26.750 0.0000000000
85423  20.630  -1.462  -19.921 0.0000000000
90483  23.430  2.979  -20.959 0.0000000000
96524  22.368  7.491  -25.397 0.0000000000
102044  20.680  12.649  -27.949 0.0000000000
111319  24.421  20.785  -24.412 0.0000000000
117943  26.661  26.505  -30.081 0.0000000000
119936  20.405  29.133  -30.165 0.0000000000
89258  19.320  1.506  -21.202 0.0000000000
89242  21.638  1.134  -20.563 0.0000000000
90504  21.467  2.893  -22.716 0.0000000000
99835  18.814  10.201  -25.778 0.0000000000
100945  17.421  12.025  -25.603 0.0000000000
112520  20.633  20.894  -29.169 0.0000000000
110251  21.569  18.976  -28.075 0.0000000000
113639  22.355  22.857  -25.663 0.0000000000
115842  27.099  24.348  -25.744 0.0000000000
118862  25.395  26.706  -25.805 0.0000000000
120863  18.286  29.452  -28.794 0.0000000000
118906  17.506  27.312  -29.317 0.0000000000
121881  19.531  30.979  -31.897 0.0000000000
100901  23.943  11.380  -25.057 0.0000000000
97589  24.674  8.227  -23.839 0.0000000000
100882  27.333  11.665  -23.456 0.0000000000
114826  19.131  23.184  -29.668 0.0000000000
107922  28.683  17.918  -25.898 0.0000000000
94163  18.524  5.747  -23.129 0.0000000000
94194  20.438  5.741  -24.243 0.0000000000
97610  19.026  7.953  -24.575 0.0000000000
99854  22.103  10.390  -27.174 0.0000000000
104331  23.515  14.379  -25.577 0.0000000000
104371  18.851  14.546  -27.388 0.0000000000
107957  22.393  17.057  -26.766 0.0000000000
109076  25.859  18.575  -23.738 0.0000000000
112489  27.989  21.120  -26.135 0.0000000000
116901  18.479  25.661  -29.463 0.0000000000
118902  21.436  27.435  -28.770 0.0000000000
125852  21.360  34.511  -29.900 0.0000000000
122862  23.103  31.202  -28.532 0.0000000000
120832  24.055  29.111  -26.565 0.0000000000
120880  26.701  29.532  -29.446 0.0000000000
94177  23.313  5.482  -23.733 0.0000000000
92957  18.482  4.720  -21.544 0.0000000000
90467  18.407  2.881  -21.026 0.0000000000
90487  19.166  2.405  -21.800 0.0000000000
90486  19.898  2.140  -21.951 0.0000000000
91744  20.317  3.315  -22.838 0.0000000000
113663  21.327  23.021  -27.993 0.0000000000
112493  21.276  21.310  -27.591 0.0000000000
114790  22.263  23.695  -26.383 0.0000000000
115845  24.055  24.725  -25.095 0.0000000000
116872  23.336  25.710  -26.235 0.0000000000
122886  18.508  31.575  -30.026 0.0000000000
121871  18.754  30.789  -31.060 0.0000000000
123879  18.776  32.439  -31.418 0.0000000000
103145  25.525  13.516  -23.665 0.0000000000
100884  25.455  11.471  -23.579 0.0000000000
103127  26.629  13.488  -23.465 0.0000000000
111380  17.964  20.508  -28.426 0.0000000000
113690  18.028  22.265  -29.027 0.0000000000
86708  18.584  -0.218  -20.006 0.0000000000
85405  19.501  -1.656  -19.534 0.0000000000
84176  21.157  -2.563  -20.154 0.0000000000
85422  21.490  -1.509  -20.175 0.0000000000
90466  22.425  2.013  -20.733 0.0000000000
87969  22.911  0.422  -19.724 0.0000000000
95344  18.961  6.540  -23.637 0.0000000000
97590  17.868  8.052  -23.766 0.0000000000
99857  19.384  10.854  -26.594 0.0000000000
98715  19.864  10.100  -26.528 0.0000000000
99871  20.963  10.893  -27.786 0.0000000000
102003  22.847  12.202  -27.214 0.0000000000
103202  22.253  13.366  -27.716 0.0000000000
104332  17.452  14.771  -25.930 0.0000000000
106736  18.773  16.276  -28.117 0.0000000000
111334  22.682  19.753  -25.982 0.0000000000
109130  22.031  17.949  -27.067 0.0000000000
109097  22.969  18.513  -25.764 0.0000000000
107940  23.512  17.183  -25.437 0.0000000000
110201  25.182  19.478  -23.960 0.0000000000
110199  27.460  20.029  -24.138 0.0000000000
111316  27.344  21.364  -24.419 0.0000000000
116897  27.325  25.281  -28.392 0.0000000000
114835  27.293  23.789  -29.161 0.0000000000
119921  19.131  27.969  -30.406 0.0000000000
117924  18.213  26.316  -29.332 0.0000000000
118904  19.557  27.107  -30.158 0.0000000000
117922  20.088  26.145  -29.475 0.0000000000
119919  20.902  28.457  -29.809 0.0000000000
122840  23.904  30.899  -27.941 0.0000000000
122860  25.230  31.585  -28.318 0.0000000000
121835  26.245  29.838  -27.804 0.0000000000
95366  21.769  6.945  -25.239 0.0000000000
93006  21.773  4.973  -24.222 0.0000000000
95355  22.856  6.565  -24.578 0.0000000000
97587  25.958  8.554  -22.868 0.0000000000
96492  24.617  7.231  -23.167 0.0000000000
87982  19.080  0.614  -20.684 0.0000000000
87981  20.112  0.517  -20.768 0.0000000000
87980  21.193  0.324  -20.486 0.0000000000
89243  20.863  1.065  -20.830 0.0000000000
89256  21.282  1.738  -21.136 0.0000000000
90503  22.143  2.995  -22.443 0.0000000000
98649  17.070  10.069  -23.828 0.0000000000
100921  17.683  11.378  -25.434 0.0000000000
100943  18.910  11.990  -26.666 0.0000000000
109165  18.639  18.415  -29.270 0.0000000000
107982  19.611  17.442  -29.052 0.0000000000
111377  21.046  19.796  -29.080 0.0000000000
111349  22.239  20.811  -26.104 0.0000000000
112479  23.757  21.765  -24.811 0.0000000000
113624  26.022  22.825  -24.408 0.0000000000
114777  24.578  23.731  -24.668 0.0000000000
116856  27.022  25.761  -26.029 0.0000000000
118884  27.388  26.869  -27.173 0.0000000000
120849  15.548  28.481  -27.165 0.0000000000
120864  17.613  28.748  -28.679 0.0000000000
119939  19.058  28.820  -29.871 0.0000000000
121869  20.209  30.547  -31.270 0.0000000000
99816  23.503  9.782  -25.323 0.0000000000
97608  23.422  8.232  -24.876 0.0000000000
99815  24.096  9.937  -24.653 0.0000000000
99792  26.140  10.513  -23.329 0.0000000000
107942  18.285  18.017  -26.524 0.0000000000
110268  17.980  19.397  -28.601 0.0000000000
113677  20.240  22.141  -28.982 0.0000000000
115883  20.910  24.436  -28.774 0.0000000000
86705  21.776  -0.564  -20.204 0.0000000000
106683  28.253  16.779  -23.842 0.0000000000
105506  28.581  15.157  -23.815 0.0000000000
92976  18.837  4.719  -22.501 0.0000000000
92994  19.516  4.925  -23.177 0.0000000000
94181  19.468  5.842  -23.562 0.0000000000
96512  20.248  6.994  -24.777 0.0000000000
96526  20.693  7.525  -25.364 0.0000000000
97631  18.836  9.060  -25.033 0.0000000000
97629  20.540  8.605  -25.908 0.0000000000
97643  22.023  8.786  -26.199 0.0000000000
100920  23.328  11.239  -26.217 0.0000000000
101988  23.771  12.534  -25.480 0.0000000000
104330  24.249  14.405  -24.982 0.0000000000
103181  18.506  13.860  -26.833 0.0000000000
103205  19.591  13.819  -27.530 0.0000000000
106759  20.063  16.587  -29.036 0.0000000000
105596  20.942  15.554  -28.113 0.0000000000
104382  21.451  14.475  -27.956 0.0000000000
105572  22.637  15.225  -26.712 0.0000000000
106703  24.224  16.318  -25.011 0.0000000000
106685  26.210  16.485  -23.621 0.0000000000
109074  28.126  18.668  -24.181 0.0000000000
110236  28.533  19.593  -26.495 0.0000000000
113650  27.513  22.634  -26.213 0.0000000000
115897  18.763  24.148  -29.799 0.0000000000
116900  20.839  25.472  -28.895 0.0000000000
117909  21.688  26.448  -28.082 0.0000000000
124826  20.769  32.743  -30.359 0.0000000000
123866  21.518  31.867  -29.916 0.0000000000
124809  21.672  33.385  -29.160 0.0000000000
122863  21.843  31.146  -29.279 0.0000000000
120861  22.334  29.301  -28.362 0.0000000000
119895  22.915  28.510  -27.128 0.0000000000
118886  23.249  27.210  -27.032 0.0000000000
119892  25.138  28.199  -26.267 0.0000000000
119905  26.571  28.123  -27.291 0.0000000000
118928  27.014  27.862  -30.106 0.0000000000
92992  21.274  4.337  -23.920 0.0000000000
91766  22.608  3.790  -23.264 0.0000000000
91765  23.227  3.934  -22.900 0.0000000000
96493  23.868  7.069  -23.733 0.0000000000
94161  24.186  5.378  -22.941 0.0000000000
91731  18.389  3.673  -21.865 0.0000000000
91713  18.597  3.864  -21.070 0.0000000000
90488  18.656  2.859  -21.839 0.0000000000
90507  18.997  2.826  -22.144 0.0000000000
90506  19.486  2.771  -22.340 0.0000000000
91745  19.810  3.317  -22.668 0.0000000000
114801  21.292  23.564  -27.784 0.0000000000
114791  21.475  23.683  -27.024 0.0000000000
115857  22.089  24.355  -27.021 0.0000000000
115856  22.610  24.902  -26.291 0.0000000000
116873  23.013  25.740  -26.802 0.0000000000
122902  18.666  31.522  -31.384 0.0000000000
104313  25.605  14.583  -23.831 0.0000000000
104312  26.386  14.554  -23.583 0.0000000000
86707  19.652  -0.706  -20.072 0.0000000000
86691  19.339  -1.110  -19.757 0.0000000000
85424  20.055  -1.464  -19.764 0.0000000000
85404  20.379  -2.107  -19.702 0.0000000000
90465  22.984  2.248  -20.478 0.0000000000
96494  18.175  7.433  -23.642 0.0000000000
99873  19.868  11.435  -27.232 0.0000000000
99872  20.257  11.165  -27.479 0.0000000000
100963  20.892  11.614  -28.027 0.0000000000
100976  21.584  11.940  -28.487 0.0000000000
102043  21.156  12.641  -28.249 0.0000000000
105574  17.948  15.896  -26.760 0.0000000000
110219  23.249  19.998  -24.984 0.0000000000
110221  22.652  19.119  -26.183 0.0000000000
110202  24.130  19.624  -24.559 0.0000000000
110203  23.664  18.868  -24.892 0.0000000000
110181  24.806  20.097  -24.161 0.0000000000
110180  25.390  20.319  -23.820 0.0000000000
111318  25.242  21.154  -24.234 0.0000000000
116898  26.899  25.785  -28.860 0.0000000000
116910  27.164  25.244  -29.112 0.0000000000
119937  20.091  28.959  -30.458 0.0000000000
119920  20.092  27.987  -30.579 0.0000000000
118903  20.604  27.194  -29.795 0.0000000000
122882  25.781  31.952  -28.784 0.0000000000
122859  25.960  31.430  -28.546 0.0000000000
95356  21.972  6.353  -24.735 0.0000000000
96511  22.968  7.391  -25.017 0.0000000000
97562  26.433  8.283  -22.512 0.0000000000
97563  25.839  8.060  -22.722 0.0000000000
89244  18.948  1.188  -20.880 0.0000000000
87992  19.782  1.044  -21.203 0.0000000000
89257  20.270  1.512  -21.243 0.0000000000
90485  20.935  2.147  -22.000 0.0000000000
90484  22.241  2.558  -21.546 0.0000000000
100922  17.035  11.658  -24.882 0.0000000000
99817  16.891  10.708  -24.240 0.0000000000
100944  18.067  11.820  -26.104 0.0000000000
110284  19.261  19.282  -29.536 0.0000000000
110283  20.091  19.103  -29.569 0.0000000000
111378  20.695  20.180  -29.285 0.0000000000
112492  21.799  21.592  -26.310 0.0000000000
112491  22.331  21.114  -25.839 0.0000000000
113638  23.125  22.783  -25.001 0.0000000000
113637  24.117  22.786  -24.651 0.0000000000
117880  25.313  26.169  -25.632 0.0000000000
116858  25.697  25.318  -25.564 0.0000000000
117879  26.116  26.035  -25.679 0.0000000000
117889  27.060  26.287  -26.381 0.0000000000
118871  26.694  27.172  -26.764 0.0000000000
120846  17.792  29.679  -27.433 0.0000000000
120847  17.100  28.903  -27.653 0.0000000000
119907  16.625  28.163  -27.703 0.0000000000
121882  18.957  30.998  -31.826 0.0000000000
120884  19.283  29.838  -30.291 0.0000000000
121870  19.511  30.567  -31.378 0.0000000000
120883  19.951  29.621  -31.069 0.0000000000
100902  23.567  10.497  -25.396 0.0000000000
99814  24.351  10.792  -24.331 0.0000000000
100883  26.441  11.534  -23.451 0.0000000000
107925  17.590  17.948  -25.400 0.0000000000
107924  18.357  18.227  -25.865 0.0000000000
109132  17.892  18.586  -27.928 0.0000000000
109115  18.157  18.691  -27.186 0.0000000000
112535  18.308  21.455  -29.138 0.0000000000
112534  18.937  21.312  -29.509 0.0000000000
113688  19.485  22.223  -29.580 0.0000000000
114813  20.515  23.374  -28.912 0.0000000000
114825  19.933  23.207  -29.565 0.0000000000
87979  22.109  0.374  -20.157 0.0000000000
86704  22.787  -0.524  -20.121 0.0000000000
107898  28.836  17.645  -25.427 0.0000000000
94145  18.173  5.848  -22.258 0.0000000000
92995  18.988  5.381  -23.173 0.0000000000
94182  18.952  5.867  -23.352 0.0000000000
96514  18.797  7.392  -24.269 0.0000000000
95359  19.213  6.894  -24.294 0.0000000000
96513  19.641  7.453  -24.745 0.0000000000
96527  20.080  8.017  -25.293 0.0000000000
98672  17.602  9.061  -24.544 0.0000000000
98694  18.227  9.588  -25.080 0.0000000000
99855  21.144  10.293  -27.170 0.0000000000
98714  20.432  9.612  -26.440 0.0000000000
98713  21.373  9.669  -26.665 0.0000000000
97644  21.425  8.940  -26.379 0.0000000000
98712  22.199  9.544  -26.467 0.0000000000
98711  22.881  9.613  -26.201 0.0000000000
99853  22.926  10.256  -26.668 0.0000000000
103161  23.471  13.434  -26.003 0.0000000000
101989  23.434  12.464  -26.337 0.0000000000
103160  23.749  13.458  -25.001 0.0000000000
104355  18.039  14.660  -26.824 0.0000000000
103182  17.943  13.764  -26.164 0.0000000000
103206  19.031  13.616  -27.173 0.0000000000
109162  20.768  18.480  -28.996 0.0000000000
107971  19.260  17.012  -28.749 0.0000000000
107981  20.272  17.351  -28.995 0.0000000000
107958  21.798  16.966  -27.464 0.0000000000
106746  20.925  16.494  -28.469 0.0000000000
106745  21.539  16.242  -27.914 0.0000000000
104383  20.712  14.492  -28.124 0.0000000000
105594  22.148  15.614  -27.541 0.0000000000
105582  22.279  15.098  -27.345 0.0000000000
106722  22.782  16.167  -26.415 0.0000000000
107904  24.640  17.490  -24.370 0.0000000000
106687  24.452  16.888  -24.595 0.0000000000
106686  25.100  16.410  -24.303 0.0000000000
107902  26.582  17.584  -23.665 0.0000000000
107901  27.597  17.657  -23.819 0.0000000000
109075  26.967  18.715  -23.771 0.0000000000
111331  28.012  20.725  -24.891 0.0000000000
110217  28.270  19.924  -25.441 0.0000000000
111347  28.458  20.684  -26.482 0.0000000000
111364  28.792  20.149  -27.318 0.0000000000
111365  28.377  21.029  -27.425 0.0000000000
114766  26.891  23.537  -24.911 0.0000000000
113622  27.231  22.816  -24.801 0.0000000000
114775  27.348  23.465  -25.862 0.0000000000
118889  17.004  27.449  -28.298 0.0000000000
117925  17.305  26.397  -28.549 0.0000000000
116902  17.947  25.238  -29.134 0.0000000000
115898  18.058  24.107  -29.224 0.0000000000
116914  18.898  25.205  -30.035 0.0000000000
117921  20.941  26.391  -28.781 0.0000000000
116912  20.534  25.267  -29.760 0.0000000000
116899  21.488  25.553  -28.384 0.0000000000
125854  20.426  34.526  -30.925 0.0000000000
124825  21.164  33.413  -30.254 0.0000000000
124811  21.216  32.473  -30.195 0.0000000000
124810  21.510  32.797  -30.053 0.0000000000
124808  22.865  33.389  -28.483 0.0000000000
125823  22.480  34.284  -28.955 0.0000000000
123852  22.330  32.258  -28.867 0.0000000000
121854  22.314  30.227  -28.735 0.0000000000
121853  23.038  30.456  -28.250 0.0000000000
120844  23.898  29.612  -27.281 0.0000000000
120845  23.050  29.318  -27.665 0.0000000000
120833  23.342  29.133  -26.863 0.0000000000
118875  23.160  27.827  -26.862 0.0000000000
119894  23.507  28.425  -26.570 0.0000000000
118874  23.723  27.391  -26.370 0.0000000000
120831  24.784  28.911  -26.398 0.0000000000
120860  26.666  29.301  -28.415 0.0000000000
120841  26.437  29.000  -27.605 0.0000000000
119935  27.106  28.406  -29.163 0.0000000000
119955  26.972  28.467  -30.138 0.0000000000
94180  20.092  5.306  -23.661 0.0000000000
92993  20.332  4.404  -23.342 0.0000000000
94179  20.806  5.052  -23.944 0.0000000000
94178  22.745  5.195  -24.036 0.0000000000
92991  22.426  4.593  -23.935 0.0000000000
92990  23.180  4.521  -23.343 0.0000000000
97607  24.109  8.198  -24.408 0.0000000000
96510  23.551  7.368  -24.374 0.0000000000
96509  24.187  7.616  -23.929 0.0000000000
95326  24.819  6.276  -22.263 0.0000000000
95341  24.295  6.231  -23.050 0.0000000000
94144  24.730  5.327  -22.120 0.0000000000
92972  24.334  4.808  -22.375 0.0000000000
89259  18.799  2.245  -21.291 0.0000000000
90505  20.428  2.824  -22.676 0.0000000000
113664  21.003  22.531  -28.277 0.0000000000
112506  20.978  21.573  -28.509 0.0000000000
113652  20.982  22.638  -27.249 0.0000000000
113651  21.660  22.834  -26.306 0.0000000000
114779  22.901  23.717  -25.647 0.0000000000
114778  23.543  23.771  -24.816 0.0000000000
115846  23.236  24.454  -25.450 0.0000000000
116860  23.931  25.630  -25.627 0.0000000000
117881  24.490  26.235  -25.673 0.0000000000
121841  17.964  30.641  -28.063 0.0000000000
121856  18.612  30.674  -29.443 0.0000000000
121883  18.728  31.042  -31.602 0.0000000000
122901  19.140  31.613  -31.995 0.0000000000
101976  24.322  12.485  -24.676 0.0000000000
100900  24.551  11.512  -24.056 0.0000000000
101975  24.940  12.511  -23.795 0.0000000000
103128  26.173  12.966  -23.587 0.0000000000
101960  26.656  12.444  -23.521 0.0000000000
112536  17.946  21.476  -28.690 0.0000000000
86709  17.945  -0.003  -19.936 0.0000000000
86692  18.886  -0.996  -19.661 0.0000000000
83020  21.365  -3.282  -20.213 0.0000000000
84175  22.100  -2.347  -20.401 0.0000000000
89255  22.021  1.768  -20.831 0.0000000000
89241  22.565  1.379  -20.131 0.0000000000
95327  18.152  6.655  -23.114 0.0000000000
96474  18.098  7.198  -23.261 0.0000000000
99856  20.306  10.422  -27.104 0.0000000000
99870  21.652  10.870  -27.689 0.0000000000
100941  22.823  11.142  -27.225 0.0000000000
100942  22.285  11.313  -27.750 0.0000000000
102024  22.543  12.648  -27.659 0.0000000000
103179  22.683  13.335  -26.823 0.0000000000
105586  18.367  15.341  -27.356 0.0000000000
110238  21.910  19.329  -27.398 0.0000000000
109131  21.474  17.999  -27.680 0.0000000000
110237  22.335  18.892  -26.931 0.0000000000
109113  22.546  18.068  -26.307 0.0000000000
107941  22.920  17.094  -26.050 0.0000000000
109096  23.497  18.208  -25.241 0.0000000000
109078  24.074  18.335  -24.603 0.0000000000
109077  24.896  18.490  -24.184 0.0000000000
110200  26.053  19.829  -23.492 0.0000000000
112478  27.935  21.782  -25.328 0.0000000000
116886  27.468  24.991  -27.441 0.0000000000
115869  27.069  24.075  -27.468 0.0000000000
115881  27.420  24.283  -28.141 0.0000000000
115905  27.104  24.396  -29.913 0.0000000000
118905  18.418  27.157  -30.101 0.0000000000
117923  19.065  26.369  -29.685 0.0000000000
117932  19.431  25.794  -29.628 0.0000000000
123851  23.536  32.390  -28.389 0.0000000000
122841  23.406  30.700  -28.119 0.0000000000
122861  24.199  31.605  -28.285 0.0000000000
122839  24.672  31.087  -27.781 0.0000000000
121836  25.482  30.513  -27.687 0.0000000000
120843  24.870  29.542  -27.063 0.0000000000
121851  26.365  30.576  -28.547 0.0000000000
94193  21.373  5.583  -24.391 0.0000000000
94192  22.465  5.557  -24.324 0.0000000000
94191  23.039  6.005  -24.222 0.0000000000
97588  25.370  8.296  -23.211 0.0000000000
96491  25.434  7.631  -22.789 0.0000000000
96473  25.351  7.040  -22.545 0.0000000000
87983  18.303  0.503  -20.194 0.0000000000
86706  20.797  -0.571  -20.285 0.0000000000
91730  23.227  3.254  -21.768 0.0000000000
98695  17.748  10.122  -25.059 0.0000000000
99837  17.567  10.719  -24.862 0.0000000000
99836  18.224  10.713  -25.717 0.0000000000
99858  18.614  11.310  -26.325 0.0000000000
100965  19.665  11.830  -26.953 0.0000000000
107959  18.143  17.665  -27.907 0.0000000000
106749  18.663  17.042  -28.395 0.0000000000
107983  19.110  17.912  -29.241 0.0000000000
110282  20.710  19.049  -29.279 0.0000000000
110266  21.153  19.025  -28.798 0.0000000000
112505  21.148  20.526  -28.568 0.0000000000
111351  21.402  19.961  -27.723 0.0000000000
111350  22.068  20.123  -26.628 0.0000000000
111333  22.747  20.437  -25.666 0.0000000000
112466  24.725  21.863  -24.478 0.0000000000
112465  25.662  21.966  -24.260 0.0000000000
113625  25.122  22.780  -24.566 0.0000000000
114768  25.545  23.604  -24.627 0.0000000000
115836  25.990  24.083  -24.947 0.0000000000
115844  25.256  24.515  -25.076 0.0000000000
115843  26.192  24.580  -25.452 0.0000000000
116871  26.905  24.893  -26.158 0.0000000000
116870  27.186  25.288  -26.477 0.0000000000
117920  27.134  26.351  -28.166 0.0000000000
117930  26.829  26.504  -29.150 0.0000000000
119922  18.205  28.245  -29.409 0.0000000000
119938  19.655  28.793  -30.637 0.0000000000
120882  20.336  29.629  -30.684 0.0000000000
97626  23.006  8.614  -25.274 0.0000000000
97609  22.831  8.018  -25.258 0.0000000000
98671  23.475  9.135  -25.039 0.0000000000
98670  23.915  8.905  -24.649 0.0000000000
98648  24.450  8.990  -24.270 0.0000000000
99793  24.965  10.289  -23.779 0.0000000000
98647  24.984  9.122  -23.697 0.0000000000
98646  25.919  9.285  -23.156 0.0000000000
106723  18.062  17.218  -26.670 0.0000000000
107943  18.033  17.839  -27.276 0.0000000000
110286  18.056  18.993  -28.986 0.0000000000
111389  19.126  20.294  -29.424 0.0000000000
111379  18.169  20.024  -28.700 0.0000000000
112533  19.828  21.184  -29.604 0.0000000000
114802  21.014  23.501  -28.282 0.0000000000
115871  21.760  24.503  -28.015 0.0000000000
85421  22.395  -1.455  -20.358 0.0000000000
105529  28.103  15.801  -23.609 0.0000000000
92975  19.627  4.085  -22.739 0.0000000000
94195  19.936  5.826  -23.925 0.0000000000
95358  19.740  6.401  -24.277 0.0000000000
95357  20.928  6.583  -24.788 0.0000000000
95367  21.253  7.132  -25.279 0.0000000000
96525  21.651  7.557  -25.595 0.0000000000
97611  18.181  8.391  -24.411 0.0000000000
97630  19.456  8.524  -25.165 0.0000000000
98693  19.402  9.653  -25.749 0.0000000000
98692  19.971  9.107  -25.790 0.0000000000
97628  21.448  8.242  -25.945 0.0000000000
97627  22.393  8.352  -25.731 0.0000000000
98690  23.005  9.252  -25.622 0.0000000000
99834  23.427  10.024  -26.028 0.0000000000
100919  23.592  11.921  -25.758 0.0000000000
103146  24.601  13.486  -24.384 0.0000000000
104314  24.898  14.462  -24.287 0.0000000000
105531  25.889  15.458  -23.838 0.0000000000
101990  16.933  12.657  -25.388 0.0000000000
102007  17.713  12.789  -25.809 0.0000000000
102006  18.442  12.854  -26.435 0.0000000000
102027  19.403  12.760  -27.212 0.0000000000
102026  20.140  13.095  -27.771 0.0000000000
106748  18.949  16.545  -28.464 0.0000000000
105585  19.053  15.743  -27.933 0.0000000000
105584  19.633  15.601  -28.220 0.0000000000
107969  21.239  17.193  -28.122 0.0000000000
105606  20.559  16.079  -28.762 0.0000000000
104370  19.777  14.875  -27.948 0.0000000000
104369  20.275  14.591  -28.022 0.0000000000
103204  20.239  14.034  -27.893 0.0000000000
103220  20.769  13.367  -28.060 0.0000000000
103203  21.846  13.900  -27.974 0.0000000000
104353  22.524  14.363  -26.991 0.0000000000
104352  22.878  14.328  -26.271 0.0000000000
106721  23.391  16.233  -25.715 0.0000000000
105571  23.131  15.282  -25.984 0.0000000000
105549  23.921  15.324  -25.454 0.0000000000
105548  24.591  15.289  -24.876 0.0000000000
105532  25.145  15.348  -24.334 0.0000000000
106684  27.324  16.625  -23.473 0.0000000000
107900  28.226  17.586  -24.288 0.0000000000
107899  28.607  17.976  -24.983 0.0000000000
110198  28.270  19.580  -24.599 0.0000000000
109073  28.599  19.030  -24.881 0.0000000000
109095  28.557  18.838  -25.712 0.0000000000
112464  26.608  22.100  -24.249 0.0000000000
112463  27.336  22.332  -24.652 0.0000000000
114799  27.516  23.303  -27.291 0.0000000000
112504  28.100  21.802  -27.338 0.0000000000
114827  18.367  23.186  -29.329 0.0000000000
115896  19.530  24.034  -29.860 0.0000000000
116913  19.815  25.463  -30.028 0.0000000000
115906  20.066  24.745  -30.240 0.0000000000
115895  20.318  24.318  -29.837 0.0000000000
115882  21.342  24.971  -28.611 0.0000000000
116888  22.127  25.569  -27.781 0.0000000000
124843  19.072  33.230  -31.432 0.0000000000
123878  19.417  32.345  -31.417 0.0000000000
124842  20.191  33.440  -31.253 0.0000000000
123877  20.028  32.242  -30.796 0.0000000000
122885  20.240  31.461  -30.751 0.0000000000
122884  20.944  31.207  -30.043 0.0000000000
121868  20.580  30.314  -30.005 0.0000000000
123853  21.763  32.411  -29.568 0.0000000000
122883  21.548  31.527  -29.643 0.0000000000
121855  21.379  30.205  -29.421 0.0000000000
120862  21.516  29.366  -29.073 0.0000000000
119918  21.800  28.476  -28.694 0.0000000000
121839  22.864  29.896  -28.174 0.0000000000
119906  22.586  28.469  -28.008 0.0000000000
118901  22.182  27.814  -28.235 0.0000000000
118887  22.733  27.543  -27.504 0.0000000000
117908  22.614  26.453  -27.502 0.0000000000
117893  23.011  26.021  -27.195 0.0000000000
117892  23.332  26.450  -26.907 0.0000000000
118864  24.280  26.893  -25.885 0.0000000000
118872  25.591  27.206  -26.146 0.0000000000
120830  25.501  28.930  -26.599 0.0000000000
119891  25.933  28.082  -26.652 0.0000000000
118885  27.220  27.333  -27.665 0.0000000000
118900  27.142  27.408  -28.662 0.0000000000
118916  27.012  27.497  -29.673 0.0000000000
120902  26.619  29.717  -30.703 0.0000000000
119966  26.749  28.452  -31.249 0.0000000000
118941  26.236  27.286  -31.532 0.0000000000
117954  26.410  26.576  -30.859 0.0000000000
92974  20.207  3.720  -22.882 0.0000000000
91768  20.778  3.479  -23.248 0.0000000000
90527  21.217  3.207  -23.153 0.0000000000
91767  21.712  3.536  -23.458 0.0000000000
91743  22.143  3.261  -22.929 0.0000000000
91742  22.728  3.371  -22.462 0.0000000000
95354  23.383  6.507  -23.990 0.0000000000
94176  23.934  5.870  -23.327 0.0000000000
94162  23.656  4.938  -23.252 0.0000000000
92973  23.822  4.469  -22.825 0.0000000000
91741  23.487  3.880  -22.244 0.0000000000
91729  23.878  3.908  -21.323 0.0000000000
104293  27.999  14.309  -23.189 0.0000000000
103126  27.720  13.487  -23.336 0.0000000000
87993  19.551  0.894  -21.040 0.0000000000
90528  20.956  3.049  -23.011 0.0000000000
93007  21.309  4.977  -24.131 0.0000000000
95305  18.069  6.495  -22.655 0.0000000000
95328  18.068  6.840  -22.800 0.0000000000
95342  23.892  6.412  -23.493 0.0000000000
95343  19.416  6.296  -23.763 0.0000000000
95365  22.425  6.894  -25.091 0.0000000000
96472  26.106  7.423  -22.423 0.0000000000
96495  17.840  7.893  -23.495 0.0000000000
97645  20.922  9.144  -26.463 0.0000000000
98621  26.686  8.959  -22.655 0.0000000000
98622  26.256  8.775  -22.803 0.0000000000
98691  22.509  9.108  -26.043 0.0000000000
99794  24.644  9.587  -24.112 0.0000000000
100962  21.674  11.563  -28.307 0.0000000000
100964  20.282  12.081  -27.559 0.0000000000
100977  21.284  12.001  -28.472 0.0000000000
100978  20.847  12.161  -28.160 0.0000000000
101961  25.853  12.416  -23.535 0.0000000000
102004  22.717  11.712  -27.689 0.0000000000
102005  18.937  12.680  -26.770 0.0000000000
102025  22.487  12.239  -28.123 0.0000000000
102028  18.876  13.150  -26.869 0.0000000000
102042  21.733  12.354  -28.387 0.0000000000
103144  25.998  14.053  -23.537 0.0000000000
103180  22.433  13.844  -27.270 0.0000000000
103201  22.532  12.873  -27.329 0.0000000000
103218  22.070  12.836  -28.189 0.0000000000
103219  21.531  13.415  -28.159 0.0000000000
104294  27.225  14.330  -23.352 0.0000000000
104354  18.390  14.442  -27.071 0.0000000000
104367  22.260  14.297  -27.454 0.0000000000
104368  21.933  14.329  -27.715 0.0000000000
104372  18.346  14.733  -27.185 0.0000000000
104384  20.267  14.940  -28.145 0.0000000000
105507  27.963  14.955  -23.617 0.0000000000
105508  27.551  14.719  -23.510 0.0000000000
105583  22.062  14.754  -27.544 0.0000000000
105595  21.776  15.259  -27.686 0.0000000000
105597  20.141  15.690  -28.555 0.0000000000
105598  19.418  15.970  -28.513 0.0000000000
105607  20.340  16.181  -29.018 0.0000000000
106702  24.791  15.844  -24.691 0.0000000000
106704  18.279  17.427  -25.911 0.0000000000
106724  17.999  16.961  -27.231 0.0000000000
106734  22.376  16.062  -27.316 0.0000000000
106735  21.982  16.290  -27.647 0.0000000000
106737  18.431  16.559  -27.864 0.0000000000
106744  22.060  15.914  -27.712 0.0000000000
106747  19.539  16.497  -28.841 0.0000000000
106758  20.466  16.633  -28.882 0.0000000000
107903  25.529  17.495  -23.927 0.0000000000
107905  17.146  17.673  -25.214 0.0000000000
107923  23.974  17.383  -24.782 0.0000000000
107970  20.734  17.293  -28.648 0.0000000000
107972  18.862  17.482  -28.836 0.0000000000
107973  18.435  17.530  -28.436 0.0000000000
109112  23.079  17.821  -25.758 0.0000000000
109147  20.981  18.157  -28.401 0.0000000000
109148  20.562  17.924  -28.863 0.0000000000
109149  18.456  17.946  -28.869 0.0000000000
109150  18.151  18.412  -28.689 0.0000000000
109163  20.262  18.220  -29.327 0.0000000000
109164  19.482  18.378  -29.437 0.0000000000
109166  18.217  18.803  -29.105 0.0000000000
110182  24.521  20.222  -24.355 0.0000000000
110218  28.127  20.093  -24.717 0.0000000000
110220  23.187  19.315  -25.402 0.0000000000
110235  28.791  19.810  -26.795 0.0000000000
110248  28.850  19.701  -27.009 0.0000000000
110250  21.932  18.646  -27.473 0.0000000000
110267  18.250  19.807  -28.866 0.0000000000
110285  18.400  19.419  -29.173 0.0000000000
111300  25.446  20.762  -24.096 0.0000000000
111301  25.012  20.565  -24.194 0.0000000000
111302  24.707  20.406  -24.299 0.0000000000
111317  26.149  21.017  -24.066 0.0000000000
111330  27.965  20.894  -25.730 0.0000000000
111332  23.453  20.712  -24.905 0.0000000000
111346  28.867  20.064  -26.768 0.0000000000
111348  28.334  21.330  -26.914 0.0000000000
111363  29.027  19.918  -26.966 0.0000000000
111366  21.266  19.657  -28.459 0.0000000000
111375  28.445  19.797  -27.775 0.0000000000
111387  20.550  19.656  -29.374 0.0000000000
111388  20.055  20.097  -29.493 0.0000000000
111390  18.379  20.470  -29.031 0.0000000000
111391  18.117  20.972  -28.842 0.0000000000
112477  27.886  21.307  -25.930 0.0000000000
112480  22.697  21.684  -25.484 0.0000000000
112481  22.131  22.244  -25.937 0.0000000000
112490  27.990  21.637  -26.425 0.0000000000
112494  21.085  21.895  -28.056 0.0000000000
112519  20.935  20.366  -29.079 0.0000000000
112521  17.685  21.521  -28.139 0.0000000000
113623  26.806  22.896  -24.626 0.0000000000
113635  27.422  22.827  -25.252 0.0000000000
113636  27.155  23.144  -24.922 0.0000000000
113649  27.628  23.081  -26.904 0.0000000000
113653  21.033  22.128  -27.760 0.0000000000
113675  27.831  23.088  -27.718 0.0000000000
113689  18.679  22.270  -29.459 0.0000000000
114767  26.330  23.532  -24.675 0.0000000000
114776  27.195  23.553  -25.288 0.0000000000
114788  27.328  23.342  -26.984 0.0000000000
114789  27.295  23.459  -26.569 0.0000000000
114800  27.140  23.601  -27.146 0.0000000000
114811  27.685  23.225  -27.565 0.0000000000
114812  27.559  23.493  -27.756 0.0000000000
115834  27.008  23.904  -25.215 0.0000000000
115835  26.618  24.029  -25.120 0.0000000000
115841  27.331  23.937  -26.184 0.0000000000
115853  27.077  24.278  -26.674 0.0000000000
115854  27.058  24.703  -26.272 0.0000000000
115855  23.329  25.139  -25.639 0.0000000000
115872  21.162  24.033  -28.125 0.0000000000
115893  27.300  24.425  -29.055 0.0000000000
115894  27.138  24.933  -29.458 0.0000000000
115904  27.272  23.990  -29.420 0.0000000000
115907  19.739  24.596  -30.186 0.0000000000
115908  19.239  24.583  -30.143 0.0000000000
116857  26.613  25.284  -25.889 0.0000000000
116859  24.785  25.436  -25.418 0.0000000000
116887  22.632  25.608  -27.168 0.0000000000
116915  18.353  24.702  -29.681 0.0000000000
116923  20.281  25.016  -30.271 0.0000000000
116924  19.719  25.024  -30.339 0.0000000000
116925  19.381  24.874  -30.307 0.0000000000
117878  26.721  26.047  -25.863 0.0000000000
117882  23.785  26.406  -26.042 0.0000000000
117890  26.332  26.575  -26.090 0.0000000000
117891  25.753  26.555  -25.834 0.0000000000
117905  27.411  26.119  -27.220 0.0000000000
117906  27.392  26.689  -27.573 0.0000000000
117907  23.042  26.905  -27.282 0.0000000000
117919  27.271  25.700  -27.807 0.0000000000
117931  19.941  25.719  -29.710 0.0000000000
117933  18.828  25.878  -29.540 0.0000000000
118863  24.940  26.819  -25.756 0.0000000000
118870  27.253  26.659  -26.838 0.0000000000
118873  24.635  27.511  -25.981 0.0000000000
118888  22.035  27.180  -27.909 0.0000000000
118915  27.066  27.853  -29.872 0.0000000000
118929  26.743  27.500  -30.537 0.0000000000
119893  24.287  28.289  -26.276 0.0000000000
119908  15.789  28.161  -27.380 0.0000000000
119909  15.298  28.210  -26.973 0.0000000000
119917  26.919  28.286  -28.127 0.0000000000
119923  17.211  28.204  -28.650 0.0000000000
119934  27.112  28.068  -29.759 0.0000000000
119954  27.048  28.081  -29.997 0.0000000000
120829  26.074  28.760  -27.020 0.0000000000
120842  25.786  29.439  -27.279 0.0000000000
120848  15.948  28.682  -27.270 0.0000000000
120881  20.719  29.507  -29.773 0.0000000000
121837  24.432  30.288  -27.611 0.0000000000
121838  23.524  30.166  -27.849 0.0000000000
121852  25.842  31.109  -28.148 0.0000000000
122864  21.134  30.728  -29.607 0.0000000000
122900  19.756  31.469  -31.599 0.0000000000
123849  25.406  32.554  -28.656 0.0000000000
123854  21.475  32.315  -30.064 0.0000000000
123865  21.882  31.832  -29.483 0.0000000000
123867  20.907  32.038  -30.302 0.0000000000
124824  21.332  34.038  -29.852 0.0000000000
124840  21.239  34.342  -30.174 0.0000000000
124841  21.179  34.088  -30.670 0.0000000000
125837  21.752  34.507  -29.435 0.0000000000
125838  21.435  34.937  -29.870 0.0000000000
