#!ascii label  , from subject 3756 vox2ras=TkReg
425
37238  47.191  -41.248  -6.685 0.0000000000
30484  44.126  -46.569  -11.921 0.0000000000
34029  52.461  -43.485  -8.035 0.0000000000
39531  50.584  -38.893  -13.751 0.0000000000
26773  47.333  -49.086  -12.632 0.0000000000
32902  49.275  -44.882  -11.223 0.0000000000
25489  47.281  -50.159  -10.521 0.0000000000
35267  46.805  -42.202  -15.120 0.0000000000
38458  46.949  -39.614  -13.227 0.0000000000
36249  50.001  -41.901  -6.427 0.0000000000
37322  51.408  -40.634  -11.784 0.0000000000
35237  48.883  -42.910  -14.096 0.0000000000
29300  45.727  -47.438  -12.945 0.0000000000
21900  44.460  -53.571  -11.650 0.0000000000
35082  44.276  -42.433  -5.000 0.0000000000
33947  48.563  -43.885  -4.730 0.0000000000
30352  51.072  -46.052  -4.425 0.0000000000
39486  48.272  -38.336  -11.063 0.0000000000
29251  47.906  -47.872  -10.336 0.0000000000
34068  45.437  -44.128  -12.159 0.0000000000
35268  45.601  -42.077  -15.190 0.0000000000
35136  51.587  -42.273  -6.658 0.0000000000
36296  51.771  -41.957  -9.109 0.0000000000
31732  48.451  -45.845  -12.495 0.0000000000
35190  48.782  -42.965  -12.467 0.0000000000
31751  48.356  -45.553  -13.448 0.0000000000
32945  47.826  -44.857  -13.926 0.0000000000
28045  46.815  -48.560  -13.410 0.0000000000
23090  43.876  -52.857  -11.735 0.0000000000
31540  47.974  -45.503  -3.763 0.0000000000
32759  50.079  -44.587  -4.260 0.0000000000
30354  49.246  -46.392  -4.314 0.0000000000
38407  50.157  -39.552  -12.279 0.0000000000
39508  49.082  -38.546  -12.698 0.0000000000
37345  45.221  -39.977  -13.022 0.0000000000
39487  46.892  -37.401  -11.988 0.0000000000
32863  50.455  -44.492  -8.624 0.0000000000
34054  51.060  -43.430  -9.790 0.0000000000
30449  50.239  -46.051  -10.025 0.0000000000
30460  49.297  -46.794  -11.021 0.0000000000
26760  47.971  -49.504  -11.449 0.0000000000
37411  48.562  -40.750  -15.749 0.0000000000
38456  49.050  -39.502  -14.090 0.0000000000
37432  46.489  -40.547  -16.613 0.0000000000
37391  45.024  -40.099  -14.888 0.0000000000
28012  41.844  -48.686  -11.882 0.0000000000
36250  48.947  -41.521  -6.414 0.0000000000
37307  50.988  -40.945  -10.362 0.0000000000
38429  51.964  -39.327  -12.974 0.0000000000
36322  50.512  -41.784  -11.551 0.0000000000
36361  51.353  -40.807  -12.776 0.0000000000
37386  50.261  -40.525  -14.672 0.0000000000
35238  48.276  -42.955  -14.041 0.0000000000
32920  46.490  -44.866  -13.041 0.0000000000
29278  44.811  -47.432  -12.704 0.0000000000
24271  46.286  -51.759  -12.044 0.0000000000
25510  45.416  -50.336  -12.676 0.0000000000
25498  44.332  -50.033  -11.976 0.0000000000
26777  42.703  -49.721  -12.054 0.0000000000
36225  44.540  -40.940  -5.032 0.0000000000
36223  46.131  -41.372  -5.642 0.0000000000
33949  46.555  -43.718  -4.913 0.0000000000
35111  47.704  -42.130  -5.424 0.0000000000
35109  49.864  -42.736  -5.561 0.0000000000
33944  51.372  -43.841  -4.744 0.0000000000
32805  52.217  -44.139  -5.802 0.0000000000
31629  49.714  -45.366  -6.270 0.0000000000
33993  50.225  -44.137  -7.310 0.0000000000
39509  48.282  -38.101  -12.595 0.0000000000
37239  46.493  -41.097  -6.661 0.0000000000
37262  45.306  -40.628  -7.356 0.0000000000
37261  46.054  -40.981  -7.226 0.0000000000
31713  44.381  -45.482  -11.907 0.0000000000
34092  45.082  -43.353  -12.371 0.0000000000
35150  52.454  -43.021  -7.399 0.0000000000
36286  51.817  -42.099  -8.238 0.0000000000
35164  52.384  -42.733  -8.255 0.0000000000
28043  48.285  -48.186  -12.843 0.0000000000
30480  48.342  -46.731  -12.919 0.0000000000
29297  48.194  -47.606  -13.244 0.0000000000
30502  47.958  -46.645  -13.468 0.0000000000
26791  47.022  -49.184  -13.114 0.0000000000
19452  41.662  -55.340  -11.558 0.0000000000
29101  48.743  -46.390  -3.750 0.0000000000
39506  51.056  -38.846  -13.209 0.0000000000
38432  49.732  -39.035  -12.663 0.0000000000
39507  50.299  -38.837  -13.274 0.0000000000
38411  45.082  -38.858  -12.048 0.0000000000
32883  50.454  -44.784  -9.368 0.0000000000
31682  49.899  -45.630  -9.616 0.0000000000
27998  47.966  -48.534  -10.558 0.0000000000
29249  49.117  -47.487  -10.611 0.0000000000
27997  48.476  -48.466  -10.786 0.0000000000
28007  48.785  -48.072  -11.349 0.0000000000
26751  48.181  -49.565  -11.002 0.0000000000
35289  47.618  -41.638  -16.276 0.0000000000
37412  47.403  -40.532  -16.304 0.0000000000
35302  46.750  -41.271  -16.664 0.0000000000
35292  44.828  -41.215  -15.766 0.0000000000
36383  44.355  -41.221  -15.302 0.0000000000
37392  44.328  -40.280  -14.601 0.0000000000
36272  49.463  -41.342  -7.184 0.0000000000
36289  49.999  -41.360  -7.755 0.0000000000
38405  51.918  -39.710  -12.575 0.0000000000
37321  52.088  -39.978  -12.452 0.0000000000
34066  49.876  -43.828  -10.760 0.0000000000
35181  50.907  -43.101  -10.226 0.0000000000
35211  48.789  -42.908  -13.393 0.0000000000
36343  50.112  -41.727  -13.333 0.0000000000
35235  50.168  -41.829  -14.050 0.0000000000
37361  50.812  -40.706  -14.004 0.0000000000
35286  50.152  -41.993  -14.981 0.0000000000
36403  49.459  -41.523  -15.748 0.0000000000
35265  49.021  -42.702  -15.052 0.0000000000
31753  47.177  -46.041  -13.379 0.0000000000
34120  47.404  -44.091  -13.572 0.0000000000
31733  46.688  -45.857  -13.045 0.0000000000
31734  45.920  -45.738  -12.716 0.0000000000
29277  45.306  -47.188  -12.765 0.0000000000
16014  43.386  -58.539  -9.405 0.0000000000
20606  43.968  -54.795  -10.868 0.0000000000
20605  44.480  -55.010  -10.738 0.0000000000
20627  44.777  -54.514  -11.263 0.0000000000
21915  45.133  -52.963  -12.043 0.0000000000
24282  45.773  -51.446  -12.593 0.0000000000
23100  45.075  -52.232  -12.326 0.0000000000
23091  42.915  -52.855  -11.662 0.0000000000
24284  43.825  -51.329  -12.220 0.0000000000
25512  43.390  -50.416  -12.072 0.0000000000
26776  43.741  -49.503  -12.078 0.0000000000
24285  42.645  -51.428  -12.154 0.0000000000
36199  44.162  -41.388  -4.839 0.0000000000
36198  44.665  -41.887  -5.099 0.0000000000
36224  45.090  -41.388  -5.279 0.0000000000
35081  45.176  -42.471  -5.133 0.0000000000
32762  46.982  -44.587  -4.408 0.0000000000
32763  46.001  -44.386  -4.360 0.0000000000
33948  47.565  -43.893  -4.902 0.0000000000
35079  47.133  -42.899  -5.196 0.0000000000
35078  48.110  -42.952  -5.037 0.0000000000
35110  48.696  -42.326  -5.424 0.0000000000
35077  48.969  -43.057  -5.053 0.0000000000
32729  50.481  -45.168  -3.833 0.0000000000
33945  50.539  -43.917  -4.719 0.0000000000
32757  51.633  -44.639  -4.592 0.0000000000
33943  52.006  -43.871  -4.936 0.0000000000
32788  51.887  -44.783  -5.335 0.0000000000
32811  47.193  -44.765  -6.356 0.0000000000
32809  49.042  -44.630  -6.566 0.0000000000
32808  50.019  -44.604  -6.665 0.0000000000
38457  48.074  -39.477  -13.442 0.0000000000
39534  48.225  -38.582  -13.118 0.0000000000
38433  47.593  -38.680  -12.958 0.0000000000
40602  47.738  -36.600  -11.680 0.0000000000
35213  46.055  -42.925  -12.956 0.0000000000
35240  45.907  -42.485  -14.028 0.0000000000
36248  50.898  -41.808  -6.821 0.0000000000
36270  50.988  -41.677  -7.463 0.0000000000
36269  51.515  -42.020  -7.505 0.0000000000
36310  51.515  -41.806  -10.117 0.0000000000
31712  48.866  -45.888  -11.529 0.0000000000
34067  48.842  -43.803  -11.748 0.0000000000
32903  48.476  -44.882  -12.078 0.0000000000
32919  48.687  -44.999  -13.017 0.0000000000
34118  48.538  -44.209  -13.622 0.0000000000
34119  48.327  -44.183  -14.007 0.0000000000
32963  48.296  -44.888  -14.029 0.0000000000
30503  47.283  -46.690  -13.521 0.0000000000
29299  46.662  -47.553  -13.409 0.0000000000
21916  44.626  -52.770  -11.979 0.0000000000
21901  43.288  -53.686  -11.584 0.0000000000
20629  42.434  -54.438  -11.463 0.0000000000
32761  48.030  -44.867  -4.218 0.0000000000
32760  49.081  -44.680  -4.121 0.0000000000
31539  48.949  -45.459  -3.684 0.0000000000
31538  49.946  -45.713  -3.517 0.0000000000
30322  50.115  -46.205  -3.801 0.0000000000
38408  49.097  -39.193  -12.096 0.0000000000
39485  48.537  -37.887  -11.583 0.0000000000
38459  46.215  -39.681  -12.930 0.0000000000
38434  46.721  -38.977  -12.651 0.0000000000
39511  46.439  -38.570  -12.297 0.0000000000
39488  46.049  -38.091  -11.855 0.0000000000
32862  51.306  -44.246  -8.527 0.0000000000
34030  51.967  -43.504  -8.534 0.0000000000
32882  50.981  -44.261  -9.094 0.0000000000
32893  50.312  -44.982  -9.954 0.0000000000
32894  49.860  -44.966  -10.399 0.0000000000
30450  49.650  -46.456  -10.189 0.0000000000
31711  49.509  -45.828  -10.676 0.0000000000
30461  48.614  -46.943  -11.877 0.0000000000
28023  48.273  -48.152  -12.179 0.0000000000
37387  49.505  -40.186  -14.957 0.0000000000
38455  49.685  -39.081  -14.063 0.0000000000
37388  48.655  -40.071  -14.961 0.0000000000
37389  47.275  -40.342  -15.257 0.0000000000
37364  47.097  -40.280  -14.081 0.0000000000
36406  45.911  -41.294  -16.536 0.0000000000
37414  45.194  -39.924  -16.039 0.0000000000
37390  46.057  -40.192  -15.143 0.0000000000
37365  45.844  -40.139  -13.743 0.0000000000
37366  44.646  -40.131  -13.768 0.0000000000
28010  43.025  -47.897  -11.749 0.0000000000
36251  48.015  -41.469  -6.543 0.0000000000
37259  47.843  -41.179  -7.433 0.0000000000
38406  51.169  -39.638  -12.338 0.0000000000
39530  51.361  -39.092  -13.315 0.0000000000
36321  50.909  -41.409  -11.175 0.0000000000
35209  50.113  -42.079  -11.849 0.0000000000
36342  50.613  -41.465  -12.394 0.0000000000
36341  51.457  -40.905  -12.102 0.0000000000
37360  51.696  -40.321  -13.269 0.0000000000
37385  51.199  -40.147  -13.907 0.0000000000
38474  50.398  -39.452  -14.341 0.0000000000
37410  49.444  -40.873  -15.596 0.0000000000
35288  48.826  -42.095  -15.867 0.0000000000
35266  48.037  -42.284  -14.984 0.0000000000
35239  47.147  -42.738  -13.812 0.0000000000
34091  45.916  -43.982  -12.425 0.0000000000
31735  44.947  -45.642  -12.307 0.0000000000
30483  44.598  -46.589  -12.269 0.0000000000
24269  47.295  -51.223  -11.317 0.0000000000
17093  43.464  -57.511  -9.654 0.0000000000
23088  46.419  -52.324  -11.357 0.0000000000
25508  47.147  -50.069  -12.759 0.0000000000
25526  46.493  -49.847  -13.388 0.0000000000
26793  46.119  -49.271  -13.576 0.0000000000
26774  45.591  -49.556  -13.066 0.0000000000
23101  44.287  -52.143  -12.178 0.0000000000
24283  44.820  -51.339  -12.405 0.0000000000
28047  45.386  -48.156  -13.145 0.0000000000
28025  44.788  -48.305  -13.014 0.0000000000
28026  43.793  -48.235  -12.174 0.0000000000
28028  42.266  -49.257  -12.079 0.0000000000
38333  43.871  -40.100  -6.205 0.0000000000
38318  43.878  -40.207  -5.179 0.0000000000
37221  44.627  -40.561  -5.469 0.0000000000
37220  45.559  -40.770  -5.811 0.0000000000
37219  46.360  -41.004  -6.068 0.0000000000
32734  45.434  -44.999  -3.815 0.0000000000
35080  46.148  -42.797  -5.305 0.0000000000
35112  46.705  -42.022  -5.408 0.0000000000
36222  47.185  -41.385  -5.899 0.0000000000
36221  48.310  -41.694  -5.864 0.0000000000
36220  49.167  -41.921  -5.874 0.0000000000
35138  50.455  -42.350  -5.975 0.0000000000
33946  49.615  -43.767  -4.821 0.0000000000
33975  50.216  -43.463  -5.157 0.0000000000
35108  50.944  -42.661  -5.692 0.0000000000
35106  51.885  -42.803  -5.973 0.0000000000
33972  52.127  -43.488  -5.708 0.0000000000
33992  51.987  -44.021  -6.955 0.0000000000
31628  50.662  -45.186  -6.247 0.0000000000
32807  50.974  -44.497  -6.795 0.0000000000
32835  51.739  -44.192  -7.456 0.0000000000
39533  48.807  -38.674  -13.288 0.0000000000
40620  48.505  -37.548  -12.345 0.0000000000
40601  48.542  -37.159  -12.143 0.0000000000
39510  47.246  -37.944  -12.306 0.0000000000
40621  48.080  -37.026  -12.519 0.0000000000
18238  43.670  -56.287  -9.802 0.0000000000
19431  43.679  -55.371  -10.411 0.0000000000
23089  45.721  -52.385  -12.019 0.0000000000
23102  43.383  -52.140  -11.978 0.0000000000
24270  46.811  -51.505  -11.747 0.0000000000
24281  46.677  -51.107  -12.463 0.0000000000
25487  47.990  -50.011  -10.907 0.0000000000
25496  48.025  -50.013  -11.145 0.0000000000
25497  47.655  -50.279  -11.670 0.0000000000
25499  44.078  -49.980  -11.942 0.0000000000
25509  46.296  -50.504  -12.932 0.0000000000
25511  44.411  -50.324  -12.172 0.0000000000
25525  46.832  -49.638  -13.264 0.0000000000
25527  45.945  -49.997  -13.435 0.0000000000
26752  47.870  -49.446  -10.752 0.0000000000
26753  47.367  -49.327  -10.571 0.0000000000
26762  44.291  -49.801  -12.072 0.0000000000
26763  44.067  -49.746  -11.979 0.0000000000
26775  44.679  -49.355  -12.620 0.0000000000
26792  46.622  -49.326  -13.424 0.0000000000
26794  45.433  -48.845  -13.197 0.0000000000
27996  48.918  -48.125  -11.068 0.0000000000
28008  48.333  -48.584  -11.446 0.0000000000
28009  47.806  -48.966  -11.709 0.0000000000
28011  42.754  -48.302  -11.845 0.0000000000
28027  42.838  -48.946  -12.046 0.0000000000
28044  47.684  -48.463  -13.158 0.0000000000
28046  46.049  -48.333  -13.247 0.0000000000
29134  48.792  -46.564  -3.919 0.0000000000
29250  48.650  -47.520  -10.314 0.0000000000
29260  49.004  -47.624  -11.254 0.0000000000
29261  48.588  -47.853  -11.759 0.0000000000
29262  43.213  -47.321  -11.707 0.0000000000
29276  48.415  -47.620  -12.537 0.0000000000
29279  44.017  -47.101  -12.082 0.0000000000
29298  47.491  -47.611  -13.499 0.0000000000
29301  45.114  -47.841  -13.054 0.0000000000
30321  50.673  -46.196  -3.995 0.0000000000
30323  49.224  -46.159  -3.714 0.0000000000
30324  48.523  -46.118  -3.658 0.0000000000
30351  51.276  -46.195  -4.696 0.0000000000
30353  50.343  -46.275  -4.387 0.0000000000
30381  51.250  -45.989  -4.943 0.0000000000
30382  50.782  -46.130  -5.071 0.0000000000
30437  50.054  -46.009  -9.864 0.0000000000
30462  44.255  -46.035  -11.889 0.0000000000
30481  46.178  -46.375  -12.862 0.0000000000
30482  45.436  -46.658  -12.682 0.0000000000
30504  46.535  -46.678  -13.252 0.0000000000
30505  46.034  -46.824  -12.851 0.0000000000
31536  51.303  -45.320  -4.227 0.0000000000
31537  50.840  -45.769  -3.829 0.0000000000
31564  51.441  -45.571  -4.722 0.0000000000
31565  51.222  -45.728  -4.240 0.0000000000
31566  48.604  -45.048  -3.857 0.0000000000
31567  48.400  -45.219  -3.823 0.0000000000
31593  51.327  -45.503  -5.617 0.0000000000
31627  51.252  -44.934  -6.215 0.0000000000
31681  50.166  -45.520  -9.692 0.0000000000
31683  49.234  -45.833  -9.604 0.0000000000
31697  50.260  -45.612  -9.885 0.0000000000
31698  50.099  -45.733  -10.110 0.0000000000
31752  47.825  -45.657  -13.723 0.0000000000
31768  48.462  -45.137  -13.876 0.0000000000
31769  48.266  -45.310  -13.840 0.0000000000
32727  51.330  -44.965  -4.280 0.0000000000
32728  51.079  -44.847  -3.921 0.0000000000
32730  49.734  -45.155  -3.771 0.0000000000
32756  52.020  -44.210  -4.832 0.0000000000
32758  50.918  -44.539  -4.284 0.0000000000
32787  52.132  -44.181  -5.128 0.0000000000
32806  51.776  -44.467  -6.328 0.0000000000
32810  48.142  -44.779  -6.409 0.0000000000
32834  52.264  -43.840  -7.702 0.0000000000
32837  48.435  -44.296  -6.844 0.0000000000
32861  52.111  -43.987  -8.104 0.0000000000
32904  45.289  -44.458  -12.148 0.0000000000
32905  44.543  -44.787  -11.864 0.0000000000
32921  45.607  -44.943  -12.483 0.0000000000
32922  45.092  -44.965  -12.184 0.0000000000
32944  48.644  -45.022  -13.537 0.0000000000
32946  47.292  -45.257  -13.457 0.0000000000
32962  48.557  -44.888  -13.811 0.0000000000
33973  51.679  -43.106  -5.322 0.0000000000
33974  50.819  -43.286  -5.223 0.0000000000
33991  52.147  -43.617  -6.707 0.0000000000
34010  52.382  -43.464  -7.516 0.0000000000
34011  52.169  -43.840  -7.283 0.0000000000
34045  51.269  -43.678  -9.255 0.0000000000
34046  50.884  -44.221  -9.396 0.0000000000
34055  50.747  -44.060  -9.985 0.0000000000
34056  50.270  -44.493  -10.270 0.0000000000
34065  50.549  -43.399  -10.488 0.0000000000
34069  45.134  -44.047  -11.965 0.0000000000
34089  48.502  -43.933  -12.793 0.0000000000
34090  46.600  -44.119  -13.120 0.0000000000
34139  48.485  -44.583  -13.868 0.0000000000
34140  48.359  -44.504  -14.008 0.0000000000
35107  51.484  -42.559  -5.913 0.0000000000
35113  45.853  -41.972  -5.337 0.0000000000
35135  52.105  -42.908  -6.632 0.0000000000
35137  50.944  -42.171  -6.191 0.0000000000
35151  52.106  -42.453  -7.442 0.0000000000
35163  52.571  -43.159  -7.819 0.0000000000
35188  50.468  -42.558  -10.984 0.0000000000
35189  49.438  -42.746  -11.645 0.0000000000
35210  49.568  -42.169  -12.745 0.0000000000
35212  46.639  -43.542  -13.189 0.0000000000
35236  49.863  -42.187  -13.894 0.0000000000
35263  50.128  -41.903  -14.382 0.0000000000
35264  49.734  -42.429  -14.754 0.0000000000
35287  49.631  -42.140  -15.411 0.0000000000
35290  46.309  -41.752  -16.226 0.0000000000
35291  45.391  -41.557  -15.988 0.0000000000
35303  46.305  -41.314  -16.652 0.0000000000
36247  51.277  -41.888  -7.094 0.0000000000
36271  50.351  -41.454  -7.247 0.0000000000
36273  48.616  -41.368  -7.002 0.0000000000
36287  51.251  -41.741  -8.157 0.0000000000
36362  50.511  -41.365  -13.657 0.0000000000
36363  50.158  -41.750  -13.705 0.0000000000
36382  50.229  -41.320  -14.489 0.0000000000
36402  49.979  -41.469  -15.210 0.0000000000
36404  48.673  -41.320  -16.098 0.0000000000
36405  47.900  -40.989  -16.434 0.0000000000
36407  45.456  -40.801  -16.350 0.0000000000
36408  44.622  -40.646  -15.598 0.0000000000
36409  44.320  -40.569  -15.197 0.0000000000
36420  47.203  -40.934  -16.873 0.0000000000
36421  46.357  -40.914  -16.820 0.0000000000
36422  46.039  -40.692  -16.591 0.0000000000
37206  44.176  -40.606  -4.855 0.0000000000
37218  46.805  -41.176  -6.268 0.0000000000
37240  45.792  -40.810  -6.544 0.0000000000
37258  48.725  -41.330  -7.642 0.0000000000
37260  46.807  -41.009  -7.425 0.0000000000
37342  52.226  -40.000  -12.656 0.0000000000
37343  51.905  -40.322  -12.578 0.0000000000
37344  45.738  -39.873  -12.980 0.0000000000
37359  52.356  -40.078  -12.907 0.0000000000
37362  48.685  -39.934  -14.478 0.0000000000
37363  48.241  -40.207  -14.281 0.0000000000
37409  49.807  -41.101  -15.391 0.0000000000
37413  46.347  -40.170  -16.123 0.0000000000
37415  44.544  -40.250  -15.305 0.0000000000
37416  44.177  -40.525  -14.928 0.0000000000
37431  46.879  -40.671  -16.861 0.0000000000
37433  45.893  -40.434  -16.363 0.0000000000
38307  43.797  -40.386  -4.800 0.0000000000
38404  52.197  -39.760  -12.776 0.0000000000
38428  52.339  -39.793  -12.969 0.0000000000
38430  51.466  -39.154  -12.923 0.0000000000
38431  50.527  -38.981  -12.870 0.0000000000
38435  45.723  -39.265  -12.471 0.0000000000
38452  52.311  -39.954  -13.140 0.0000000000
38453  51.741  -39.653  -13.380 0.0000000000
38454  51.074  -39.260  -13.785 0.0000000000
38473  50.992  -39.729  -14.032 0.0000000000
38475  49.657  -39.470  -14.371 0.0000000000
38476  49.177  -39.720  -14.482 0.0000000000
39505  51.508  -39.043  -13.095 0.0000000000
39532  49.753  -38.835  -13.618 0.0000000000
39546  50.219  -39.062  -14.156 0.0000000000
39547  50.039  -38.922  -14.050 0.0000000000
40622  47.381  -36.963  -12.187 0.0000000000
