#!ascii label  , from subject 3357 vox2ras=TkReg
1740
42856  3.348  -51.285  33.809 0.0000000000
81229  36.261  -22.713  14.612 0.0000000000
54346  21.999  -42.932  27.336 0.0000000000
53078  33.647  -43.796  30.389 0.0000000000
55642  14.898  -41.917  26.685 0.0000000000
49245  10.438  -46.809  37.082 0.0000000000
87429  44.835  -17.795  6.655 0.0000000000
89663  44.947  -16.082  15.158 0.0000000000
65326  33.203  -34.299  23.883 0.0000000000
89848  49.333  -15.497  0.008 0.0000000000
53046  21.106  -43.640  32.434 0.0000000000
48025  6.847  -48.279  35.874 0.0000000000
90918  44.927  -15.075  9.751 0.0000000000
87369  40.551  -17.812  10.225 0.0000000000
74881  38.239  -27.259  17.425 0.0000000000
79908  40.811  -23.377  18.633 0.0000000000
70964  35.660  -30.624  17.196 0.0000000000
55672  29.681  -41.963  24.788 0.0000000000
50739  28.447  -46.301  27.961 0.0000000000
55510  16.520  -41.723  33.407 0.0000000000
52975  14.425  -44.271  37.919 0.0000000000
51872  11.988  -44.330  32.042 0.0000000000
50671  8.442  -46.685  30.518 0.0000000000
58299  18.022  -39.730  27.704 0.0000000000
88602  50.792  -16.961  6.752 0.0000000000
92088  50.724  -13.973  9.751 0.0000000000
84976  40.433  -20.008  15.189 0.0000000000
65346  37.591  -34.780  23.402 0.0000000000
57015  35.275  -40.480  25.715 0.0000000000
87462  46.466  -17.684  2.574 0.0000000000
82622  51.203  -21.280  3.149 0.0000000000
82714  52.878  -21.032  -1.250 0.0000000000
53017  19.528  -43.550  35.138 0.0000000000
45422  5.357  -50.059  34.590 0.0000000000
45331  5.397  -49.367  39.145 0.0000000000
44058  3.628  -50.936  38.676 0.0000000000
87387  40.187  -16.996  8.323 0.0000000000
72265  39.503  -29.384  19.764 0.0000000000
74851  41.062  -27.693  19.317 0.0000000000
39136  -0.919  -54.377  34.746 0.0000000000
73652  34.566  -28.398  14.590 0.0000000000
54406  22.446  -43.199  24.707 0.0000000000
53175  25.618  -44.163  24.982 0.0000000000
51983  24.824  -44.918  27.166 0.0000000000
55583  14.878  -41.966  30.051 0.0000000000
54265  13.713  -42.880  32.548 0.0000000000
54314  12.897  -43.223  29.242 0.0000000000
58300  16.147  -40.114  27.179 0.0000000000
56895  17.024  -40.816  30.334 0.0000000000
50510  12.322  -45.775  37.483 0.0000000000
88583  47.929  -16.841  7.324 0.0000000000
90945  50.556  -15.115  8.176 0.0000000000
90948  47.710  -14.937  7.872 0.0000000000
90878  45.049  -15.466  12.570 0.0000000000
92049  47.588  -13.768  12.494 0.0000000000
83772  35.838  -22.078  12.358 0.0000000000
83782  38.281  -20.950  11.864 0.0000000000
83745  38.393  -21.559  14.754 0.0000000000
68044  32.407  -32.544  21.828 0.0000000000
66744  35.066  -33.558  21.088 0.0000000000
68001  35.343  -33.842  24.261 0.0000000000
54344  31.314  -43.519  27.154 0.0000000000
55670  31.682  -41.347  25.237 0.0000000000
55612  33.952  -42.170  28.056 0.0000000000
88628  43.273  -17.262  4.540 0.0000000000
89827  44.088  -15.543  2.810 0.0000000000
87444  46.227  -18.520  5.434 0.0000000000
86238  48.856  -18.905  5.309 0.0000000000
87488  52.753  -17.526  -0.506 0.0000000000
87490  50.952  -17.818  -0.373 0.0000000000
82675  51.326  -21.632  0.401 0.0000000000
85137  49.458  -19.237  0.695 0.0000000000
54277  21.658  -43.243  30.269 0.0000000000
51903  24.279  -45.149  30.523 0.0000000000
51865  23.362  -44.711  32.968 0.0000000000
47998  8.344  -47.274  36.604 0.0000000000
49195  9.890  -47.077  40.115 0.0000000000
47947  7.108  -48.073  39.623 0.0000000000
88610  42.461  -17.352  6.506 0.0000000000
89789  44.697  -15.575  8.115 0.0000000000
89791  42.308  -16.214  8.065 0.0000000000
89744  42.331  -16.283  10.032 0.0000000000
87331  43.290  -17.255  12.532 0.0000000000
78692  38.059  -24.667  15.584 0.0000000000
81206  38.644  -22.810  17.031 0.0000000000
78668  39.743  -24.803  18.130 0.0000000000
64018  32.510  -35.228  21.988 0.0000000000
56835  35.774  -42.551  31.071 0.0000000000
42858  2.121  -52.230  32.799 0.0000000000
42808  2.011  -52.182  38.626 0.0000000000
41625  0.623  -53.239  35.460 0.0000000000
79981  34.984  -24.252  13.388 0.0000000000
76149  36.327  -27.079  14.996 0.0000000000
73578  37.324  -28.654  17.412 0.0000000000
70918  37.919  -30.900  20.175 0.0000000000
55712  26.867  -42.298  23.389 0.0000000000
53152  28.500  -44.296  25.851 0.0000000000
50683  30.961  -45.677  29.253 0.0000000000
50659  26.808  -46.320  30.695 0.0000000000
50605  30.222  -46.852  31.939 0.0000000000
54215  17.326  -42.113  35.739 0.0000000000
54165  16.536  -43.327  38.309 0.0000000000
54217  15.561  -42.637  35.404 0.0000000000
51829  13.367  -44.225  34.421 0.0000000000
49313  11.407  -45.904  34.501 0.0000000000
51958  11.085  -45.198  28.298 0.0000000000
50643  10.149  -45.654  31.012 0.0000000000
49339  8.908  -46.875  33.680 0.0000000000
48081  7.268  -47.563  32.340 0.0000000000
46753  6.316  -48.750  31.614 0.0000000000
45470  4.421  -49.696  31.198 0.0000000000
55676  19.789  -42.009  25.101 0.0000000000
59699  18.997  -39.245  25.639 0.0000000000
56975  19.673  -41.468  27.242 0.0000000000
55579  18.608  -41.557  30.279 0.0000000000
54263  18.588  -42.255  32.542 0.0000000000
90915  52.663  -14.891  9.354 0.0000000000
92091  47.486  -13.867  9.914 0.0000000000
85042  38.749  -20.053  9.994 0.0000000000
85000  40.482  -19.561  12.663 0.0000000000
87285  43.163  -18.176  15.322 0.0000000000
83717  40.874  -21.122  17.135 0.0000000000
84942  42.840  -19.433  17.166 0.0000000000
69548  34.158  -32.725  18.019 0.0000000000
68085  36.588  -32.855  20.301 0.0000000000
68039  39.544  -32.950  22.528 0.0000000000
59735  32.329  -38.415  23.469 0.0000000000
62563  35.485  -37.190  24.318 0.0000000000
56912  37.083  -41.166  28.816 0.0000000000
59656  37.649  -38.638  26.391 0.0000000000
63938  36.106  -35.493  25.845 0.0000000000
66624  37.318  -34.549  26.262 0.0000000000
65286  40.683  -34.766  26.320 0.0000000000
88657  47.741  -16.684  0.708 0.0000000000
85120  48.839  -19.667  3.397 0.0000000000
85104  51.465  -19.360  5.158 0.0000000000
52981  20.533  -44.190  36.892 0.0000000000
44109  4.512  -50.713  34.676 0.0000000000
45384  4.753  -50.314  36.587 0.0000000000
44082  3.928  -50.916  36.153 0.0000000000
72247  40.040  -30.344  21.076 0.0000000000
73523  41.304  -29.381  20.653 0.0000000000
39169  -1.433  -54.792  32.083 0.0000000000
54364  22.549  -43.768  26.310 0.0000000000
53157  23.455  -44.145  26.312 0.0000000000
53134  22.962  -44.047  27.252 0.0000000000
55602  14.690  -41.879  28.966 0.0000000000
55584  14.010  -42.200  29.675 0.0000000000
55622  14.010  -42.582  28.060 0.0000000000
58343  15.712  -40.156  25.013 0.0000000000
56978  15.487  -40.978  27.014 0.0000000000
55601  15.537  -41.364  29.301 0.0000000000
50511  11.584  -46.465  36.895 0.0000000000
49225  11.558  -46.386  38.970 0.0000000000
88606  46.714  -16.649  7.132 0.0000000000
89805  48.278  -15.632  7.337 0.0000000000
89807  46.540  -15.919  7.371 0.0000000000
89688  45.392  -16.060  14.047 0.0000000000
90858  46.331  -14.917  13.644 0.0000000000
83748  35.767  -21.838  13.815 0.0000000000
83758  36.996  -21.290  13.732 0.0000000000
82498  36.661  -22.261  14.770 0.0000000000
66702  32.243  -33.615  22.661 0.0000000000
68022  32.847  -33.017  22.820 0.0000000000
68021  33.898  -33.305  23.428 0.0000000000
67989  34.644  -33.917  24.328 0.0000000000
54325  32.666  -43.656  28.663 0.0000000000
54342  32.684  -42.481  27.535 0.0000000000
54307  33.976  -43.033  29.304 0.0000000000
87446  44.094  -18.031  5.583 0.0000000000
87455  44.260  -17.800  4.794 0.0000000000
87445  44.887  -18.414  5.761 0.0000000000
87427  47.208  -17.533  6.771 0.0000000000
88654  50.786  -16.379  -0.444 0.0000000000
88655  49.865  -16.374  -0.353 0.0000000000
86289  49.935  -18.503  -0.160 0.0000000000
88656  48.836  -16.496  -0.017 0.0000000000
54278  21.126  -42.942  30.943 0.0000000000
53064  22.029  -43.768  31.181 0.0000000000
53045  22.437  -44.371  32.664 0.0000000000
48024  7.565  -47.699  35.941 0.0000000000
47963  7.868  -47.688  38.386 0.0000000000
47978  7.178  -48.165  37.892 0.0000000000
45312  4.356  -49.541  40.978 0.0000000000
46592  5.636  -48.721  41.104 0.0000000000
88611  41.399  -17.232  6.382 0.0000000000
88588  41.812  -16.917  7.309 0.0000000000
88589  40.701  -17.004  7.293 0.0000000000
87370  39.648  -17.710  9.700 0.0000000000
89758  40.994  -16.316  9.097 0.0000000000
88550  41.099  -17.151  10.004 0.0000000000
88532  43.287  -16.692  11.179 0.0000000000
87350  41.963  -18.244  11.199 0.0000000000
76122  38.144  -26.005  16.347 0.0000000000
78680  38.898  -24.691  16.886 0.0000000000
76091  39.114  -26.378  18.030 0.0000000000
89814  41.498  -16.457  4.589 0.0000000000
41629  1.434  -52.691  34.225 0.0000000000
41635  1.017  -53.175  33.783 0.0000000000
77453  34.318  -25.584  13.081 0.0000000000
77438  35.869  -25.652  13.852 0.0000000000
76182  34.624  -26.435  13.340 0.0000000000
72303  34.796  -29.781  16.075 0.0000000000
73610  35.985  -28.410  16.104 0.0000000000
70963  36.499  -30.070  17.389 0.0000000000
72267  37.970  -29.967  18.954 0.0000000000
70934  37.152  -30.963  18.874 0.0000000000
54415  25.063  -42.936  23.476 0.0000000000
52014  26.791  -45.461  26.347 0.0000000000
53153  27.407  -44.611  25.653 0.0000000000
51980  28.679  -45.486  27.089 0.0000000000
51946  29.896  -45.403  27.736 0.0000000000
50712  29.201  -45.947  28.315 0.0000000000
50635  25.220  -45.899  32.019 0.0000000000
51902  25.405  -45.969  30.866 0.0000000000
50633  26.719  -46.266  31.681 0.0000000000
49347  29.059  -46.993  32.444 0.0000000000
50604  31.429  -46.360  32.178 0.0000000000
55484  17.125  -41.846  34.054 0.0000000000
55463  16.383  -42.077  35.531 0.0000000000
55511  15.414  -42.103  33.737 0.0000000000
54266  13.156  -43.243  32.270 0.0000000000
53019  13.751  -43.535  34.097 0.0000000000
51851  12.668  -44.554  33.592 0.0000000000
50572  12.206  -45.250  34.372 0.0000000000
50594  11.722  -45.205  33.221 0.0000000000
53138  12.131  -44.114  27.345 0.0000000000
50695  8.840  -45.982  28.580 0.0000000000
51912  9.879  -45.154  29.985 0.0000000000
50644  9.363  -46.192  30.951 0.0000000000
49357  9.692  -46.222  32.484 0.0000000000
50621  8.687  -46.599  32.246 0.0000000000
49359  8.188  -47.086  32.695 0.0000000000
49370  7.748  -47.171  31.408 0.0000000000
45469  5.165  -49.688  31.860 0.0000000000
55699  20.256  -42.019  24.290 0.0000000000
58368  19.257  -40.077  24.122 0.0000000000
61098  17.530  -39.054  26.489 0.0000000000
59681  18.463  -39.330  26.391 0.0000000000
57003  18.941  -40.564  26.752 0.0000000000
56949  18.461  -40.419  27.924 0.0000000000
55618  19.681  -41.475  28.800 0.0000000000
58281  18.322  -40.474  28.993 0.0000000000
55562  16.565  -41.398  31.502 0.0000000000
56841  17.918  -41.379  31.302 0.0000000000
55509  17.291  -41.620  33.147 0.0000000000
54234  18.348  -42.281  34.067 0.0000000000
52973  15.537  -43.489  37.745 0.0000000000
42803  1.216  -52.348  39.585 0.0000000000
44050  2.000  -51.724  39.834 0.0000000000
88600  52.472  -17.043  6.953 0.0000000000
90930  50.316  -14.634  8.601 0.0000000000
90928  51.995  -15.077  8.834 0.0000000000
92087  51.716  -14.077  9.696 0.0000000000
92071  51.273  -13.684  10.793 0.0000000000
90934  44.843  -14.991  8.780 0.0000000000
90932  46.529  -14.768  9.105 0.0000000000
92093  46.190  -14.141  9.926 0.0000000000
92047  49.090  -13.316  12.184 0.0000000000
84990  39.740  -20.249  13.889 0.0000000000
85001  39.749  -20.318  12.819 0.0000000000
86128  41.058  -19.581  14.184 0.0000000000
86136  41.599  -18.838  13.710 0.0000000000
86112  41.803  -19.300  15.325 0.0000000000
81190  40.024  -23.059  17.757 0.0000000000
82470  39.132  -22.197  16.723 0.0000000000
81189  40.590  -22.714  18.184 0.0000000000
68136  32.570  -33.438  17.245 0.0000000000
66726  36.387  -34.470  22.021 0.0000000000
66755  35.429  -33.583  20.710 0.0000000000
65391  37.194  -34.393  21.729 0.0000000000
68062  38.561  -32.889  21.393 0.0000000000
66724  38.773  -34.024  22.484 0.0000000000
55711  28.061  -41.888  23.247 0.0000000000
55709  29.518  -40.818  23.567 0.0000000000
57017  33.533  -40.728  25.398 0.0000000000
58332  32.362  -40.112  24.443 0.0000000000
58356  34.002  -39.796  24.643 0.0000000000
61145  33.425  -37.933  23.624 0.0000000000
58354  35.603  -39.103  24.719 0.0000000000
56886  36.138  -42.078  29.976 0.0000000000
61077  38.158  -37.547  27.892 0.0000000000
62530  37.181  -37.068  26.196 0.0000000000
62507  37.655  -36.725  27.584 0.0000000000
65266  36.859  -35.023  26.334 0.0000000000
63923  38.204  -35.376  27.465 0.0000000000
88636  45.639  -16.817  2.401 0.0000000000
87461  46.847  -17.313  1.933 0.0000000000
86266  47.577  -18.346  1.626 0.0000000000
86262  47.076  -18.299  2.654 0.0000000000
87441  49.526  -18.253  5.998 0.0000000000
86237  49.940  -19.218  5.675 0.0000000000
86236  51.069  -18.892  5.640 0.0000000000
86234  52.443  -18.553  5.196 0.0000000000
85157  52.819  -19.488  -1.299 0.0000000000
82654  51.662  -21.970  1.623 0.0000000000
81368  52.286  -22.193  2.362 0.0000000000
82621  51.786  -21.465  3.728 0.0000000000
53032  20.436  -43.659  33.482 0.0000000000
53031  21.411  -44.382  33.828 0.0000000000
53015  21.102  -44.584  35.151 0.0000000000
46695  5.966  -49.449  34.934 0.0000000000
46654  5.910  -48.868  38.035 0.0000000000
45383  5.515  -49.465  36.764 0.0000000000
44047  4.554  -50.143  38.933 0.0000000000
45323  3.702  -49.673  40.736 0.0000000000
87403  38.687  -17.492  8.069 0.0000000000
87371  39.162  -18.200  9.480 0.0000000000
73561  39.067  -28.536  18.788 0.0000000000
74853  39.652  -27.655  18.824 0.0000000000
73559  40.543  -28.402  19.563 0.0000000000
73540  41.923  -28.701  20.195 0.0000000000
39149  0.061  -54.017  33.661 0.0000000000
39168  -0.474  -54.382  32.834 0.0000000000
39137  -1.451  -55.038  34.443 0.0000000000
74963  34.016  -27.337  13.407 0.0000000000
70977  34.249  -30.657  16.170 0.0000000000
54404  24.498  -43.314  24.182 0.0000000000
54384  24.082  -43.560  24.966 0.0000000000
52016  25.130  -44.901  26.587 0.0000000000
51982  26.015  -45.700  27.405 0.0000000000
55563  15.628  -41.539  31.489 0.0000000000
55540  14.804  -41.957  32.407 0.0000000000
55564  14.691  -41.788  31.212 0.0000000000
54297  13.103  -42.879  31.117 0.0000000000
53069  12.637  -44.023  30.980 0.0000000000
49387  7.654  -47.177  30.125 0.0000000000
49406  7.226  -47.174  28.352 0.0000000000
59682  16.725  -39.423  25.804 0.0000000000
58284  17.182  -39.897  27.872 0.0000000000
58267  17.773  -40.179  29.026 0.0000000000
56922  16.895  -40.356  29.253 0.0000000000
56896  16.333  -41.055  30.303 0.0000000000
51763  13.830  -44.672  37.713 0.0000000000
88603  49.707  -16.723  6.726 0.0000000000
89802  51.261  -16.383  7.252 0.0000000000
89804  49.324  -15.963  7.207 0.0000000000
90946  49.593  -14.815  8.116 0.0000000000
92118  49.124  -14.429  8.239 0.0000000000
90895  45.231  -15.192  11.629 0.0000000000
92064  45.807  -14.645  11.149 0.0000000000
90876  46.493  -14.536  12.795 0.0000000000
92021  47.628  -13.916  14.332 0.0000000000
82542  37.038  -21.303  10.599 0.0000000000
83771  36.748  -21.626  12.660 0.0000000000
84992  38.440  -20.751  14.151 0.0000000000
84958  39.497  -20.824  15.368 0.0000000000
81173  42.026  -22.642  19.467 0.0000000000
69512  31.935  -33.008  20.036 0.0000000000
68107  33.267  -33.577  19.529 0.0000000000
68067  33.539  -32.997  21.312 0.0000000000
68041  35.188  -33.895  23.088 0.0000000000
68018  36.281  -34.025  23.949 0.0000000000
54362  30.800  -42.999  26.359 0.0000000000
55671  30.695  -41.391  24.735 0.0000000000
55654  31.780  -41.953  26.113 0.0000000000
55652  33.573  -41.847  26.806 0.0000000000
56993  34.906  -41.106  26.433 0.0000000000
90968  43.182  -15.038  3.575 0.0000000000
90974  43.674  -14.510  3.153 0.0000000000
89820  43.560  -16.077  3.393 0.0000000000
88631  44.958  -16.935  3.495 0.0000000000
87458  46.218  -18.012  3.429 0.0000000000
86251  47.344  -18.856  4.259 0.0000000000
86240  47.029  -18.948  5.057 0.0000000000
87426  48.156  -17.749  6.754 0.0000000000
88653  51.382  -16.463  -0.437 0.0000000000
87489  51.879  -17.697  -0.293 0.0000000000
85147  51.730  -19.479  -0.609 0.0000000000
82696  52.590  -22.009  -0.542 0.0000000000
83927  51.314  -20.305  -0.373 0.0000000000
83908  50.542  -20.303  0.444 0.0000000000
83892  49.820  -20.419  1.849 0.0000000000
54310  21.727  -42.929  28.612 0.0000000000
53098  23.052  -43.912  29.076 0.0000000000
53082  23.151  -44.519  30.229 0.0000000000
51883  23.929  -44.805  31.611 0.0000000000
51841  24.684  -45.325  33.464 0.0000000000
49269  9.571  -46.863  36.530 0.0000000000
49209  9.671  -47.020  39.178 0.0000000000
49210  8.684  -47.216  39.004 0.0000000000
49185  8.399  -47.419  40.354 0.0000000000
46600  6.451  -48.484  40.016 0.0000000000
47922  7.116  -48.084  41.246 0.0000000000
88609  43.484  -17.235  6.720 0.0000000000
88585  44.871  -16.308  7.549 0.0000000000
88586  43.958  -16.316  7.355 0.0000000000
89790  43.488  -15.990  8.123 0.0000000000
90936  43.514  -15.395  9.214 0.0000000000
89772  40.792  -15.941  8.248 0.0000000000
89757  42.091  -16.095  9.304 0.0000000000
89755  43.570  -15.868  10.207 0.0000000000
89727  44.225  -16.011  11.387 0.0000000000
88490  44.295  -16.437  12.956 0.0000000000
89677  44.172  -16.345  14.121 0.0000000000
79954  36.903  -23.825  15.143 0.0000000000
81221  37.549  -22.906  15.819 0.0000000000
79939  38.168  -23.598  15.989 0.0000000000
79910  39.506  -24.069  17.852 0.0000000000
79896  40.751  -24.071  18.677 0.0000000000
76078  40.350  -26.665  18.918 0.0000000000
77342  41.159  -25.601  19.340 0.0000000000
79885  41.898  -24.085  19.750 0.0000000000
63990  32.967  -35.115  22.949 0.0000000000
54275  34.550  -43.313  31.191 0.0000000000
92135  41.819  -13.635  4.225 0.0000000000
88629  42.288  -16.605  4.352 0.0000000000
88620  43.079  -17.537  5.784 0.0000000000
92168  49.959  -13.299  0.791 0.0000000000
92151  49.059  -12.932  1.250 0.0000000000
42857  2.769  -51.765  33.342 0.0000000000
42834  2.838  -51.800  35.332 0.0000000000
42835  2.099  -52.298  34.794 0.0000000000
41610  1.103  -52.734  36.875 0.0000000000
42817  0.519  -53.037  37.835 0.0000000000
40398  -0.069  -53.557  35.507 0.0000000000
82509  34.903  -22.488  13.178 0.0000000000
79969  34.212  -23.452  12.840 0.0000000000
79967  35.600  -23.924  13.773 0.0000000000
78720  36.027  -24.798  14.232 0.0000000000
77407  37.285  -25.971  15.344 0.0000000000
74898  37.522  -27.337  16.351 0.0000000000
74942  35.066  -27.741  14.344 0.0000000000
74900  36.602  -27.904  16.001 0.0000000000
73594  37.530  -28.130  17.424 0.0000000000
72275  38.507  -29.196  18.678 0.0000000000
72257  38.813  -29.967  20.201 0.0000000000
70900  39.920  -30.799  21.615 0.0000000000
54400  28.120  -42.474  24.276 0.0000000000
53192  26.301  -43.743  24.421 0.0000000000
54381  27.379  -43.260  24.701 0.0000000000
53171  29.494  -43.322  25.731 0.0000000000
53150  30.375  -44.082  26.539 0.0000000000
51944  31.298  -44.556  28.220 0.0000000000
51900  32.500  -45.065  29.683 0.0000000000
51926  24.368  -45.193  29.279 0.0000000000
51950  25.154  -45.494  28.409 0.0000000000
50714  27.471  -46.271  29.105 0.0000000000
50608  27.445  -46.600  32.241 0.0000000000
50631  28.490  -46.784  31.112 0.0000000000
50685  29.012  -46.359  29.289 0.0000000000
50655  30.969  -46.327  30.082 0.0000000000
50628  31.665  -45.912  31.047 0.0000000000
51860  33.314  -44.608  32.207 0.0000000000
54197  18.086  -43.680  36.788 0.0000000000
54198  17.158  -42.482  36.462 0.0000000000
54200  15.573  -42.761  36.213 0.0000000000
54183  15.196  -43.293  36.582 0.0000000000
54251  14.686  -42.697  33.797 0.0000000000
53001  14.512  -43.377  35.283 0.0000000000
51781  13.966  -44.501  36.496 0.0000000000
51805  12.959  -45.037  35.871 0.0000000000
49291  11.969  -45.949  35.632 0.0000000000
49267  11.243  -46.515  36.020 0.0000000000
54351  12.646  -43.474  27.488 0.0000000000
53116  12.214  -43.996  28.368 0.0000000000
51910  11.598  -44.669  30.107 0.0000000000
51959  10.153  -44.984  28.047 0.0000000000
51911  10.886  -45.244  30.024 0.0000000000
50642  11.084  -45.222  31.231 0.0000000000
50595  11.042  -45.501  32.773 0.0000000000
49314  10.838  -46.280  34.096 0.0000000000
49294  9.623  -46.901  35.537 0.0000000000
49316  8.788  -46.989  34.850 0.0000000000
49317  8.096  -47.498  35.254 0.0000000000
48044  7.245  -48.015  34.824 0.0000000000
48113  7.082  -47.591  30.762 0.0000000000
48066  6.923  -48.134  32.775 0.0000000000
46724  6.647  -48.597  33.535 0.0000000000
45438  5.404  -49.824  33.570 0.0000000000
45439  4.829  -50.268  33.158 0.0000000000
44139  4.213  -50.537  32.947 0.0000000000
44141  3.042  -51.104  31.673 0.0000000000
42886  2.504  -51.625  31.270 0.0000000000
55698  21.114  -42.557  24.078 0.0000000000
55674  21.678  -42.958  24.727 0.0000000000
54366  21.306  -42.877  26.657 0.0000000000
58342  19.308  -39.911  25.199 0.0000000000
57001  20.005  -42.126  26.270 0.0000000000
55639  20.632  -42.366  27.493 0.0000000000
54328  20.604  -42.144  28.555 0.0000000000
54295  20.397  -42.348  30.394 0.0000000000
54279  20.198  -42.622  31.318 0.0000000000
56893  17.924  -41.085  29.917 0.0000000000
55560  18.945  -42.092  31.476 0.0000000000
54262  19.224  -42.529  32.373 0.0000000000
54233  19.171  -43.127  34.407 0.0000000000
54213  18.944  -43.432  35.649 0.0000000000
44071  2.884  -51.665  38.244 0.0000000000
44049  3.118  -50.851  39.815 0.0000000000
89783  52.285  -16.217  7.951 0.0000000000
90949  47.026  -15.397  8.199 0.0000000000
92108  47.896  -14.089  8.956 0.0000000000
92090  48.512  -14.270  9.843 0.0000000000
93171  47.577  -13.612  11.018 0.0000000000
92060  49.175  -13.496  11.385 0.0000000000
92072  50.372  -13.407  10.563 0.0000000000
86197  37.797  -18.793  9.022 0.0000000000
86195  39.331  -19.074  9.750 0.0000000000
83796  38.438  -20.527  10.806 0.0000000000
85024  39.793  -19.760  11.008 0.0000000000
86159  40.943  -18.962  11.453 0.0000000000
86157  42.215  -18.249  12.440 0.0000000000
87301  43.157  -17.513  13.958 0.0000000000
88458  43.507  -17.384  15.036 0.0000000000
82489  38.216  -22.458  15.786 0.0000000000
82487  39.480  -21.591  16.282 0.0000000000
83729  40.415  -20.863  16.256 0.0000000000
83691  41.583  -21.311  18.473 0.0000000000
83716  41.587  -20.645  17.409 0.0000000000
84956  41.840  -20.127  15.868 0.0000000000
86098  42.845  -18.651  16.217 0.0000000000
87268  44.045  -17.835  16.577 0.0000000000
69582  33.628  -31.818  16.407 0.0000000000
69566  35.289  -31.700  17.294 0.0000000000
68106  34.311  -33.479  19.169 0.0000000000
69528  35.170  -32.857  19.002 0.0000000000
69546  35.906  -31.753  17.943 0.0000000000
69509  37.824  -31.923  20.503 0.0000000000
69491  39.047  -32.052  21.645 0.0000000000
69475  40.052  -32.106  22.730 0.0000000000
57043  30.991  -40.033  24.426 0.0000000000
62582  32.732  -37.146  22.502 0.0000000000
64016  33.494  -36.249  22.767 0.0000000000
63967  34.765  -35.584  24.175 0.0000000000
55572  34.949  -42.218  29.844 0.0000000000
56939  35.100  -41.579  28.453 0.0000000000
56965  36.501  -40.812  27.158 0.0000000000
56937  37.290  -40.336  27.899 0.0000000000
58328  36.687  -39.670  25.665 0.0000000000
61126  36.531  -38.025  25.026 0.0000000000
62546  35.794  -36.573  24.804 0.0000000000
65309  34.904  -34.930  24.922 0.0000000000
66656  35.756  -34.242  25.609 0.0000000000
67974  36.783  -33.644  25.725 0.0000000000
66655  37.354  -34.340  24.859 0.0000000000
65242  39.187  -34.957  27.566 0.0000000000
65288  38.527  -35.394  25.767 0.0000000000
65322  38.487  -34.984  24.018 0.0000000000
66669  40.105  -34.071  23.960 0.0000000000
92170  48.326  -14.054  0.592 0.0000000000
89849  48.400  -15.613  0.410 0.0000000000
86276  48.415  -18.331  0.731 0.0000000000
85129  48.708  -19.128  1.735 0.0000000000
83880  49.708  -20.368  3.060 0.0000000000
86250  48.208  -19.448  4.259 0.0000000000
85118  50.370  -20.137  4.045 0.0000000000
83872  51.428  -20.654  4.195 0.0000000000
83871  52.564  -20.448  4.456 0.0000000000
52983  19.117  -43.736  37.216 0.0000000000
52982  19.988  -43.683  36.876 0.0000000000
44110  3.867  -50.859  34.067 0.0000000000
42844  4.176  -51.078  35.348 0.0000000000
42845  3.687  -51.349  34.759 0.0000000000
72238  40.435  -30.625  21.628 0.0000000000
72246  41.133  -30.177  21.116 0.0000000000
54345  22.290  -43.573  27.026 0.0000000000
53135  22.435  -43.468  27.604 0.0000000000
55621  14.576  -42.192  27.805 0.0000000000
54349  14.211  -42.579  26.777 0.0000000000
55641  15.086  -41.637  27.431 0.0000000000
50512  11.066  -46.872  37.022 0.0000000000
50494  11.542  -46.267  37.963 0.0000000000
50495  11.061  -46.749  37.458 0.0000000000
88607  45.558  -16.619  7.300 0.0000000000
89675  45.400  -15.827  14.763 0.0000000000
90838  46.036  -15.502  14.928 0.0000000000
89662  45.652  -15.876  15.499 0.0000000000
82499  35.900  -22.101  14.395 0.0000000000
83747  36.415  -21.712  14.179 0.0000000000
65349  32.740  -34.380  23.263 0.0000000000
66701  33.208  -33.688  23.769 0.0000000000
66700  33.917  -33.534  24.032 0.0000000000
66673  34.219  -34.047  24.337 0.0000000000
53095  32.893  -44.006  29.491 0.0000000000
54308  33.276  -43.607  29.340 0.0000000000
54291  33.846  -43.471  29.938 0.0000000000
86227  44.481  -17.933  6.370 0.0000000000
86242  44.384  -18.133  6.081 0.0000000000
87428  45.947  -17.940  6.854 0.0000000000
87477  49.481  -17.326  -0.220 0.0000000000
54260  20.859  -42.984  31.757 0.0000000000
53065  21.301  -43.306  31.590 0.0000000000
48000  6.951  -47.858  36.871 0.0000000000
46653  6.443  -48.518  37.509 0.0000000000
88612  40.440  -16.890  6.353 0.0000000000
88551  40.479  -17.191  9.712 0.0000000000
87368  41.683  -17.903  10.581 0.0000000000
76103  38.284  -26.548  16.830 0.0000000000
77372  38.886  -25.675  17.269 0.0000000000
76092  38.794  -26.650  17.760 0.0000000000
78734  33.344  -24.795  12.427 0.0000000000
77454  33.697  -25.517  12.645 0.0000000000
76183  33.939  -26.332  12.880 0.0000000000
72290  35.310  -30.014  16.698 0.0000000000
72289  35.997  -29.665  16.871 0.0000000000
70947  36.825  -30.453  18.096 0.0000000000
70948  36.180  -30.896  17.761 0.0000000000
51981  27.631  -46.209  27.483 0.0000000000
52013  28.059  -45.331  26.303 0.0000000000
50738  28.642  -45.962  27.647 0.0000000000
51947  29.177  -45.564  27.578 0.0000000000
50610  25.499  -45.855  32.634 0.0000000000
50634  25.774  -46.159  31.809 0.0000000000
50609  26.473  -46.331  32.768 0.0000000000
55485  16.354  -41.839  34.498 0.0000000000
53051  12.677  -43.632  32.158 0.0000000000
53034  12.877  -43.908  32.855 0.0000000000
51871  12.483  -44.250  32.647 0.0000000000
51852  12.070  -44.696  32.739 0.0000000000
50670  9.034  -46.166  29.747 0.0000000000
50645  8.544  -46.565  31.701 0.0000000000
59664  17.645  -39.412  27.231 0.0000000000
61097  17.923  -39.249  26.605 0.0000000000
59663  18.062  -39.553  27.046 0.0000000000
58298  18.374  -40.004  27.322 0.0000000000
56948  18.844  -40.768  28.363 0.0000000000
58282  18.202  -40.197  28.444 0.0000000000
55538  16.957  -41.414  32.401 0.0000000000
52974  14.963  -43.768  37.463 0.0000000000
42797  0.389  -52.485  40.258 0.0000000000
42796  1.026  -52.105  40.228 0.0000000000
87423  51.760  -17.471  6.366 0.0000000000
87422  52.219  -17.546  6.289 0.0000000000
88601  51.727  -17.053  6.795 0.0000000000
92105  51.014  -14.292  9.099 0.0000000000
92104  51.936  -14.535  9.179 0.0000000000
92070  51.977  -14.242  10.328 0.0000000000
90917  45.657  -14.648  9.445 0.0000000000
92094  45.683  -14.531  10.073 0.0000000000
84977  39.735  -20.219  14.821 0.0000000000
86129  40.372  -20.043  14.311 0.0000000000
86114  40.495  -19.832  14.753 0.0000000000
86113  41.020  -19.537  14.917 0.0000000000
81174  41.283  -22.686  18.794 0.0000000000
68123  32.741  -33.609  18.373 0.0000000000
65347  37.145  -34.742  23.068 0.0000000000
65373  37.067  -34.703  22.427 0.0000000000
66725  38.094  -34.299  22.137 0.0000000000
65371  38.186  -34.722  22.866 0.0000000000
55693  28.679  -41.924  24.241 0.0000000000
55710  28.894  -41.058  23.394 0.0000000000
55692  29.749  -41.072  24.128 0.0000000000
57016  34.408  -40.559  25.772 0.0000000000
58331  34.149  -40.203  25.316 0.0000000000
58330  34.790  -40.052  25.160 0.0000000000
58355  35.135  -39.483  24.485 0.0000000000
61068  38.081  -37.549  28.749 0.0000000000
63909  37.775  -36.368  27.883 0.0000000000
63924  37.426  -35.844  27.239 0.0000000000
63908  38.202  -36.122  28.280 0.0000000000
88639  46.394  -16.375  1.634 0.0000000000
88635  46.585  -16.998  2.012 0.0000000000
87466  46.852  -18.061  1.942 0.0000000000
87424  50.112  -17.532  6.419 0.0000000000
87440  50.535  -18.244  6.072 0.0000000000
88619  50.907  -17.612  6.365 0.0000000000
87439  51.578  -17.969  5.949 0.0000000000
83946  52.841  -20.342  -1.325 0.0000000000
83945  53.311  -20.449  -1.509 0.0000000000
82713  53.436  -21.813  -1.357 0.0000000000
82639  50.961  -21.341  2.372 0.0000000000
81369  51.870  -22.139  2.166 0.0000000000
82638  51.730  -21.778  2.665 0.0000000000
82637  52.526  -21.784  3.114 0.0000000000
53016  20.256  -43.808  34.721 0.0000000000
45405  5.365  -50.036  35.751 0.0000000000
44069  4.199  -50.997  37.594 0.0000000000
44057  4.423  -50.432  38.450 0.0000000000
45333  3.829  -50.027  39.955 0.0000000000
44048  4.062  -50.410  39.238 0.0000000000
87389  38.970  -17.907  9.089 0.0000000000
86215  38.408  -18.215  8.780 0.0000000000
73560  39.698  -28.558  19.375 0.0000000000
73542  40.094  -29.024  19.813 0.0000000000
39151  -1.008  -54.828  33.555 0.0000000000
54405  23.340  -43.155  24.154 0.0000000000
54385  23.070  -43.715  25.322 0.0000000000
53133  24.100  -44.128  27.115 0.0000000000
53156  24.332  -44.199  26.268 0.0000000000
55582  15.667  -41.409  30.417 0.0000000000
54313  13.341  -42.861  29.306 0.0000000000
54296  13.580  -42.772  30.387 0.0000000000
53084  13.334  -43.223  29.962 0.0000000000
53085  12.922  -43.430  30.427 0.0000000000
53100  13.039  -43.325  29.665 0.0000000000
58319  15.875  -40.196  26.195 0.0000000000
59683  16.201  -39.660  25.544 0.0000000000
59666  16.363  -39.714  26.425 0.0000000000
59650  16.466  -39.540  27.104 0.0000000000
58285  16.706  -39.967  27.673 0.0000000000
56950  16.973  -40.282  28.376 0.0000000000
56951  16.373  -40.859  28.304 0.0000000000
56923  16.270  -40.812  29.719 0.0000000000
55581  16.313  -41.382  30.754 0.0000000000
51782  12.938  -45.017  37.006 0.0000000000
51764  13.050  -45.205  38.074 0.0000000000
88604  48.522  -16.787  7.163 0.0000000000
90957  47.855  -15.219  7.436 0.0000000000
90956  48.166  -15.159  7.424 0.0000000000
90947  48.486  -14.890  7.683 0.0000000000
92119  48.255  -14.496  8.291 0.0000000000
90894  46.182  -14.758  11.970 0.0000000000
90877  45.812  -15.124  12.642 0.0000000000
92033  47.010  -14.176  13.561 0.0000000000
83784  36.268  -21.856  11.568 0.0000000000
83746  37.397  -21.770  14.607 0.0000000000
84979  38.482  -21.175  14.443 0.0000000000
84978  39.009  -21.020  14.733 0.0000000000
69513  31.292  -33.336  20.042 0.0000000000
69493  31.868  -32.793  20.534 0.0000000000
68068  32.589  -32.827  20.884 0.0000000000
68020  34.832  -33.675  23.615 0.0000000000
68042  34.513  -33.394  22.791 0.0000000000
66699  35.716  -34.109  23.231 0.0000000000
68019  35.768  -33.869  23.835 0.0000000000
55655  31.135  -42.099  25.445 0.0000000000
54361  32.126  -42.505  26.865 0.0000000000
55613  33.264  -42.286  27.756 0.0000000000
55635  33.094  -42.184  27.205 0.0000000000
55634  33.630  -42.039  27.454 0.0000000000
56967  34.379  -41.638  27.388 0.0000000000
89821  42.757  -15.924  3.711 0.0000000000
87454  45.047  -17.774  4.286 0.0000000000
88626  44.782  -17.275  3.891 0.0000000000
87459  45.562  -17.574  3.409 0.0000000000
87453  45.801  -18.293  4.082 0.0000000000
86252  46.573  -18.559  4.283 0.0000000000
87425  49.139  -17.629  6.651 0.0000000000
87475  51.289  -17.029  -0.351 0.0000000000
86287  51.379  -18.596  -0.465 0.0000000000
85148  50.749  -19.543  -0.092 0.0000000000
86274  49.984  -19.003  0.174 0.0000000000
85136  49.996  -19.772  0.757 0.0000000000
83891  50.123  -20.435  1.242 0.0000000000
85127  49.792  -20.037  1.189 0.0000000000
54293  21.673  -43.141  29.423 0.0000000000
53083  22.345  -43.630  29.851 0.0000000000
53044  23.439  -44.572  32.275 0.0000000000
53063  23.123  -44.415  31.486 0.0000000000
51864  24.149  -45.024  32.627 0.0000000000
49270  8.826  -46.963  36.918 0.0000000000
49247  8.757  -46.998  37.700 0.0000000000
47946  7.816  -47.739  39.228 0.0000000000
49211  8.255  -47.486  39.193 0.0000000000
47933  7.710  -47.661  40.032 0.0000000000
49170  8.540  -47.588  41.009 0.0000000000
47921  7.829  -47.749  40.846 0.0000000000
45346  5.544  -49.271  38.465 0.0000000000
46632  5.934  -48.875  38.798 0.0000000000
46613  5.828  -48.836  39.572 0.0000000000
89770  43.005  -15.619  8.950 0.0000000000
88571  39.978  -17.169  7.595 0.0000000000
88570  40.322  -16.478  7.944 0.0000000000
89745  41.535  -16.578  9.676 0.0000000000
89756  42.996  -15.802  9.721 0.0000000000
89743  43.109  -16.054  10.597 0.0000000000
89742  43.979  -15.871  10.791 0.0000000000
87348  43.414  -16.962  11.851 0.0000000000
88510  43.827  -16.683  12.415 0.0000000000
89690  44.039  -16.451  13.643 0.0000000000
88491  43.727  -16.863  13.210 0.0000000000
78706  37.521  -24.790  15.067 0.0000000000
79953  37.677  -23.994  15.387 0.0000000000
78669  39.280  -24.776  17.552 0.0000000000
78656  40.320  -24.768  18.608 0.0000000000
76077  40.795  -27.186  19.098 0.0000000000
77341  41.653  -25.671  20.023 0.0000000000
78641  41.552  -24.771  19.559 0.0000000000
78640  42.175  -24.774  20.039 0.0000000000
65374  32.094  -34.573  22.153 0.0000000000
90970  41.489  -14.553  4.056 0.0000000000
89822  41.860  -15.662  3.826 0.0000000000
88621  42.110  -17.264  5.326 0.0000000000
92150  49.587  -12.641  1.285 0.0000000000
42846  2.780  -51.748  34.308 0.0000000000
42847  2.094  -52.233  33.788 0.0000000000
41624  1.366  -52.806  35.210 0.0000000000
41618  1.070  -52.829  36.310 0.0000000000
41611  0.709  -52.947  37.054 0.0000000000
39150  -0.306  -54.181  33.951 0.0000000000
40415  -0.028  -53.847  34.316 0.0000000000
40408  -0.387  -53.942  34.815 0.0000000000
83761  34.780  -22.327  12.569 0.0000000000
82510  34.286  -22.544  12.559 0.0000000000
79982  34.435  -24.126  12.911 0.0000000000
79968  34.820  -23.588  13.305 0.0000000000
76165  36.166  -26.515  14.471 0.0000000000
76164  36.817  -26.106  14.680 0.0000000000
76148  36.877  -26.541  15.343 0.0000000000
76147  37.190  -26.875  15.744 0.0000000000
74922  36.915  -27.326  15.745 0.0000000000
74943  34.440  -27.850  14.053 0.0000000000
73651  35.253  -28.282  14.767 0.0000000000
72288  36.858  -29.103  16.940 0.0000000000
73609  36.647  -28.237  16.584 0.0000000000
74883  37.161  -27.801  16.711 0.0000000000
73577  37.811  -28.491  17.831 0.0000000000
72276  37.911  -29.289  18.309 0.0000000000
72258  38.243  -30.176  19.638 0.0000000000
72248  39.279  -30.314  20.770 0.0000000000
70917  38.721  -30.714  20.656 0.0000000000
55694  27.720  -42.251  23.982 0.0000000000
55695  27.194  -42.508  24.054 0.0000000000
54383  24.904  -43.518  24.864 0.0000000000
54403  25.568  -43.397  24.212 0.0000000000
53173  27.920  -43.737  25.231 0.0000000000
54380  28.434  -42.889  24.758 0.0000000000
53172  28.923  -43.476  25.508 0.0000000000
53151  29.584  -43.808  26.149 0.0000000000
50710  30.710  -45.304  28.632 0.0000000000
51945  30.589  -44.941  28.128 0.0000000000
51923  31.023  -45.003  28.688 0.0000000000
51922  31.855  -44.995  28.853 0.0000000000
50682  31.819  -45.396  29.438 0.0000000000
53081  23.854  -44.889  29.785 0.0000000000
53097  23.685  -44.617  29.111 0.0000000000
51901  26.111  -46.213  30.647 0.0000000000
51925  25.306  -45.662  29.648 0.0000000000
51924  26.201  -46.090  30.039 0.0000000000
51949  26.489  -46.186  28.781 0.0000000000
50687  27.170  -46.094  29.782 0.0000000000
50586  29.739  -46.936  32.497 0.0000000000
50606  29.213  -46.772  31.867 0.0000000000
50657  28.771  -46.517  30.223 0.0000000000
50630  29.526  -46.862  31.041 0.0000000000
50656  29.980  -46.805  29.950 0.0000000000
50629  30.662  -46.562  31.076 0.0000000000
51861  32.462  -45.299  31.952 0.0000000000
55464  15.910  -42.284  35.415 0.0000000000
54199  16.259  -42.482  36.393 0.0000000000
54201  15.086  -43.114  35.828 0.0000000000
55541  14.014  -42.101  32.774 0.0000000000
55512  14.375  -42.236  33.216 0.0000000000
55513  13.936  -42.358  33.040 0.0000000000
51850  13.310  -43.990  33.849 0.0000000000
53002  13.958  -43.842  34.880 0.0000000000
52987  14.165  -43.984  35.649 0.0000000000
51804  13.596  -44.481  35.327 0.0000000000
50552  12.169  -45.478  35.279 0.0000000000
50553  11.747  -45.641  34.687 0.0000000000
49266  11.811  -46.230  35.852 0.0000000000
49292  11.484  -46.095  35.159 0.0000000000
53139  11.645  -44.621  27.681 0.0000000000
53117  11.671  -44.639  28.597 0.0000000000
53102  12.011  -44.390  29.338 0.0000000000
51932  11.317  -44.960  29.262 0.0000000000
51992  9.850  -44.974  27.029 0.0000000000
51960  9.406  -45.138  27.686 0.0000000000
50669  10.560  -45.384  30.554 0.0000000000
50668  10.955  -45.244  30.614 0.0000000000
50618  10.527  -45.574  32.065 0.0000000000
49338  9.832  -46.615  33.332 0.0000000000
49293  10.535  -46.516  35.253 0.0000000000
49315  9.731  -46.683  34.466 0.0000000000
49340  8.013  -47.263  34.143 0.0000000000
48065  7.363  -47.847  33.499 0.0000000000
49405  7.372  -47.271  29.071 0.0000000000
48098  6.663  -48.126  31.192 0.0000000000
46738  6.485  -48.724  32.508 0.0000000000
46709  6.002  -49.300  34.051 0.0000000000
46725  5.991  -49.280  33.067 0.0000000000
45452  4.522  -50.190  32.248 0.0000000000
45453  3.843  -50.173  31.696 0.0000000000
44159  3.395  -50.575  31.423 0.0000000000
42871  2.766  -51.559  32.335 0.0000000000
57046  19.549  -41.311  24.466 0.0000000000
55675  20.755  -42.611  25.535 0.0000000000
61131  18.522  -38.854  24.966 0.0000000000
59723  18.905  -39.226  24.615 0.0000000000
56976  19.316  -40.873  27.345 0.0000000000
57002  19.476  -41.231  26.356 0.0000000000
55657  19.813  -41.999  26.908 0.0000000000
55656  20.576  -42.351  26.863 0.0000000000
55640  20.229  -41.863  27.711 0.0000000000
54348  20.679  -42.444  27.924 0.0000000000
55600  18.775  -41.347  29.428 0.0000000000
54312  20.534  -42.040  29.475 0.0000000000
55599  19.681  -41.697  29.906 0.0000000000
55578  19.582  -42.122  30.779 0.0000000000
58246  17.712  -40.433  29.698 0.0000000000
58245  17.834  -40.504  29.704 0.0000000000
56894  17.648  -40.906  30.069 0.0000000000
55536  18.255  -41.605  32.130 0.0000000000
55561  18.244  -41.532  31.043 0.0000000000
55535  18.750  -42.084  32.136 0.0000000000
54247  19.639  -43.240  33.172 0.0000000000
54248  18.672  -42.833  33.204 0.0000000000
55461  17.717  -42.021  34.470 0.0000000000
54214  17.998  -42.602  35.347 0.0000000000
54180  17.157  -43.253  37.647 0.0000000000
49208  10.740  -46.855  39.494 0.0000000000
42823  2.794  -51.901  36.444 0.0000000000
42815  2.823  -51.806  37.654 0.0000000000
44041  2.273  -51.035  40.683 0.0000000000
44040  2.783  -50.386  40.569 0.0000000000
45315  2.067  -50.106  41.739 0.0000000000
89785  50.929  -15.613  7.585 0.0000000000
89784  51.700  -16.007  7.852 0.0000000000
90944  51.433  -15.345  8.246 0.0000000000
92085  53.125  -14.239  9.010 0.0000000000
89788  45.392  -15.957  7.656 0.0000000000
90950  45.964  -15.419  8.154 0.0000000000
92109  47.077  -14.660  9.324 0.0000000000
92063  46.930  -14.321  11.470 0.0000000000
92076  46.723  -14.119  10.670 0.0000000000
92062  47.684  -13.785  11.599 0.0000000000
93169  49.917  -13.088  12.078 0.0000000000
93181  50.045  -12.840  11.190 0.0000000000
93180  50.870  -12.929  11.258 0.0000000000
85062  37.399  -19.703  9.342 0.0000000000
85061  38.271  -19.723  9.385 0.0000000000
85060  38.922  -19.478  9.678 0.0000000000
83797  37.510  -21.222  10.909 0.0000000000
85012  40.111  -19.852  11.965 0.0000000000
85023  40.346  -19.376  11.484 0.0000000000
85011  40.522  -19.267  12.005 0.0000000000
86158  41.679  -18.469  11.840 0.0000000000
86145  41.670  -18.792  12.796 0.0000000000
86135  42.249  -18.392  14.098 0.0000000000
87302  43.009  -17.824  14.475 0.0000000000
88476  43.311  -17.414  14.705 0.0000000000
81220  38.119  -22.945  16.057 0.0000000000
82471  38.554  -22.498  16.429 0.0000000000
82469  40.004  -21.737  16.927 0.0000000000
82486  39.935  -21.314  16.323 0.0000000000
83730  39.740  -21.006  15.948 0.0000000000
84929  42.592  -20.017  17.915 0.0000000000
84930  42.076  -20.365  17.610 0.0000000000
83728  41.343  -20.582  16.567 0.0000000000
84943  42.280  -20.067  16.854 0.0000000000
86099  42.218  -19.241  16.162 0.0000000000
86087  42.587  -19.194  16.662 0.0000000000
69568  33.291  -33.022  16.948 0.0000000000
70966  34.028  -31.337  16.466 0.0000000000
69567  34.072  -32.401  17.092 0.0000000000
68088  33.429  -33.355  20.287 0.0000000000
66768  33.645  -33.583  19.020 0.0000000000
68087  34.657  -33.493  20.482 0.0000000000
66753  36.663  -33.358  20.625 0.0000000000
68086  35.761  -33.001  20.114 0.0000000000
69511  36.365  -32.495  19.869 0.0000000000
69527  36.150  -32.220  19.086 0.0000000000
69526  36.989  -31.628  19.340 0.0000000000
69510  37.012  -31.926  19.944 0.0000000000
68040  39.067  -32.914  21.964 0.0000000000
70888  39.450  -31.534  21.890 0.0000000000
57020  30.780  -40.581  24.488 0.0000000000
57019  31.437  -40.504  24.708 0.0000000000
58357  32.902  -39.747  24.272 0.0000000000
58358  31.730  -39.614  24.135 0.0000000000
59715  31.971  -38.848  23.707 0.0000000000
59736  31.726  -38.550  23.180 0.0000000000
61164  32.545  -37.793  23.091 0.0000000000
61144  34.297  -37.895  23.942 0.0000000000
62565  34.093  -37.260  23.560 0.0000000000
62580  34.188  -36.570  23.478 0.0000000000
63988  34.504  -36.120  23.668 0.0000000000
62564  34.852  -36.772  24.058 0.0000000000
55527  35.044  -43.106  31.258 0.0000000000
55552  35.175  -42.523  30.525 0.0000000000
56885  36.894  -41.466  29.725 0.0000000000
56913  35.942  -41.709  29.232 0.0000000000
56938  36.289  -41.316  28.120 0.0000000000
56966  35.510  -41.297  27.321 0.0000000000
58291  38.247  -39.061  27.594 0.0000000000
56936  37.863  -39.765  28.311 0.0000000000
58292  37.853  -39.522  27.085 0.0000000000
56964  37.117  -40.145  26.984 0.0000000000
58310  37.300  -39.611  26.318 0.0000000000
59692  36.578  -38.770  25.335 0.0000000000
59672  37.199  -38.915  25.778 0.0000000000
62520  36.496  -36.053  26.334 0.0000000000
62531  36.525  -36.558  25.805 0.0000000000
63952  35.939  -36.004  25.422 0.0000000000
63953  35.291  -35.603  25.244 0.0000000000
63939  35.518  -35.168  25.647 0.0000000000
65308  35.334  -34.672  25.384 0.0000000000
65289  35.766  -34.726  25.851 0.0000000000
65265  37.565  -35.125  26.520 0.0000000000
66625  36.723  -34.378  26.419 0.0000000000
66640  37.340  -34.007  25.785 0.0000000000
66623  37.626  -35.014  26.067 0.0000000000
63907  38.995  -35.389  28.310 0.0000000000
65223  40.128  -35.210  28.983 0.0000000000
65263  39.785  -34.727  27.046 0.0000000000
65287  39.635  -35.125  26.120 0.0000000000
65305  39.536  -35.269  25.097 0.0000000000
65321  39.413  -34.883  24.113 0.0000000000
65320  40.154  -34.579  24.584 0.0000000000
92152  48.129  -13.255  1.033 0.0000000000
92141  43.751  -13.337  2.977 0.0000000000
90980  44.341  -14.640  2.655 0.0000000000
89850  47.542  -15.545  0.676 0.0000000000
91001  48.010  -14.777  0.578 0.0000000000
87478  48.527  -17.544  0.257 0.0000000000
86260  48.239  -18.823  2.150 0.0000000000
86265  48.313  -18.637  1.406 0.0000000000
85124  48.778  -19.400  2.465 0.0000000000
83883  49.742  -20.428  2.462 0.0000000000
85123  49.258  -20.032  2.776 0.0000000000
85105  50.686  -19.562  5.291 0.0000000000
85113  49.970  -19.813  4.674 0.0000000000
85112  50.943  -20.022  4.705 0.0000000000
85111  52.015  -19.463  4.755 0.0000000000
86246  53.533  -18.869  4.759 0.0000000000
88669  52.070  -16.594  -0.442 0.0000000000
88668  53.068  -16.740  -0.679 0.0000000000
87487  53.318  -17.409  -0.783 0.0000000000
82697  51.562  -21.143  -0.444 0.0000000000
44108  4.975  -50.444  35.287 0.0000000000
45406  4.836  -50.340  36.036 0.0000000000
44095  4.417  -50.631  35.793 0.0000000000
44081  4.222  -50.998  36.644 0.0000000000
42813  3.989  -51.274  37.436 0.0000000000
72256  39.889  -29.716  20.309 0.0000000000
73541  40.833  -29.094  20.054 0.0000000000
72255  40.652  -29.770  20.604 0.0000000000
54386  22.025  -43.186  25.586 0.0000000000
51984  24.208  -44.468  27.670 0.0000000000
55603  14.032  -42.461  28.684 0.0000000000
54330  13.348  -42.784  28.106 0.0000000000
57005  15.423  -40.744  25.799 0.0000000000
55620  15.304  -41.471  28.156 0.0000000000
50493  12.519  -45.854  38.689 0.0000000000
49207  11.877  -46.403  39.997 0.0000000000
88605  47.617  -16.517  7.248 0.0000000000
89806  47.362  -15.834  7.314 0.0000000000
90958  47.211  -15.496  7.656 0.0000000000
90859  45.448  -15.556  13.361 0.0000000000
90847  45.906  -15.526  14.222 0.0000000000
90846  46.471  -15.015  14.623 0.0000000000
83760  35.381  -22.084  13.051 0.0000000000
83759  36.144  -21.681  13.316 0.0000000000
68023  31.871  -32.788  22.427 0.0000000000
68043  33.650  -32.858  22.386 0.0000000000
67988  35.074  -34.006  24.421 0.0000000000
54343  32.002  -43.202  27.651 0.0000000000
54324  33.236  -42.853  28.380 0.0000000000
54323  34.184  -42.509  28.744 0.0000000000
87456  43.787  -17.802  5.077 0.0000000000
87476  50.445  -17.140  -0.313 0.0000000000
86288  50.504  -18.568  -0.284 0.0000000000
87491  50.064  -17.967  -0.400 0.0000000000
86275  49.267  -18.416  0.125 0.0000000000
47999  7.824  -47.540  36.718 0.0000000000
49248  8.258  -47.397  37.899 0.0000000000
47977  7.725  -47.659  37.495 0.0000000000
47964  7.257  -48.259  38.792 0.0000000000
46614  5.077  -49.143  39.900 0.0000000000
46601  5.699  -48.769  40.360 0.0000000000
89792  41.229  -16.063  7.791 0.0000000000
87388  39.645  -17.483  8.690 0.0000000000
88562  40.502  -16.446  8.543 0.0000000000
89759  40.604  -16.731  9.505 0.0000000000
89746  40.850  -16.717  9.659 0.0000000000
88549  42.021  -17.117  10.094 0.0000000000
88548  42.835  -16.994  10.447 0.0000000000
87367  42.354  -17.487  10.568 0.0000000000
87349  42.595  -17.647  11.524 0.0000000000
77405  38.122  -25.481  15.996 0.0000000000
78691  38.485  -24.635  16.229 0.0000000000
77387  38.523  -25.514  16.570 0.0000000000
77371  39.256  -25.808  17.984 0.0000000000
76061  41.270  -26.651  19.403 0.0000000000
88622  41.002  -16.909  5.457 0.0000000000
41634  1.457  -52.822  33.230 0.0000000000
41630  0.857  -53.218  34.536 0.0000000000
78733  34.004  -24.787  12.794 0.0000000000
78732  34.624  -24.852  13.340 0.0000000000
78721  35.322  -24.846  13.746 0.0000000000
77452  35.068  -25.640  13.459 0.0000000000
76181  35.432  -26.465  13.722 0.0000000000
74961  35.473  -27.097  14.209 0.0000000000
73629  34.935  -28.972  15.212 0.0000000000
73611  35.375  -28.955  15.857 0.0000000000
72302  35.566  -29.264  16.401 0.0000000000
72301  36.204  -28.927  16.575 0.0000000000
72277  37.277  -29.470  17.735 0.0000000000
72268  37.383  -30.000  18.434 0.0000000000
70933  37.696  -30.619  19.478 0.0000000000
54414  25.962  -42.725  23.704 0.0000000000
53154  26.233  -44.614  25.778 0.0000000000
52012  29.021  -44.761  26.495 0.0000000000
52011  29.821  -44.562  26.582 0.0000000000
51979  29.478  -45.065  27.114 0.0000000000
50711  30.263  -45.635  28.494 0.0000000000
50660  26.136  -46.268  31.129 0.0000000000
49327  30.535  -47.000  33.454 0.0000000000
55462  17.151  -41.909  35.118 0.0000000000
55446  16.976  -41.910  35.871 0.0000000000
55486  15.756  -42.111  34.913 0.0000000000
54235  15.348  -42.626  34.601 0.0000000000
53050  13.158  -43.461  32.618 0.0000000000
51830  12.749  -44.757  34.849 0.0000000000
50593  12.111  -45.234  33.781 0.0000000000
50573  11.592  -45.614  34.017 0.0000000000
51991  10.812  -44.906  27.158 0.0000000000
51935  9.168  -45.456  28.219 0.0000000000
51934  9.680  -45.138  28.776 0.0000000000
51913  9.385  -45.498  29.288 0.0000000000
51892  9.496  -45.675  30.052 0.0000000000
51891  9.753  -45.780  30.420 0.0000000000
50619  9.666  -45.731  31.892 0.0000000000
50620  8.975  -46.030  32.094 0.0000000000
49358  9.115  -46.765  32.645 0.0000000000
46754  5.387  -49.058  31.271 0.0000000000
46739  5.884  -49.330  32.114 0.0000000000
46755  4.944  -49.247  30.737 0.0000000000
57047  19.502  -40.747  23.960 0.0000000000
58367  19.433  -40.704  24.391 0.0000000000
61114  18.057  -38.663  25.987 0.0000000000
59680  18.941  -39.580  26.215 0.0000000000
58318  18.679  -40.030  26.560 0.0000000000
57004  18.656  -40.292  27.000 0.0000000000
56947  19.894  -40.933  27.902 0.0000000000
55619  18.788  -41.211  28.918 0.0000000000
56871  17.220  -41.324  31.491 0.0000000000
56870  17.507  -41.314  30.864 0.0000000000
55537  17.574  -41.459  32.419 0.0000000000
55508  17.754  -41.733  32.865 0.0000000000
54249  18.104  -42.209  33.040 0.0000000000
55483  17.729  -41.928  33.627 0.0000000000
42802  1.885  -52.177  39.381 0.0000000000
44051  1.329  -51.926  40.117 0.0000000000
90929  51.178  -14.862  8.817 0.0000000000
92086  52.521  -14.508  9.330 0.0000000000
90951  45.347  -15.106  8.423 0.0000000000
90933  45.956  -14.734  8.730 0.0000000000
90916  46.349  -14.460  9.409 0.0000000000
92092  46.721  -13.838  9.775 0.0000000000
93159  48.275  -13.467  13.206 0.0000000000
92048  48.313  -13.533  12.309 0.0000000000
83810  38.062  -20.440  9.780 0.0000000000
85002  39.013  -20.528  13.430 0.0000000000
83769  38.946  -20.607  12.614 0.0000000000
84989  40.460  -19.886  13.545 0.0000000000
86137  41.008  -19.209  13.222 0.0000000000
86127  41.619  -18.966  14.559 0.0000000000
86126  42.447  -18.674  14.871 0.0000000000
81205  39.451  -22.740  17.338 0.0000000000
81204  40.188  -22.440  17.531 0.0000000000
82453  40.752  -21.884  17.615 0.0000000000
84928  43.339  -19.352  17.583 0.0000000000
68135  33.294  -33.123  17.592 0.0000000000
66743  35.601  -33.896  21.469 0.0000000000
66754  36.162  -33.602  20.566 0.0000000000
68063  37.717  -32.870  20.930 0.0000000000
66741  37.986  -33.848  21.596 0.0000000000
66740  38.647  -33.451  21.802 0.0000000000
66723  39.560  -33.579  22.795 0.0000000000
57018  32.409  -40.606  24.900 0.0000000000
57041  33.158  -40.372  24.574 0.0000000000
59714  32.661  -38.756  23.884 0.0000000000
61146  32.801  -38.130  23.462 0.0000000000
59713  33.629  -38.801  24.135 0.0000000000
59712  34.620  -38.775  24.225 0.0000000000
61143  35.117  -37.812  24.217 0.0000000000
56862  35.910  -42.334  30.527 0.0000000000
56834  36.394  -42.140  30.876 0.0000000000
56861  36.671  -41.744  30.408 0.0000000000
61092  37.877  -37.834  27.371 0.0000000000
61093  37.558  -37.615  26.690 0.0000000000
61078  37.679  -37.229  27.252 0.0000000000
62519  37.131  -36.556  26.729 0.0000000000
63925  36.674  -35.611  26.463 0.0000000000
65267  36.334  -34.755  26.225 0.0000000000
89826  44.804  -16.073  2.773 0.0000000000
89830  44.673  -15.216  2.508 0.0000000000
89829  45.306  -15.464  2.151 0.0000000000
88638  47.071  -16.785  1.659 0.0000000000
87465  47.300  -17.495  1.454 0.0000000000
86261  47.635  -18.627  2.498 0.0000000000
86255  48.166  -19.164  3.020 0.0000000000
85103  51.868  -19.179  5.017 0.0000000000
86235  51.999  -18.760  5.165 0.0000000000
86297  52.876  -18.643  -1.117 0.0000000000
86285  53.133  -18.103  -0.860 0.0000000000
85156  53.468  -19.568  -1.671 0.0000000000
81381  52.017  -22.292  1.957 0.0000000000
81367  53.295  -22.373  2.615 0.0000000000
53047  20.357  -43.346  32.844 0.0000000000
52997  20.675  -44.130  36.053 0.0000000000
46694  6.401  -49.174  35.704 0.0000000000
46676  6.307  -48.759  36.634 0.0000000000
45382  6.098  -49.279  36.325 0.0000000000
45363  5.430  -49.373  37.785 0.0000000000
45364  4.895  -50.061  37.616 0.0000000000
45347  4.980  -49.782  38.549 0.0000000000
45322  4.414  -49.572  40.283 0.0000000000
46603  3.714  -49.470  41.206 0.0000000000
88572  39.393  -17.061  7.665 0.0000000000
87402  39.609  -17.107  8.054 0.0000000000
86177  39.367  -18.510  9.702 0.0000000000
74854  39.053  -27.752  18.287 0.0000000000
76080  38.965  -27.224  17.988 0.0000000000
74852  40.341  -27.696  19.176 0.0000000000
73558  41.296  -28.376  19.643 0.0000000000
74836  41.824  -27.654  19.722 0.0000000000
40427  0.260  -53.606  32.349 0.0000000000
39167  0.081  -54.109  33.302 0.0000000000
39124  -1.411  -54.507  35.243 0.0000000000
72322  34.492  -29.669  15.247 0.0000000000
70965  34.783  -30.937  16.667 0.0000000000
53176  24.685  -43.897  25.529 0.0000000000
53177  23.921  -43.973  25.656 0.0000000000
53155  25.105  -44.534  26.176 0.0000000000
52015  25.641  -45.078  26.528 0.0000000000
51948  27.429  -46.320  28.497 0.0000000000
55539  15.977  -41.664  32.508 0.0000000000
54264  14.177  -42.335  32.238 0.0000000000
55565  14.155  -42.156  30.577 0.0000000000
54282  13.880  -42.518  31.479 0.0000000000
54283  13.133  -43.029  31.825 0.0000000000
53068  12.751  -43.394  31.368 0.0000000000
50721  8.669  -45.662  27.844 0.0000000000
50696  8.002  -46.525  29.057 0.0000000000
61099  17.116  -39.156  26.223 0.0000000000
59648  17.225  -39.303  27.465 0.0000000000
58283  17.629  -39.892  28.105 0.0000000000
58268  17.378  -40.226  28.726 0.0000000000
58247  17.370  -40.217  29.515 0.0000000000
89803  50.339  -16.110  7.101 0.0000000000
89786  49.970  -15.454  7.606 0.0000000000
89787  49.115  -15.316  7.584 0.0000000000
92106  49.910  -14.387  8.814 0.0000000000
92065  45.158  -14.780  11.026 0.0000000000
92078  45.393  -14.711  10.562 0.0000000000
92050  46.953  -13.963  12.700 0.0000000000
92032  47.667  -13.650  13.554 0.0000000000
83798  36.655  -21.422  10.771 0.0000000000
83783  37.228  -21.363  11.824 0.0000000000
83770  37.908  -20.781  13.167 0.0000000000
85003  38.593  -20.602  13.754 0.0000000000
84991  39.098  -20.558  14.155 0.0000000000
79894  42.002  -23.451  19.705 0.0000000000
68109  31.796  -33.436  19.120 0.0000000000
68108  32.610  -33.530  19.272 0.0000000000
68089  32.541  -33.017  19.990 0.0000000000
68066  34.605  -33.278  21.721 0.0000000000
66727  35.661  -34.187  22.576 0.0000000000
66698  36.373  -34.468  23.330 0.0000000000
66670  36.987  -34.353  24.111 0.0000000000
54378  30.360  -42.246  25.361 0.0000000000
55653  32.763  -42.022  26.515 0.0000000000
55669  32.599  -41.418  25.665 0.0000000000
55668  33.362  -41.556  26.066 0.0000000000
56994  34.030  -41.229  26.317 0.0000000000
88632  44.319  -16.401  3.251 0.0000000000
88627  44.402  -17.004  4.011 0.0000000000
86257  46.884  -18.341  3.436 0.0000000000
86239  47.888  -18.864  5.138 0.0000000000
87443  47.516  -18.335  5.907 0.0000000000
87442  48.528  -18.256  5.923 0.0000000000
89862  51.978  -15.757  -0.402 0.0000000000
86286  52.409  -18.598  -0.705 0.0000000000
85146  52.314  -19.475  -0.877 0.0000000000
83926  52.253  -20.421  -0.885 0.0000000000
83907  50.927  -20.835  0.020 0.0000000000
83928  50.862  -20.251  -0.009 0.0000000000
82676  50.637  -20.970  0.653 0.0000000000
82655  50.687  -21.315  1.354 0.0000000000
83882  50.260  -20.807  2.104 0.0000000000
53113  22.271  -43.072  28.100 0.0000000000
53112  22.776  -43.705  28.170 0.0000000000
53099  22.211  -43.542  28.844 0.0000000000
51904  23.676  -44.628  30.974 0.0000000000
51882  24.720  -45.557  31.777 0.0000000000
51863  24.965  -45.538  32.726 0.0000000000
53030  22.247  -44.527  33.564 0.0000000000
51843  22.939  -44.670  33.717 0.0000000000
51821  23.579  -45.002  34.459 0.0000000000
51842  23.842  -45.019  33.592 0.0000000000
49226  10.500  -46.850  38.246 0.0000000000
49246  9.547  -46.888  37.471 0.0000000000
49227  9.272  -46.969  38.324 0.0000000000
49196  8.988  -47.150  39.842 0.0000000000
47962  8.329  -47.429  38.579 0.0000000000
49184  9.171  -47.369  40.621 0.0000000000
49169  9.201  -47.613  41.371 0.0000000000
46612  6.579  -48.626  39.212 0.0000000000
46591  6.410  -48.493  40.806 0.0000000000
47934  7.078  -48.048  40.441 0.0000000000
88608  44.431  -17.042  7.090 0.0000000000
88587  42.910  -16.643  7.323 0.0000000000
89768  44.521  -15.290  8.518 0.0000000000
89769  44.072  -15.415  8.638 0.0000000000
90935  43.994  -15.330  9.157 0.0000000000
90919  43.903  -15.604  9.692 0.0000000000
89793  40.700  -16.160  7.799 0.0000000000
89771  41.706  -16.051  8.558 0.0000000000
90920  43.334  -15.534  9.319 0.0000000000
90908  44.104  -15.804  10.294 0.0000000000
90907  44.722  -15.361  10.616 0.0000000000
89741  44.559  -15.617  11.269 0.0000000000
89726  44.587  -15.715  11.964 0.0000000000
88530  44.318  -16.111  11.799 0.0000000000
89707  44.651  -15.908  12.720 0.0000000000
89689  44.745  -16.133  13.534 0.0000000000
89676  44.730  -16.233  14.501 0.0000000000
81241  36.410  -23.288  14.812 0.0000000000
81228  36.709  -22.897  15.414 0.0000000000
79940  37.329  -23.374  15.622 0.0000000000
79925  38.533  -23.328  16.739 0.0000000000
79938  38.702  -23.944  16.589 0.0000000000
79924  39.018  -23.691  17.276 0.0000000000
79923  39.604  -23.470  17.711 0.0000000000
79909  40.078  -23.754  18.308 0.0000000000
76079  39.412  -26.737  18.259 0.0000000000
77357  39.991  -25.734  18.419 0.0000000000
76062  40.820  -26.120  19.174 0.0000000000
77356  40.597  -25.606  18.924 0.0000000000
78655  41.089  -24.789  18.870 0.0000000000
79895  41.421  -23.723  19.185 0.0000000000
66728  31.874  -34.155  22.276 0.0000000000
65350  32.333  -34.430  22.547 0.0000000000
65348  33.319  -34.748  23.442 0.0000000000
53061  33.784  -43.729  31.278 0.0000000000
53060  34.332  -43.467  30.832 0.0000000000
55500  34.679  -43.247  31.876 0.0000000000
90969  42.439  -14.503  3.668 0.0000000000
87447  43.559  -17.784  5.577 0.0000000000
87431  43.511  -17.599  6.120 0.0000000000
90999  49.722  -14.504  0.235 0.0000000000
92169  49.019  -13.729  0.597 0.0000000000
42824  2.019  -52.456  35.898 0.0000000000
42816  1.518  -52.455  37.246 0.0000000000
42809  0.872  -52.702  38.515 0.0000000000
40414  0.353  -53.685  33.758 0.0000000000
40407  0.239  -53.603  34.741 0.0000000000
41619  0.181  -53.302  36.395 0.0000000000
41612  -0.059  -53.525  37.616 0.0000000000
42805  -0.373  -53.372  38.804 0.0000000000
83773  34.939  -22.069  12.151 0.0000000000
82500  35.434  -22.278  13.785 0.0000000000
81230  35.737  -22.605  14.184 0.0000000000
81244  34.442  -22.942  13.161 0.0000000000
81243  35.265  -22.968  13.681 0.0000000000
81242  35.907  -23.217  14.289 0.0000000000
79966  36.264  -23.959  14.506 0.0000000000
78707  36.899  -24.730  14.537 0.0000000000
77437  36.618  -25.587  14.312 0.0000000000
77423  37.235  -25.596  14.916 0.0000000000
77406  37.585  -25.541  15.470 0.0000000000
76123  37.598  -26.443  16.026 0.0000000000
76104  37.825  -26.992  16.523 0.0000000000
74962  34.896  -27.211  13.745 0.0000000000
74941  35.792  -27.562  14.761 0.0000000000
73628  35.647  -28.342  15.349 0.0000000000
74923  36.343  -27.635  15.446 0.0000000000
74899  37.043  -27.666  16.214 0.0000000000
74882  37.732  -27.558  16.983 0.0000000000
74866  38.462  -27.680  17.868 0.0000000000
73576  38.480  -28.508  18.279 0.0000000000
72266  38.876  -29.451  19.299 0.0000000000
54402  26.697  -42.994  24.286 0.0000000000
53174  26.829  -43.982  24.892 0.0000000000
54382  26.906  -43.377  24.637 0.0000000000
54401  27.577  -42.732  24.327 0.0000000000
55673  29.099  -42.402  24.783 0.0000000000
54379  29.558  -42.779  25.439 0.0000000000
54363  29.855  -43.205  25.930 0.0000000000
51978  30.353  -44.713  27.176 0.0000000000
53131  30.915  -43.980  27.033 0.0000000000
53130  31.477  -44.008  27.609 0.0000000000
53110  32.098  -44.208  28.248 0.0000000000
53096  32.547  -44.298  29.126 0.0000000000
51899  32.972  -44.576  30.357 0.0000000000
53111  23.602  -44.213  28.104 0.0000000000
51951  24.306  -44.797  28.287 0.0000000000
50632  27.586  -46.525  31.346 0.0000000000
50607  28.351  -46.670  31.992 0.0000000000
50658  27.814  -46.300  30.432 0.0000000000
50686  28.088  -46.005  29.604 0.0000000000
50713  28.184  -46.310  28.611 0.0000000000
49399  30.229  -46.415  29.575 0.0000000000
49380  30.729  -46.173  29.619 0.0000000000
50654  31.810  -45.687  30.028 0.0000000000
51880  32.543  -45.269  30.737 0.0000000000
51879  33.165  -44.538  31.320 0.0000000000
52972  18.667  -43.519  37.970 0.0000000000
54181  16.462  -42.969  37.331 0.0000000000
55447  16.708  -42.116  36.102 0.0000000000
54182  15.710  -43.151  37.097 0.0000000000
54250  15.094  -42.645  34.121 0.0000000000
54252  14.017  -42.899  33.431 0.0000000000
54237  14.293  -43.124  34.059 0.0000000000
54218  15.127  -43.045  35.094 0.0000000000
52986  14.626  -43.698  36.328 0.0000000000
51780  14.669  -44.104  36.959 0.0000000000
50530  12.274  -45.872  36.275 0.0000000000
50531  11.775  -46.334  36.259 0.0000000000
49244  10.978  -46.797  36.628 0.0000000000
54350  13.407  -43.021  26.952 0.0000000000
54331  12.726  -43.198  28.665 0.0000000000
53101  12.615  -43.672  29.413 0.0000000000
53086  12.298  -44.137  30.229 0.0000000000
51889  11.900  -44.568  31.074 0.0000000000
51933  10.428  -45.139  29.096 0.0000000000
51890  11.314  -45.008  30.608 0.0000000000
50641  11.599  -44.779  31.666 0.0000000000
50617  11.450  -45.070  32.239 0.0000000000
50574  11.121  -45.712  33.410 0.0000000000
49356  10.055  -45.840  32.326 0.0000000000
49337  10.453  -45.997  32.910 0.0000000000
49268  10.404  -46.801  36.172 0.0000000000
49295  8.671  -47.162  35.968 0.0000000000
49296  8.078  -47.400  35.840 0.0000000000
48045  6.733  -48.457  35.254 0.0000000000
48097  7.059  -47.634  31.561 0.0000000000
46723  7.062  -48.335  34.216 0.0000000000
46708  6.613  -48.664  34.634 0.0000000000
45451  5.385  -49.871  32.638 0.0000000000
45423  4.821  -50.179  33.947 0.0000000000
44124  4.297  -50.512  33.695 0.0000000000
44125  3.764  -50.858  33.319 0.0000000000
44140  3.615  -50.805  32.332 0.0000000000
42870  3.317  -51.321  33.017 0.0000000000
42872  2.043  -52.109  31.861 0.0000000000
41643  1.452  -52.731  32.227 0.0000000000
55697  22.223  -42.708  23.860 0.0000000000
55718  20.726  -41.933  23.453 0.0000000000
54387  21.483  -43.101  26.081 0.0000000000
58341  19.361  -40.666  24.895 0.0000000000
57027  19.447  -41.326  25.392 0.0000000000
58317  19.194  -40.097  26.066 0.0000000000
58316  19.238  -40.651  25.603 0.0000000000
57026  19.856  -41.888  25.754 0.0000000000
54347  21.163  -42.657  27.505 0.0000000000
54326  21.737  -42.771  27.972 0.0000000000
54311  21.231  -42.476  29.071 0.0000000000
54294  21.109  -42.698  29.929 0.0000000000
54261  20.200  -42.896  32.273 0.0000000000
58266  18.043  -40.370  29.270 0.0000000000
58244  18.013  -40.680  29.583 0.0000000000
56869  17.813  -41.322  30.536 0.0000000000
55580  18.067  -41.405  30.376 0.0000000000
55559  19.606  -42.333  31.347 0.0000000000
54280  19.680  -42.433  31.788 0.0000000000
54232  19.878  -43.457  33.946 0.0000000000
42833  3.696  -51.150  35.798 0.0000000000
42822  3.640  -51.428  36.742 0.0000000000
44070  3.319  -51.395  38.084 0.0000000000
44059  2.951  -51.892  38.949 0.0000000000
45334  3.253  -50.119  40.372 0.0000000000
45324  2.937  -49.788  40.825 0.0000000000
89801  51.959  -16.575  7.370 0.0000000000
89808  45.990  -15.809  7.528 0.0000000000
90959  46.544  -15.601  7.743 0.0000000000
92121  46.720  -15.188  8.740 0.0000000000
92120  47.548  -14.884  8.613 0.0000000000
92107  48.869  -14.350  8.900 0.0000000000
92089  49.668  -14.163  9.753 0.0000000000
92077  46.201  -14.184  10.539 0.0000000000
93195  46.609  -13.779  10.216 0.0000000000
93183  47.529  -13.707  10.641 0.0000000000
92061  48.178  -13.519  11.341 0.0000000000
93182  47.929  -13.496  10.863 0.0000000000
92074  48.154  -13.737  10.658 0.0000000000
92073  49.382  -13.881  10.671 0.0000000000
86216  37.915  -18.056  8.428 0.0000000000
86196  38.747  -18.728  9.391 0.0000000000
86176  39.949  -18.808  10.251 0.0000000000
83811  37.364  -20.788  10.265 0.0000000000
83781  39.325  -20.495  11.818 0.0000000000
83795  39.193  -20.249  11.061 0.0000000000
85025  39.091  -20.025  10.614 0.0000000000
85041  39.349  -19.577  10.162 0.0000000000
86160  40.457  -19.184  10.909 0.0000000000
86175  40.927  -18.631  10.657 0.0000000000
86174  41.560  -18.611  11.044 0.0000000000
87332  42.700  -17.766  12.814 0.0000000000
86144  42.250  -18.378  13.257 0.0000000000
87314  43.233  -17.393  13.410 0.0000000000
88475  43.616  -16.985  14.264 0.0000000000
88474  44.195  -16.559  14.546 0.0000000000
88457  44.404  -16.854  15.299 0.0000000000
82490  37.327  -22.347  15.385 0.0000000000
83732  38.565  -21.780  15.455 0.0000000000
82488  38.743  -21.863  16.153 0.0000000000
83744  38.922  -21.423  15.142 0.0000000000
84957  39.990  -20.424  15.613 0.0000000000
83743  40.597  -20.401  15.601 0.0000000000
82439  41.289  -21.967  18.261 0.0000000000
83704  41.320  -21.239  17.866 0.0000000000
83702  42.440  -20.583  18.459 0.0000000000
83703  41.878  -20.683  18.142 0.0000000000
83742  41.112  -20.500  15.854 0.0000000000
84975  41.167  -20.047  15.349 0.0000000000
86111  42.462  -18.794  15.623 0.0000000000
86086  43.090  -18.917  16.790 0.0000000000
86097  43.397  -18.421  16.560 0.0000000000
87269  43.456  -18.169  16.086 0.0000000000
87284  43.897  -17.759  15.661 0.0000000000
87283  44.380  -17.585  15.993 0.0000000000
88444  45.256  -16.597  15.905 0.0000000000
70978  33.565  -31.106  15.799 0.0000000000
69565  35.762  -31.240  17.538 0.0000000000
66780  32.947  -33.644  18.854 0.0000000000
66778  33.862  -33.470  18.688 0.0000000000
68121  34.192  -33.101  18.409 0.0000000000
68105  35.256  -33.097  19.543 0.0000000000
69547  34.933  -32.589  18.222 0.0000000000
70935  36.404  -31.224  18.390 0.0000000000
70919  37.336  -31.183  19.603 0.0000000000
69492  38.457  -31.991  21.088 0.0000000000
70902  38.357  -31.250  20.823 0.0000000000
70901  39.147  -31.019  21.440 0.0000000000
70887  40.168  -31.218  22.236 0.0000000000
55691  30.415  -40.823  24.344 0.0000000000
58333  31.966  -40.203  24.564 0.0000000000
58359  30.987  -39.820  23.983 0.0000000000
62607  32.717  -36.415  22.098 0.0000000000
61163  33.053  -37.711  23.290 0.0000000000
62581  33.513  -37.043  22.962 0.0000000000
62606  33.171  -36.510  22.516 0.0000000000
64017  33.206  -35.818  22.509 0.0000000000
63989  33.846  -35.668  23.321 0.0000000000
63968  34.319  -35.088  23.821 0.0000000000
54290  34.531  -43.033  30.198 0.0000000000
54306  34.552  -42.481  29.380 0.0000000000
54322  34.565  -42.232  28.970 0.0000000000
55571  35.513  -42.112  29.776 0.0000000000
56914  35.270  -41.730  29.152 0.0000000000
56940  34.474  -41.835  28.134 0.0000000000
56992  35.873  -40.877  26.368 0.0000000000
56884  37.770  -40.805  29.388 0.0000000000
58240  38.131  -39.845  29.255 0.0000000000
56911  37.779  -40.294  28.712 0.0000000000
56991  36.694  -40.365  26.300 0.0000000000
57014  36.145  -40.386  25.649 0.0000000000
58329  35.787  -39.614  25.166 0.0000000000
59693  35.987  -38.625  24.882 0.0000000000
61127  35.961  -37.715  24.514 0.0000000000
61108  37.203  -37.801  25.638 0.0000000000
61109  36.508  -37.277  25.082 0.0000000000
62547  35.138  -36.118  24.616 0.0000000000
65324  34.468  -34.761  24.276 0.0000000000
66672  34.724  -34.513  24.523 0.0000000000
66657  35.122  -34.336  24.783 0.0000000000
67987  35.735  -33.829  25.109 0.0000000000
66642  36.087  -34.025  26.468 0.0000000000
67976  35.971  -33.933  25.878 0.0000000000
68000  35.956  -33.759  24.597 0.0000000000
67999  36.492  -33.905  24.490 0.0000000000
67998  36.978  -33.954  24.700 0.0000000000
65323  37.751  -34.729  24.068 0.0000000000
63890  38.748  -36.197  29.039 0.0000000000
63922  38.717  -35.104  27.555 0.0000000000
65241  39.935  -35.023  28.011 0.0000000000
65264  38.512  -34.985  26.749 0.0000000000
65307  37.859  -34.891  24.482 0.0000000000
65344  39.045  -34.804  23.477 0.0000000000
66695  39.609  -34.178  23.235 0.0000000000
67997  40.126  -33.751  23.452 0.0000000000
67996  40.534  -33.549  23.634 0.0000000000
68017  40.131  -33.099  23.132 0.0000000000
91000  48.841  -14.699  0.436 0.0000000000
86264  48.881  -18.969  1.017 0.0000000000
86277  47.982  -18.326  1.108 0.0000000000
85128  49.393  -19.829  1.608 0.0000000000
83879  50.439  -20.746  3.313 0.0000000000
86256  47.565  -18.746  3.366 0.0000000000
86249  49.143  -19.597  4.932 0.0000000000
85114  49.135  -19.751  4.191 0.0000000000
85119  49.679  -20.024  3.618 0.0000000000
83878  51.178  -21.052  3.614 0.0000000000
82614  52.201  -21.041  4.279 0.0000000000
82613  52.539  -20.905  4.288 0.0000000000
85110  53.028  -19.505  4.669 0.0000000000
39135  -0.544  -54.165  34.503 0.0000000000
40409  -0.783  -54.046  35.179 0.0000000000
41604  -0.322  -53.581  38.179 0.0000000000
42807  2.629  -51.830  38.357 0.0000000000
42810  -0.005  -53.418  38.440 0.0000000000
42814  3.679  -51.407  37.453 0.0000000000
42818  0.200  -53.432  38.028 0.0000000000
42821  4.025  -51.322  37.166 0.0000000000
42832  4.096  -50.941  35.671 0.0000000000
44042  1.254  -51.620  40.700 0.0000000000
44060  2.270  -52.133  39.263 0.0000000000
44094  4.939  -50.402  35.623 0.0000000000
44096  3.972  -50.829  35.913 0.0000000000
44160  2.942  -51.004  30.945 0.0000000000
45313  3.950  -49.502  41.131 0.0000000000
45325  2.371  -50.240  41.089 0.0000000000
45332  4.640  -49.811  39.444 0.0000000000
45404  5.900  -49.540  36.145 0.0000000000
46604  3.355  -49.486  41.271 0.0000000000
46631  6.568  -48.595  38.370 0.0000000000
46677  5.818  -48.883  37.326 0.0000000000
46707  6.974  -48.309  34.574 0.0000000000
47945  8.201  -47.530  38.885 0.0000000000
48023  8.078  -47.384  36.209 0.0000000000
48082  6.780  -48.108  32.003 0.0000000000
49197  8.297  -47.417  39.622 0.0000000000
49228  8.592  -47.219  38.305 0.0000000000
49229  8.265  -47.439  38.295 0.0000000000
49271  8.295  -47.312  37.220 0.0000000000
49381  30.476  -46.402  29.740 0.0000000000
49398  30.473  -46.177  29.466 0.0000000000
50611  25.072  -45.732  32.287 0.0000000000
50684  30.013  -46.196  29.170 0.0000000000
50697  7.543  -46.896  28.598 0.0000000000
51762  14.451  -44.359  37.292 0.0000000000
51881  25.248  -45.925  31.606 0.0000000000
51977  30.921  -44.424  27.638 0.0000000000
52996  21.194  -44.506  35.809 0.0000000000
53018  14.273  -43.413  34.545 0.0000000000
53033  13.375  -43.617  33.285 0.0000000000
53052  12.421  -43.993  31.559 0.0000000000
53062  33.327  -44.093  30.694 0.0000000000
53077  34.086  -43.548  30.537 0.0000000000
53079  33.303  -44.111  29.934 0.0000000000
53080  32.853  -44.403  29.706 0.0000000000
53132  24.580  -44.391  26.691 0.0000000000
53191  26.698  -43.494  24.570 0.0000000000
54216  15.928  -42.412  35.801 0.0000000000
54236  14.813  -43.068  34.459 0.0000000000
54281  14.433  -42.199  31.843 0.0000000000
54292  33.533  -43.742  29.882 0.0000000000
54309  32.782  -43.838  29.215 0.0000000000
54327  21.186  -42.599  28.288 0.0000000000
54329  13.934  -42.663  27.552 0.0000000000
54360  32.679  -42.319  27.039 0.0000000000
54365  22.004  -43.128  26.497 0.0000000000
55499  35.083  -43.245  31.831 0.0000000000
55551  35.735  -42.271  30.111 0.0000000000
55592  35.294  -41.913  29.497 0.0000000000
55593  34.853  -41.918  29.187 0.0000000000
55611  34.518  -42.013  28.600 0.0000000000
56836  35.351  -42.844  31.129 0.0000000000
56842  17.676  -41.376  31.757 0.0000000000
56843  17.397  -41.365  32.058 0.0000000000
56863  35.417  -42.621  30.843 0.0000000000
56892  18.167  -40.980  29.565 0.0000000000
56921  18.388  -40.855  29.137 0.0000000000
56977  18.730  -40.509  27.452 0.0000000000
57042  32.726  -40.289  24.452 0.0000000000
57044  30.488  -40.303  23.960 0.0000000000
58265  18.164  -40.582  29.379 0.0000000000
58274  38.074  -39.100  28.217 0.0000000000
58275  37.936  -39.598  27.845 0.0000000000
59649  16.820  -39.210  27.252 0.0000000000
59655  38.022  -38.469  27.106 0.0000000000
59665  16.679  -39.343  26.608 0.0000000000
59711  35.431  -38.601  24.439 0.0000000000
61082  17.333  -39.133  27.067 0.0000000000
61083  17.131  -38.976  26.959 0.0000000000
62506  38.046  -36.849  28.212 0.0000000000
63906  39.667  -35.257  28.730 0.0000000000
63991  32.624  -34.772  22.724 0.0000000000
65290  35.249  -35.025  25.531 0.0000000000
65304  40.573  -34.700  25.344 0.0000000000
65306  38.406  -35.328  24.763 0.0000000000
65325  33.861  -34.587  23.840 0.0000000000
65345  38.425  -34.806  23.295 0.0000000000
65372  37.810  -34.623  22.596 0.0000000000
65390  37.651  -34.447  22.045 0.0000000000
66626  36.412  -34.375  26.435 0.0000000000
66639  37.649  -34.947  25.351 0.0000000000
66641  36.753  -33.867  26.280 0.0000000000
66654  37.707  -34.905  24.831 0.0000000000
66658  34.779  -34.104  24.420 0.0000000000
66671  36.513  -34.133  24.003 0.0000000000
66674  33.488  -34.139  24.179 0.0000000000
66696  38.972  -34.449  23.091 0.0000000000
66697  37.004  -34.614  23.524 0.0000000000
66742  36.851  -33.785  21.105 0.0000000000
66767  33.940  -33.534  18.958 0.0000000000
66769  33.155  -33.641  19.084 0.0000000000
66779  33.328  -33.565  18.681 0.0000000000
67975  36.295  -33.766  25.851 0.0000000000
67985  37.022  -33.658  25.125 0.0000000000
67986  36.397  -33.660  25.189 0.0000000000
68002  34.544  -33.681  24.097 0.0000000000
68064  37.009  -33.077  20.681 0.0000000000
68065  35.069  -33.739  22.331 0.0000000000
68084  37.257  -32.552  20.414 0.0000000000
68090  32.038  -33.190  19.678 0.0000000000
68122  33.633  -33.081  18.151 0.0000000000
69476  39.540  -32.091  22.174 0.0000000000
73595  37.083  -28.165  17.138 0.0000000000
74867  37.945  -27.836  17.527 0.0000000000
74921  37.344  -27.192  15.927 0.0000000000
76124  37.316  -26.117  15.577 0.0000000000
77422  37.498  -25.311  15.139 0.0000000000
81207  38.314  -22.952  16.497 0.0000000000
82472  38.330  -22.741  16.172 0.0000000000
82653  52.077  -22.244  1.346 0.0000000000
83731  39.211  -21.399  15.648 0.0000000000
83733  37.999  -22.000  15.189 0.0000000000
83757  37.819  -20.958  14.295 0.0000000000
83768  39.355  -20.501  12.440 0.0000000000
83825  37.804  -20.165  9.414 0.0000000000
83826  37.336  -20.369  9.633 0.0000000000
83873  50.769  -20.392  4.072 0.0000000000
84941  43.232  -19.092  17.155 0.0000000000
84959  39.207  -21.192  15.218 0.0000000000
86085  43.581  -18.594  17.153 0.0000000000
86146  40.953  -18.927  12.355 0.0000000000
86226  44.702  -17.945  6.455 0.0000000000
86241  44.665  -18.115  6.285 0.0000000000
86247  52.706  -18.729  4.957 0.0000000000
86248  52.258  -18.956  4.923 0.0000000000
86267  47.207  -18.381  2.141 0.0000000000
87315  42.754  -17.860  13.672 0.0000000000
87401  40.003  -16.898  7.952 0.0000000000
87411  47.934  -17.252  7.251 0.0000000000
87412  47.562  -17.015  7.244 0.0000000000
87430  44.038  -17.736  6.350 0.0000000000
87463  45.949  -17.542  2.930 0.0000000000
87479  47.790  -17.854  0.841 0.0000000000
88456  45.033  -16.298  15.469 0.0000000000
88459  43.247  -17.627  14.883 0.0000000000
88509  44.327  -16.240  12.242 0.0000000000
88531  43.888  -16.412  11.699 0.0000000000
88563  40.379  -17.054  9.084 0.0000000000
88582  48.171  -16.954  7.303 0.0000000000
88584  45.276  -16.281  7.510 0.0000000000
88618  51.384  -17.410  6.470 0.0000000000
88634  46.896  -16.988  1.922 0.0000000000
89728  43.647  -16.151  11.130 0.0000000000
90860  44.933  -15.702  13.043 0.0000000000
90893  46.681  -14.427  12.235 0.0000000000
90914  53.116  -14.892  9.102 0.0000000000
90931  49.789  -14.546  8.470 0.0000000000
90975  43.109  -14.398  3.478 0.0000000000
92075  47.511  -13.779  10.382 0.0000000000
92102  53.094  -14.609  8.800 0.0000000000
92103  52.683  -14.460  8.817 0.0000000000
92110  46.608  -14.984  8.959 0.0000000000
92117  49.575  -14.496  8.403 0.0000000000
93170  47.753  -13.481  10.979 0.0000000000
93172  47.385  -13.927  11.117 0.0000000000
93179  51.229  -13.267  11.436 0.0000000000
93184  47.094  -13.893  10.618 0.0000000000
93185  46.621  -13.929  10.403 0.0000000000
93193  47.259  -13.688  10.291 0.0000000000
93194  47.049  -13.559  10.196 0.0000000000
