#!ascii label  , from subject 3129 vox2ras=TkReg
820
126077  36.056  6.528  35.259 0.0000000000
132303  35.452  12.430  37.375 0.0000000000
120285  39.129  0.968  38.937 0.0000000000
124990  36.028  5.268  32.335 0.0000000000
119242  35.547  1.198  33.456 0.0000000000
129263  42.831  9.179  34.569 0.0000000000
134178  36.609  14.585  39.484 0.0000000000
135935  39.316  16.372  35.781 0.0000000000
118106  44.470  -1.203  38.317 0.0000000000
122655  44.629  4.063  35.598 0.0000000000
129248  36.100  9.591  36.582 0.0000000000
123792  34.768  4.252  38.963 0.0000000000
126048  36.734  6.506  40.470 0.0000000000
121402  41.165  2.215  41.681 0.0000000000
137787  44.492  18.830  32.438 0.0000000000
133271  41.935  12.932  35.436 0.0000000000
121491  40.610  1.475  34.044 0.0000000000
126095  35.965  5.639  33.476 0.0000000000
122696  34.688  3.583  32.520 0.0000000000
122671  33.663  3.791  34.594 0.0000000000
127146  39.210  7.754  35.070 0.0000000000
127173  38.619  7.231  32.868 0.0000000000
136821  36.175  17.496  37.723 0.0000000000
117017  46.789  -2.037  39.182 0.0000000000
120294  47.501  1.444  36.963 0.0000000000
119186  49.876  0.515  38.522 0.0000000000
136895  49.262  17.900  30.015 0.0000000000
130240  35.074  10.605  37.224 0.0000000000
128186  33.995  9.000  39.243 0.0000000000
129228  35.257  9.606  39.752 0.0000000000
127099  41.421  7.478  41.374 0.0000000000
126035  40.075  6.526  40.802 0.0000000000
123779  42.322  4.355  41.777 0.0000000000
119167  42.223  0.299  42.267 0.0000000000
134204  37.575  14.234  35.986 0.0000000000
135077  41.338  15.253  35.469 0.0000000000
132309  38.071  12.677  36.120 0.0000000000
131307  39.351  11.325  35.671 0.0000000000
121418  37.299  2.460  38.649 0.0000000000
121450  37.475  2.567  36.645 0.0000000000
121447  40.622  2.790  36.461 0.0000000000
121544  35.706  3.256  30.048 0.0000000000
121542  37.865  2.285  29.348 0.0000000000
131331  45.776  11.265  33.247 0.0000000000
131334  43.644  11.189  32.418 0.0000000000
133254  35.674  13.476  38.632 0.0000000000
131276  36.149  11.152  39.990 0.0000000000
140516  38.861  21.472  33.854 0.0000000000
138646  40.439  19.840  33.911 0.0000000000
135071  36.644  15.567  36.898 0.0000000000
118109  41.163  -0.511  38.885 0.0000000000
121427  42.399  2.283  36.833 0.0000000000
119212  44.850  1.200  36.586 0.0000000000
122653  46.797  4.169  35.880 0.0000000000
127140  36.002  7.755  36.370 0.0000000000
124951  32.902  5.563  37.313 0.0000000000
127125  33.207  7.460  38.068 0.0000000000
124938  35.725  5.856  39.942 0.0000000000
122612  38.157  3.547  40.649 0.0000000000
127113  38.239  7.443  40.441 0.0000000000
123786  38.671  4.421  40.805 0.0000000000
120276  39.563  1.310  40.882 0.0000000000
118089  41.245  -0.261  40.470 0.0000000000
117019  44.258  -2.057  40.442 0.0000000000
139593  47.801  20.947  30.915 0.0000000000
135977  46.287  16.456  32.088 0.0000000000
135094  43.828  15.772  34.105 0.0000000000
133288  44.936  13.116  34.116 0.0000000000
131315  42.755  11.245  34.963 0.0000000000
129256  39.425  9.361  35.762 0.0000000000
122643  35.005  3.012  36.686 0.0000000000
120351  38.018  0.981  33.906 0.0000000000
120405  40.440  1.725  29.865 0.0000000000
121473  42.603  2.400  34.633 0.0000000000
126085  35.619  6.057  34.181 0.0000000000
124968  34.886  5.328  34.229 0.0000000000
124961  34.373  5.664  34.877 0.0000000000
126075  37.516  7.029  35.395 0.0000000000
127168  38.724  7.345  33.673 0.0000000000
126093  37.847  6.068  33.860 0.0000000000
126099  37.716  6.284  33.068 0.0000000000
115892  48.426  -2.480  40.087 0.0000000000
118102  48.788  -0.486  38.740 0.0000000000
118093  49.965  -0.750  39.498 0.0000000000
123923  38.144  4.876  27.630 0.0000000000
131290  34.952  11.388  37.773 0.0000000000
131287  34.746  10.879  38.388 0.0000000000
131284  34.936  10.943  38.977 0.0000000000
124926  42.728  5.584  41.483 0.0000000000
124927  41.646  5.456  41.320 0.0000000000
133267  36.118  13.653  36.843 0.0000000000
133275  38.056  13.576  35.911 0.0000000000
132311  36.629  12.495  36.478 0.0000000000
131298  36.230  11.524  36.634 0.0000000000
120286  38.352  1.795  38.871 0.0000000000
120301  38.031  1.732  37.929 0.0000000000
120300  39.002  1.626  37.956 0.0000000000
126102  34.535  6.762  32.023 0.0000000000
124991  35.300  5.298  31.772 0.0000000000
121503  34.797  2.243  32.763 0.0000000000
121515  34.917  2.463  32.125 0.0000000000
120382  35.596  1.443  31.757 0.0000000000
121543  36.548  2.452  29.708 0.0000000000
120381  36.498  1.037  31.418 0.0000000000
129261  44.300  9.984  34.085 0.0000000000
131333  44.728  11.116  32.599 0.0000000000
129273  43.359  9.985  33.084 0.0000000000
127175  36.290  7.138  32.253 0.0000000000
127176  35.117  7.327  32.366 0.0000000000
133253  36.211  13.857  39.190 0.0000000000
132291  36.707  12.543  40.217 0.0000000000
133241  37.231  13.228  40.389 0.0000000000
135057  36.472  15.543  39.308 0.0000000000
135920  36.386  16.484  37.286 0.0000000000
135060  36.104  15.532  38.486 0.0000000000
134187  35.998  14.363  37.728 0.0000000000
118107  43.268  -0.744  38.265 0.0000000000
119202  43.443  0.737  37.259 0.0000000000
118119  43.960  -0.149  37.800 0.0000000000
121439  48.730  2.587  36.626 0.0000000000
120308  47.129  2.120  36.643 0.0000000000
122651  48.796  4.146  35.952 0.0000000000
128202  35.506  8.657  36.584 0.0000000000
127130  34.253  7.869  37.040 0.0000000000
128192  33.645  8.527  37.799 0.0000000000
127121  35.376  7.967  39.899 0.0000000000
127117  34.864  6.857  40.195 0.0000000000
126049  35.802  6.449  40.276 0.0000000000
123788  36.922  4.554  40.271 0.0000000000
124936  37.280  5.496  40.490 0.0000000000
130226  37.317  10.455  40.657 0.0000000000
129211  37.162  8.951  40.734 0.0000000000
128174  38.625  8.270  40.774 0.0000000000
123781  40.381  4.057  41.096 0.0000000000
124934  39.383  5.357  40.814 0.0000000000
122610  39.736  3.343  41.244 0.0000000000
121408  39.366  2.459  41.027 0.0000000000
120272  40.076  1.570  41.402 0.0000000000
119175  40.789  0.050  40.554 0.0000000000
119171  40.986  0.436  41.085 0.0000000000
118079  43.298  -0.512  42.984 0.0000000000
117005  42.774  -1.337  41.815 0.0000000000
138675  45.788  19.336  31.570 0.0000000000
137806  46.846  18.591  31.349 0.0000000000
136862  45.641  17.585  32.179 0.0000000000
137772  39.627  18.246  34.772 0.0000000000
137783  41.260  18.650  33.913 0.0000000000
136836  40.515  17.112  35.356 0.0000000000
134199  41.832  13.942  35.499 0.0000000000
135085  42.446  15.258  35.075 0.0000000000
134208  43.444  14.155  34.857 0.0000000000
135083  44.429  14.694  34.267 0.0000000000
133279  43.360  13.126  35.049 0.0000000000
132325  43.943  12.126  34.674 0.0000000000
132316  42.366  12.161  35.313 0.0000000000
130248  37.610  10.455  36.018 0.0000000000
130257  38.840  10.233  35.593 0.0000000000
129247  37.181  9.492  36.365 0.0000000000
128200  37.735  8.386  36.223 0.0000000000
124945  33.827  4.943  38.613 0.0000000000
123800  33.752  3.987  37.348 0.0000000000
122622  34.685  3.607  37.880 0.0000000000
120320  39.548  1.845  35.290 0.0000000000
120322  37.770  1.659  35.417 0.0000000000
120331  39.266  1.361  34.655 0.0000000000
120378  39.611  0.963  31.559 0.0000000000
120362  41.134  1.442  32.145 0.0000000000
122641  43.441  3.634  36.355 0.0000000000
121459  42.849  3.219  35.659 0.0000000000
122670  43.971  3.554  35.206 0.0000000000
124979  36.469  5.105  32.810 0.0000000000
123856  35.499  4.566  32.246 0.0000000000
123844  35.488  4.582  32.927 0.0000000000
122686  33.926  3.677  34.032 0.0000000000
121476  34.108  2.653  34.578 0.0000000000
128216  41.330  8.239  34.400 0.0000000000
127174  37.362  7.133  32.698 0.0000000000
117030  45.472  -1.929  38.769 0.0000000000
118117  46.131  -0.210  37.602 0.0000000000
118104  46.706  -0.785  38.288 0.0000000000
119197  49.112  0.540  37.999 0.0000000000
130250  35.750  10.579  36.795 0.0000000000
129238  34.298  9.342  37.618 0.0000000000
130237  34.493  10.193  38.152 0.0000000000
129229  34.627  9.576  39.259 0.0000000000
127120  35.881  8.182  39.888 0.0000000000
128160  39.893  8.218  41.436 0.0000000000
127101  39.672  7.391  41.013 0.0000000000
126034  41.023  6.475  41.124 0.0000000000
123780  41.262  4.397  41.435 0.0000000000
122597  41.470  2.758  41.877 0.0000000000
120270  41.418  1.314  41.814 0.0000000000
121395  42.441  2.308  42.331 0.0000000000
120264  43.441  1.243  43.051 0.0000000000
119156  43.659  0.365  43.433 0.0000000000
138663  43.758  19.435  32.496 0.0000000000
135080  38.456  15.446  35.784 0.0000000000
135934  40.354  16.322  35.555 0.0000000000
134202  38.755  14.486  35.655 0.0000000000
133274  39.241  13.422  35.677 0.0000000000
133273  40.272  13.326  35.667 0.0000000000
132318  40.712  12.297  35.412 0.0000000000
132321  38.154  12.056  36.003 0.0000000000
131309  37.826  11.423  35.918 0.0000000000
121415  35.965  2.891  39.137 0.0000000000
122620  36.218  3.240  37.710 0.0000000000
121432  37.555  2.446  37.540 0.0000000000
121449  38.445  2.527  36.655 0.0000000000
121461  40.238  2.285  35.439 0.0000000000
122693  46.836  3.724  32.930 0.0000000000
121486  45.373  3.215  33.208 0.0000000000
123888  34.908  4.913  29.745 0.0000000000
123866  35.132  4.511  31.357 0.0000000000
122720  35.170  3.796  30.627 0.0000000000
122752  35.490  4.499  29.031 0.0000000000
121559  36.610  3.417  29.063 0.0000000000
121558  37.371  3.049  28.795 0.0000000000
122748  39.040  3.587  28.259 0.0000000000
132375  46.217  12.540  31.739 0.0000000000
132376  44.921  12.621  31.680 0.0000000000
132300  35.302  12.524  38.185 0.0000000000
131283  35.552  11.450  39.464 0.0000000000
132297  36.089  12.534  39.638 0.0000000000
131275  36.879  11.492  40.371 0.0000000000
130225  38.456  10.362  40.798 0.0000000000
130212  39.502  10.257  41.101 0.0000000000
128159  40.817  8.377  41.376 0.0000000000
139570  39.715  20.618  33.816 0.0000000000
137773  38.967  18.420  34.927 0.0000000000
136838  38.644  17.574  35.899 0.0000000000
135925  38.399  16.433  36.100 0.0000000000
134194  37.556  15.142  36.405 0.0000000000
133257  35.885  13.855  37.365 0.0000000000
119190  40.462  0.335  38.593 0.0000000000
120299  40.203  1.440  38.012 0.0000000000
119204  41.767  0.847  37.538 0.0000000000
120312  43.256  1.845  36.828 0.0000000000
121443  44.609  2.957  36.578 0.0000000000
119211  45.806  1.256  36.514 0.0000000000
121442  45.607  2.962  36.505 0.0000000000
122654  45.784  3.969  35.583 0.0000000000
127151  35.592  7.054  35.929 0.0000000000
126079  33.673  6.179  35.824 0.0000000000
127142  34.023  7.345  36.699 0.0000000000
126059  32.937  6.513  38.038 0.0000000000
124942  34.134  5.401  39.142 0.0000000000
128187  33.682  8.511  38.558 0.0000000000
126054  34.817  6.347  39.656 0.0000000000
123791  35.674  4.298  39.495 0.0000000000
123789  36.304  4.444  39.835 0.0000000000
121413  37.363  2.771  39.646 0.0000000000
120280  38.653  1.690  39.803 0.0000000000
130228  35.669  10.467  39.928 0.0000000000
128177  36.290  8.945  40.135 0.0000000000
127114  37.279  7.509  40.289 0.0000000000
126036  39.386  6.780  40.907 0.0000000000
126046  38.774  6.440  40.757 0.0000000000
124935  38.278  5.454  40.640 0.0000000000
121409  38.550  2.543  40.491 0.0000000000
120279  39.058  1.034  40.109 0.0000000000
119180  40.019  -0.010  39.379 0.0000000000
117022  41.705  -0.710  39.388 0.0000000000
117021  42.431  -1.036  39.664 0.0000000000
119170  41.655  0.362  41.684 0.0000000000
117010  42.644  -1.256  40.819 0.0000000000
117031  44.521  -1.850  39.410 0.0000000000
115895  45.186  -2.294  40.079 0.0000000000
164039  48.622  19.545  30.552 0.0000000000
135975  47.811  16.761  31.055 0.0000000000
135125  47.955  15.283  32.056 0.0000000000
135942  41.721  16.329  34.843 0.0000000000
136852  44.648  17.674  33.236 0.0000000000
135105  46.240  16.336  33.056 0.0000000000
135091  46.947  15.038  32.994 0.0000000000
133302  47.293  13.510  32.635 0.0000000000
132323  45.575  11.654  34.051 0.0000000000
131313  44.511  11.183  34.588 0.0000000000
130263  43.128  10.171  34.839 0.0000000000
131305  41.192  11.306  35.460 0.0000000000
130254  41.667  10.371  35.352 0.0000000000
128207  41.733  8.792  35.169 0.0000000000
128209  39.470  8.319  35.680 0.0000000000
127138  37.609  7.669  36.097 0.0000000000
123810  32.832  4.985  36.323 0.0000000000
122658  33.882  3.198  35.712 0.0000000000
120325  35.011  1.881  35.242 0.0000000000
121451  36.545  2.520  36.411 0.0000000000
120323  36.729  1.798  35.705 0.0000000000
119240  37.086  0.508  33.603 0.0000000000
120379  38.483  0.800  31.659 0.0000000000
120406  39.471  1.614  29.881 0.0000000000
121429  40.975  2.487  37.275 0.0000000000
121460  41.560  2.604  35.583 0.0000000000
121474  41.361  2.062  34.556 0.0000000000
121500  44.351  2.602  32.596 0.0000000000
120361  41.856  1.715  32.052 0.0000000000
118114  50.651  -0.477  38.008 0.0000000000
120306  50.734  1.329  37.028 0.0000000000
126084  36.918  6.231  34.463 0.0000000000
126086  34.805  5.961  34.621 0.0000000000
126076  37.039  6.725  35.330 0.0000000000
126083  37.798  6.751  34.828 0.0000000000
117015  48.796  -1.571  39.393 0.0000000000
131286  35.146  11.628  38.640 0.0000000000
133268  35.607  13.069  37.021 0.0000000000
132312  35.836  12.479  36.793 0.0000000000
126101  35.607  6.220  32.056 0.0000000000
126108  34.846  6.081  31.625 0.0000000000
120366  35.134  1.671  32.798 0.0000000000
119262  36.164  0.674  32.022 0.0000000000
129262  43.581  9.661  34.282 0.0000000000
129270  43.701  9.800  33.600 0.0000000000
129271  42.955  9.125  33.782 0.0000000000
133248  36.604  13.589  39.909 0.0000000000
133247  37.458  13.890  40.190 0.0000000000
134183  36.119  14.475  38.720 0.0000000000
118118  45.027  -0.388  37.538 0.0000000000
128203  34.660  8.676  37.029 0.0000000000
129250  34.660  9.220  37.206 0.0000000000
127115  36.182  7.587  40.155 0.0000000000
127116  35.263  7.148  40.291 0.0000000000
129222  38.403  9.216  40.829 0.0000000000
122606  41.142  3.236  41.480 0.0000000000
122607  40.337  3.138  41.377 0.0000000000
121407  39.932  2.680  41.407 0.0000000000
121403  40.454  2.326  41.518 0.0000000000
120271  40.646  1.320  41.528 0.0000000000
116997  43.797  -1.467  42.953 0.0000000000
138676  45.147  19.646  31.792 0.0000000000
139595  46.119  20.468  31.079 0.0000000000
138661  45.189  19.307  31.926 0.0000000000
137807  46.130  18.108  31.917 0.0000000000
137786  45.244  18.617  32.194 0.0000000000
136837  39.490  17.423  35.482 0.0000000000
136845  40.593  17.641  34.852 0.0000000000
134209  42.668  14.062  35.296 0.0000000000
133280  42.578  13.080  35.325 0.0000000000
132326  43.086  12.167  34.918 0.0000000000
128201  36.595  8.589  36.519 0.0000000000
123793  34.142  4.706  38.738 0.0000000000
123796  33.916  4.300  38.092 0.0000000000
123795  34.670  3.833  38.339 0.0000000000
120330  40.042  1.468  34.994 0.0000000000
120349  40.152  1.168  33.814 0.0000000000
120363  40.254  1.261  32.437 0.0000000000
120348  41.029  1.510  33.000 0.0000000000
123817  44.017  4.341  35.853 0.0000000000
122656  43.714  4.030  35.598 0.0000000000
122669  44.608  3.693  34.819 0.0000000000
124980  36.116  4.957  33.286 0.0000000000
123843  36.078  4.724  32.767 0.0000000000
123831  33.920  4.275  34.330 0.0000000000
123830  34.526  4.575  33.984 0.0000000000
121492  33.917  3.031  33.900 0.0000000000
121477  33.772  3.246  34.622 0.0000000000
128217  40.222  8.016  34.813 0.0000000000
127155  41.052  7.846  33.551 0.0000000000
127156  40.466  7.593  33.858 0.0000000000
127167  39.701  7.209  33.263 0.0000000000
126094  36.719  5.803  33.420 0.0000000000
126100  36.507  6.114  32.803 0.0000000000
117029  46.322  -1.478  38.783 0.0000000000
117028  47.195  -1.282  38.878 0.0000000000
119187  49.412  0.077  38.580 0.0000000000
119196  49.727  0.997  38.258 0.0000000000
120292  49.673  1.544  37.947 0.0000000000
120283  50.014  1.186  38.350 0.0000000000
137823  49.914  19.197  29.996 0.0000000000
137835  49.410  19.238  29.050 0.0000000000
129237  34.769  9.997  37.367 0.0000000000
130241  34.679  10.397  37.668 0.0000000000
130234  35.151  10.365  39.333 0.0000000000
130235  34.790  10.187  38.717 0.0000000000
128181  35.682  8.785  39.844 0.0000000000
127100  40.484  7.409  41.152 0.0000000000
122605  41.660  3.824  41.722 0.0000000000
122596  41.968  3.231  42.119 0.0000000000
121394  43.388  2.228  42.639 0.0000000000
120254  44.231  1.168  43.442 0.0000000000
134203  37.908  14.742  36.062 0.0000000000
135079  39.206  15.341  35.576 0.0000000000
133265  37.764  12.998  36.276 0.0000000000
132320  38.741  12.400  35.804 0.0000000000
132319  39.774  12.356  35.617 0.0000000000
131297  37.056  11.474  36.227 0.0000000000
130249  36.644  10.527  36.416 0.0000000000
121414  36.632  2.854  39.259 0.0000000000
121419  36.489  2.993  38.291 0.0000000000
121431  38.738  2.375  37.306 0.0000000000
121448  39.493  2.644  36.519 0.0000000000
125012  34.573  5.654  30.184 0.0000000000
123878  34.748  4.823  30.203 0.0000000000
123857  34.992  4.274  32.535 0.0000000000
122695  35.090  3.997  32.217 0.0000000000
122707  35.105  3.543  31.746 0.0000000000
121530  35.569  2.491  30.852 0.0000000000
122732  35.181  4.084  29.558 0.0000000000
122731  36.030  3.477  29.461 0.0000000000
122751  36.011  4.137  28.820 0.0000000000
120408  37.484  1.667  29.908 0.0000000000
121557  38.447  2.931  28.722 0.0000000000
132332  47.102  12.047  32.749 0.0000000000
132348  46.463  11.949  32.612 0.0000000000
132349  45.358  11.984  32.478 0.0000000000
132350  44.280  11.945  32.103 0.0000000000
132351  43.149  12.192  31.981 0.0000000000
132298  35.560  12.494  39.002 0.0000000000
133249  35.949  13.218  39.320 0.0000000000
131274  37.955  11.451  40.579 0.0000000000
129208  40.183  9.261  41.394 0.0000000000
140515  39.520  21.354  33.648 0.0000000000
138648  38.676  19.102  34.755 0.0000000000
137764  38.517  18.320  35.266 0.0000000000
137763  39.119  18.063  35.051 0.0000000000
135927  36.749  16.423  36.671 0.0000000000
135926  37.455  16.454  36.374 0.0000000000
135070  37.201  15.631  36.512 0.0000000000
134184  35.818  13.963  38.113 0.0000000000
134188  35.824  13.944  37.816 0.0000000000
133258  35.612  13.526  37.629 0.0000000000
119189  41.495  0.269  38.219 0.0000000000
119205  40.991  0.854  37.833 0.0000000000
120296  42.910  1.238  37.202 0.0000000000
120311  44.275  2.055  36.711 0.0000000000
121444  43.716  2.851  36.537 0.0000000000
119200  45.487  0.424  36.909 0.0000000000
119199  46.653  0.772  37.040 0.0000000000
122637  47.204  3.630  36.267 0.0000000000
121441  46.650  2.883  36.428 0.0000000000
122638  46.137  3.554  36.105 0.0000000000
122667  46.732  4.326  35.086 0.0000000000
123829  47.365  4.448  35.160 0.0000000000
126069  34.223  6.973  36.326 0.0000000000
127141  34.861  7.557  36.482 0.0000000000
127131  33.566  7.536  37.284 0.0000000000
126058  33.423  6.592  38.611 0.0000000000
129232  34.139  9.449  38.547 0.0000000000
129233  33.708  9.063  38.048 0.0000000000
128183  34.135  8.237  39.218 0.0000000000
126050  35.234  6.587  40.089 0.0000000000
124941  35.346  5.329  39.636 0.0000000000
124940  35.918  4.886  39.755 0.0000000000
122613  37.290  3.583  40.329 0.0000000000
121410  37.816  2.868  40.277 0.0000000000
121412  38.003  2.220  39.785 0.0000000000
130227  36.403  10.460  40.366 0.0000000000
128162  37.556  8.663  40.515 0.0000000000
129224  36.746  9.469  40.580 0.0000000000
128176  36.851  8.492  40.389 0.0000000000
120277  39.071  1.829  40.437 0.0000000000
119177  39.514  0.706  40.344 0.0000000000
119181  39.539  0.499  39.700 0.0000000000
118090  40.795  -0.147  40.153 0.0000000000
118095  41.752  -0.546  39.942 0.0000000000
120269  41.890  0.980  42.219 0.0000000000
117009  43.526  -1.966  41.176 0.0000000000
117020  43.483  -1.545  40.097 0.0000000000
140540  47.636  21.446  31.186 0.0000000000
141464  47.434  22.232  31.337 0.0000000000
141463  48.412  21.874  31.289 0.0000000000
164046  48.730  20.459  30.724 0.0000000000
136882  46.927  17.432  31.548 0.0000000000
136881  47.644  17.923  30.845 0.0000000000
135976  46.947  16.224  31.760 0.0000000000
135078  40.145  15.331  35.545 0.0000000000
135933  41.135  16.328  35.283 0.0000000000
135086  41.640  15.776  35.139 0.0000000000
135084  43.656  15.219  34.423 0.0000000000
135941  42.686  16.382  34.347 0.0000000000
135940  43.411  15.952  34.131 0.0000000000
135948  44.755  16.648  33.592 0.0000000000
135093  44.638  15.345  33.881 0.0000000000
134216  45.089  14.112  34.182 0.0000000000
134215  45.916  14.230  33.594 0.0000000000
134214  46.733  14.265  32.908 0.0000000000
133287  45.877  13.109  33.929 0.0000000000
133286  46.951  12.965  33.187 0.0000000000
132334  45.531  12.353  34.033 0.0000000000
131314  43.626  11.184  34.774 0.0000000000
130262  44.071  10.372  34.543 0.0000000000
130253  42.399  10.486  35.184 0.0000000000
131306  40.288  11.318  35.602 0.0000000000
130255  40.755  10.331  35.457 0.0000000000
129255  40.283  9.331  35.601 0.0000000000
129254  41.267  9.436  35.354 0.0000000000
128208  40.782  8.589  35.311 0.0000000000
128198  39.052  8.594  35.805 0.0000000000
127139  36.982  7.721  36.334 0.0000000000
128211  37.954  7.831  36.021 0.0000000000
127149  37.264  7.284  35.783 0.0000000000
126070  33.449  6.615  36.524 0.0000000000
124956  33.366  5.877  36.086 0.0000000000
123802  32.777  5.157  36.825 0.0000000000
122628  34.344  3.537  37.257 0.0000000000
122629  33.785  3.760  36.863 0.0000000000
122644  34.260  3.176  36.355 0.0000000000
121467  34.431  2.542  35.458 0.0000000000
121466  35.075  2.130  35.792 0.0000000000
121433  36.736  2.930  37.283 0.0000000000
122626  36.041  3.239  37.235 0.0000000000
120332  38.341  1.227  34.643 0.0000000000
120333  37.328  0.857  34.647 0.0000000000
120334  36.256  1.191  34.834 0.0000000000
120352  37.598  0.690  33.897 0.0000000000
119250  37.421  0.581  32.729 0.0000000000
119249  38.248  0.694  32.715 0.0000000000
120394  40.064  1.142  30.583 0.0000000000
121540  39.937  2.153  29.198 0.0000000000
120298  41.353  1.679  37.461 0.0000000000
121428  41.941  2.411  37.034 0.0000000000
121446  41.755  2.795  36.420 0.0000000000
121499  45.204  2.918  32.617 0.0000000000
121487  44.737  2.940  33.681 0.0000000000
121511  44.921  2.735  31.871 0.0000000000
124967  35.538  5.391  33.675 0.0000000000
124969  34.056  5.017  34.607 0.0000000000
127147  38.675  7.679  35.361 0.0000000000
127157  39.475  7.714  34.292 0.0000000000
127158  38.663  7.434  34.584 0.0000000000
126092  38.306  6.810  34.142 0.0000000000
126098  38.312  6.592  33.444 0.0000000000
117016  47.761  -1.934  39.305 0.0000000000
117027  48.091  -1.330  38.761 0.0000000000
118094  49.385  -0.830  39.376 0.0000000000
118101  49.643  -0.235  39.037 0.0000000000
131299  35.525  11.517  37.065 0.0000000000
131291  34.639  10.749  37.986 0.0000000000
126033  42.058  6.540  41.312 0.0000000000
133276  37.390  13.939  35.994 0.0000000000
133266  37.214  13.378  36.333 0.0000000000
132310  37.554  12.364  36.256 0.0000000000
121417  37.809  2.307  39.097 0.0000000000
120287  37.852  2.085  38.514 0.0000000000
121430  39.844  2.398  37.310 0.0000000000
121516  34.651  2.971  32.405 0.0000000000
122708  34.802  3.131  32.160 0.0000000000
121529  36.152  1.907  30.413 0.0000000000
120397  36.831  1.434  30.547 0.0000000000
130269  45.446  10.772  33.559 0.0000000000
130274  45.538  10.892  33.198 0.0000000000
130275  45.093  10.687  33.129 0.0000000000
130276  44.102  10.387  33.066 0.0000000000
130277  43.032  10.413  32.674 0.0000000000
128236  35.670  8.244  32.617 0.0000000000
135916  36.444  16.590  39.023 0.0000000000
135918  36.237  16.565  38.133 0.0000000000
135063  36.307  15.539  37.605 0.0000000000
118108  42.246  -0.392  38.265 0.0000000000
118121  42.463  0.071  37.764 0.0000000000
118120  42.955  -0.077  37.665 0.0000000000
119201  44.455  0.478  37.095 0.0000000000
120307  47.994  1.956  36.479 0.0000000000
121440  47.678  2.746  36.328 0.0000000000
122652  47.820  4.279  35.967 0.0000000000
128191  34.054  8.396  37.381 0.0000000000
128182  34.714  8.695  39.663 0.0000000000
127122  34.507  7.425  39.786 0.0000000000
124937  36.242  5.437  40.151 0.0000000000
123787  37.755  4.509  40.592 0.0000000000
129223  37.610  9.406  40.716 0.0000000000
128175  37.731  8.509  40.482 0.0000000000
124928  40.423  5.386  41.151 0.0000000000
124929  39.811  5.909  41.051 0.0000000000
124933  39.940  4.760  40.961 0.0000000000
123785  39.521  4.225  40.959 0.0000000000
122611  38.962  3.422  41.002 0.0000000000
121404  39.862  2.067  41.305 0.0000000000
119176  40.182  0.328  40.451 0.0000000000
120275  40.134  0.973  41.168 0.0000000000
118080  42.621  -0.553  42.404 0.0000000000
140542  45.506  21.350  31.124 0.0000000000
138674  46.982  19.750  31.189 0.0000000000
136883  46.055  16.949  31.742 0.0000000000
138657  41.071  19.208  33.628 0.0000000000
137771  40.690  18.545  34.194 0.0000000000
134200  40.783  14.248  35.595 0.0000000000
135076  42.120  14.665  35.463 0.0000000000
134207  44.325  14.090  34.507 0.0000000000
133278  44.125  13.106  34.538 0.0000000000
130258  38.187  10.727  35.729 0.0000000000
130247  38.223  10.189  35.796 0.0000000000
129246  38.267  9.429  35.920 0.0000000000
128199  38.669  8.582  35.898 0.0000000000
124950  33.271  5.146  37.557 0.0000000000
123797  33.465  4.886  37.719 0.0000000000
122627  35.216  3.274  37.346 0.0000000000
121463  38.150  2.145  36.043 0.0000000000
120321  38.707  1.753  35.334 0.0000000000
120350  38.844  0.973  33.749 0.0000000000
120364  39.121  0.848  32.668 0.0000000000
120377  40.585  1.299  31.438 0.0000000000
121445  42.770  2.811  36.419 0.0000000000
122657  43.116  3.983  36.119 0.0000000000
121472  43.847  3.060  34.719 0.0000000000
123855  36.115  4.859  32.536 0.0000000000
123845  34.639  4.304  33.138 0.0000000000
124981  35.205  4.839  33.531 0.0000000000
122685  34.233  3.579  33.349 0.0000000000
121504  34.454  2.763  32.970 0.0000000000
120354  34.446  2.352  33.824 0.0000000000
120353  35.022  1.696  33.773 0.0000000000
128224  42.258  8.622  34.047 0.0000000000
128225  41.652  8.143  33.427 0.0000000000
135056  37.180  15.437  39.789 0.0000000000
118105  45.697  -1.074  38.159 0.0000000000
118116  47.252  -0.173  37.657 0.0000000000
118103  47.704  -0.707  38.366 0.0000000000
118115  48.219  -0.152  37.900 0.0000000000
119198  47.903  0.655  37.461 0.0000000000
120293  48.610  1.612  37.315 0.0000000000
121426  49.391  2.242  37.394 0.0000000000
129249  35.052  9.611  36.974 0.0000000000
128161  39.219  8.037  41.202 0.0000000000
121396  41.747  2.263  42.011 0.0000000000
120266  42.016  1.649  42.189 0.0000000000
120265  42.593  1.308  42.533 0.0000000000
119166  42.914  0.367  42.839 0.0000000000
118065  43.944  -0.542  43.539 0.0000000000
138662  44.668  19.628  32.078 0.0000000000
135936  38.833  15.921  35.718 0.0000000000
134201  39.759  14.364  35.625 0.0000000000
133272  41.196  13.181  35.447 0.0000000000
131308  38.521  11.369  35.743 0.0000000000
122618  35.512  3.408  39.131 0.0000000000
122621  35.438  3.365  38.195 0.0000000000
121420  35.786  3.064  38.760 0.0000000000
120302  37.639  2.088  38.117 0.0000000000
121462  39.114  2.221  35.916 0.0000000000
120319  39.939  1.901  35.256 0.0000000000
121475  40.602  1.660  34.480 0.0000000000
122668  45.658  4.223  34.786 0.0000000000
122684  44.905  3.342  34.206 0.0000000000
122683  45.625  3.643  33.814 0.0000000000
125023  35.029  5.669  29.494 0.0000000000
122721  34.844  4.298  30.165 0.0000000000
122733  34.843  4.481  29.884 0.0000000000
123887  35.253  4.947  29.224 0.0000000000
123906  35.666  4.975  28.637 0.0000000000
122750  36.966  3.920  28.391 0.0000000000
122767  38.201  4.298  27.846 0.0000000000
129274  42.625  9.428  32.909 0.0000000000
131282  36.288  11.833  39.889 0.0000000000
129209  39.216  9.001  41.171 0.0000000000
139569  40.285  20.397  33.591 0.0000000000
139571  38.709  20.287  34.250 0.0000000000
138647  39.658  19.460  34.313 0.0000000000
136826  39.106  17.119  36.192 0.0000000000
136823  36.445  17.303  36.953 0.0000000000
136828  37.713  17.444  36.311 0.0000000000
136827  38.580  17.185  36.280 0.0000000000
135924  38.948  16.827  36.287 0.0000000000
135069  37.829  15.642  36.211 0.0000000000
134195  37.084  14.567  36.442 0.0000000000
134196  36.461  14.724  37.127 0.0000000000
120284  39.859  0.781  38.604 0.0000000000
120297  42.361  1.668  37.166 0.0000000000
119203  42.566  0.655  37.461 0.0000000000
120313  42.679  2.163  36.800 0.0000000000
122640  44.026  3.598  36.403 0.0000000000
123806  44.226  4.331  36.071 0.0000000000
120295  46.777  1.552  36.759 0.0000000000
120309  46.219  2.032  36.516 0.0000000000
120310  45.218  2.093  36.549 0.0000000000
122639  44.859  3.809  36.209 0.0000000000
126078  34.564  6.482  35.477 0.0000000000
126063  33.177  6.977  37.144 0.0000000000
124947  32.781  6.000  37.812 0.0000000000
124946  33.372  5.516  38.220 0.0000000000
129239  33.803  9.012  37.804 0.0000000000
127123  33.801  7.471  38.919 0.0000000000
126055  33.955  6.532  39.287 0.0000000000
122617  36.197  3.528  39.584 0.0000000000
122616  36.828  3.309  39.803 0.0000000000
122614  36.659  3.856  40.055 0.0000000000
129225  35.979  9.622  40.130 0.0000000000
128180  36.197  8.398  39.971 0.0000000000
127102  38.901  7.358  41.072 0.0000000000
126045  39.485  6.221  40.883 0.0000000000
126047  37.778  6.483  40.477 0.0000000000
119191  39.682  0.372  38.957 0.0000000000
118110  40.423  -0.334  39.029 0.0000000000
118097  40.597  -0.264  39.584 0.0000000000
117034  41.939  -0.961  38.909 0.0000000000
117033  42.640  -0.956  38.790 0.0000000000
117032  43.436  -1.325  39.034 0.0000000000
118086  41.490  -0.219  41.128 0.0000000000
118085  42.094  -0.556  41.567 0.0000000000
118088  41.945  -0.635  40.595 0.0000000000
115898  45.768  -2.264  39.174 0.0000000000
117018  46.089  -2.025  39.137 0.0000000000
137824  49.510  19.106  30.329 0.0000000000
137805  47.860  19.095  31.065 0.0000000000
137825  48.540  18.481  30.461 0.0000000000
136896  48.515  17.306  30.392 0.0000000000
135124  48.125  15.686  31.219 0.0000000000
137788  44.057  18.749  32.619 0.0000000000
136835  41.218  17.069  35.188 0.0000000000
136853  43.713  17.519  33.494 0.0000000000
137779  44.493  18.315  32.763 0.0000000000
136851  45.325  17.823  32.820 0.0000000000
135947  45.669  16.939  33.307 0.0000000000
135092  46.005  15.607  33.276 0.0000000000
135104  46.867  15.756  32.657 0.0000000000
134228  47.556  14.303  32.382 0.0000000000
134227  48.119  13.504  31.930 0.0000000000
133285  47.458  12.370  32.628 0.0000000000
131321  45.700  11.139  33.849 0.0000000000
132324  44.885  12.053  34.347 0.0000000000
131312  45.287  11.111  34.333 0.0000000000
130260  45.340  10.670  34.040 0.0000000000
130261  44.791  10.543  34.284 0.0000000000
132317  41.592  12.207  35.425 0.0000000000
131304  42.031  11.295  35.370 0.0000000000
130256  39.844  10.291  35.654 0.0000000000
129253  42.249  9.443  35.194 0.0000000000
128215  42.161  8.778  34.823 0.0000000000
128218  39.630  7.887  35.047 0.0000000000
128210  38.438  7.992  35.886 0.0000000000
127148  37.952  7.413  35.591 0.0000000000
127150  36.489  7.153  35.863 0.0000000000
124962  33.624  5.552  35.411 0.0000000000
123820  33.491  4.532  35.095 0.0000000000
123801  33.215  4.538  37.048 0.0000000000
123809  33.301  4.437  35.948 0.0000000000
122659  33.611  3.703  35.319 0.0000000000
121468  33.843  2.999  35.143 0.0000000000
120336  34.691  2.045  34.581 0.0000000000
119227  35.437  1.314  33.980 0.0000000000
122642  35.721  3.039  36.731 0.0000000000
121464  37.276  2.184  36.054 0.0000000000
120314  36.507  2.154  36.033 0.0000000000
120315  36.218  2.082  36.023 0.0000000000
120324  35.727  1.753  35.549 0.0000000000
119225  36.523  0.662  34.199 0.0000000000
119241  36.207  0.757  33.459 0.0000000000
119261  36.960  0.497  31.983 0.0000000000
120380  37.419  0.837  31.338 0.0000000000
120396  37.943  1.180  30.632 0.0000000000
120365  38.549  0.716  32.299 0.0000000000
120395  39.008  1.116  30.660 0.0000000000
120407  38.450  1.621  29.904 0.0000000000
121541  38.942  2.245  29.306 0.0000000000
121490  40.948  1.722  33.816 0.0000000000
121471  44.533  3.250  34.369 0.0000000000
121488  43.541  2.461  33.549 0.0000000000
121512  44.181  2.647  31.504 0.0000000000
121501  43.393  2.261  32.328 0.0000000000
121489  42.130  1.885  33.171 0.0000000000
120347  41.541  1.629  32.594 0.0000000000
120376  41.443  1.595  31.314 0.0000000000
118100  50.227  -0.309  38.894 0.0000000000
119185  50.335  0.459  38.210 0.0000000000
119195  50.880  0.456  37.498 0.0000000000
120291  50.392  1.351  37.922 0.0000000000
115899  45.403  -2.269  39.346 0.0000000000
118092  50.262  -0.892  39.292 0.0000000000
118096  41.217  -0.412  39.722 0.0000000000
119172  40.483  0.722  41.093 0.0000000000
119188  42.101  0.259  37.814 0.0000000000
119210  46.375  1.381  36.626 0.0000000000
119213  44.025  1.227  36.791 0.0000000000
119226  35.869  1.027  34.103 0.0000000000
119238  38.312  0.826  33.363 0.0000000000
119239  37.790  0.723  33.351 0.0000000000
119248  38.643  0.803  33.122 0.0000000000
119251  36.599  0.644  32.736 0.0000000000
119252  35.792  0.961  32.678 0.0000000000
119259  38.285  0.659  32.177 0.0000000000
119260  37.810  0.559  32.069 0.0000000000
120282  50.162  0.947  38.309 0.0000000000
120335  35.400  1.488  34.599 0.0000000000
120367  34.761  2.131  33.220 0.0000000000
120398  36.053  1.583  30.939 0.0000000000
121452  35.584  2.395  36.245 0.0000000000
121453  34.850  2.605  36.145 0.0000000000
121458  43.604  3.489  35.379 0.0000000000
121465  36.867  2.203  36.050 0.0000000000
121493  33.806  3.420  34.284 0.0000000000
122636  48.255  3.509  36.220 0.0000000000
122645  33.686  3.817  36.200 0.0000000000
122666  47.329  4.415  35.525 0.0000000000
122749  38.022  3.845  28.201 0.0000000000
123807  43.985  4.134  36.297 0.0000000000
123808  43.718  3.925  36.367 0.0000000000
123818  43.704  4.328  36.074 0.0000000000
123819  43.538  4.105  36.283 0.0000000000
123821  33.104  4.969  35.714 0.0000000000
123842  47.418  4.534  34.761 0.0000000000
123846  34.212  4.080  33.753 0.0000000000
123903  37.966  4.365  27.900 0.0000000000
124943  33.645  5.997  38.890 0.0000000000
124957  32.978  5.673  36.572 0.0000000000
124963  33.129  5.406  36.023 0.0000000000
126053  35.432  6.146  39.833 0.0000000000
126064  32.902  6.502  37.372 0.0000000000
126071  32.869  6.124  36.904 0.0000000000
126082  38.277  7.031  34.653 0.0000000000
127126  32.974  6.910  37.760 0.0000000000
127132  33.104  7.101  37.517 0.0000000000
127159  38.295  7.219  35.041 0.0000000000
128163  37.315  8.689  40.544 0.0000000000
128206  42.136  8.913  35.167 0.0000000000
129210  37.468  8.864  40.634 0.0000000000
129245  39.000  8.904  35.883 0.0000000000
129257  38.898  9.424  35.755 0.0000000000
129269  44.274  10.029  33.789 0.0000000000
130270  44.745  10.352  33.721 0.0000000000
130271  44.212  10.136  33.582 0.0000000000
131332  45.559  11.207  32.899 0.0000000000
135949  43.608  16.497  33.900 0.0000000000
135958  46.539  16.285  32.342 0.0000000000
135959  45.997  16.714  32.511 0.0000000000
136839  38.241  17.581  36.139 0.0000000000
136846  40.056  17.601  35.129 0.0000000000
137778  44.879  18.376  32.551 0.0000000000
138673  48.160  20.308  30.672 0.0000000000
139594  47.202  20.735  31.081 0.0000000000
140522  40.105  21.423  33.378 0.0000000000
140539  48.338  21.170  31.024 0.0000000000
164042  48.585  20.042  30.499 0.0000000000
