#!ascii label  , from subject 3479 vox2ras=TkReg
1887
57339  -44.518  -36.529  57.016 0.0000000000
48625  -29.376  -44.417  70.630 0.0000000000
75097  -41.961  -21.725  45.431 0.0000000000
62941  -33.560  -32.383  49.333 0.0000000000
69689  -41.876  -27.337  52.768 0.0000000000
52795  -38.719  -41.192  66.477 0.0000000000
46619  -32.249  -47.199  62.817 0.0000000000
55015  -31.429  -39.547  55.008 0.0000000000
49811  -22.065  -44.196  67.387 0.0000000000
78416  -52.264  -18.021  49.203 0.0000000000
43563  -30.228  -50.033  60.841 0.0000000000
60746  -39.715  -33.926  53.992 0.0000000000
65063  -40.398  -30.439  49.880 0.0000000000
63929  -44.906  -31.194  53.820 0.0000000000
56086  -42.331  -38.238  62.416 0.0000000000
52892  -37.017  -40.610  60.712 0.0000000000
57346  -37.520  -36.499  56.178 0.0000000000
58462  -33.054  -36.083  51.903 0.0000000000
81820  -52.548  -14.755  45.636 0.0000000000
47574  -25.266  -46.217  70.091 0.0000000000
47661  -26.016  -46.310  62.717 0.0000000000
43510  -27.963  -50.110  66.950 0.0000000000
73003  -39.578  -23.897  50.146 0.0000000000
50818  -33.964  -42.569  69.609 0.0000000000
45587  -30.913  -47.657  68.172 0.0000000000
49869  -33.548  -43.402  65.160 0.0000000000
50956  -31.512  -43.512  59.220 0.0000000000
49844  -18.971  -44.422  65.054 0.0000000000
74971  -41.561  -21.526  56.381 0.0000000000
73987  -44.807  -21.946  52.754 0.0000000000
76098  -50.121  -20.365  54.149 0.0000000000
75104  -47.425  -20.674  47.362 0.0000000000
78494  -48.864  -18.965  42.642 0.0000000000
49934  -21.812  -44.423  59.777 0.0000000000
41296  -33.461  -51.682  65.445 0.0000000000
59575  -42.386  -34.809  55.914 0.0000000000
61845  -42.446  -32.739  54.189 0.0000000000
60734  -45.111  -33.656  55.396 0.0000000000
56116  -43.723  -38.001  59.732 0.0000000000
57288  -40.480  -37.658  59.303 0.0000000000
58409  -40.819  -35.858  56.919 0.0000000000
58436  -38.623  -35.616  55.465 0.0000000000
71955  -42.858  -24.247  43.210 0.0000000000
75149  -43.775  -21.920  42.730 0.0000000000
47564  -26.893  -45.793  70.266 0.0000000000
45574  -26.897  -48.044  68.254 0.0000000000
44528  -28.668  -48.204  69.454 0.0000000000
64015  -33.653  -31.077  46.607 0.0000000000
67465  -42.426  -28.679  50.471 0.0000000000
66320  -39.816  -28.702  47.801 0.0000000000
69736  -40.879  -27.234  49.169 0.0000000000
70824  -38.569  -25.502  48.226 0.0000000000
69698  -39.774  -26.128  51.989 0.0000000000
51795  -36.460  -41.956  68.761 0.0000000000
49814  -34.862  -43.938  67.708 0.0000000000
49854  -37.061  -43.180  65.746 0.0000000000
54986  -34.618  -39.920  57.993 0.0000000000
51905  -33.734  -42.117  59.770 0.0000000000
52925  -31.394  -41.739  56.890 0.0000000000
60765  -33.158  -33.813  50.784 0.0000000000
74985  -42.892  -20.955  54.968 0.0000000000
75054  -48.629  -21.296  50.472 0.0000000000
77262  -49.557  -19.579  48.959 0.0000000000
77312  -47.910  -19.569  44.675 0.0000000000
78440  -50.017  -17.956  47.214 0.0000000000
80750  -51.504  -16.916  42.263 0.0000000000
48714  -20.328  -44.692  66.112 0.0000000000
48782  -20.349  -44.793  62.861 0.0000000000
48767  -21.996  -44.456  63.428 0.0000000000
45674  -27.948  -48.048  61.107 0.0000000000
47716  -26.459  -45.600  59.141 0.0000000000
45693  -28.813  -48.166  58.965 0.0000000000
46585  -30.451  -47.281  65.190 0.0000000000
43502  -31.755  -50.249  66.478 0.0000000000
45623  -33.841  -49.050  64.759 0.0000000000
61862  -37.235  -33.037  52.108 0.0000000000
63976  -37.323  -31.218  49.621 0.0000000000
63941  -39.841  -31.696  52.158 0.0000000000
63957  -43.120  -30.693  51.815 0.0000000000
67440  -43.956  -28.889  52.833 0.0000000000
53828  -40.473  -39.707  64.473 0.0000000000
51857  -39.082  -42.169  63.658 0.0000000000
54930  -39.975  -39.794  61.691 0.0000000000
56159  -37.259  -38.480  58.870 0.0000000000
57343  -35.057  -38.083  55.906 0.0000000000
57368  -32.231  -37.856  53.739 0.0000000000
58446  -35.462  -36.811  54.049 0.0000000000
59610  -36.522  -34.691  53.105 0.0000000000
80681  -52.718  -16.631  47.940 0.0000000000
82892  -54.618  -13.933  48.524 0.0000000000
49798  -24.061  -44.550  68.689 0.0000000000
49847  -24.251  -44.068  65.193 0.0000000000
47618  -25.647  -46.092  66.652 0.0000000000
45636  -26.683  -48.110  64.487 0.0000000000
43542  -29.108  -50.018  63.191 0.0000000000
65096  -37.375  -29.999  47.201 0.0000000000
73046  -38.528  -23.388  46.218 0.0000000000
73041  -40.717  -22.654  47.906 0.0000000000
50806  -31.120  -43.438  70.615 0.0000000000
46520  -30.458  -46.727  69.735 0.0000000000
48666  -32.608  -44.522  68.573 0.0000000000
49830  -31.803  -44.875  66.444 0.0000000000
49887  -31.262  -44.311  63.850 0.0000000000
50921  -35.550  -42.244  63.230 0.0000000000
50933  -32.926  -42.927  61.589 0.0000000000
48816  -31.332  -45.339  60.495 0.0000000000
60697  -46.479  -33.935  57.527 0.0000000000
51755  -30.029  -42.167  72.926 0.0000000000
53710  -35.439  -39.820  70.437 0.0000000000
55987  -37.507  -38.846  68.779 0.0000000000
63916  -46.409  -31.099  56.108 0.0000000000
69663  -46.152  -28.415  55.801 0.0000000000
69642  -43.575  -26.678  55.523 0.0000000000
71804  -43.002  -24.419  57.408 0.0000000000
70754  -41.618  -25.183  55.365 0.0000000000
72961  -40.915  -23.133  53.887 0.0000000000
72979  -41.956  -22.852  51.449 0.0000000000
74043  -43.343  -22.627  48.897 0.0000000000
75004  -47.630  -21.127  54.355 0.0000000000
74025  -46.231  -22.176  50.447 0.0000000000
75101  -45.124  -21.411  46.511 0.0000000000
76209  -46.058  -20.655  44.496 0.0000000000
80723  -50.162  -16.540  44.820 0.0000000000
48794  -17.730  -45.260  62.176 0.0000000000
49980  -21.270  -44.673  56.454 0.0000000000
49913  -24.340  -44.365  60.909 0.0000000000
49964  -24.183  -44.117  57.318 0.0000000000
42362  -29.733  -49.585  68.485 0.0000000000
42387  -30.623  -51.744  66.257 0.0000000000
42420  -31.791  -51.569  63.152 0.0000000000
41327  -35.181  -51.232  63.825 0.0000000000
58422  -43.188  -35.474  56.428 0.0000000000
60716  -43.941  -34.350  55.594 0.0000000000
58424  -44.991  -35.459  56.338 0.0000000000
57313  -44.253  -37.444  58.418 0.0000000000
57311  -42.503  -37.522  58.365 0.0000000000
57337  -42.792  -36.537  57.314 0.0000000000
58420  -40.987  -35.443  56.348 0.0000000000
74098  -41.201  -21.885  45.341 0.0000000000
75133  -41.514  -21.850  43.825 0.0000000000
74116  -42.604  -22.413  43.151 0.0000000000
75124  -42.440  -21.311  44.172 0.0000000000
47555  -28.021  -45.023  70.459 0.0000000000
46516  -27.654  -46.599  69.751 0.0000000000
47566  -28.700  -46.012  70.131 0.0000000000
62966  -32.105  -32.237  47.715 0.0000000000
63987  -34.485  -31.719  48.419 0.0000000000
69713  -42.448  -27.952  50.708 0.0000000000
69738  -41.678  -27.861  49.668 0.0000000000
69711  -41.469  -27.165  50.693 0.0000000000
69721  -39.915  -26.653  50.103 0.0000000000
69688  -40.978  -26.965  52.754 0.0000000000
52782  -37.772  -41.294  67.608 0.0000000000
50854  -37.317  -43.010  67.050 0.0000000000
50865  -38.342  -42.796  66.237 0.0000000000
54999  -33.315  -39.867  56.788 0.0000000000
53935  -32.822  -40.850  57.325 0.0000000000
53946  -32.038  -40.308  56.233 0.0000000000
52928  -30.677  -41.699  56.044 0.0000000000
61866  -33.281  -33.207  50.388 0.0000000000
61875  -32.099  -33.311  49.623 0.0000000000
62953  -31.900  -32.798  48.776 0.0000000000
76153  -50.585  -19.897  50.452 0.0000000000
77264  -51.058  -18.897  49.368 0.0000000000
78426  -49.658  -18.602  47.637 0.0000000000
78428  -51.152  -17.992  48.378 0.0000000000
49825  -21.320  -44.598  66.524 0.0000000000
48736  -21.343  -44.608  65.608 0.0000000000
49845  -22.150  -44.124  65.497 0.0000000000
44656  -29.024  -49.067  60.998 0.0000000000
46649  -28.009  -47.655  60.040 0.0000000000
45694  -29.299  -48.734  59.510 0.0000000000
44679  -29.915  -49.221  59.007 0.0000000000
44680  -30.671  -49.728  59.434 0.0000000000
46603  -31.119  -47.177  63.937 0.0000000000
45639  -32.190  -48.360  64.510 0.0000000000
46605  -32.771  -47.809  63.286 0.0000000000
61854  -38.409  -33.377  53.062 0.0000000000
62926  -38.189  -32.240  51.938 0.0000000000
62897  -39.907  -32.720  53.216 0.0000000000
62901  -43.713  -32.025  53.832 0.0000000000
62916  -42.364  -31.732  53.018 0.0000000000
63945  -43.593  -31.057  52.795 0.0000000000
65058  -43.757  -29.937  52.296 0.0000000000
66256  -44.428  -29.638  53.155 0.0000000000
54899  -41.513  -38.826  63.345 0.0000000000
53864  -40.994  -39.996  62.789 0.0000000000
54931  -41.121  -39.530  62.129 0.0000000000
57321  -39.593  -36.899  57.933 0.0000000000
57307  -38.458  -37.708  59.054 0.0000000000
57319  -37.449  -37.780  58.124 0.0000000000
56174  -36.048  -38.212  57.174 0.0000000000
57345  -36.599  -37.092  56.243 0.0000000000
57371  -35.142  -37.282  54.700 0.0000000000
57358  -36.763  -36.541  55.592 0.0000000000
59603  -38.716  -34.664  54.217 0.0000000000
59602  -37.840  -35.112  54.125 0.0000000000
60744  -38.087  -34.358  53.681 0.0000000000
60760  -36.286  -33.885  52.380 0.0000000000
48665  -24.614  -45.466  69.781 0.0000000000
48700  -24.770  -44.933  67.604 0.0000000000
47594  -25.492  -46.478  68.595 0.0000000000
44590  -27.671  -49.412  67.238 0.0000000000
45601  -26.721  -48.230  66.764 0.0000000000
44621  -27.747  -49.465  65.253 0.0000000000
44634  -27.938  -49.251  63.935 0.0000000000
43529  -28.758  -50.282  64.742 0.0000000000
63977  -38.598  -30.802  49.395 0.0000000000
63990  -37.607  -30.818  48.544 0.0000000000
63991  -38.530  -30.437  48.385 0.0000000000
67514  -39.256  -28.009  47.228 0.0000000000
66318  -38.393  -28.919  46.794 0.0000000000
67512  -37.980  -27.907  46.365 0.0000000000
71877  -39.018  -24.349  49.490 0.0000000000
71906  -38.384  -24.600  47.903 0.0000000000
73023  -39.478  -23.598  48.868 0.0000000000
73040  -39.931  -22.849  47.735 0.0000000000
73004  -40.402  -23.256  49.840 0.0000000000
50808  -32.947  -42.810  70.126 0.0000000000
48641  -32.032  -43.893  69.398 0.0000000000
48655  -33.136  -43.544  68.789 0.0000000000
49851  -34.221  -43.709  66.019 0.0000000000
48723  -33.175  -44.702  67.291 0.0000000000
49850  -33.088  -43.954  65.886 0.0000000000
49867  -31.276  -44.545  64.951 0.0000000000
49868  -32.246  -43.707  64.883 0.0000000000
52862  -38.016  -41.524  62.241 0.0000000000
51855  -36.889  -42.288  63.533 0.0000000000
51880  -36.225  -41.785  61.802 0.0000000000
51904  -32.776  -42.475  59.755 0.0000000000
51893  -33.366  -42.531  60.763 0.0000000000
50946  -32.252  -43.185  60.836 0.0000000000
50931  -31.576  -43.913  61.479 0.0000000000
58453  -33.082  -36.890  52.874 0.0000000000
54803  -36.531  -39.172  69.594 0.0000000000
57139  -40.165  -36.989  65.664 0.0000000000
61810  -46.737  -32.522  56.795 0.0000000000
69627  -46.904  -27.818  56.796 0.0000000000
69625  -46.251  -26.716  56.964 0.0000000000
69661  -44.854  -27.777  55.139 0.0000000000
70740  -44.406  -25.943  56.998 0.0000000000
72938  -41.787  -23.494  57.307 0.0000000000
71830  -41.856  -24.870  56.080 0.0000000000
72947  -41.313  -23.422  56.266 0.0000000000
71837  -40.733  -24.245  54.358 0.0000000000
73976  -41.227  -22.440  54.711 0.0000000000
75015  -43.621  -21.511  53.591 0.0000000000
73984  -42.190  -22.048  53.261 0.0000000000
73995  -43.343  -22.311  52.227 0.0000000000
72990  -43.150  -22.774  50.353 0.0000000000
74023  -44.226  -22.562  50.222 0.0000000000
75005  -48.665  -21.088  54.387 0.0000000000
75070  -48.430  -21.117  49.672 0.0000000000
74027  -47.559  -21.877  50.590 0.0000000000
75068  -46.995  -21.636  49.004 0.0000000000
74078  -45.302  -21.939  48.092 0.0000000000
75102  -46.062  -21.080  46.482 0.0000000000
76198  -45.674  -20.880  45.490 0.0000000000
76199  -46.659  -20.694  45.261 0.0000000000
77325  -48.038  -19.238  43.664 0.0000000000
76238  -47.424  -20.435  42.549 0.0000000000
76239  -48.402  -20.403  42.103 0.0000000000
81808  -52.287  -15.420  46.578 0.0000000000
80710  -50.883  -16.106  45.827 0.0000000000
80724  -50.996  -15.654  44.925 0.0000000000
48798  -21.332  -44.736  61.535 0.0000000000
48811  -19.437  -44.809  61.011 0.0000000000
49933  -21.018  -44.620  60.096 0.0000000000
48841  -20.128  -45.352  58.505 0.0000000000
49947  -21.898  -44.309  58.677 0.0000000000
48768  -25.044  -44.806  63.695 0.0000000000
49885  -24.330  -44.321  62.981 0.0000000000
48786  -25.643  -45.401  62.181 0.0000000000
48843  -26.021  -45.261  58.343 0.0000000000
46750  -27.589  -47.851  54.874 0.0000000000
46534  -31.084  -47.090  68.936 0.0000000000
44544  -30.176  -48.372  69.510 0.0000000000
44557  -30.396  -48.644  68.787 0.0000000000
42377  -32.539  -51.159  66.211 0.0000000000
41269  -31.257  -51.163  66.840 0.0000000000
41294  -32.333  -52.121  65.814 0.0000000000
41322  -31.160  -51.863  64.521 0.0000000000
41309  -32.991  -52.233  65.172 0.0000000000
41359  -34.363  -51.694  62.265 0.0000000000
60729  -40.811  -34.011  54.588 0.0000000000
61843  -40.496  -33.434  53.963 0.0000000000
60731  -42.573  -33.777  55.100 0.0000000000
61829  -43.838  -33.185  54.732 0.0000000000
61848  -44.809  -32.299  54.525 0.0000000000
56115  -43.140  -38.258  60.497 0.0000000000
54952  -42.071  -38.608  60.932 0.0000000000
56140  -42.415  -38.429  59.595 0.0000000000
57322  -40.652  -36.860  57.977 0.0000000000
58407  -39.210  -36.308  56.808 0.0000000000
58417  -37.935  -36.165  56.068 0.0000000000
58419  -39.764  -35.638  56.090 0.0000000000
59573  -40.223  -35.186  55.566 0.0000000000
73083  -44.367  -23.108  42.524 0.0000000000
47563  -26.138  -45.875  70.469 0.0000000000
46533  -25.815  -46.930  69.113 0.0000000000
45556  -26.928  -47.047  69.482 0.0000000000
45565  -27.669  -48.250  69.024 0.0000000000
43492  -28.264  -49.504  68.592 0.0000000000
65088  -41.776  -29.533  49.626 0.0000000000
65100  -40.114  -29.511  48.347 0.0000000000
67489  -41.108  -28.671  48.859 0.0000000000
68622  -40.842  -27.848  48.676 0.0000000000
69768  -39.573  -27.310  47.694 0.0000000000
69767  -38.993  -26.784  47.302 0.0000000000
69735  -40.045  -26.762  49.028 0.0000000000
70806  -39.189  -26.012  50.431 0.0000000000
71861  -39.673  -24.711  51.649 0.0000000000
51793  -35.160  -42.322  69.329 0.0000000000
49782  -34.821  -43.332  68.744 0.0000000000
50841  -36.487  -43.108  67.994 0.0000000000
49834  -36.041  -43.573  66.755 0.0000000000
49871  -35.580  -43.059  65.333 0.0000000000
53914  -35.750  -40.346  59.121 0.0000000000
52890  -35.373  -41.495  60.301 0.0000000000
52911  -34.480  -40.976  58.914 0.0000000000
52909  -32.770  -41.841  58.478 0.0000000000
51915  -31.533  -42.390  57.630 0.0000000000
50964  -30.873  -43.724  57.285 0.0000000000
51920  -30.743  -42.494  56.535 0.0000000000
59614  -33.440  -35.098  51.671 0.0000000000
60763  -31.778  -34.395  50.258 0.0000000000
76042  -41.971  -20.840  56.747 0.0000000000
74972  -41.881  -21.197  55.846 0.0000000000
76066  -43.343  -20.431  56.281 0.0000000000
76085  -43.991  -20.531  55.702 0.0000000000
75002  -45.253  -21.121  54.292 0.0000000000
76106  -50.731  -20.095  53.421 0.0000000000
75031  -49.739  -20.987  52.737 0.0000000000
76122  -50.373  -20.453  51.503 0.0000000000
76151  -49.596  -20.229  49.829 0.0000000000
76176  -48.143  -20.172  48.005 0.0000000000
76190  -47.792  -20.149  46.880 0.0000000000
77289  -48.722  -19.287  47.254 0.0000000000
78438  -48.494  -18.891  46.207 0.0000000000
79618  -48.767  -17.981  44.327 0.0000000000
82923  -53.034  -14.174  45.112 0.0000000000
81834  -51.745  -14.803  44.441 0.0000000000
81845  -52.172  -14.812  42.569 0.0000000000
48733  -19.572  -44.503  65.456 0.0000000000
48764  -19.665  -44.674  64.033 0.0000000000
48749  -20.274  -44.683  64.719 0.0000000000
48766  -21.131  -44.846  63.662 0.0000000000
49911  -22.424  -44.289  61.643 0.0000000000
46632  -26.879  -47.082  61.803 0.0000000000
47684  -26.242  -45.804  60.822 0.0000000000
46662  -27.108  -46.861  60.216 0.0000000000
46679  -27.810  -47.009  58.592 0.0000000000
46695  -27.944  -46.937  57.501 0.0000000000
46733  -28.531  -47.913  55.997 0.0000000000
45720  -29.546  -48.604  57.510 0.0000000000
46560  -30.605  -47.480  66.853 0.0000000000
44591  -30.614  -49.054  67.194 0.0000000000
45620  -31.050  -48.576  65.697 0.0000000000
44609  -32.807  -49.836  65.817 0.0000000000
43514  -33.834  -49.869  65.460 0.0000000000
62923  -35.422  -32.676  50.980 0.0000000000
63974  -35.312  -31.928  49.438 0.0000000000
63964  -37.113  -31.863  50.686 0.0000000000
63965  -38.215  -31.336  50.549 0.0000000000
63966  -39.535  -30.916  50.470 0.0000000000
62915  -41.368  -31.886  52.919 0.0000000000
63955  -41.298  -31.070  51.515 0.0000000000
63968  -41.768  -30.715  50.821 0.0000000000
65076  -42.631  -29.666  50.565 0.0000000000
67462  -42.940  -28.846  51.308 0.0000000000
68571  -43.248  -28.152  52.069 0.0000000000
52808  -39.550  -40.448  65.516 0.0000000000
52822  -39.635  -41.663  65.047 0.0000000000
52851  -40.128  -41.215  63.757 0.0000000000
52879  -39.178  -41.089  62.344 0.0000000000
53883  -38.360  -40.261  61.288 0.0000000000
56112  -40.408  -38.554  60.671 0.0000000000
56110  -38.789  -38.986  60.554 0.0000000000
53916  -36.864  -39.869  59.817 0.0000000000
54988  -36.131  -39.380  58.539 0.0000000000
55000  -34.312  -39.053  56.667 0.0000000000
55017  -33.170  -38.745  55.310 0.0000000000
56202  -31.459  -38.618  54.181 0.0000000000
56204  -33.146  -38.205  54.608 0.0000000000
58445  -34.083  -37.132  53.580 0.0000000000
58454  -34.414  -36.458  53.001 0.0000000000
58447  -36.520  -36.078  54.359 0.0000000000
59600  -35.956  -35.920  53.652 0.0000000000
59608  -34.604  -35.427  52.481 0.0000000000
59615  -34.372  -34.573  51.903 0.0000000000
61859  -34.513  -33.353  51.200 0.0000000000
79576  -52.480  -17.145  48.386 0.0000000000
80641  -54.083  -15.871  49.416 0.0000000000
81797  -53.652  -15.713  47.962 0.0000000000
81810  -54.308  -14.377  47.007 0.0000000000
82925  -54.443  -13.744  46.019 0.0000000000
83984  -53.963  -13.585  44.733 0.0000000000
49812  -23.150  -44.046  67.695 0.0000000000
49827  -22.712  -43.891  66.533 0.0000000000
49828  -24.123  -44.132  66.647 0.0000000000
48738  -25.432  -45.400  65.758 0.0000000000
47637  -25.776  -46.522  64.533 0.0000000000
46551  -25.853  -47.008  67.334 0.0000000000
46569  -25.962  -47.501  65.633 0.0000000000
46602  -26.479  -47.464  63.763 0.0000000000
45663  -27.166  -47.822  62.660 0.0000000000
44649  -28.290  -48.864  62.448 0.0000000000
44651  -29.521  -49.846  62.011 0.0000000000
63989  -36.431  -31.172  48.660 0.0000000000
64017  -35.845  -30.355  46.975 0.0000000000
65098  -38.899  -29.701  47.639 0.0000000000
74085  -40.546  -22.186  46.119 0.0000000000
74086  -41.679  -22.060  46.245 0.0000000000
49729  -29.897  -43.634  70.794 0.0000000000
47568  -30.142  -46.037  70.051 0.0000000000
48639  -30.733  -44.961  69.877 0.0000000000
47576  -31.422  -45.450  69.320 0.0000000000
47596  -31.774  -46.167  68.632 0.0000000000
48686  -33.453  -44.259  68.264 0.0000000000
48703  -32.555  -45.239  67.826 0.0000000000
47608  -31.467  -46.495  67.644 0.0000000000
48719  -30.565  -46.248  65.877 0.0000000000
47651  -30.425  -46.181  64.208 0.0000000000
47663  -31.276  -46.099  62.464 0.0000000000
50891  -38.249  -43.064  64.694 0.0000000000
50889  -36.769  -42.797  64.661 0.0000000000
50904  -34.430  -42.670  63.675 0.0000000000
51879  -35.135  -42.302  61.889 0.0000000000
50934  -33.908  -42.779  62.111 0.0000000000
50903  -33.572  -42.961  63.506 0.0000000000
50901  -31.840  -43.693  63.025 0.0000000000
48787  -31.126  -45.223  62.094 0.0000000000
56201  -30.515  -38.368  53.315 0.0000000000
58398  -45.186  -36.247  58.235 0.0000000000
59564  -46.035  -35.399  57.401 0.0000000000
49809  -19.450  -44.322  66.956 0.0000000000
49778  -21.602  -44.099  69.203 0.0000000000
49779  -22.587  -44.137  69.576 0.0000000000
49761  -23.570  -44.470  70.856 0.0000000000
48621  -25.641  -44.735  71.538 0.0000000000
48613  -26.707  -44.016  71.804 0.0000000000
48615  -28.285  -43.730  71.527 0.0000000000
50794  -29.150  -42.960  71.732 0.0000000000
50796  -30.867  -42.845  71.264 0.0000000000
51766  -32.379  -42.351  71.507 0.0000000000
51777  -33.566  -42.169  70.650 0.0000000000
53708  -34.470  -40.981  71.074 0.0000000000
52751  -35.141  -41.110  70.117 0.0000000000
53740  -36.083  -40.828  69.475 0.0000000000
53759  -37.156  -40.684  68.605 0.0000000000
53761  -37.936  -39.924  67.413 0.0000000000
54844  -39.066  -39.119  66.131 0.0000000000
54858  -39.813  -38.651  65.285 0.0000000000
56042  -40.392  -38.330  64.612 0.0000000000
58367  -44.319  -36.877  59.980 0.0000000000
59581  -46.580  -34.295  56.309 0.0000000000
61832  -46.198  -32.942  55.598 0.0000000000
63918  -46.076  -31.134  55.394 0.0000000000
67393  -47.001  -28.770  57.452 0.0000000000
67415  -46.462  -29.301  55.851 0.0000000000
66241  -45.791  -30.003  54.819 0.0000000000
68558  -44.756  -28.757  53.987 0.0000000000
69676  -44.095  -27.933  54.069 0.0000000000
69675  -42.977  -27.571  53.714 0.0000000000
71821  -43.344  -25.026  56.921 0.0000000000
70770  -42.577  -26.053  55.418 0.0000000000
69658  -41.646  -26.324  54.418 0.0000000000
70779  -40.366  -25.492  53.435 0.0000000000
71853  -40.071  -24.748  52.721 0.0000000000
72977  -40.188  -23.986  51.968 0.0000000000
73983  -41.445  -22.284  53.692 0.0000000000
72969  -41.527  -22.745  52.222 0.0000000000
72988  -41.194  -23.123  50.661 0.0000000000
73005  -41.496  -23.042  49.637 0.0000000000
73026  -42.664  -22.711  48.641 0.0000000000
74075  -42.880  -22.385  47.353 0.0000000000
74989  -47.071  -20.883  55.317 0.0000000000
75017  -45.775  -21.675  53.141 0.0000000000
75030  -48.890  -21.235  52.453 0.0000000000
73999  -46.910  -22.072  51.778 0.0000000000
74009  -45.752  -22.280  51.211 0.0000000000
74045  -45.021  -22.289  49.467 0.0000000000
74077  -44.654  -22.088  47.792 0.0000000000
75099  -43.441  -21.630  46.205 0.0000000000
76207  -44.119  -20.913  44.754 0.0000000000
75136  -44.741  -21.114  43.076 0.0000000000
75151  -45.325  -21.581  42.425 0.0000000000
76210  -47.085  -20.367  44.375 0.0000000000
75152  -46.463  -21.195  42.210 0.0000000000
73096  -46.752  -23.079  41.758 0.0000000000
80679  -51.251  -16.894  47.441 0.0000000000
79604  -49.784  -17.247  45.549 0.0000000000
79635  -49.323  -17.532  43.497 0.0000000000
80749  -50.589  -16.876  42.565 0.0000000000
79651  -50.217  -17.743  42.591 0.0000000000
78495  -49.552  -18.533  42.566 0.0000000000
49896  -18.854  -44.638  62.684 0.0000000000
49864  -23.476  -43.877  64.352 0.0000000000
49898  -23.477  -44.133  62.315 0.0000000000
49924  -23.547  -44.202  60.222 0.0000000000
48815  -25.762  -45.214  60.260 0.0000000000
49937  -24.555  -44.334  58.968 0.0000000000
49948  -22.899  -43.985  58.429 0.0000000000
49981  -22.501  -44.094  56.396 0.0000000000
45550  -29.643  -47.582  69.721 0.0000000000
43467  -29.348  -49.116  69.251 0.0000000000
42367  -29.051  -50.732  67.812 0.0000000000
43494  -31.038  -50.033  67.056 0.0000000000
41278  -30.251  -51.284  67.312 0.0000000000
42385  -29.016  -51.054  66.037 0.0000000000
42406  -29.847  -51.079  64.234 0.0000000000
43537  -30.059  -50.807  63.023 0.0000000000
42445  -30.936  -50.983  62.254 0.0000000000
44627  -34.941  -49.401  64.639 0.0000000000
42389  -34.663  -50.522  64.548 0.0000000000
41311  -34.140  -51.512  64.562 0.0000000000
41341  -33.549  -52.019  63.401 0.0000000000
42431  -32.178  -51.449  62.463 0.0000000000
43551  -31.775  -50.729  60.965 0.0000000000
58412  -43.908  -36.084  56.750 0.0000000000
58423  -44.166  -35.507  56.402 0.0000000000
58413  -44.714  -35.998  56.701 0.0000000000
57326  -44.396  -37.009  57.539 0.0000000000
57325  -43.550  -37.194  57.646 0.0000000000
57338  -43.715  -36.660  57.125 0.0000000000
58411  -42.964  -35.995  56.892 0.0000000000
75123  -41.745  -21.586  44.085 0.0000000000
75134  -42.134  -21.768  43.608 0.0000000000
75112  -42.543  -21.374  45.023 0.0000000000
48624  -28.431  -44.209  71.080 0.0000000000
47556  -28.988  -45.159  70.334 0.0000000000
62954  -32.872  -32.331  48.626 0.0000000000
62967  -33.102  -31.993  47.843 0.0000000000
62955  -33.896  -31.958  48.486 0.0000000000
69702  -42.653  -27.810  51.376 0.0000000000
69712  -42.135  -27.493  50.626 0.0000000000
69701  -42.101  -27.403  51.529 0.0000000000
69700  -41.216  -27.193  51.719 0.0000000000
68569  -41.447  -27.129  52.932 0.0000000000
52794  -38.211  -41.250  67.010 0.0000000000
51823  -37.958  -42.137  67.207 0.0000000000
51833  -38.827  -42.066  66.258 0.0000000000
55005  -32.367  -39.817  55.966 0.0000000000
54998  -32.728  -40.013  56.476 0.0000000000
62932  -33.966  -32.580  50.042 0.0000000000
62940  -32.731  -32.809  49.507 0.0000000000
78399  -52.254  -18.329  49.897 0.0000000000
77250  -51.683  -18.898  50.048 0.0000000000
78415  -51.678  -18.300  49.004 0.0000000000
78414  -50.780  -18.579  48.732 0.0000000000
49810  -21.332  -44.512  67.026 0.0000000000
49826  -21.708  -44.323  66.408 0.0000000000
44657  -29.590  -49.602  61.371 0.0000000000
44665  -29.141  -48.886  60.398 0.0000000000
44666  -29.724  -49.321  60.213 0.0000000000
44667  -30.415  -49.852  60.167 0.0000000000
46604  -31.749  -47.364  63.437 0.0000000000
46588  -32.301  -47.954  63.897 0.0000000000
61841  -38.842  -33.572  53.417 0.0000000000
61855  -39.110  -32.848  52.953 0.0000000000
61842  -39.318  -33.398  53.482 0.0000000000
62919  -44.495  -31.454  53.737 0.0000000000
62918  -44.035  -31.490  53.481 0.0000000000
63946  -44.502  -30.946  53.416 0.0000000000
63959  -44.150  -30.292  52.896 0.0000000000
65053  -45.058  -30.285  53.660 0.0000000000
54914  -41.820  -38.901  62.686 0.0000000000
54913  -41.342  -39.416  63.081 0.0000000000
57333  -38.640  -36.656  56.932 0.0000000000
57320  -38.504  -37.170  57.993 0.0000000000
57332  -37.536  -37.159  57.083 0.0000000000
57331  -36.538  -37.831  57.156 0.0000000000
59604  -39.360  -34.366  54.230 0.0000000000
60745  -38.829  -33.953  53.685 0.0000000000
60753  -37.682  -33.926  53.158 0.0000000000
47581  -25.116  -46.160  69.179 0.0000000000
44605  -27.188  -48.997  66.365 0.0000000000
44606  -27.687  -49.642  66.393 0.0000000000
43522  -28.545  -50.382  65.529 0.0000000000
63978  -39.609  -30.522  49.514 0.0000000000
65071  -39.337  -30.337  48.799 0.0000000000
68650  -39.227  -27.688  47.272 0.0000000000
67513  -38.788  -28.146  46.890 0.0000000000
71889  -38.905  -24.148  48.924 0.0000000000
50809  -33.617  -42.383  70.122 0.0000000000
50817  -33.270  -43.007  69.436 0.0000000000
52877  -37.656  -40.951  61.441 0.0000000000
51881  -37.192  -41.561  61.849 0.0000000000
52876  -36.693  -41.222  61.186 0.0000000000
50957  -32.110  -42.786  59.238 0.0000000000
50953  -32.112  -43.042  59.976 0.0000000000
50952  -31.634  -43.670  60.311 0.0000000000
58461  -32.114  -36.365  51.739 0.0000000000
70759  -45.564  -26.426  56.938 0.0000000000
73961  -41.322  -22.409  57.135 0.0000000000
72954  -40.981  -23.587  54.905 0.0000000000
73970  -41.270  -22.491  55.808 0.0000000000
75016  -44.597  -21.523  53.470 0.0000000000
73986  -43.952  -21.923  52.860 0.0000000000
73996  -44.316  -22.255  52.090 0.0000000000
74007  -43.628  -22.589  51.277 0.0000000000
77179  -49.770  -19.191  55.530 0.0000000000
76089  -49.629  -20.056  55.337 0.0000000000
76088  -48.856  -20.585  55.660 0.0000000000
75006  -49.482  -20.772  54.382 0.0000000000
75095  -47.669  -20.619  47.889 0.0000000000
75069  -47.636  -21.449  49.411 0.0000000000
75094  -47.113  -21.045  47.752 0.0000000000
75093  -46.347  -21.267  47.499 0.0000000000
75103  -46.994  -20.838  46.998 0.0000000000
76188  -46.374  -20.835  45.830 0.0000000000
77333  -48.302  -19.541  42.800 0.0000000000
77334  -49.138  -19.574  42.409 0.0000000000
81819  -51.612  -15.374  45.674 0.0000000000
49861  -18.299  -44.378  64.388 0.0000000000
49922  -21.668  -44.583  60.816 0.0000000000
49921  -21.083  -44.708  60.627 0.0000000000
49946  -20.958  -44.613  59.064 0.0000000000
48769  -25.555  -45.531  63.240 0.0000000000
47785  -26.629  -47.060  54.726 0.0000000000
46542  -31.255  -47.064  68.565 0.0000000000
45576  -30.701  -48.032  68.490 0.0000000000
41282  -33.247  -51.345  65.735 0.0000000000
41281  -32.784  -51.622  66.068 0.0000000000
41295  -32.994  -52.013  65.813 0.0000000000
41308  -32.069  -52.233  65.163 0.0000000000
59593  -41.461  -34.438  55.311 0.0000000000
60730  -41.694  -33.866  54.955 0.0000000000
60714  -42.218  -34.233  55.408 0.0000000000
60732  -43.462  -33.776  55.153 0.0000000000
60733  -44.299  -33.734  55.237 0.0000000000
61830  -44.598  -33.025  54.921 0.0000000000
56141  -43.163  -38.230  59.393 0.0000000000
57323  -41.691  -36.797  58.037 0.0000000000
57335  -40.748  -36.356  57.442 0.0000000000
57334  -39.755  -36.450  57.341 0.0000000000
58408  -39.791  -36.017  56.852 0.0000000000
58421  -42.110  -35.473  56.388 0.0000000000
59574  -41.248  -34.973  55.828 0.0000000000
59592  -40.546  -34.679  55.073 0.0000000000
73072  -42.168  -23.339  43.209 0.0000000000
74117  -43.438  -22.352  42.770 0.0000000000
74128  -44.063  -22.378  42.508 0.0000000000
47553  -26.190  -45.205  70.937 0.0000000000
46514  -26.313  -46.374  70.028 0.0000000000
46515  -26.880  -46.480  69.822 0.0000000000
45548  -28.368  -47.715  69.479 0.0000000000
45557  -27.790  -47.927  69.205 0.0000000000
44540  -28.169  -48.431  69.211 0.0000000000
44555  -27.981  -48.793  69.003 0.0000000000
44556  -28.437  -49.108  69.105 0.0000000000
64001  -33.342  -31.617  47.270 0.0000000000
66278  -42.015  -29.315  49.813 0.0000000000
66290  -41.532  -29.072  49.314 0.0000000000
67476  -41.927  -28.725  49.778 0.0000000000
69737  -41.333  -27.663  49.347 0.0000000000
68609  -41.273  -27.848  49.129 0.0000000000
69751  -40.871  -27.511  48.872 0.0000000000
68633  -40.081  -27.744  47.998 0.0000000000
69750  -40.330  -27.363  48.428 0.0000000000
69749  -39.550  -26.789  48.048 0.0000000000
69709  -39.732  -26.499  51.123 0.0000000000
70797  -39.443  -25.631  51.346 0.0000000000
71870  -39.103  -24.903  50.458 0.0000000000
51794  -35.837  -42.199  69.114 0.0000000000
50829  -35.885  -43.004  68.688 0.0000000000
51809  -36.339  -42.546  68.577 0.0000000000
49816  -36.568  -43.541  67.072 0.0000000000
49835  -36.850  -43.368  66.458 0.0000000000
49853  -36.264  -43.251  66.012 0.0000000000
53927  -35.440  -40.037  58.620 0.0000000000
52912  -35.135  -40.524  58.884 0.0000000000
53926  -34.596  -40.234  58.297 0.0000000000
52926  -32.210  -41.135  56.995 0.0000000000
52920  -33.206  -41.064  57.948 0.0000000000
52919  -32.361  -41.707  57.844 0.0000000000
51916  -32.048  -42.280  58.163 0.0000000000
52918  -31.742  -41.942  57.457 0.0000000000
51921  -31.140  -42.365  57.070 0.0000000000
52924  -30.891  -41.962  56.515 0.0000000000
59621  -33.066  -34.318  51.001 0.0000000000
59620  -32.397  -34.895  50.893 0.0000000000
60764  -32.514  -33.860  50.433 0.0000000000
76043  -42.710  -20.472  56.903 0.0000000000
76068  -45.092  -20.252  56.605 0.0000000000
76067  -44.228  -20.290  56.474 0.0000000000
76086  -44.886  -20.458  55.915 0.0000000000
74987  -44.644  -20.743  55.095 0.0000000000
74988  -45.863  -20.627  55.498 0.0000000000
77205  -52.225  -18.749  52.193 0.0000000000
78331  -52.051  -18.252  53.320 0.0000000000
77204  -51.821  -19.219  52.614 0.0000000000
76114  -51.223  -19.859  52.506 0.0000000000
76113  -50.666  -20.349  52.376 0.0000000000
76123  -51.057  -20.034  51.699 0.0000000000
77263  -50.157  -19.402  49.269 0.0000000000
76152  -50.222  -19.922  50.025 0.0000000000
76163  -49.157  -20.045  49.114 0.0000000000
76162  -48.550  -20.187  48.533 0.0000000000
76177  -48.675  -19.778  48.177 0.0000000000
76191  -48.292  -19.826  47.581 0.0000000000
77273  -49.410  -19.335  48.417 0.0000000000
78439  -49.363  -18.215  46.538 0.0000000000
78451  -48.825  -18.211  45.586 0.0000000000
79603  -49.343  -17.768  45.697 0.0000000000
82939  -52.631  -13.967  44.062 0.0000000000
82938  -52.086  -14.462  43.382 0.0000000000
48713  -19.831  -44.590  65.921 0.0000000000
48734  -20.087  -44.648  65.432 0.0000000000
48735  -20.678  -44.758  65.497 0.0000000000
48751  -21.682  -44.536  64.552 0.0000000000
48750  -20.944  -44.846  64.657 0.0000000000
48784  -21.936  -44.552  62.286 0.0000000000
49897  -22.665  -44.114  62.770 0.0000000000
46633  -27.430  -47.539  61.517 0.0000000000
46647  -27.003  -46.989  60.973 0.0000000000
46648  -27.616  -47.399  60.577 0.0000000000
46664  -28.244  -47.582  59.298 0.0000000000
46680  -28.447  -47.514  58.278 0.0000000000
46696  -28.598  -47.602  57.300 0.0000000000
45705  -28.946  -48.140  57.936 0.0000000000
44693  -30.616  -49.452  58.421 0.0000000000
44692  -30.013  -49.090  58.003 0.0000000000
46571  -30.425  -47.600  65.889 0.0000000000
45619  -30.541  -48.223  66.386 0.0000000000
45622  -32.844  -48.881  64.952 0.0000000000
44624  -32.365  -49.315  65.536 0.0000000000
44625  -33.325  -49.463  65.334 0.0000000000
43513  -33.095  -50.043  65.912 0.0000000000
44610  -33.661  -49.864  65.548 0.0000000000
62924  -36.147  -32.673  51.299 0.0000000000
62934  -35.837  -32.295  50.536 0.0000000000
62925  -37.186  -32.447  51.560 0.0000000000
62927  -38.770  -32.128  52.179 0.0000000000
63952  -37.830  -31.899  51.294 0.0000000000
63953  -38.999  -31.613  51.694 0.0000000000
63954  -40.201  -31.202  51.489 0.0000000000
61844  -41.497  -32.979  54.057 0.0000000000
62898  -40.910  -32.539  53.459 0.0000000000
62899  -41.911  -32.316  53.580 0.0000000000
63944  -42.789  -31.247  52.408 0.0000000000
63943  -41.845  -31.380  52.278 0.0000000000
63956  -42.286  -30.981  51.586 0.0000000000
63969  -42.571  -30.529  50.994 0.0000000000
65065  -42.112  -30.260  50.330 0.0000000000
63970  -43.006  -30.251  51.196 0.0000000000
67453  -43.979  -29.322  52.697 0.0000000000
66266  -43.557  -29.389  51.983 0.0000000000
67452  -43.712  -28.948  52.378 0.0000000000
68583  -43.280  -28.553  51.837 0.0000000000
68572  -43.808  -28.641  52.822 0.0000000000
53812  -40.065  -39.652  64.916 0.0000000000
53827  -40.161  -40.266  64.793 0.0000000000
53845  -40.503  -40.524  64.094 0.0000000000
53885  -40.554  -40.142  62.354 0.0000000000
53863  -40.456  -40.796  62.984 0.0000000000
53884  -39.543  -40.596  62.125 0.0000000000
52878  -38.624  -41.018  61.962 0.0000000000
54929  -38.946  -39.862  61.338 0.0000000000
56113  -41.356  -38.539  60.468 0.0000000000
56138  -40.496  -38.058  60.026 0.0000000000
56160  -37.923  -38.111  59.192 0.0000000000
56136  -38.366  -38.520  59.846 0.0000000000
56135  -37.581  -38.789  59.599 0.0000000000
54972  -37.783  -39.019  59.911 0.0000000000
54971  -37.076  -39.321  59.600 0.0000000000
54970  -36.535  -39.541  59.154 0.0000000000
56158  -36.634  -38.852  58.516 0.0000000000
56179  -35.175  -38.191  56.237 0.0000000000
56173  -35.416  -38.435  56.888 0.0000000000
56178  -34.573  -38.421  55.997 0.0000000000
55007  -34.069  -38.783  56.071 0.0000000000
56177  -33.963  -38.636  55.772 0.0000000000
56190  -33.792  -38.332  55.167 0.0000000000
56191  -34.384  -38.196  55.469 0.0000000000
57370  -34.506  -37.443  54.355 0.0000000000
58435  -37.444  -36.045  55.392 0.0000000000
59589  -37.949  -35.511  54.869 0.0000000000
59601  -36.724  -35.325  53.758 0.0000000000
59609  -35.780  -35.217  52.980 0.0000000000
60750  -35.222  -34.553  52.310 0.0000000000
61861  -36.563  -33.350  52.076 0.0000000000
60759  -35.736  -33.887  52.089 0.0000000000
61860  -35.428  -33.220  51.516 0.0000000000
61868  -34.883  -32.904  50.983 0.0000000000
81788  -54.308  -15.224  48.818 0.0000000000
81798  -54.305  -14.741  47.758 0.0000000000
82911  -54.637  -13.852  46.704 0.0000000000
83971  -54.905  -13.313  46.319 0.0000000000
82924  -53.876  -13.933  45.424 0.0000000000
83985  -54.624  -13.221  45.352 0.0000000000
49797  -23.489  -44.313  68.896 0.0000000000
49813  -24.079  -44.381  68.071 0.0000000000
47606  -25.335  -45.582  67.263 0.0000000000
48717  -25.101  -45.071  66.612 0.0000000000
48718  -25.454  -45.503  66.445 0.0000000000
47629  -25.713  -46.488  65.478 0.0000000000
45573  -26.429  -47.489  68.691 0.0000000000
46541  -25.861  -47.030  68.234 0.0000000000
45584  -26.332  -47.577  67.869 0.0000000000
45617  -26.612  -48.287  65.652 0.0000000000
45616  -26.229  -47.816  66.331 0.0000000000
46570  -26.209  -47.758  65.003 0.0000000000
46584  -26.229  -47.507  64.440 0.0000000000
45650  -27.074  -48.085  63.357 0.0000000000
44643  -28.582  -49.582  63.470 0.0000000000
44642  -28.165  -49.024  62.970 0.0000000000
44650  -28.864  -49.368  62.278 0.0000000000
43543  -29.642  -50.218  62.612 0.0000000000
63975  -36.112  -31.768  49.764 0.0000000000
63988  -35.168  -31.612  48.735 0.0000000000
64004  -36.789  -30.628  47.631 0.0000000000
66304  -40.064  -29.108  48.104 0.0000000000
65099  -39.578  -29.529  47.951 0.0000000000
65115  -39.174  -29.264  47.526 0.0000000000
66334  -37.440  -28.694  46.205 0.0000000000
70839  -38.887  -26.172  47.703 0.0000000000
70838  -38.408  -25.420  47.361 0.0000000000
73039  -38.828  -23.607  47.592 0.0000000000
74083  -38.844  -22.950  45.403 0.0000000000
74072  -39.972  -22.480  46.796 0.0000000000
74073  -40.862  -22.356  47.178 0.0000000000
49730  -30.610  -43.805  70.462 0.0000000000
48627  -30.653  -44.384  70.153 0.0000000000
49744  -31.136  -43.922  70.050 0.0000000000
47577  -31.727  -44.833  69.097 0.0000000000
48653  -31.610  -44.699  69.268 0.0000000000
47584  -31.876  -45.010  68.904 0.0000000000
47583  -31.672  -45.867  69.068 0.0000000000
47597  -32.098  -45.315  68.652 0.0000000000
49799  -35.019  -43.780  68.197 0.0000000000
48687  -34.270  -43.774  68.324 0.0000000000
48705  -34.213  -44.099  68.003 0.0000000000
48722  -32.311  -45.116  67.096 0.0000000000
48702  -31.871  -45.726  67.478 0.0000000000
48721  -31.551  -45.483  66.855 0.0000000000
48720  -30.953  -46.006  66.453 0.0000000000
49829  -31.234  -45.356  66.242 0.0000000000
49886  -30.918  -44.782  64.382 0.0000000000
49866  -30.794  -45.081  64.685 0.0000000000
48770  -30.565  -45.325  64.023 0.0000000000
47652  -30.907  -46.435  63.438 0.0000000000
48771  -30.844  -45.287  63.026 0.0000000000
52837  -39.674  -41.785  64.192 0.0000000000
51846  -39.041  -42.641  64.645 0.0000000000
51845  -38.499  -42.836  64.390 0.0000000000
51854  -36.401  -42.243  63.425 0.0000000000
50907  -37.225  -42.649  64.196 0.0000000000
50906  -36.256  -42.375  63.831 0.0000000000
50888  -35.875  -42.687  64.628 0.0000000000
50905  -35.285  -42.455  63.815 0.0000000000
52902  -34.448  -41.713  59.727 0.0000000000
51895  -35.345  -41.880  60.973 0.0000000000
51894  -34.433  -42.163  60.604 0.0000000000
51877  -33.586  -42.675  61.485 0.0000000000
50918  -33.242  -42.987  62.619 0.0000000000
50919  -33.971  -42.710  62.930 0.0000000000
50902  -32.680  -43.225  63.263 0.0000000000
50917  -32.367  -43.278  62.373 0.0000000000
49926  -31.364  -44.357  60.892 0.0000000000
49914  -31.312  -44.453  61.763 0.0000000000
48802  -31.176  -45.075  61.325 0.0000000000
47674  -31.460  -45.937  61.439 0.0000000000
57367  -31.357  -37.876  53.332 0.0000000000
49808  -18.886  -44.084  66.763 0.0000000000
49759  -21.934  -43.912  70.184 0.0000000000
50783  -30.161  -42.337  72.029 0.0000000000
50795  -29.658  -42.890  71.507 0.0000000000
51776  -32.735  -42.441  71.093 0.0000000000
52737  -33.312  -41.878  71.281 0.0000000000
54788  -35.333  -39.375  70.739 0.0000000000
53695  -34.582  -40.040  71.442 0.0000000000
53709  -35.003  -40.388  70.828 0.0000000000
52739  -34.589  -41.320  70.617 0.0000000000
53724  -35.247  -40.602  70.312 0.0000000000
52752  -35.711  -41.284  69.563 0.0000000000
53725  -35.683  -40.303  69.927 0.0000000000
54815  -37.139  -39.331  68.994 0.0000000000
53741  -36.609  -40.334  69.225 0.0000000000
53742  -37.231  -40.021  68.694 0.0000000000
53760  -37.588  -40.329  68.036 0.0000000000
54829  -37.846  -39.311  67.864 0.0000000000
54843  -38.656  -39.176  66.681 0.0000000000
56013  -38.891  -38.645  66.573 0.0000000000
54857  -39.602  -39.062  65.543 0.0000000000
56014  -39.285  -38.184  66.316 0.0000000000
57154  -40.269  -37.514  65.156 0.0000000000
57171  -40.701  -37.759  64.421 0.0000000000
57188  -41.243  -37.663  63.897 0.0000000000
58381  -44.858  -36.727  59.125 0.0000000000
59556  -46.231  -34.593  57.677 0.0000000000
58415  -46.090  -35.233  56.759 0.0000000000
59566  -46.691  -34.334  57.017 0.0000000000
62873  -46.673  -31.850  56.813 0.0000000000
61816  -46.753  -32.972  56.026 0.0000000000
62878  -46.467  -31.709  55.958 0.0000000000
62885  -46.120  -31.773  55.423 0.0000000000
63919  -46.278  -31.117  55.752 0.0000000000
69646  -46.648  -28.271  56.388 0.0000000000
68513  -46.791  -28.487  56.591 0.0000000000
68540  -46.487  -28.863  55.914 0.0000000000
66222  -46.130  -29.722  55.429 0.0000000000
67430  -45.764  -29.301  54.937 0.0000000000
68559  -45.425  -28.852  54.667 0.0000000000
68538  -45.727  -28.624  55.273 0.0000000000
69643  -44.453  -27.083  55.902 0.0000000000
69660  -43.850  -27.262  54.834 0.0000000000
72925  -42.667  -23.719  58.116 0.0000000000
71822  -44.014  -25.336  57.245 0.0000000000
70755  -42.363  -25.517  55.850 0.0000000000
70769  -41.994  -25.946  55.128 0.0000000000
70768  -41.210  -25.674  54.509 0.0000000000
69673  -40.947  -26.294  53.699 0.0000000000
72960  -40.692  -23.840  54.069 0.0000000000
71845  -40.442  -24.516  53.668 0.0000000000
72967  -40.457  -23.822  53.186 0.0000000000
72968  -40.917  -22.998  52.776 0.0000000000
74984  -42.216  -21.193  55.233 0.0000000000
74998  -41.748  -21.701  54.549 0.0000000000
74999  -42.459  -21.327  54.429 0.0000000000
73994  -42.340  -22.418  52.389 0.0000000000
73993  -41.638  -22.451  52.859 0.0000000000
72978  -40.959  -23.156  51.663 0.0000000000
72989  -42.202  -23.018  50.444 0.0000000000
73007  -43.490  -22.665  49.631 0.0000000000
73006  -42.609  -22.871  49.472 0.0000000000
74061  -42.325  -22.581  48.005 0.0000000000
74062  -43.172  -22.546  48.103 0.0000000000
75003  -46.450  -21.130  54.310 0.0000000000
75018  -47.077  -21.471  53.284 0.0000000000
75040  -49.625  -20.952  51.711 0.0000000000
75039  -48.730  -21.357  51.397 0.0000000000
74026  -46.995  -22.054  50.532 0.0000000000
74011  -47.324  -22.019  51.196 0.0000000000
74010  -46.575  -22.183  51.179 0.0000000000
73998  -46.212  -22.146  51.871 0.0000000000
74024  -45.325  -22.347  50.373 0.0000000000
74046  -45.918  -22.104  49.644 0.0000000000
75092  -45.412  -21.598  47.349 0.0000000000
75091  -44.548  -21.836  47.011 0.0000000000
75090  -43.897  -21.895  46.751 0.0000000000
75100  -44.331  -21.514  46.316 0.0000000000
75126  -43.700  -21.071  45.055 0.0000000000
76196  -44.299  -20.981  45.181 0.0000000000
76224  -45.393  -20.732  43.732 0.0000000000
76208  -45.062  -20.740  44.613 0.0000000000
75137  -45.743  -20.926  42.915 0.0000000000
76200  -47.494  -20.243  45.375 0.0000000000
76211  -47.545  -20.088  44.696 0.0000000000
75153  -47.156  -20.908  41.994 0.0000000000
76237  -46.696  -20.574  42.863 0.0000000000
75163  -47.279  -21.502  41.674 0.0000000000
74143  -46.603  -22.236  41.627 0.0000000000
79575  -51.982  -17.161  48.179 0.0000000000
80680  -51.678  -16.784  47.601 0.0000000000
80709  -50.383  -16.784  46.043 0.0000000000
80722  -49.651  -17.080  44.638 0.0000000000
80733  -49.580  -16.995  44.207 0.0000000000
81861  -51.586  -16.024  42.280 0.0000000000
81843  -50.820  -15.980  42.827 0.0000000000
81860  -51.097  -16.409  42.435 0.0000000000
78496  -50.671  -18.497  42.556 0.0000000000
48781  -19.601  -44.704  63.156 0.0000000000
49882  -18.973  -44.628  63.428 0.0000000000
48840  -19.557  -45.554  59.236 0.0000000000
49979  -20.679  -45.058  56.975 0.0000000000
48855  -20.279  -45.520  57.413 0.0000000000
48874  -20.484  -45.599  56.320 0.0000000000
48895  -21.201  -45.750  55.356 0.0000000000
49846  -23.215  -43.821  65.451 0.0000000000
49899  -24.314  -44.354  61.931 0.0000000000
49912  -23.469  -44.139  61.255 0.0000000000
47697  -26.314  -45.749  59.930 0.0000000000
48829  -25.878  -45.161  59.350 0.0000000000
48856  -25.421  -44.709  57.805 0.0000000000
48842  -25.334  -44.692  58.705 0.0000000000
49950  -24.729  -44.365  58.050 0.0000000000
49936  -23.680  -44.130  59.217 0.0000000000
49949  -23.883  -44.087  58.228 0.0000000000
49963  -23.199  -43.879  57.382 0.0000000000
49982  -23.646  -44.062  56.450 0.0000000000
45755  -29.191  -48.694  55.891 0.0000000000
45754  -28.613  -48.574  55.327 0.0000000000
46519  -29.858  -46.862  69.816 0.0000000000
45551  -29.957  -47.632  69.765 0.0000000000
43468  -29.778  -49.042  69.162 0.0000000000
44543  -29.658  -48.592  69.523 0.0000000000
42353  -29.437  -49.427  68.912 0.0000000000
42360  -29.113  -50.206  68.330 0.0000000000
42361  -29.386  -49.866  68.508 0.0000000000
44592  -31.025  -49.672  66.968 0.0000000000
41279  -31.033  -51.445  66.779 0.0000000000
41292  -30.659  -51.614  66.632 0.0000000000
42386  -29.900  -51.463  66.486 0.0000000000
42396  -29.638  -51.192  65.252 0.0000000000
42397  -30.547  -51.720  65.639 0.0000000000
41323  -31.705  -51.981  64.227 0.0000000000
42418  -30.243  -51.136  63.686 0.0000000000
42429  -30.668  -51.099  62.938 0.0000000000
43544  -30.364  -50.629  62.355 0.0000000000
42430  -31.379  -51.286  62.725 0.0000000000
45625  -35.649  -49.354  64.453 0.0000000000
44612  -34.926  -49.647  64.637 0.0000000000
44613  -35.498  -49.793  65.116 0.0000000000
41312  -34.813  -50.963  64.181 0.0000000000
41326  -34.474  -51.740  63.959 0.0000000000
41325  -33.733  -52.060  64.320 0.0000000000
42433  -33.582  -51.567  61.925 0.0000000000
41358  -33.262  -51.771  62.601 0.0000000000
42447  -32.441  -51.176  61.458 0.0000000000
43552  -32.487  -50.868  60.688 0.0000000000
60715  -43.030  -34.316  55.542 0.0000000000
59576  -43.542  -34.868  56.059 0.0000000000
59577  -44.475  -34.910  56.059 0.0000000000
60717  -44.794  -34.336  55.662 0.0000000000
56142  -43.743  -37.907  59.033 0.0000000000
56163  -43.173  -38.048  58.664 0.0000000000
57312  -43.323  -37.663  58.162 0.0000000000
57324  -42.638  -37.035  57.815 0.0000000000
57336  -41.793  -36.361  57.437 0.0000000000
58410  -41.918  -35.941  56.897 0.0000000000
74106  -40.255  -22.387  44.136 0.0000000000
74107  -41.084  -21.863  44.353 0.0000000000
74115  -41.369  -22.471  43.581 0.0000000000
75135  -43.411  -21.369  43.324 0.0000000000
47554  -26.954  -44.957  70.823 0.0000000000
47565  -27.773  -45.845  70.107 0.0000000000
46517  -28.505  -46.803  69.798 0.0000000000
45549  -29.085  -47.600  69.673 0.0000000000
64002  -34.328  -31.441  47.713 0.0000000000
68592  -42.548  -28.393  50.807 0.0000000000
68611  -42.004  -28.418  49.951 0.0000000000
69724  -41.945  -27.790  50.044 0.0000000000
69723  -41.515  -27.324  49.892 0.0000000000
69722  -40.812  -26.953  49.892 0.0000000000
69710  -40.582  -26.924  50.868 0.0000000000
69699  -40.308  -26.788  51.893 0.0000000000
51811  -37.509  -41.902  67.765 0.0000000000
50842  -37.037  -42.712  67.690 0.0000000000
51822  -37.365  -42.405  67.578 0.0000000000
50855  -38.024  -42.607  66.781 0.0000000000
50864  -37.632  -43.182  66.032 0.0000000000
54992  -33.695  -40.015  57.290 0.0000000000
53936  -33.516  -40.355  57.532 0.0000000000
53942  -33.059  -40.379  57.056 0.0000000000
53941  -32.524  -40.380  56.675 0.0000000000
53940  -31.788  -40.797  56.478 0.0000000000
52929  -31.198  -41.046  56.167 0.0000000000
53944  -30.771  -40.794  55.534 0.0000000000
61876  -32.680  -33.154  49.922 0.0000000000
61890  -31.659  -33.176  49.062 0.0000000000
77216  -52.013  -18.995  51.605 0.0000000000
77230  -51.400  -19.535  51.126 0.0000000000
77249  -51.024  -19.444  50.104 0.0000000000
77274  -50.087  -18.787  48.411 0.0000000000
78427  -50.464  -18.103  47.932 0.0000000000
79573  -50.483  -17.579  47.329 0.0000000000
48715  -20.956  -44.750  66.405 0.0000000000
49863  -22.524  -44.061  64.479 0.0000000000
45675  -28.465  -48.612  61.537 0.0000000000
45682  -28.046  -47.863  60.495 0.0000000000
45683  -28.643  -48.315  60.256 0.0000000000
45706  -29.438  -48.642  58.498 0.0000000000
44681  -31.208  -49.929  59.210 0.0000000000
46586  -30.815  -47.436  64.567 0.0000000000
45638  -31.357  -48.154  64.874 0.0000000000
46587  -31.572  -47.762  64.185 0.0000000000
45640  -33.228  -48.429  64.084 0.0000000000
62911  -37.815  -32.842  52.304 0.0000000000
62912  -38.594  -32.584  52.508 0.0000000000
62913  -39.354  -32.158  52.482 0.0000000000
62900  -42.872  -32.164  53.675 0.0000000000
62917  -43.262  -31.599  53.195 0.0000000000
65057  -43.382  -30.152  51.698 0.0000000000
63958  -43.714  -30.477  52.511 0.0000000000
66267  -43.957  -29.633  52.610 0.0000000000
54882  -40.725  -39.007  64.160 0.0000000000
53846  -40.924  -39.827  63.658 0.0000000000
53886  -40.951  -39.928  62.442 0.0000000000
57308  -39.517  -37.343  58.747 0.0000000000
57287  -39.572  -37.776  59.510 0.0000000000
56168  -36.337  -38.521  57.833 0.0000000000
57330  -35.907  -38.064  56.850 0.0000000000
57344  -35.648  -37.804  56.212 0.0000000000
57356  -34.781  -37.825  55.283 0.0000000000
57357  -35.831  -37.111  55.159 0.0000000000
58433  -35.846  -36.820  54.661 0.0000000000
59590  -38.657  -35.194  54.810 0.0000000000
60743  -37.258  -34.552  53.456 0.0000000000
60751  -36.053  -34.363  52.603 0.0000000000
60752  -36.816  -33.966  52.733 0.0000000000
61853  -37.333  -33.424  52.574 0.0000000000
48664  -24.063  -44.763  69.490 0.0000000000
48684  -24.513  -45.053  68.764 0.0000000000
47593  -25.143  -45.750  68.195 0.0000000000
47607  -25.628  -46.291  67.726 0.0000000000
44589  -27.222  -48.637  67.587 0.0000000000
45585  -26.708  -48.030  67.526 0.0000000000
44620  -27.127  -48.898  65.573 0.0000000000
45618  -27.075  -48.726  65.033 0.0000000000
45637  -27.346  -48.735  64.234 0.0000000000
44635  -28.385  -49.786  64.395 0.0000000000
43535  -28.946  -50.176  63.983 0.0000000000
64005  -37.870  -30.375  47.776 0.0000000000
67500  -39.684  -28.196  47.598 0.0000000000
66319  -39.104  -28.700  47.278 0.0000000000
66336  -38.613  -28.555  46.865 0.0000000000
66335  -38.110  -28.493  46.544 0.0000000000
71888  -38.578  -24.724  48.841 0.0000000000
73022  -38.741  -24.071  48.446 0.0000000000
73047  -39.281  -22.898  46.880 0.0000000000
73024  -40.735  -22.933  48.685 0.0000000000
50807  -31.849  -43.096  70.712 0.0000000000
49745  -31.966  -43.579  69.831 0.0000000000
49746  -32.570  -43.435  69.457 0.0000000000
48654  -32.292  -44.129  68.997 0.0000000000
49833  -34.896  -43.791  66.971 0.0000000000
48724  -34.060  -44.212  67.473 0.0000000000
49832  -33.719  -44.179  66.730 0.0000000000
49831  -32.695  -44.503  66.582 0.0000000000
49848  -31.296  -44.944  65.725 0.0000000000
49849  -31.999  -44.290  65.817 0.0000000000
51867  -38.423  -41.934  63.018 0.0000000000
51866  -37.282  -42.009  62.744 0.0000000000
51865  -36.137  -42.225  62.882 0.0000000000
51911  -33.127  -42.121  59.267 0.0000000000
50947  -32.774  -42.826  60.918 0.0000000000
50932  -32.034  -43.399  61.577 0.0000000000
50945  -31.743  -43.692  61.020 0.0000000000
57377  -32.039  -37.395  53.059 0.0000000000
51756  -30.752  -42.171  72.526 0.0000000000
53677  -31.517  -41.277  73.075 0.0000000000
54789  -35.804  -39.232  70.151 0.0000000000
54802  -36.037  -39.619  69.790 0.0000000000
54790  -36.213  -38.655  69.909 0.0000000000
57138  -39.826  -37.365  65.925 0.0000000000
62863  -46.230  -32.148  58.049 0.0000000000
60698  -46.669  -33.395  57.276 0.0000000000
62864  -46.607  -32.004  57.357 0.0000000000
62865  -46.618  -31.513  57.127 0.0000000000
63908  -46.569  -31.051  56.978 0.0000000000
69626  -46.703  -26.869  57.126 0.0000000000
69645  -46.428  -27.855  56.313 0.0000000000
69662  -45.714  -28.083  55.670 0.0000000000
69644  -45.715  -27.098  56.487 0.0000000000
70758  -44.923  -26.514  56.696 0.0000000000
70757  -44.004  -26.385  56.279 0.0000000000
144449  -41.607  -21.931  58.100 0.0000000000
72939  -42.360  -24.105  57.200 0.0000000000
71819  -41.799  -24.204  56.573 0.0000000000
71829  -41.370  -24.339  55.697 0.0000000000
71838  -41.064  -24.679  54.847 0.0000000000
75000  -43.254  -21.170  54.306 0.0000000000
75014  -42.748  -21.566  53.723 0.0000000000
73985  -43.036  -22.006  53.037 0.0000000000
74006  -42.801  -22.618  51.685 0.0000000000
72980  -42.750  -22.811  51.050 0.0000000000
76071  -48.369  -20.300  56.542 0.0000000000
74990  -48.214  -20.961  55.442 0.0000000000
75038  -48.034  -21.731  50.978 0.0000000000
75053  -47.975  -21.588  50.187 0.0000000000
74048  -47.406  -21.802  50.083 0.0000000000
74066  -46.408  -21.852  49.093 0.0000000000
74065  -45.705  -21.954  48.752 0.0000000000
75080  -46.558  -21.507  48.377 0.0000000000
75079  -45.866  -21.641  48.018 0.0000000000
75115  -44.898  -21.174  45.862 0.0000000000
77324  -47.548  -19.873  43.950 0.0000000000
77332  -47.660  -19.841  43.237 0.0000000000
76251  -48.088  -21.117  41.679 0.0000000000
80700  -52.830  -15.783  47.315 0.0000000000
80699  -51.971  -16.140  47.226 0.0000000000
81807  -51.512  -15.908  46.473 0.0000000000
79653  -52.336  -17.832  42.592 0.0000000000
79652  -51.137  -17.698  42.454 0.0000000000
49894  -17.786  -44.834  63.279 0.0000000000
48797  -20.360  -44.766  61.803 0.0000000000
48812  -20.479  -44.739  60.703 0.0000000000
48827  -20.197  -44.915  59.590 0.0000000000
49961  -20.992  -44.734  57.792 0.0000000000
48752  -24.985  -44.731  64.830 0.0000000000
49865  -24.377  -44.123  64.053 0.0000000000
48785  -24.978  -44.879  62.598 0.0000000000
48800  -24.991  -44.866  61.561 0.0000000000
47717  -26.765  -45.957  58.460 0.0000000000
48857  -25.922  -45.102  57.193 0.0000000000
49983  -24.581  -44.272  56.541 0.0000000000
47784  -25.767  -46.601  54.574 0.0000000000
46749  -26.955  -47.791  54.602 0.0000000000
45772  -27.454  -48.497  54.609 0.0000000000
46528  -30.805  -47.036  69.448 0.0000000000
45559  -30.436  -47.556  69.616 0.0000000000
45566  -30.667  -47.855  69.252 0.0000000000
43482  -30.084  -49.261  68.576 0.0000000000
43495  -31.893  -50.708  66.451 0.0000000000
42371  -31.503  -50.875  66.686 0.0000000000
41270  -32.054  -51.372  66.400 0.0000000000
41280  -32.030  -51.722  66.326 0.0000000000
41293  -31.318  -52.029  66.074 0.0000000000
41307  -31.193  -52.052  65.040 0.0000000000
41324  -32.771  -52.168  64.309 0.0000000000
41343  -35.481  -51.513  63.364 0.0000000000
41342  -34.574  -51.833  63.411 0.0000000000
60747  -40.256  -33.936  54.250 0.0000000000
61825  -40.843  -33.692  54.307 0.0000000000
61826  -41.226  -33.566  54.409 0.0000000000
61827  -42.051  -33.328  54.614 0.0000000000
61828  -42.974  -33.238  54.688 0.0000000000
61846  -43.363  -32.629  54.262 0.0000000000
61847  -44.151  -32.521  54.351 0.0000000000
62902  -44.370  -31.858  54.017 0.0000000000
62903  -44.904  -31.548  54.097 0.0000000000
56100  -42.847  -38.192  61.545 0.0000000000
54932  -42.114  -38.641  61.772 0.0000000000
54953  -42.556  -38.522  60.701 0.0000000000
56114  -42.224  -38.654  60.283 0.0000000000
56139  -41.451  -38.186  59.691 0.0000000000
56162  -42.453  -38.067  58.897 0.0000000000
57310  -41.577  -37.429  58.616 0.0000000000
57309  -40.513  -37.302  58.593 0.0000000000
57347  -38.195  -36.344  56.345 0.0000000000
58418  -38.689  -36.083  56.231 0.0000000000
58437  -39.355  -35.332  55.333 0.0000000000
59591  -39.549  -34.862  54.799 0.0000000000
60728  -40.027  -34.312  54.489 0.0000000000
73073  -43.460  -23.381  42.965 0.0000000000
47562  -25.406  -45.794  70.747 0.0000000000
47575  -25.863  -46.232  70.277 0.0000000000
45555  -26.536  -46.972  69.544 0.0000000000
45563  -26.519  -47.201  69.332 0.0000000000
45547  -27.478  -47.076  69.512 0.0000000000
45564  -27.182  -47.872  68.989 0.0000000000
44572  -27.473  -48.496  68.547 0.0000000000
44573  -27.794  -49.152  68.180 0.0000000000
43500  -28.086  -49.863  67.826 0.0000000000
65073  -40.953  -30.081  49.417 0.0000000000
65072  -40.148  -30.178  49.105 0.0000000000
65086  -40.563  -29.694  48.807 0.0000000000
66288  -40.468  -29.290  48.492 0.0000000000
66305  -40.607  -28.854  48.467 0.0000000000
68610  -41.581  -28.120  49.446 0.0000000000
67488  -40.718  -28.360  48.513 0.0000000000
67501  -40.224  -28.477  48.105 0.0000000000
69784  -39.121  -27.276  47.290 0.0000000000
70825  -39.118  -26.265  48.563 0.0000000000
70813  -39.239  -26.233  49.490 0.0000000000
70812  -38.731  -25.592  49.100 0.0000000000
71869  -38.883  -25.135  49.992 0.0000000000
72986  -39.754  -24.204  51.121 0.0000000000
49764  -34.439  -42.864  69.064 0.0000000000
50828  -35.361  -42.876  68.986 0.0000000000
49800  -35.632  -43.456  68.400 0.0000000000
49815  -35.860  -43.770  67.628 0.0000000000
49852  -35.283  -43.358  66.115 0.0000000000
49870  -34.629  -43.261  65.264 0.0000000000
52904  -36.088  -40.526  59.642 0.0000000000
52891  -36.157  -40.940  60.334 0.0000000000
52903  -35.367  -40.963  59.536 0.0000000000
52901  -33.886  -41.847  59.425 0.0000000000
53925  -33.863  -40.733  58.260 0.0000000000
52910  -33.433  -41.624  58.843 0.0000000000
51910  -32.543  -42.205  58.751 0.0000000000
51909  -31.779  -42.781  58.472 0.0000000000
50965  -31.142  -43.570  57.813 0.0000000000
50975  -31.017  -42.856  57.200 0.0000000000
50984  -30.428  -43.432  55.918 0.0000000000
59613  -32.612  -35.644  51.417 0.0000000000
58469  -31.982  -35.693  51.038 0.0000000000
59619  -31.367  -35.238  50.489 0.0000000000
59631  -30.404  -35.206  49.834 0.0000000000
60775  -31.429  -33.975  49.640 0.0000000000
60774  -30.715  -34.424  49.385 0.0000000000
144454  -41.721  -21.339  57.408 0.0000000000
76064  -41.891  -21.018  56.236 0.0000000000
76065  -42.445  -20.763  56.014 0.0000000000
76084  -43.158  -20.659  55.542 0.0000000000
74986  -43.683  -20.821  54.966 0.0000000000
75001  -44.176  -21.130  54.280 0.0000000000
76099  -50.436  -19.834  54.382 0.0000000000
75021  -49.962  -20.758  53.558 0.0000000000
75032  -50.283  -20.607  52.952 0.0000000000
75041  -50.164  -20.714  52.245 0.0000000000
75055  -49.325  -20.960  50.789 0.0000000000
76136  -50.269  -20.237  50.718 0.0000000000
76135  -49.734  -20.460  50.392 0.0000000000
75071  -49.108  -20.717  49.937 0.0000000000
75083  -48.746  -20.667  49.380 0.0000000000
75082  -48.262  -20.729  48.786 0.0000000000
77288  -48.256  -19.505  46.536 0.0000000000
77300  -48.102  -19.592  45.802 0.0000000000
78450  -48.319  -18.794  45.276 0.0000000000
78466  -48.482  -18.447  44.335 0.0000000000
78484  -48.736  -18.463  43.236 0.0000000000
81835  -52.476  -14.406  44.828 0.0000000000
81844  -51.577  -15.066  42.945 0.0000000000
49862  -18.998  -44.575  64.225 0.0000000000
48748  -19.624  -44.580  64.819 0.0000000000
48765  -20.363  -44.769  63.853 0.0000000000
48783  -21.222  -44.856  62.595 0.0000000000
48799  -21.891  -44.567  61.728 0.0000000000
49910  -21.839  -44.575  61.432 0.0000000000
47662  -26.529  -46.562  62.084 0.0000000000
47672  -26.117  -45.975  61.717 0.0000000000
47673  -26.656  -46.408  61.330 0.0000000000
47685  -26.724  -46.339  60.472 0.0000000000
47698  -26.879  -46.308  59.523 0.0000000000
46663  -27.541  -47.074  59.579 0.0000000000
47699  -27.313  -46.519  58.850 0.0000000000
47718  -27.405  -46.410  58.050 0.0000000000
46713  -28.686  -47.843  56.600 0.0000000000
45719  -29.090  -48.156  57.014 0.0000000000
44704  -30.064  -49.075  57.059 0.0000000000
46552  -30.780  -47.679  67.617 0.0000000000
45586  -30.618  -48.325  67.834 0.0000000000
45602  -30.540  -48.402  67.048 0.0000000000
44607  -30.851  -49.002  66.742 0.0000000000
44608  -31.495  -49.505  66.224 0.0000000000
45621  -31.911  -48.760  65.198 0.0000000000
44623  -31.710  -49.071  65.677 0.0000000000
43512  -32.449  -50.175  66.145 0.0000000000
43503  -32.697  -50.649  66.126 0.0000000000
42378  -33.207  -50.955  65.787 0.0000000000
41283  -33.522  -51.125  65.605 0.0000000000
62933  -34.891  -32.499  50.375 0.0000000000
62942  -34.582  -32.107  49.391 0.0000000000
62943  -35.350  -32.127  49.902 0.0000000000
63963  -36.404  -32.059  50.475 0.0000000000
63951  -37.374  -32.072  51.184 0.0000000000
62914  -40.353  -32.054  52.778 0.0000000000
63942  -40.819  -31.517  52.211 0.0000000000
63967  -40.763  -30.750  50.716 0.0000000000
65074  -41.677  -29.949  49.744 0.0000000000
65075  -42.263  -29.721  50.080 0.0000000000
66279  -42.421  -29.221  50.288 0.0000000000
65067  -42.980  -29.822  51.087 0.0000000000
66275  -42.963  -29.394  51.212 0.0000000000
67461  -42.605  -28.635  50.876 0.0000000000
68593  -42.863  -28.533  51.340 0.0000000000
68582  -42.812  -28.254  51.355 0.0000000000
69690  -42.817  -27.711  52.358 0.0000000000
53794  -38.932  -40.473  66.209 0.0000000000
52807  -39.320  -41.122  65.808 0.0000000000
52823  -39.800  -40.756  65.201 0.0000000000
52838  -40.053  -41.061  64.550 0.0000000000
52850  -39.678  -41.628  63.428 0.0000000000
52865  -40.036  -41.276  63.223 0.0000000000
51868  -39.168  -41.734  63.054 0.0000000000
52863  -38.852  -41.442  62.555 0.0000000000
53882  -37.656  -40.363  60.899 0.0000000000
54951  -41.281  -38.956  61.178 0.0000000000
54950  -40.261  -39.144  61.247 0.0000000000
56137  -39.530  -38.216  60.110 0.0000000000
56111  -39.422  -38.724  60.647 0.0000000000
54949  -39.253  -39.310  61.043 0.0000000000
54948  -38.152  -39.501  60.555 0.0000000000
53902  -37.347  -39.941  60.320 0.0000000000
53901  -36.665  -40.323  60.004 0.0000000000
53915  -36.395  -39.918  59.330 0.0000000000
53928  -35.957  -39.952  58.866 0.0000000000
54987  -35.028  -39.736  58.095 0.0000000000
54995  -35.836  -38.938  57.841 0.0000000000
54994  -35.185  -39.097  57.512 0.0000000000
54993  -34.241  -39.816  57.580 0.0000000000
55006  -33.441  -39.035  55.874 0.0000000000
55016  -32.574  -39.080  55.301 0.0000000000
56188  -32.174  -38.808  54.754 0.0000000000
56189  -32.898  -38.574  54.908 0.0000000000
56203  -32.533  -38.261  54.381 0.0000000000
57369  -33.368  -37.661  54.017 0.0000000000
57355  -34.124  -37.841  54.675 0.0000000000
57378  -32.677  -37.442  53.419 0.0000000000
59607  -33.743  -36.028  52.337 0.0000000000
57359  -37.199  -36.295  55.733 0.0000000000
58434  -36.273  -36.547  54.861 0.0000000000
58448  -37.283  -35.623  54.504 0.0000000000
58455  -35.273  -36.020  53.175 0.0000000000
60757  -33.806  -33.923  51.238 0.0000000000
60758  -34.836  -33.902  51.732 0.0000000000
61858  -33.956  -33.349  50.887 0.0000000000
61867  -34.238  -32.956  50.670 0.0000000000
79546  -52.677  -17.709  49.283 0.0000000000
79547  -53.186  -17.107  49.470 0.0000000000
80660  -53.584  -16.379  48.829 0.0000000000
81787  -53.956  -15.835  48.602 0.0000000000
81809  -53.435  -14.947  46.799 0.0000000000
82902  -54.808  -13.415  48.128 0.0000000000
82901  -54.738  -13.815  47.556 0.0000000000
82910  -54.066  -14.277  46.279 0.0000000000
81821  -53.410  -14.445  45.844 0.0000000000
82940  -53.394  -13.793  44.676 0.0000000000
83994  -53.507  -13.538  43.880 0.0000000000
83995  -54.274  -13.221  44.261 0.0000000000
49796  -22.339  -44.185  68.492 0.0000000000
48737  -24.821  -44.649  65.806 0.0000000000
48753  -25.576  -45.638  64.474 0.0000000000
47650  -25.818  -46.322  63.744 0.0000000000
47582  -25.448  -46.578  69.060 0.0000000000
45600  -26.303  -47.636  67.055 0.0000000000
46559  -25.845  -47.134  66.428 0.0000000000
46583  -25.866  -47.168  64.857 0.0000000000
46601  -25.964  -47.021  64.105 0.0000000000
46616  -26.153  -46.894  63.404 0.0000000000
46617  -26.689  -47.228  62.752 0.0000000000
46618  -27.183  -47.600  62.214 0.0000000000
45664  -27.772  -48.306  62.338 0.0000000000
45651  -27.651  -48.687  63.367 0.0000000000
46620  -32.973  -47.410  62.393 0.0000000000
62956  -34.532  -31.844  48.761 0.0000000000
64003  -35.566  -30.993  47.724 0.0000000000
64016  -34.755  -30.651  46.742 0.0000000000
65084  -39.154  -30.042  48.135 0.0000000000
64006  -38.551  -30.120  47.826 0.0000000000
65097  -38.216  -29.865  47.361 0.0000000000
65114  -38.626  -29.327  47.187 0.0000000000
65113  -37.821  -29.434  46.804 0.0000000000
71918  -38.214  -24.494  46.889 0.0000000000
74084  -39.449  -22.540  45.928 0.0000000000
74097  -40.269  -22.188  45.115 0.0000000000
47557  -29.775  -45.382  70.398 0.0000000000
48626  -30.241  -44.747  70.402 0.0000000000
48638  -30.413  -45.472  70.103 0.0000000000
47569  -30.600  -45.882  69.843 0.0000000000
48640  -31.455  -44.534  69.474 0.0000000000
47570  -30.982  -45.602  69.620 0.0000000000
46529  -30.968  -46.293  69.582 0.0000000000
46535  -31.245  -46.444  69.315 0.0000000000
46543  -31.431  -46.580  68.997 0.0000000000
49781  -34.166  -43.359  68.617 0.0000000000
48667  -33.492  -43.742  68.526 0.0000000000
48704  -33.381  -44.570  67.887 0.0000000000
48685  -32.728  -44.902  68.294 0.0000000000
47610  -32.225  -45.524  68.338 0.0000000000
47595  -31.592  -46.615  68.233 0.0000000000
46553  -31.254  -47.154  67.984 0.0000000000
47620  -30.966  -46.649  66.995 0.0000000000
47619  -30.546  -46.769  66.303 0.0000000000
47630  -30.385  -46.774  65.576 0.0000000000
48740  -30.798  -45.633  65.670 0.0000000000
48739  -30.452  -46.174  65.362 0.0000000000
47638  -30.398  -46.628  64.821 0.0000000000
47639  -30.681  -46.793  64.165 0.0000000000
47653  -31.633  -46.778  62.837 0.0000000000
51838  -39.190  -42.223  65.580 0.0000000000
50878  -38.838  -42.839  65.520 0.0000000000
50876  -37.692  -43.215  65.297 0.0000000000
51856  -38.068  -42.545  63.910 0.0000000000
50890  -37.498  -43.042  64.704 0.0000000000
49873  -37.139  -43.099  65.147 0.0000000000
49872  -36.475  -43.005  65.294 0.0000000000
50887  -34.998  -42.968  64.486 0.0000000000
50886  -34.045  -43.031  64.403 0.0000000000
51896  -35.931  -41.441  60.944 0.0000000000
51878  -34.160  -42.509  61.480 0.0000000000
50935  -34.511  -42.575  62.048 0.0000000000
50920  -34.739  -42.397  62.796 0.0000000000
50885  -33.020  -43.214  64.202 0.0000000000
49888  -32.165  -43.556  63.853 0.0000000000
49900  -31.252  -44.419  62.644 0.0000000000
50916  -31.652  -43.790  62.147 0.0000000000
47664  -32.073  -46.706  62.099 0.0000000000
58468  -31.247  -36.115  50.993 0.0000000000
57327  -45.047  -36.435  57.404 0.0000000000
57340  -44.986  -36.257  56.965 0.0000000000
58403  -45.642  -35.811  57.452 0.0000000000
59555  -45.853  -35.210  57.908 0.0000000000
60696  -45.992  -34.268  58.048 0.0000000000
49824  -19.176  -44.299  66.038 0.0000000000
48697  -19.878  -44.564  66.512 0.0000000000
48680  -19.968  -44.543  67.133 0.0000000000
48698  -20.401  -44.620  66.836 0.0000000000
48699  -20.810  -44.582  67.277 0.0000000000
49795  -21.220  -44.380  68.052 0.0000000000
49780  -23.445  -44.412  69.983 0.0000000000
48651  -24.095  -44.947  70.356 0.0000000000
48652  -24.731  -45.489  70.628 0.0000000000
48619  -24.393  -44.790  71.791 0.0000000000
48637  -24.875  -45.268  71.299 0.0000000000
47552  -25.535  -45.281  71.144 0.0000000000
47547  -26.640  -44.528  71.351 0.0000000000
48623  -27.439  -44.428  71.209 0.0000000000
48614  -27.754  -43.810  71.640 0.0000000000
49717  -28.901  -43.042  71.816 0.0000000000
49728  -29.040  -43.521  71.381 0.0000000000
51764  -31.255  -42.293  72.139 0.0000000000
50797  -31.684  -42.737  71.238 0.0000000000
51785  -34.000  -42.166  70.166 0.0000000000
52738  -34.009  -41.499  71.106 0.0000000000
51778  -34.176  -41.834  70.493 0.0000000000
51786  -34.661  -42.013  69.934 0.0000000000
51787  -35.289  -41.805  69.595 0.0000000000
52765  -36.270  -41.341  69.156 0.0000000000
52766  -36.820  -41.322  68.699 0.0000000000
52781  -37.329  -41.316  68.170 0.0000000000
53776  -37.935  -40.619  67.338 0.0000000000
53777  -38.383  -40.211  66.765 0.0000000000
55988  -37.954  -38.409  68.352 0.0000000000
54830  -38.240  -39.237  67.261 0.0000000000
53778  -38.839  -39.784  66.252 0.0000000000
53795  -39.291  -39.988  65.787 0.0000000000
54870  -40.112  -39.014  64.915 0.0000000000
57153  -39.890  -37.846  65.451 0.0000000000
56028  -39.978  -38.274  65.149 0.0000000000
54883  -41.085  -38.707  63.702 0.0000000000
56057  -41.411  -38.281  63.565 0.0000000000
56073  -41.931  -38.328  63.097 0.0000000000
58295  -41.772  -36.860  63.547 0.0000000000
57208  -42.261  -37.733  62.930 0.0000000000
56087  -42.739  -38.038  62.057 0.0000000000
57225  -43.048  -37.665  61.914 0.0000000000
57261  -43.595  -37.491  60.839 0.0000000000
57290  -44.202  -37.494  59.437 0.0000000000
58397  -44.868  -36.928  58.452 0.0000000000
58414  -45.483  -35.723  56.802 0.0000000000
59579  -45.874  -34.765  56.065 0.0000000000
60719  -46.141  -34.183  55.855 0.0000000000
60712  -46.820  -33.781  56.368 0.0000000000
60720  -46.533  -33.852  55.951 0.0000000000
60735  -45.851  -33.644  55.581 0.0000000000
61831  -45.378  -32.814  55.172 0.0000000000
62905  -45.792  -31.666  55.005 0.0000000000
63931  -45.782  -31.094  54.848 0.0000000000
66163  -46.780  -29.446  57.717 0.0000000000
65006  -46.510  -30.350  56.750 0.0000000000
68505  -47.102  -28.201  57.149 0.0000000000
66193  -46.575  -29.680  56.503 0.0000000000
65029  -46.387  -30.469  55.978 0.0000000000
65032  -46.290  -30.514  55.759 0.0000000000
65041  -45.796  -30.499  54.803 0.0000000000
65040  -45.437  -30.394  54.157 0.0000000000
66240  -45.367  -29.677  54.168 0.0000000000
67442  -44.851  -29.467  53.650 0.0000000000
67428  -44.721  -28.972  53.779 0.0000000000
68537  -45.221  -28.427  54.817 0.0000000000
69677  -44.679  -28.295  54.289 0.0000000000
68557  -44.210  -28.463  53.613 0.0000000000
68556  -43.568  -28.115  53.073 0.0000000000
71823  -44.700  -25.404  57.394 0.0000000000
70739  -43.651  -25.706  56.588 0.0000000000
71820  -42.518  -24.804  56.633 0.0000000000
70738  -43.015  -25.418  56.335 0.0000000000
69641  -43.172  -26.478  55.414 0.0000000000
69659  -42.737  -26.683  54.952 0.0000000000
69674  -41.894  -26.969  53.756 0.0000000000
68555  -41.745  -27.132  53.254 0.0000000000
68554  -41.424  -26.972  53.256 0.0000000000
69672  -40.448  -25.995  53.336 0.0000000000
70789  -40.055  -25.456  52.812 0.0000000000
70767  -40.686  -25.050  54.172 0.0000000000
70788  -39.801  -25.449  52.248 0.0000000000
71862  -39.941  -24.569  52.128 0.0000000000
72976  -39.876  -24.300  51.570 0.0000000000
72987  -40.298  -23.559  50.909 0.0000000000
74983  -41.578  -21.717  55.420 0.0000000000
75013  -42.055  -21.690  53.892 0.0000000000
73025  -41.871  -22.823  48.731 0.0000000000
74060  -41.404  -22.593  47.969 0.0000000000
74074  -41.964  -22.382  47.219 0.0000000000
74087  -42.651  -22.077  46.604 0.0000000000
75020  -49.196  -21.107  53.495 0.0000000000
75019  -48.204  -21.235  53.336 0.0000000000
75029  -47.740  -21.671  52.106 0.0000000000
75028  -46.625  -21.887  52.442 0.0000000000
75027  -46.006  -22.013  52.408 0.0000000000
73997  -45.381  -22.144  52.114 0.0000000000
74008  -44.775  -22.409  51.226 0.0000000000
74044  -44.143  -22.467  49.196 0.0000000000
74064  -44.800  -22.192  48.607 0.0000000000
74063  -43.986  -22.385  48.338 0.0000000000
74076  -43.790  -22.223  47.445 0.0000000000
74088  -43.339  -22.092  46.853 0.0000000000
75098  -42.583  -21.669  45.827 0.0000000000
75113  -43.272  -21.285  45.377 0.0000000000
75125  -43.346  -21.058  44.542 0.0000000000
76197  -44.691  -20.930  45.252 0.0000000000
76223  -44.396  -20.834  43.910 0.0000000000
75150  -44.342  -21.756  42.642 0.0000000000
74129  -44.863  -22.404  42.162 0.0000000000
76189  -46.947  -20.685  46.115 0.0000000000
76225  -46.344  -20.587  43.511 0.0000000000
76226  -47.104  -20.243  43.399 0.0000000000
75138  -46.295  -20.763  42.844 0.0000000000
74130  -45.885  -22.204  41.824 0.0000000000
73095  -46.184  -22.722  41.713 0.0000000000
79560  -51.651  -17.684  48.416 0.0000000000
79574  -51.112  -17.301  47.756 0.0000000000
79592  -50.678  -17.228  47.144 0.0000000000
80698  -50.986  -16.715  46.885 0.0000000000
80697  -50.522  -16.952  46.502 0.0000000000
79590  -49.685  -17.650  46.086 0.0000000000
79619  -49.120  -17.636  44.696 0.0000000000
79634  -48.787  -17.933  43.981 0.0000000000
81833  -50.744  -15.624  43.882 0.0000000000
80734  -50.057  -16.587  43.476 0.0000000000
79636  -49.875  -17.229  42.901 0.0000000000
79650  -49.593  -17.766  42.836 0.0000000000
49895  -18.234  -44.697  62.888 0.0000000000
49908  -18.338  -44.716  62.373 0.0000000000
48796  -19.246  -44.618  62.062 0.0000000000
47733  -19.597  -46.863  57.883 0.0000000000
47734  -19.848  -46.486  57.051 0.0000000000
49883  -22.825  -44.020  63.663 0.0000000000
49884  -23.547  -44.023  63.344 0.0000000000
49923  -22.606  -44.261  60.533 0.0000000000
48801  -25.692  -45.284  61.192 0.0000000000
48814  -25.029  -44.856  60.576 0.0000000000
48828  -25.156  -44.772  59.637 0.0000000000
49925  -24.398  -44.404  59.925 0.0000000000
49935  -22.738  -44.185  59.479 0.0000000000
49962  -22.070  -44.136  57.516 0.0000000000
50005  -23.168  -44.303  55.532 0.0000000000
50004  -21.996  -44.798  55.406 0.0000000000
46732  -28.029  -47.683  55.460 0.0000000000
47567  -29.490  -46.106  70.135 0.0000000000
46518  -29.263  -46.875  69.854 0.0000000000
44531  -29.849  -48.082  69.691 0.0000000000
44530  -29.448  -48.145  69.614 0.0000000000
43466  -28.991  -49.023  69.310 0.0000000000
43480  -28.824  -49.503  68.967 0.0000000000
43493  -28.634  -50.089  68.213 0.0000000000
43501  -28.527  -50.439  67.420 0.0000000000
44575  -30.435  -49.013  67.790 0.0000000000
43483  -30.185  -49.377  68.122 0.0000000000
42363  -30.191  -49.655  68.018 0.0000000000
42370  -30.424  -50.290  67.531 0.0000000000
42369  -29.945  -50.413  67.936 0.0000000000
42368  -29.653  -50.702  67.932 0.0000000000
42375  -29.009  -51.059  66.994 0.0000000000
43511  -28.494  -50.551  66.520 0.0000000000
42395  -29.042  -50.855  65.480 0.0000000000
43530  -29.330  -50.648  64.501 0.0000000000
43536  -29.646  -50.613  63.645 0.0000000000
42407  -30.623  -51.538  64.546 0.0000000000
42417  -29.876  -50.983  63.843 0.0000000000
43549  -29.987  -50.204  61.760 0.0000000000
43550  -30.863  -50.530  61.479 0.0000000000
45652  -33.386  -48.165  63.469 0.0000000000
45641  -34.398  -48.809  64.131 0.0000000000
44626  -34.094  -49.524  65.059 0.0000000000
44611  -34.255  -49.729  65.055 0.0000000000
43505  -33.951  -50.352  65.260 0.0000000000
41297  -33.876  -51.210  65.092 0.0000000000
42398  -35.290  -50.821  63.907 0.0000000000
41298  -34.240  -50.786  64.798 0.0000000000
41310  -33.660  -51.992  64.872 0.0000000000
41340  -32.464  -51.843  63.301 0.0000000000
41357  -32.701  -51.662  62.615 0.0000000000
42446  -31.575  -51.071  61.877 0.0000000000
43564  -31.134  -50.192  60.210 0.0000000000
43581  -31.189  -50.013  59.509 0.0000000000
41267  -30.078  -50.985  67.821 0.0000000000
41268  -30.547  -50.991  67.456 0.0000000000
41339  -31.780  -51.737  63.592 0.0000000000
42354  -29.570  -49.247  69.039 0.0000000000
42376  -29.571  -51.168  67.395 0.0000000000
42379  -33.829  -50.807  65.254 0.0000000000
42380  -34.144  -50.501  64.984 0.0000000000
42388  -34.064  -51.049  64.973 0.0000000000
42390  -35.380  -50.165  64.518 0.0000000000
42408  -31.156  -51.745  64.240 0.0000000000
42419  -31.160  -51.528  63.640 0.0000000000
42432  -32.899  -51.527  62.066 0.0000000000
43469  -29.989  -49.081  69.191 0.0000000000
43479  -28.365  -49.278  68.971 0.0000000000
43481  -28.943  -49.526  69.135 0.0000000000
43504  -33.440  -50.542  65.657 0.0000000000
43506  -34.348  -50.206  64.882 0.0000000000
43515  -34.326  -49.954  65.010 0.0000000000
43516  -34.986  -50.105  64.784 0.0000000000
43517  -35.778  -50.183  64.733 0.0000000000
43521  -27.997  -50.112  66.120 0.0000000000
43523  -29.043  -50.689  65.096 0.0000000000
44529  -28.927  -48.179  69.534 0.0000000000
44541  -28.597  -48.624  69.328 0.0000000000
44542  -29.185  -48.626  69.462 0.0000000000
44554  -27.608  -48.363  68.915 0.0000000000
44574  -30.526  -48.761  67.768 0.0000000000
44622  -28.326  -50.007  64.968 0.0000000000
45546  -27.117  -46.826  69.595 0.0000000000
45558  -28.252  -48.214  69.309 0.0000000000
45575  -30.616  -48.518  67.875 0.0000000000
45603  -30.869  -48.789  66.435 0.0000000000
45624  -34.778  -49.035  64.480 0.0000000000
45653  -33.974  -48.404  63.511 0.0000000000
45665  -28.353  -48.779  62.158 0.0000000000
45684  -29.196  -48.815  60.094 0.0000000000
45734  -28.950  -48.306  56.224 0.0000000000
46521  -30.770  -46.179  69.716 0.0000000000
46525  -25.543  -46.586  69.535 0.0000000000
46526  -26.146  -46.759  69.774 0.0000000000
46527  -26.566  -46.631  69.767 0.0000000000
46532  -25.462  -46.604  69.289 0.0000000000
46561  -31.018  -47.100  67.449 0.0000000000
46572  -30.741  -47.860  65.210 0.0000000000
46712  -28.194  -47.309  56.442 0.0000000000
47558  -30.183  -45.465  70.289 0.0000000000
47609  -31.990  -46.010  68.070 0.0000000000
47617  -25.440  -45.536  66.748 0.0000000000
48622  -26.889  -44.488  71.310 0.0000000000
48668  -34.275  -43.527  68.471 0.0000000000
48683  -24.058  -44.623  68.982 0.0000000000
48701  -31.361  -46.069  67.110 0.0000000000
48716  -21.316  -44.610  66.240 0.0000000000
48754  -30.506  -45.701  64.856 0.0000000000
48755  -30.921  -45.175  65.170 0.0000000000
48780  -17.936  -44.920  62.354 0.0000000000
48813  -21.147  -44.730  60.917 0.0000000000
48875  -20.957  -45.169  55.890 0.0000000000
49727  -28.540  -43.677  71.476 0.0000000000
49762  -32.996  -43.379  69.065 0.0000000000
49763  -33.828  -43.132  68.919 0.0000000000
49783  -35.465  -43.230  68.702 0.0000000000
49909  -18.625  -44.644  62.217 0.0000000000
49966  -25.449  -44.636  57.246 0.0000000000
50003  -21.290  -45.012  55.709 0.0000000000
50784  -30.750  -42.385  71.987 0.0000000000
50819  -34.768  -42.659  69.231 0.0000000000
50853  -36.552  -43.417  67.401 0.0000000000
50866  -38.855  -42.549  65.920 0.0000000000
50877  -38.303  -43.118  65.481 0.0000000000
50892  -38.701  -43.056  65.081 0.0000000000
50908  -37.778  -42.892  64.357 0.0000000000
50974  -30.751  -43.484  56.895 0.0000000000
51775  -32.117  -42.604  71.257 0.0000000000
51810  -36.932  -42.186  68.153 0.0000000000
51824  -38.461  -41.834  66.748 0.0000000000
51832  -38.343  -42.318  66.653 0.0000000000
51864  -35.379  -42.206  62.709 0.0000000000
51892  -32.627  -42.775  60.458 0.0000000000
51906  -34.237  -42.059  59.998 0.0000000000
52716  -31.579  -41.539  72.860 0.0000000000
52725  -31.311  -41.918  72.658 0.0000000000
52728  -33.466  -41.369  71.667 0.0000000000
52864  -39.644  -41.236  62.758 0.0000000000
52889  -34.930  -41.879  60.367 0.0000000000
53726  -36.226  -39.857  69.623 0.0000000000
53811  -39.750  -39.930  65.260 0.0000000000
53862  -39.918  -40.911  62.600 0.0000000000
53903  -37.893  -40.033  60.745 0.0000000000
53937  -34.052  -40.279  57.917 0.0000000000
53945  -31.529  -40.281  55.796 0.0000000000
54816  -37.522  -39.363  68.464 0.0000000000
54869  -39.858  -39.404  65.143 0.0000000000
54898  -41.122  -39.144  63.603 0.0000000000
54928  -38.498  -39.888  61.048 0.0000000000
54933  -42.574  -38.415  61.085 0.0000000000
54947  -37.517  -39.578  60.166 0.0000000000
54989  -36.781  -39.011  58.872 0.0000000000
55001  -34.913  -38.793  56.927 0.0000000000
55999  -38.149  -38.761  67.696 0.0000000000
56027  -39.691  -38.229  65.598 0.0000000000
56056  -40.861  -38.302  64.008 0.0000000000
56099  -42.543  -38.263  61.947 0.0000000000
56161  -41.814  -38.059  59.123 0.0000000000
56164  -43.658  -37.836  58.558 0.0000000000
56167  -35.689  -38.744  57.515 0.0000000000
56169  -36.985  -38.239  58.130 0.0000000000
56172  -34.796  -38.666  56.617 0.0000000000
57224  -42.666  -37.624  62.408 0.0000000000
57241  -43.286  -37.666  61.347 0.0000000000
57286  -38.971  -38.034  59.642 0.0000000000
57289  -41.197  -37.689  59.086 0.0000000000
57306  -37.749  -37.982  58.819 0.0000000000
57314  -44.820  -36.911  58.001 0.0000000000
57318  -36.845  -38.116  57.782 0.0000000000
58296  -42.098  -37.335  63.213 0.0000000000
58404  -46.023  -35.501  57.105 0.0000000000
58425  -45.564  -35.218  56.332 0.0000000000
58444  -33.514  -37.228  53.477 0.0000000000
59565  -46.394  -34.813  57.184 0.0000000000
59569  -45.972  -35.067  56.414 0.0000000000
59570  -46.359  -34.741  56.534 0.0000000000
59571  -46.649  -34.333  56.694 0.0000000000
59578  -45.260  -34.891  56.026 0.0000000000
59580  -46.297  -34.525  56.178 0.0000000000
59632  -31.145  -34.653  49.910 0.0000000000
60708  -46.645  -34.234  57.208 0.0000000000
60709  -46.795  -33.780  56.973 0.0000000000
60718  -45.569  -34.291  55.748 0.0000000000
60736  -46.244  -33.715  55.748 0.0000000000
60754  -38.238  -33.895  53.412 0.0000000000
60776  -31.937  -33.863  50.013 0.0000000000
61800  -46.489  -32.937  57.558 0.0000000000
61809  -46.738  -32.868  57.083 0.0000000000
61813  -46.815  -33.080  56.586 0.0000000000
61814  -46.701  -32.425  56.405 0.0000000000
61817  -46.603  -32.247  56.057 0.0000000000
61849  -45.282  -32.074  54.693 0.0000000000
61852  -36.898  -33.575  52.466 0.0000000000
61865  -32.635  -33.364  50.110 0.0000000000
62872  -46.702  -32.328  57.055 0.0000000000
62875  -46.560  -31.754  56.284 0.0000000000
62877  -46.463  -32.249  55.812 0.0000000000
62884  -45.722  -32.147  55.105 0.0000000000
62886  -46.359  -31.721  55.756 0.0000000000
62904  -45.474  -31.608  54.614 0.0000000000
62931  -33.371  -32.709  49.842 0.0000000000
62935  -36.536  -32.264  50.919 0.0000000000
62939  -32.236  -32.951  49.316 0.0000000000
63898  -46.538  -31.082  57.402 0.0000000000
63914  -46.495  -31.103  56.514 0.0000000000
63930  -45.229  -31.084  54.010 0.0000000000
63940  -39.391  -31.816  52.123 0.0000000000
63947  -45.016  -30.596  53.668 0.0000000000
64990  -46.563  -30.296  57.298 0.0000000000
65020  -46.431  -30.409  56.269 0.0000000000
65031  -46.073  -30.507  55.372 0.0000000000
65052  -44.639  -30.227  53.317 0.0000000000
65059  -44.200  -29.932  52.846 0.0000000000
65064  -41.310  -30.364  50.125 0.0000000000
65066  -42.685  -30.054  50.635 0.0000000000
65068  -43.370  -29.729  51.614 0.0000000000
65085  -39.856  -29.910  48.468 0.0000000000
65087  -41.283  -29.611  49.243 0.0000000000
66178  -46.715  -29.568  57.080 0.0000000000
66208  -46.470  -29.811  56.066 0.0000000000
66223  -46.319  -30.031  55.784 0.0000000000
66257  -45.014  -29.929  53.634 0.0000000000
66274  -42.714  -29.543  50.802 0.0000000000
66280  -42.669  -29.315  50.788 0.0000000000
66289  -40.953  -29.255  48.820 0.0000000000
66291  -41.999  -29.068  49.784 0.0000000000
66303  -39.571  -29.063  47.698 0.0000000000
66306  -41.074  -28.959  48.835 0.0000000000
66321  -40.182  -28.766  48.116 0.0000000000
67399  -46.859  -29.009  56.987 0.0000000000
67405  -46.651  -29.133  56.291 0.0000000000
67414  -46.190  -29.294  55.494 0.0000000000
67429  -45.061  -29.131  54.045 0.0000000000
67441  -44.359  -29.047  53.282 0.0000000000
67466  -42.675  -29.070  50.816 0.0000000000
67475  -41.462  -28.565  49.256 0.0000000000
67499  -39.205  -28.246  47.250 0.0000000000
68523  -46.383  -28.445  55.962 0.0000000000
68524  -46.608  -28.748  56.209 0.0000000000
68539  -46.194  -28.899  55.564 0.0000000000
68560  -45.789  -28.924  55.125 0.0000000000
68570  -41.637  -27.168  53.049 0.0000000000
68573  -44.285  -28.751  53.435 0.0000000000
68601  -41.847  -27.975  49.819 0.0000000000
68602  -42.111  -28.192  50.109 0.0000000000
68621  -40.423  -27.662  48.354 0.0000000000
68623  -41.169  -28.296  48.912 0.0000000000
68634  -40.333  -28.110  48.146 0.0000000000
69657  -41.257  -26.111  54.222 0.0000000000
69686  -39.872  -25.915  52.349 0.0000000000
69687  -40.177  -26.117  52.775 0.0000000000
69725  -42.298  -28.067  50.374 0.0000000000
70756  -43.163  -26.084  55.762 0.0000000000
70780  -40.764  -25.644  53.978 0.0000000000
70805  -38.884  -25.507  49.866 0.0000000000
71852  -39.840  -24.858  52.193 0.0000000000
71876  -38.736  -25.015  49.651 0.0000000000
72953  -40.785  -23.875  54.438 0.0000000000
73085  -47.010  -23.796  42.334 0.0000000000
74047  -46.808  -21.903  49.735 0.0000000000
74131  -46.381  -21.798  41.776 0.0000000000
74142  -46.221  -22.397  41.686 0.0000000000
74991  -49.061  -20.841  55.128 0.0000000000
75022  -50.311  -20.484  53.387 0.0000000000
75081  -47.406  -21.190  48.518 0.0000000000
75111  -41.804  -21.580  44.727 0.0000000000
75114  -44.094  -21.180  45.506 0.0000000000
75116  -45.449  -21.144  46.081 0.0000000000
75162  -46.672  -21.657  41.758 0.0000000000
76083  -42.669  -20.870  55.436 0.0000000000
76105  -50.281  -20.434  53.634 0.0000000000
76107  -51.315  -19.639  53.043 0.0000000000
76121  -49.891  -20.649  51.001 0.0000000000
76137  -50.814  -19.985  50.913 0.0000000000
76164  -49.767  -19.890  49.590 0.0000000000
76206  -43.746  -20.956  44.489 0.0000000000
76222  -43.776  -20.927  44.183 0.0000000000
76250  -47.641  -20.798  41.901 0.0000000000
77248  -50.490  -19.619  49.802 0.0000000000
77311  -47.564  -20.020  44.414 0.0000000000
78345  -51.936  -18.769  53.246 0.0000000000
78398  -51.563  -18.794  49.675 0.0000000000
78467  -48.640  -18.238  44.974 0.0000000000
78485  -49.213  -18.005  42.938 0.0000000000
79561  -52.257  -17.624  48.731 0.0000000000
79562  -52.896  -17.185  48.706 0.0000000000
79591  -50.201  -17.360  46.587 0.0000000000
79620  -49.693  -17.132  44.912 0.0000000000
80661  -54.045  -15.861  48.906 0.0000000000
82893  -54.641  -13.410  48.413 0.0000000000
82951  -52.114  -14.623  42.874 0.0000000000
83954  -54.563  -13.344  48.637 0.0000000000
