#!ascii label  , from subject 3479 vox2ras=TkReg
1019
59212  27.602  -33.061  56.553 0.0000000000
82450  40.655  -12.768  40.424 0.0000000000
72269  32.224  -21.678  46.297 0.0000000000
53452  12.028  -37.868  62.432 0.0000000000
54493  24.332  -36.234  60.035 0.0000000000
76854  34.016  -17.711  45.993 0.0000000000
56668  18.129  -34.155  59.391 0.0000000000
52417  17.033  -38.120  61.290 0.0000000000
53509  21.978  -37.467  58.774 0.0000000000
81463  45.335  -13.272  39.576 0.0000000000
63961  25.114  -28.170  55.298 0.0000000000
64037  29.302  -28.278  51.029 0.0000000000
62763  31.185  -29.688  56.405 0.0000000000
85751  44.248  -9.345  39.041 0.0000000000
84736  47.137  -10.038  35.627 0.0000000000
83505  38.047  -10.738  43.359 0.0000000000
79270  39.708  -15.748  42.564 0.0000000000
79251  35.874  -15.766  43.507 0.0000000000
73353  36.935  -21.099  45.182 0.0000000000
54503  29.894  -36.760  59.221 0.0000000000
46693  12.076  -43.922  64.523 0.0000000000
45614  8.404  -44.530  66.276 0.0000000000
45547  6.654  -44.080  70.191 0.0000000000
55535  27.441  -35.083  58.969 0.0000000000
51359  26.133  -39.238  59.595 0.0000000000
69976  28.520  -23.324  48.500 0.0000000000
66356  34.846  -26.267  50.202 0.0000000000
87894  52.356  -7.414  34.665 0.0000000000
81465  43.257  -13.117  39.595 0.0000000000
80372  43.389  -15.420  40.930 0.0000000000
60397  25.828  -31.057  56.412 0.0000000000
62791  27.481  -29.634  54.550 0.0000000000
61589  28.051  -31.240  56.079 0.0000000000
83539  41.907  -11.283  41.770 0.0000000000
83553  43.632  -10.939  40.796 0.0000000000
83568  42.665  -11.190  39.529 0.0000000000
82477  44.311  -11.816  38.517 0.0000000000
41633  6.146  -48.278  69.715 0.0000000000
82400  35.921  -12.169  42.980 0.0000000000
81384  35.216  -13.662  45.407 0.0000000000
74445  31.942  -19.396  44.952 0.0000000000
74461  34.114  -19.500  44.121 0.0000000000
72282  34.102  -22.033  44.929 0.0000000000
72221  34.948  -22.673  48.558 0.0000000000
52420  14.154  -38.485  61.664 0.0000000000
51292  16.160  -39.441  63.272 0.0000000000
50139  13.679  -40.705  62.662 0.0000000000
47780  13.224  -42.080  64.534 0.0000000000
48968  11.672  -40.682  62.749 0.0000000000
48934  8.586  -41.801  66.225 0.0000000000
45595  7.697  -44.920  67.907 0.0000000000
54504  26.423  -35.902  59.668 0.0000000000
54521  26.787  -36.242  58.854 0.0000000000
53505  25.243  -37.417  58.449 0.0000000000
53475  21.172  -37.564  60.954 0.0000000000
51328  22.955  -39.175  61.368 0.0000000000
63982  32.102  -28.218  52.919 0.0000000000
65212  31.557  -27.505  50.199 0.0000000000
79191  36.094  -15.484  46.382 0.0000000000
75605  33.138  -18.096  48.076 0.0000000000
75638  30.487  -18.648  46.435 0.0000000000
54478  19.465  -36.338  61.209 0.0000000000
54447  18.362  -36.988  62.887 0.0000000000
55507  16.716  -35.670  60.354 0.0000000000
54482  15.045  -36.303  61.147 0.0000000000
54448  13.592  -35.871  62.882 0.0000000000
55553  23.085  -36.007  57.798 0.0000000000
56683  21.671  -34.246  58.714 0.0000000000
55540  20.449  -35.203  58.829 0.0000000000
66289  26.378  -26.300  54.435 0.0000000000
66359  27.002  -26.658  51.000 0.0000000000
64008  26.882  -28.351  52.770 0.0000000000
63985  29.387  -29.052  53.206 0.0000000000
87888  47.659  -7.643  36.408 0.0000000000
84739  45.005  -9.509  36.974 0.0000000000
83584  45.936  -11.377  37.858 0.0000000000
83541  39.539  -11.465  41.487 0.0000000000
80393  40.139  -14.572  40.790 0.0000000000
82438  38.028  -13.132  41.375 0.0000000000
80333  37.281  -15.053  43.157 0.0000000000
78034  37.948  -17.056  44.037 0.0000000000
78035  34.478  -16.314  44.847 0.0000000000
75680  36.133  -18.123  44.003 0.0000000000
56710  28.943  -34.815  57.173 0.0000000000
59194  30.197  -33.031  57.317 0.0000000000
83488  40.922  -10.232  44.497 0.0000000000
52380  11.083  -38.449  64.181 0.0000000000
48959  10.407  -41.518  63.583 0.0000000000
45655  10.459  -44.370  64.466 0.0000000000
43614  10.599  -46.855  67.072 0.0000000000
43608  8.748  -46.655  67.059 0.0000000000
43601  6.772  -46.976  68.690 0.0000000000
43583  5.406  -46.782  69.651 0.0000000000
44543  4.245  -45.627  69.768 0.0000000000
57953  27.758  -33.783  58.284 0.0000000000
54519  28.793  -36.329  58.336 0.0000000000
52444  28.361  -38.362  59.480 0.0000000000
52449  23.683  -38.882  59.001 0.0000000000
72226  29.889  -21.856  47.664 0.0000000000
66389  28.447  -25.723  48.937 0.0000000000
67597  31.605  -25.187  48.190 0.0000000000
71138  33.077  -23.278  48.710 0.0000000000
61568  31.590  -31.441  58.297 0.0000000000
86857  53.361  -8.395  33.259 0.0000000000
85773  49.015  -8.878  34.596 0.0000000000
84755  51.238  -9.901  33.527 0.0000000000
81466  42.316  -12.904  39.872 0.0000000000
81449  42.807  -13.851  40.155 0.0000000000
80391  42.304  -14.645  40.533 0.0000000000
60396  26.467  -31.675  56.322 0.0000000000
61590  27.143  -31.300  55.756 0.0000000000
60394  28.268  -32.274  56.355 0.0000000000
83556  40.888  -12.044  40.672 0.0000000000
83555  41.770  -11.654  40.475 0.0000000000
82468  41.935  -12.246  39.876 0.0000000000
82467  42.723  -12.075  39.356 0.0000000000
41624  5.322  -48.571  70.493 0.0000000000
82367  36.206  -12.516  45.844 0.0000000000
81377  36.424  -13.480  46.351 0.0000000000
73355  31.535  -20.549  45.329 0.0000000000
73367  32.624  -20.754  44.641 0.0000000000
72268  33.041  -22.130  46.026 0.0000000000
71173  34.819  -22.638  47.128 0.0000000000
72246  33.043  -22.120  47.054 0.0000000000
53466  13.448  -37.998  61.764 0.0000000000
51332  14.019  -39.217  61.895 0.0000000000
51312  13.313  -39.630  61.956 0.0000000000
48966  12.870  -41.132  62.620 0.0000000000
51313  12.290  -39.493  62.172 0.0000000000
54492  25.323  -36.447  60.109 0.0000000000
54505  25.868  -36.332  59.436 0.0000000000
54506  24.976  -36.420  59.177 0.0000000000
53460  20.974  -37.746  62.217 0.0000000000
68776  28.807  -24.923  51.389 0.0000000000
65158  33.601  -27.698  52.985 0.0000000000
75637  31.533  -18.329  46.363 0.0000000000
75607  30.883  -17.586  48.259 0.0000000000
54496  18.507  -35.611  60.223 0.0000000000
54479  18.514  -36.198  61.073 0.0000000000
55506  17.735  -35.689  60.332 0.0000000000
55508  15.688  -35.109  60.836 0.0000000000
56657  15.263  -34.599  61.874 0.0000000000
55510  14.126  -35.817  61.853 0.0000000000
56682  22.482  -34.495  58.918 0.0000000000
57940  18.779  -33.135  59.326 0.0000000000
56685  19.888  -34.180  58.880 0.0000000000
55541  19.427  -34.917  59.210 0.0000000000
54494  20.047  -36.238  60.463 0.0000000000
66311  25.840  -27.124  53.581 0.0000000000
63975  25.671  -28.435  54.401 0.0000000000
62778  29.139  -29.845  55.446 0.0000000000
63972  27.946  -29.279  53.922 0.0000000000
62788  30.194  -29.423  54.766 0.0000000000
63959  31.024  -29.219  54.869 0.0000000000
62776  31.565  -29.286  55.640 0.0000000000
84693  43.478  -10.348  39.944 0.0000000000
86842  45.781  -8.425  37.273 0.0000000000
85758  44.566  -9.203  37.765 0.0000000000
82465  44.791  -12.584  39.017 0.0000000000
83585  44.899  -11.262  37.913 0.0000000000
82464  45.813  -12.649  39.056 0.0000000000
83525  38.792  -10.898  42.237 0.0000000000
83543  37.987  -12.365  41.497 0.0000000000
83526  37.591  -11.467  42.107 0.0000000000
81418  35.719  -13.801  43.169 0.0000000000
81417  36.479  -13.620  42.636 0.0000000000
80334  36.329  -15.020  43.339 0.0000000000
79249  38.156  -15.776  43.480 0.0000000000
79250  37.122  -16.013  43.512 0.0000000000
78016  35.125  -16.622  46.025 0.0000000000
78028  34.792  -16.347  45.491 0.0000000000
76861  34.385  -17.034  45.258 0.0000000000
73364  35.733  -20.478  44.278 0.0000000000
75666  35.673  -18.824  44.155 0.0000000000
74459  36.146  -19.660  44.281 0.0000000000
75664  37.501  -18.643  44.440 0.0000000000
55549  29.292  -35.778  57.986 0.0000000000
55563  30.072  -35.028  57.766 0.0000000000
83490  38.785  -10.786  44.558 0.0000000000
83504  39.329  -10.619  43.433 0.0000000000
83524  39.973  -10.767  42.409 0.0000000000
53449  17.678  -37.583  62.371 0.0000000000
52390  17.258  -38.267  63.002 0.0000000000
47781  12.699  -42.631  64.215 0.0000000000
47771  12.835  -42.902  65.410 0.0000000000
46692  12.567  -43.352  64.928 0.0000000000
46676  12.166  -44.354  65.266 0.0000000000
52369  10.359  -38.751  65.543 0.0000000000
51280  10.280  -39.544  64.230 0.0000000000
50087  9.546  -40.092  65.015 0.0000000000
46678  8.534  -43.649  65.802 0.0000000000
46677  9.168  -43.627  65.079 0.0000000000
45637  8.969  -44.461  65.545 0.0000000000
44616  10.018  -45.406  65.304 0.0000000000
44602  9.498  -45.779  65.846 0.0000000000
42678  9.548  -47.079  67.066 0.0000000000
44586  8.296  -45.546  66.800 0.0000000000
45579  7.412  -44.845  68.572 0.0000000000
44572  7.376  -45.593  68.149 0.0000000000
44557  6.814  -45.676  68.964 0.0000000000
43592  6.270  -46.639  69.162 0.0000000000
44558  6.319  -45.807  69.408 0.0000000000
57935  27.526  -33.502  59.251 0.0000000000
59180  27.458  -33.131  58.527 0.0000000000
56681  27.611  -34.331  59.086 0.0000000000
56699  27.958  -34.716  58.096 0.0000000000
55551  27.695  -35.560  58.607 0.0000000000
52459  26.794  -37.948  58.745 0.0000000000
53503  27.467  -37.408  58.790 0.0000000000
52445  27.415  -38.319  59.082 0.0000000000
54525  22.825  -36.622  57.786 0.0000000000
53507  23.457  -37.808  58.038 0.0000000000
53508  22.651  -37.597  58.321 0.0000000000
51326  24.573  -39.497  61.304 0.0000000000
80376  39.573  -15.105  41.482 0.0000000000
79285  41.661  -15.881  41.824 0.0000000000
79268  41.485  -16.234  42.708 0.0000000000
72204  27.885  -20.923  48.612 0.0000000000
73324  28.525  -20.537  47.866 0.0000000000
71158  29.339  -22.616  47.736 0.0000000000
65216  27.402  -27.498  50.894 0.0000000000
67586  27.830  -26.170  49.750 0.0000000000
65229  28.459  -27.426  49.965 0.0000000000
65210  33.276  -26.745  49.934 0.0000000000
66371  31.722  -26.459  48.799 0.0000000000
67584  33.172  -25.384  49.012 0.0000000000
69972  31.798  -23.608  48.110 0.0000000000
68797  33.669  -24.690  49.045 0.0000000000
71121  34.347  -23.491  49.556 0.0000000000
60371  30.421  -32.365  57.639 0.0000000000
86848  53.085  -8.103  33.893 0.0000000000
85766  47.521  -8.744  35.407 0.0000000000
86844  48.115  -7.989  35.296 0.0000000000
84743  48.500  -9.762  34.897 0.0000000000
83639  50.571  -11.061  34.320 0.0000000000
83638  51.615  -11.509  33.990 0.0000000000
57924  17.808  -32.788  60.187 0.0000000000
57925  17.148  -33.247  60.489 0.0000000000
81464  44.313  -13.252  39.531 0.0000000000
80388  45.589  -14.403  40.704 0.0000000000
80389  44.660  -14.761  40.615 0.0000000000
61593  24.740  -29.846  56.428 0.0000000000
62782  25.354  -29.126  55.060 0.0000000000
61603  26.201  -30.266  55.386 0.0000000000
62766  28.032  -30.657  55.760 0.0000000000
62765  28.577  -30.380  56.015 0.0000000000
83521  43.183  -11.575  43.042 0.0000000000
83538  42.904  -11.339  41.858 0.0000000000
83554  42.743  -11.033  40.538 0.0000000000
84701  43.081  -10.444  38.946 0.0000000000
84712  43.573  -10.106  38.332 0.0000000000
82479  42.891  -11.417  39.002 0.0000000000
82466  43.761  -12.413  39.096 0.0000000000
41622  6.882  -49.279  69.995 0.0000000000
83491  37.478  -10.958  44.650 0.0000000000
83506  36.642  -11.251  43.420 0.0000000000
83492  36.251  -11.519  44.961 0.0000000000
82402  34.684  -13.381  44.209 0.0000000000
81407  34.464  -14.238  43.966 0.0000000000
75651  32.702  -18.587  45.065 0.0000000000
75668  33.716  -18.339  44.604 0.0000000000
74462  32.863  -19.431  44.485 0.0000000000
72292  34.401  -21.394  44.353 0.0000000000
72291  35.442  -21.307  44.386 0.0000000000
71189  35.537  -22.662  46.487 0.0000000000
71172  35.640  -22.719  47.453 0.0000000000
52429  29.756  -37.908  60.394 0.0000000000
52418  16.314  -38.518  61.468 0.0000000000
52404  16.639  -38.902  62.531 0.0000000000
51330  15.634  -39.158  61.945 0.0000000000
50137  14.914  -40.185  63.122 0.0000000000
50104  14.388  -40.835  64.382 0.0000000000
48946  12.906  -41.992  63.542 0.0000000000
47794  12.000  -42.252  63.383 0.0000000000
51254  9.386  -39.887  66.302 0.0000000000
48922  8.422  -42.209  67.179 0.0000000000
46662  8.267  -43.674  66.662 0.0000000000
45594  8.002  -44.544  67.220 0.0000000000
46640  8.106  -43.443  68.396 0.0000000000
46641  7.706  -44.054  68.948 0.0000000000
46632  7.403  -43.734  69.771 0.0000000000
55536  26.917  -35.494  59.362 0.0000000000
55552  27.204  -35.579  58.927 0.0000000000
53504  26.293  -37.298  58.689 0.0000000000
52460  25.885  -38.055  58.634 0.0000000000
53491  21.590  -37.599  59.548 0.0000000000
52451  22.053  -38.380  60.008 0.0000000000
52433  21.805  -38.283  60.711 0.0000000000
79247  40.352  -15.892  43.597 0.0000000000
69953  28.745  -23.400  49.950 0.0000000000
64004  30.635  -28.530  52.360 0.0000000000
65213  30.494  -27.872  50.499 0.0000000000
65178  32.390  -27.866  52.228 0.0000000000
65177  33.791  -27.261  51.694 0.0000000000
87884  51.130  -6.923  35.293 0.0000000000
42648  4.043  -47.430  70.365 0.0000000000
78003  36.064  -16.653  46.925 0.0000000000
76847  34.839  -17.596  46.782 0.0000000000
75635  33.514  -18.034  46.021 0.0000000000
75636  32.506  -18.298  46.194 0.0000000000
74446  30.913  -19.489  45.672 0.0000000000
73340  30.979  -20.574  45.928 0.0000000000
54460  19.830  -36.736  61.957 0.0000000000
53447  19.472  -36.833  62.703 0.0000000000
54461  19.047  -36.541  62.031 0.0000000000
54462  18.229  -36.910  62.109 0.0000000000
54480  17.454  -36.727  60.970 0.0000000000
55527  16.449  -34.909  60.346 0.0000000000
54481  16.146  -36.500  60.656 0.0000000000
53464  15.542  -37.446  61.053 0.0000000000
54483  14.275  -36.181  61.565 0.0000000000
53450  13.484  -36.830  61.845 0.0000000000
53451  12.921  -37.069  62.348 0.0000000000
54507  24.129  -36.090  58.737 0.0000000000
55521  23.559  -35.611  59.364 0.0000000000
56700  22.453  -35.026  58.449 0.0000000000
55555  21.568  -35.529  58.354 0.0000000000
57937  21.407  -33.673  59.316 0.0000000000
55556  21.037  -35.361  58.471 0.0000000000
54527  21.090  -35.848  58.666 0.0000000000
53492  21.032  -37.136  60.136 0.0000000000
54477  20.123  -36.610  61.206 0.0000000000
67509  27.622  -25.420  54.041 0.0000000000
67546  27.429  -25.657  52.239 0.0000000000
66330  26.724  -25.988  52.879 0.0000000000
66346  26.527  -27.050  51.835 0.0000000000
64024  28.067  -28.344  51.877 0.0000000000
63973  26.988  -29.106  53.950 0.0000000000
63986  28.324  -28.946  53.213 0.0000000000
64005  29.648  -28.768  52.365 0.0000000000
63984  30.432  -28.821  53.240 0.0000000000
63968  32.363  -28.382  53.984 0.0000000000
87877  46.834  -7.952  37.326 0.0000000000
85761  46.102  -8.854  36.288 0.0000000000
84737  46.382  -9.625  35.964 0.0000000000
83600  44.639  -10.508  37.545 0.0000000000
83599  45.497  -10.734  37.293 0.0000000000
82435  40.092  -12.085  40.832 0.0000000000
81451  40.433  -13.713  40.443 0.0000000000
82452  39.181  -13.069  40.742 0.0000000000
81433  38.710  -13.937  41.153 0.0000000000
80377  38.459  -14.618  41.771 0.0000000000
82423  36.502  -12.796  42.417 0.0000000000
80378  37.912  -14.438  42.022 0.0000000000
80331  38.535  -15.285  42.676 0.0000000000
79248  39.115  -15.684  43.305 0.0000000000
79226  39.147  -16.176  44.493 0.0000000000
80312  35.409  -14.647  45.679 0.0000000000
80322  34.487  -14.853  44.550 0.0000000000
79253  34.582  -15.719  44.021 0.0000000000
75682  34.631  -17.894  44.367 0.0000000000
76876  35.010  -17.257  44.018 0.0000000000
78043  36.323  -16.683  43.616 0.0000000000
76867  37.454  -17.703  44.045 0.0000000000
57979  28.225  -33.769  56.538 0.0000000000
59211  28.549  -33.174  56.320 0.0000000000
56718  29.803  -34.059  57.075 0.0000000000
57964  30.547  -33.964  57.749 0.0000000000
83523  41.113  -10.821  42.729 0.0000000000
83540  40.715  -11.355  41.436 0.0000000000
53434  11.937  -37.403  63.415 0.0000000000
53418  11.477  -37.692  64.415 0.0000000000
52407  11.314  -38.845  62.810 0.0000000000
51294  11.055  -39.345  63.161 0.0000000000
50125  10.604  -40.673  63.370 0.0000000000
47795  11.140  -42.190  63.457 0.0000000000
48948  8.909  -41.752  64.977 0.0000000000
46695  9.946  -43.653  64.418 0.0000000000
46694  10.930  -43.762  64.144 0.0000000000
44629  11.238  -45.155  64.957 0.0000000000
43620  11.222  -46.290  66.804 0.0000000000
41645  8.413  -47.878  68.037 0.0000000000
43609  7.784  -46.285  67.649 0.0000000000
42672  7.505  -46.915  68.075 0.0000000000
41640  7.366  -48.116  68.805 0.0000000000
42655  6.626  -47.712  69.112 0.0000000000
42656  5.872  -47.469  69.533 0.0000000000
42647  4.804  -47.573  70.220 0.0000000000
44525  5.248  -44.669  70.004 0.0000000000
44542  4.904  -45.708  69.805 0.0000000000
43584  4.511  -46.619  69.978 0.0000000000
59196  26.972  -32.648  57.314 0.0000000000
59181  27.133  -32.646  58.243 0.0000000000
59195  27.511  -33.203  57.628 0.0000000000
56711  28.246  -34.628  57.270 0.0000000000
55550  28.469  -35.518  57.898 0.0000000000
53501  29.024  -36.804  58.653 0.0000000000
54520  27.965  -36.320  58.568 0.0000000000
53502  28.477  -37.013  58.673 0.0000000000
53487  29.227  -37.320  59.243 0.0000000000
54534  24.012  -36.906  57.695 0.0000000000
53506  24.239  -37.514  57.929 0.0000000000
52448  24.616  -38.878  58.923 0.0000000000
51362  23.511  -39.187  59.731 0.0000000000
51361  24.307  -39.259  59.652 0.0000000000
51345  25.780  -39.581  60.357 0.0000000000
80374  41.903  -15.359  41.051 0.0000000000
75627  29.399  -18.563  47.545 0.0000000000
73342  29.637  -20.151  46.856 0.0000000000
72248  31.146  -21.550  47.219 0.0000000000
67572  28.136  -25.377  50.786 0.0000000000
67585  28.152  -25.406  49.647 0.0000000000
67600  28.510  -24.990  48.591 0.0000000000
65227  30.614  -27.323  49.470 0.0000000000
66387  30.082  -26.078  48.086 0.0000000000
68830  29.357  -24.113  47.719 0.0000000000
69973  30.854  -23.489  47.788 0.0000000000
71156  31.350  -22.773  47.914 0.0000000000
72223  32.899  -22.355  47.998 0.0000000000
72202  33.683  -22.649  48.597 0.0000000000
60382  28.878  -32.008  56.790 0.0000000000
61579  29.291  -31.367  57.039 0.0000000000
62751  30.844  -30.231  57.182 0.0000000000
61576  32.133  -30.297  57.959 0.0000000000
62750  32.077  -29.898  57.438 0.0000000000
87905  54.373  -7.611  33.453 0.0000000000
87897  49.547  -7.351  35.016 0.0000000000
86851  50.553  -8.141  34.278 0.0000000000
84742  49.219  -10.335  34.669 0.0000000000
85771  50.664  -9.083  33.955 0.0000000000
85770  51.386  -8.940  33.823 0.0000000000
85777  52.487  -9.253  33.022 0.0000000000
85787  52.869  -9.543  32.616 0.0000000000
81467  41.789  -12.754  40.077 0.0000000000
81450  41.580  -13.462  40.245 0.0000000000
59213  26.919  -32.360  56.607 0.0000000000
60395  27.389  -32.043  56.167 0.0000000000
82449  41.388  -12.468  40.251 0.0000000000
72285  31.779  -21.254  45.793 0.0000000000
72284  32.339  -21.418  45.318 0.0000000000
52405  12.710  -38.491  61.992 0.0000000000
52421  13.524  -38.768  61.811 0.0000000000
52406  11.819  -38.702  62.362 0.0000000000
53445  20.903  -37.877  63.268 0.0000000000
52402  21.466  -38.287  62.846 0.0000000000
68761  29.375  -24.713  52.381 0.0000000000
55525  18.166  -34.846  59.686 0.0000000000
56687  18.238  -33.695  59.383 0.0000000000
56686  18.821  -34.161  59.139 0.0000000000
55542  18.829  -34.822  59.418 0.0000000000
55524  18.977  -35.305  59.747 0.0000000000
65143  25.696  -27.494  54.490 0.0000000000
62789  29.602  -29.517  54.733 0.0000000000
62777  30.390  -29.549  55.374 0.0000000000
84699  43.979  -9.866  39.540 0.0000000000
85743  44.530  -9.679  39.522 0.0000000000
86822  44.658  -9.087  38.796 0.0000000000
86838  44.844  -8.796  38.031 0.0000000000
85754  44.278  -9.276  38.447 0.0000000000
40452  8.653  -49.306  69.626 0.0000000000
80335  35.284  -14.715  43.481 0.0000000000
80352  35.933  -14.450  43.222 0.0000000000
76853  34.599  -17.293  46.169 0.0000000000
76862  33.930  -17.715  45.456 0.0000000000
72290  36.101  -21.096  44.529 0.0000000000
73363  36.679  -20.578  44.716 0.0000000000
54518  29.539  -36.425  58.627 0.0000000000
54517  30.208  -36.231  58.989 0.0000000000
53462  17.405  -37.625  61.468 0.0000000000
52403  17.207  -38.295  61.963 0.0000000000
51265  9.971  -39.542  65.009 0.0000000000
44617  9.402  -45.093  65.498 0.0000000000
44603  8.878  -45.254  66.001 0.0000000000
43616  8.977  -46.025  66.364 0.0000000000
45564  7.114  -44.621  69.404 0.0000000000
44540  6.453  -45.120  69.681 0.0000000000
55519  27.231  -34.885  59.770 0.0000000000
56666  27.517  -34.070  60.102 0.0000000000
52446  26.472  -38.600  59.064 0.0000000000
51358  27.076  -39.135  59.591 0.0000000000
53490  22.124  -37.889  58.914 0.0000000000
79287  40.084  -15.802  42.131 0.0000000000
79286  40.676  -15.801  41.967 0.0000000000
79269  40.599  -15.941  42.775 0.0000000000
71139  28.257  -22.436  49.513 0.0000000000
72203  27.814  -21.411  49.040 0.0000000000
71159  28.434  -22.460  48.432 0.0000000000
72228  28.236  -21.162  48.204 0.0000000000
65215  28.413  -27.901  50.746 0.0000000000
65230  27.885  -27.447  50.342 0.0000000000
65214  29.353  -27.912  50.437 0.0000000000
66357  33.906  -26.374  49.860 0.0000000000
66358  33.170  -26.501  49.578 0.0000000000
66369  33.403  -26.044  49.297 0.0000000000
67583  33.904  -25.496  49.324 0.0000000000
68786  34.381  -24.767  49.370 0.0000000000
87893  53.354  -7.425  34.441 0.0000000000
86849  52.461  -8.096  34.118 0.0000000000
84745  47.072  -9.354  35.558 0.0000000000
84744  47.697  -9.514  35.277 0.0000000000
83629  47.841  -10.209  35.377 0.0000000000
59154  18.012  -32.340  60.958 0.0000000000
57907  17.439  -32.698  60.919 0.0000000000
59140  17.614  -32.166  61.705 0.0000000000
59153  18.711  -32.262  60.521 0.0000000000
81447  44.942  -13.929  40.106 0.0000000000
81448  43.908  -14.024  40.043 0.0000000000
80390  43.558  -15.004  40.616 0.0000000000
79293  44.292  -15.199  40.843 0.0000000000
61592  25.427  -30.367  56.100 0.0000000000
61604  25.595  -29.822  55.426 0.0000000000
61601  27.635  -30.800  55.667 0.0000000000
61588  28.913  -30.813  56.613 0.0000000000
83522  42.306  -10.749  43.347 0.0000000000
83569  42.201  -11.761  39.764 0.0000000000
84694  42.984  -10.483  39.610 0.0000000000
83587  43.134  -10.860  38.662 0.0000000000
41623  6.367  -48.955  70.131 0.0000000000
83478  37.146  -11.309  45.623 0.0000000000
83479  36.590  -11.689  45.727 0.0000000000
82368  35.566  -13.068  45.554 0.0000000000
82385  35.213  -12.725  44.863 0.0000000000
82386  34.837  -13.340  44.690 0.0000000000
81396  34.642  -13.937  44.807 0.0000000000
75669  33.050  -18.770  44.660 0.0000000000
72293  33.447  -21.405  44.597 0.0000000000
73366  33.657  -20.519  44.237 0.0000000000
72281  35.093  -22.098  44.784 0.0000000000
71204  35.441  -22.541  45.554 0.0000000000
71153  35.036  -22.725  47.939 0.0000000000
83477  38.257  -11.144  45.829 0.0000000000
52419  15.079  -38.397  61.455 0.0000000000
51331  14.758  -39.236  61.911 0.0000000000
51311  14.299  -39.892  62.287 0.0000000000
50138  14.566  -40.330  62.972 0.0000000000
50121  14.894  -40.352  63.611 0.0000000000
50122  14.212  -40.788  63.494 0.0000000000
48967  12.161  -40.935  62.641 0.0000000000
48957  12.467  -41.679  63.048 0.0000000000
47793  12.530  -42.158  63.525 0.0000000000
48958  11.441  -41.297  63.073 0.0000000000
47762  8.304  -42.917  67.004 0.0000000000
47752  8.294  -42.794  67.802 0.0000000000
46651  8.150  -43.598  67.524 0.0000000000
54490  26.399  -35.899  60.188 0.0000000000
55520  26.776  -35.520  60.239 0.0000000000
54522  25.615  -36.788  58.850 0.0000000000
64003  31.546  -28.171  52.316 0.0000000000
64020  31.351  -28.015  51.801 0.0000000000
64002  32.014  -28.085  52.500 0.0000000000
65157  34.827  -27.189  52.741 0.0000000000
42649  3.434  -47.352  70.109 0.0000000000
76846  35.473  -17.296  47.030 0.0000000000
75623  33.331  -18.146  47.033 0.0000000000
75653  31.091  -18.741  45.903 0.0000000000
74430  30.255  -19.449  46.231 0.0000000000
56670  16.501  -34.045  60.484 0.0000000000
55495  14.127  -35.556  62.394 0.0000000000
54464  13.607  -36.263  61.991 0.0000000000
54465  13.232  -36.314  62.581 0.0000000000
56701  21.977  -34.875  58.285 0.0000000000
56684  20.824  -34.187  58.746 0.0000000000
54509  20.824  -36.477  59.473 0.0000000000
54495  19.229  -35.842  60.431 0.0000000000
53461  20.516  -37.103  61.646 0.0000000000
66309  26.856  -25.794  53.820 0.0000000000
67530  27.496  -25.449  53.181 0.0000000000
65182  26.001  -27.775  53.085 0.0000000000
66331  26.170  -26.826  52.722 0.0000000000
65181  26.335  -27.752  52.625 0.0000000000
65199  26.824  -27.577  51.828 0.0000000000
65180  26.958  -28.042  52.244 0.0000000000
62792  26.588  -29.449  54.485 0.0000000000
62793  25.942  -29.143  54.551 0.0000000000
63971  29.014  -29.327  53.972 0.0000000000
64006  28.634  -28.731  52.423 0.0000000000
63958  32.136  -28.868  55.138 0.0000000000
63969  31.272  -28.856  54.107 0.0000000000
83537  43.886  -11.442  41.803 0.0000000000
87865  47.361  -7.899  37.574 0.0000000000
87866  46.919  -8.026  37.630 0.0000000000
85762  45.301  -8.871  37.035 0.0000000000
86841  46.386  -8.248  36.843 0.0000000000
84738  45.577  -9.539  36.559 0.0000000000
83586  43.935  -10.923  38.145 0.0000000000
83601  44.069  -10.216  37.761 0.0000000000
83598  46.617  -10.844  37.002 0.0000000000
82451  39.799  -12.947  40.559 0.0000000000
82436  39.281  -12.357  40.998 0.0000000000
82437  38.621  -12.853  41.055 0.0000000000
81434  37.764  -13.831  41.729 0.0000000000
83527  36.671  -11.966  42.403 0.0000000000
80350  37.377  -14.358  42.444 0.0000000000
80349  38.198  -14.850  42.337 0.0000000000
80332  38.090  -15.175  42.875 0.0000000000
79227  38.133  -16.398  43.927 0.0000000000
78033  38.655  -16.915  44.487 0.0000000000
80304  36.307  -14.468  46.336 0.0000000000
80305  35.861  -15.023  46.073 0.0000000000
79210  34.564  -15.542  45.023 0.0000000000
79229  34.471  -15.646  44.412 0.0000000000
78045  34.670  -16.426  44.188 0.0000000000
75683  34.322  -17.711  44.628 0.0000000000
75667  34.754  -18.698  44.214 0.0000000000
75681  35.320  -18.022  44.099 0.0000000000
76875  35.780  -17.360  43.814 0.0000000000
76874  36.631  -17.508  43.802 0.0000000000
57966  28.380  -34.326  56.785 0.0000000000
57978  28.965  -33.959  56.523 0.0000000000
56719  29.470  -34.231  56.927 0.0000000000
56697  30.697  -34.965  58.681 0.0000000000
56708  30.435  -34.704  58.030 0.0000000000
83502  41.414  -10.289  43.789 0.0000000000
83503  40.446  -10.500  43.558 0.0000000000
54446  18.794  -36.787  62.886 0.0000000000
53430  19.389  -37.116  63.698 0.0000000000
53431  18.411  -37.231  63.551 0.0000000000
51309  16.018  -39.347  62.491 0.0000000000
48933  13.589  -41.724  64.822 0.0000000000
53433  12.545  -36.648  63.695 0.0000000000
52368  11.026  -38.257  65.112 0.0000000000
53403  11.460  -37.431  65.517 0.0000000000
53435  11.383  -38.042  63.652 0.0000000000
52393  11.135  -38.639  63.410 0.0000000000
51279  10.761  -39.109  63.850 0.0000000000
50106  9.796  -40.473  64.238 0.0000000000
50072  8.976  -40.675  66.741 0.0000000000
50088  9.171  -40.670  65.431 0.0000000000
47784  9.332  -42.708  64.557 0.0000000000
45654  11.212  -44.597  64.504 0.0000000000
45635  10.573  -45.047  64.808 0.0000000000
43622  10.164  -46.048  65.766 0.0000000000
44615  10.863  -45.681  65.420 0.0000000000
43621  10.731  -46.316  66.205 0.0000000000
42670  9.191  -47.552  67.537 0.0000000000
41638  8.793  -48.372  68.333 0.0000000000
44587  7.802  -45.375  67.519 0.0000000000
43600  7.034  -46.487  68.483 0.0000000000
42662  7.836  -47.709  68.243 0.0000000000
42663  7.279  -47.484  68.524 0.0000000000
42654  7.116  -48.015  68.938 0.0000000000
42664  6.704  -47.221  68.837 0.0000000000
43582  5.823  -46.418  69.568 0.0000000000
43593  5.811  -46.984  69.410 0.0000000000
42646  5.379  -47.710  69.945 0.0000000000
45548  5.977  -44.633  70.083 0.0000000000
44526  4.494  -44.731  69.949 0.0000000000
60383  26.380  -32.034  57.202 0.0000000000
57967  27.854  -34.001  57.202 0.0000000000
53489  27.919  -37.978  59.010 0.0000000000
53488  28.380  -37.685  59.067 0.0000000000
52443  28.805  -37.947  59.439 0.0000000000
52430  29.196  -38.338  60.091 0.0000000000
52431  28.673  -38.679  59.909 0.0000000000
54524  23.693  -36.329  57.810 0.0000000000
52462  24.025  -38.359  58.340 0.0000000000
52461  24.935  -38.194  58.454 0.0000000000
52432  22.441  -38.788  60.551 0.0000000000
52450  22.595  -38.603  59.344 0.0000000000
51348  23.148  -39.226  60.431 0.0000000000
51347  24.017  -39.362  60.464 0.0000000000
51346  24.882  -39.501  60.418 0.0000000000
80392  41.169  -14.570  40.592 0.0000000000
75608  29.756  -17.907  48.331 0.0000000000
74397  28.629  -19.125  48.248 0.0000000000
72250  29.468  -21.091  47.487 0.0000000000
73323  29.082  -20.248  47.370 0.0000000000
72249  30.301  -21.199  47.233 0.0000000000
67559  27.421  -25.850  51.300 0.0000000000
67558  28.131  -25.395  51.709 0.0000000000
66374  28.504  -26.503  49.302 0.0000000000
66386  31.165  -25.987  48.193 0.0000000000
67598  30.554  -25.089  47.847 0.0000000000
67620  29.350  -24.556  47.805 0.0000000000
68812  30.376  -24.168  47.684 0.0000000000
69974  29.822  -23.502  47.569 0.0000000000
68811  31.241  -24.331  47.973 0.0000000000
69961  32.665  -23.774  48.450 0.0000000000
71155  32.397  -22.926  48.286 0.0000000000
72224  31.790  -22.123  47.860 0.0000000000
71154  33.133  -22.785  48.658 0.0000000000
71136  34.338  -22.922  49.671 0.0000000000
59210  29.382  -33.107  56.625 0.0000000000
60393  28.927  -32.575  56.581 0.0000000000
60381  29.659  -32.192  57.242 0.0000000000
61569  30.900  -31.659  57.939 0.0000000000
60380  30.470  -31.893  57.743 0.0000000000
61578  30.433  -31.137  57.533 0.0000000000
61587  29.680  -30.715  57.005 0.0000000000
62749  33.257  -29.562  57.314 0.0000000000
87906  53.704  -7.781  33.890 0.0000000000
86856  54.052  -8.105  32.833 0.0000000000
86867  53.629  -8.607  32.549 0.0000000000
87875  48.269  -7.370  36.935 0.0000000000
86853  48.843  -8.043  34.844 0.0000000000
86852  49.665  -8.085  34.527 0.0000000000
87896  50.416  -7.398  34.785 0.0000000000
84749  50.623  -10.109  33.926 0.0000000000
84750  49.883  -9.803  34.226 0.0000000000
85779  51.112  -9.467  33.725 0.0000000000
85778  51.743  -9.254  33.499 0.0000000000
61591  26.311  -30.930  55.802 0.0000000000
81383  35.977  -13.550  45.792 0.0000000000
74463  32.136  -20.138  44.744 0.0000000000
73354  32.096  -20.851  44.984 0.0000000000
72294  32.871  -21.422  44.869 0.0000000000
72283  33.251  -21.881  45.195 0.0000000000
71190  34.707  -22.552  46.156 0.0000000000
72267  33.911  -22.372  45.698 0.0000000000
72245  33.914  -22.463  46.681 0.0000000000
72222  34.105  -22.522  47.914 0.0000000000
50140  12.692  -40.401  62.293 0.0000000000
50141  11.898  -40.218  62.482 0.0000000000
47740  8.279  -42.630  68.680 0.0000000000
54491  26.040  -36.180  60.171 0.0000000000
54523  24.603  -36.718  58.248 0.0000000000
52416  21.607  -38.270  61.788 0.0000000000
65142  32.877  -28.107  53.914 0.0000000000
65159  32.790  -28.036  53.353 0.0000000000
65141  33.402  -27.916  54.015 0.0000000000
75624  32.317  -17.950  47.147 0.0000000000
75606  32.078  -17.681  48.200 0.0000000000
75625  31.216  -17.831  47.193 0.0000000000
75626  30.205  -18.087  47.387 0.0000000000
56656  15.917  -33.863  61.657 0.0000000000
55509  14.675  -35.416  61.683 0.0000000000
57936  22.073  -33.942  59.331 0.0000000000
59167  19.588  -32.768  59.581 0.0000000000
59166  20.038  -32.994  59.427 0.0000000000
57939  19.590  -33.384  59.140 0.0000000000
55523  19.822  -35.652  59.683 0.0000000000
66310  26.209  -26.403  53.579 0.0000000000
66290  25.923  -26.793  54.169 0.0000000000
65161  25.828  -27.913  53.596 0.0000000000
62779  27.925  -30.188  55.320 0.0000000000
62790  28.533  -29.643  54.661 0.0000000000
63970  30.191  -29.201  54.220 0.0000000000
63960  30.472  -29.368  54.792 0.0000000000
62775  32.134  -29.087  55.745 0.0000000000
84692  44.376  -10.284  40.085 0.0000000000
86836  46.347  -8.228  37.679 0.0000000000
86837  45.288  -8.610  37.720 0.0000000000
85757  44.998  -8.848  37.485 0.0000000000
85763  44.813  -9.329  37.262 0.0000000000
82476  45.334  -11.953  38.487 0.0000000000
82475  46.365  -12.028  38.526 0.0000000000
82463  46.808  -12.634  39.188 0.0000000000
83542  38.603  -11.849  41.494 0.0000000000
82422  37.277  -12.688  41.811 0.0000000000
82401  35.189  -12.850  43.544 0.0000000000
82424  35.902  -13.023  42.881 0.0000000000
80351  36.502  -14.364  42.972 0.0000000000
79228  37.629  -16.588  43.738 0.0000000000
78015  35.643  -16.345  46.402 0.0000000000
78027  35.272  -16.083  45.814 0.0000000000
76868  34.432  -16.995  44.706 0.0000000000
74460  35.189  -19.611  44.124 0.0000000000
75665  36.558  -18.841  44.208 0.0000000000
75679  36.871  -18.185  44.024 0.0000000000
74458  36.997  -19.570  44.542 0.0000000000
55564  29.587  -35.186  57.661 0.0000000000
55548  30.161  -35.567  58.288 0.0000000000
83476  39.599  -10.801  45.513 0.0000000000
83489  39.977  -10.596  44.494 0.0000000000
53448  18.067  -37.223  62.891 0.0000000000
53432  17.764  -37.674  63.397 0.0000000000
47770  13.245  -42.255  65.118 0.0000000000
46675  12.500  -43.828  65.683 0.0000000000
45634  12.049  -44.729  65.964 0.0000000000
52381  10.558  -38.914  64.644 0.0000000000
47772  8.693  -42.726  65.412 0.0000000000
45636  9.759  -44.543  64.961 0.0000000000
43615  9.708  -46.659  66.503 0.0000000000
43591  6.683  -46.271  68.852 0.0000000000
44541  5.811  -45.766  69.789 0.0000000000
44527  3.961  -44.685  69.980 0.0000000000
52458  27.227  -37.901  58.811 0.0000000000
51356  28.420  -38.799  59.833 0.0000000000
51357  27.964  -38.954  59.690 0.0000000000
54535  23.490  -36.923  57.620 0.0000000000
54536  23.108  -37.213  57.767 0.0000000000
52463  23.237  -38.327  58.514 0.0000000000
51307  23.487  -39.431  62.147 0.0000000000
51327  23.730  -39.383  61.300 0.0000000000
51306  24.229  -39.565  62.096 0.0000000000
80394  39.597  -14.505  40.955 0.0000000000
80375  40.819  -15.309  41.189 0.0000000000
73265  28.086  -20.562  49.690 0.0000000000
73281  27.870  -20.409  48.868 0.0000000000
74416  28.455  -19.954  47.866 0.0000000000
72227  28.966  -21.710  47.783 0.0000000000
67573  27.593  -26.026  50.373 0.0000000000
66375  27.625  -26.840  50.084 0.0000000000
65211  32.565  -26.983  49.805 0.0000000000
65226  31.579  -27.007  49.338 0.0000000000
66370  32.603  -26.201  49.055 0.0000000000
68810  32.149  -24.462  48.288 0.0000000000
68798  32.946  -24.580  48.677 0.0000000000
69960  33.386  -23.897  48.859 0.0000000000
71137  33.752  -23.140  49.179 0.0000000000
69951  34.032  -24.017  49.258 0.0000000000
59178  30.850  -33.153  58.086 0.0000000000
59179  30.665  -32.661  57.791 0.0000000000
60370  31.116  -32.227  58.188 0.0000000000
60369  31.725  -31.979  58.543 0.0000000000
86845  47.411  -8.058  35.865 0.0000000000
85765  48.259  -8.830  35.019 0.0000000000
84748  51.229  -10.610  33.644 0.0000000000
84754  51.744  -10.001  33.153 0.0000000000
83651  51.884  -10.742  33.254 0.0000000000
56669  17.523  -33.832  59.742 0.0000000000
59152  19.674  -32.320  60.328 0.0000000000
59168  19.022  -32.540  59.829 0.0000000000
57923  18.453  -32.740  59.836 0.0000000000
81446  45.899  -13.760  40.254 0.0000000000
62783  24.766  -28.911  55.603 0.0000000000
62767  24.983  -29.584  55.762 0.0000000000
62781  26.065  -29.683  54.933 0.0000000000
62780  26.893  -29.972  55.011 0.0000000000
61602  27.032  -30.619  55.402 0.0000000000
62764  29.826  -30.111  56.433 0.0000000000
84700  43.453  -9.879  39.150 0.0000000000
85752  43.847  -9.607  38.622 0.0000000000
84713  43.247  -10.462  38.622 0.0000000000
82478  43.406  -11.584  38.756 0.0000000000
40453  7.957  -49.427  69.558 0.0000000000
83507  35.627  -11.907  44.061 0.0000000000
82384  35.731  -12.108  45.165 0.0000000000
83493  35.652  -12.012  44.763 0.0000000000
81406  34.983  -13.762  43.618 0.0000000000
75650  33.401  -18.115  45.258 0.0000000000
73365  34.754  -20.496  44.099 0.0000000000
72266  36.619  -22.272  45.981 0.0000000000
71188  36.410  -22.540  46.746 0.0000000000
71171  36.369  -22.647  47.831 0.0000000000
53486  29.926  -37.141  59.695 0.0000000000
53473  30.269  -37.334  60.434 0.0000000000
51329  16.213  -39.073  62.048 0.0000000000
51310  15.250  -39.834  62.801 0.0000000000
48945  13.417  -41.727  63.999 0.0000000000
48956  13.245  -41.503  63.140 0.0000000000
47782  11.560  -43.006  63.766 0.0000000000
47773  8.386  -42.852  66.263 0.0000000000
45578  7.877  -44.241  68.098 0.0000000000
52447  25.543  -38.762  58.979 0.0000000000
52415  22.295  -38.733  61.535 0.0000000000
69962  28.284  -23.323  49.042 0.0000000000
64022  29.897  -28.501  51.612 0.0000000000
64036  30.078  -28.226  51.002 0.0000000000
64021  30.792  -28.187  51.574 0.0000000000
65195  31.453  -27.878  51.293 0.0000000000
65194  32.538  -27.461  50.951 0.0000000000
65193  33.420  -27.017  50.482 0.0000000000
66344  34.322  -26.870  50.714 0.0000000000
87895  51.358  -7.420  34.709 0.0000000000
83615  47.546  -10.742  36.039 0.0000000000
79176  36.656  -15.438  46.968 0.0000000000
78014  36.268  -16.090  46.753 0.0000000000
76852  35.232  -16.920  46.394 0.0000000000
75634  34.089  -17.748  46.279 0.0000000000
75622  34.330  -17.939  46.833 0.0000000000
75652  31.736  -18.777  45.624 0.0000000000
72270  31.297  -21.140  46.354 0.0000000000
53446  20.236  -37.288  62.815 0.0000000000
54463  17.774  -37.238  61.696 0.0000000000
53463  16.695  -37.556  60.939 0.0000000000
55526  17.140  -34.842  60.090 0.0000000000
53465  14.114  -37.216  61.500 0.0000000000
55537  23.319  -35.769  58.333 0.0000000000
55522  23.106  -34.868  59.715 0.0000000000
55538  22.894  -35.216  58.759 0.0000000000
55554  22.468  -35.640  58.077 0.0000000000
54526  21.755  -36.656  58.575 0.0000000000
57938  20.536  -33.341  59.329 0.0000000000
55539  21.204  -34.867  58.414 0.0000000000
54508  21.379  -36.914  59.166 0.0000000000
53476  20.642  -36.828  60.652 0.0000000000
67545  28.346  -25.229  52.601 0.0000000000
66345  26.795  -26.305  51.949 0.0000000000
66360  26.867  -27.266  51.324 0.0000000000
65197  27.974  -28.052  51.317 0.0000000000
63974  26.259  -28.843  54.117 0.0000000000
63988  26.408  -28.455  53.384 0.0000000000
63987  27.351  -28.770  53.290 0.0000000000
64007  27.636  -28.450  52.491 0.0000000000
64023  28.826  -28.462  51.572 0.0000000000
63983  31.412  -28.535  53.148 0.0000000000
87864  48.059  -7.714  37.548 0.0000000000
87876  47.317  -7.699  36.989 0.0000000000
86840  47.093  -8.007  36.430 0.0000000000
85767  46.797  -8.800  35.778 0.0000000000
83616  46.670  -10.364  36.182 0.0000000000
85759  43.945  -9.797  37.993 0.0000000000
84726  44.540  -9.786  37.371 0.0000000000
84725  45.123  -10.088  36.963 0.0000000000
84724  45.918  -10.254  36.581 0.0000000000
81452  39.482  -13.838  40.740 0.0000000000
81453  38.975  -13.427  40.890 0.0000000000
81432  39.306  -14.375  41.029 0.0000000000
80348  38.868  -15.307  42.296 0.0000000000
81416  37.044  -13.455  42.158 0.0000000000
80311  35.757  -14.084  45.750 0.0000000000
81385  34.938  -14.232  45.287 0.0000000000
79209  35.048  -15.479  45.492 0.0000000000
80313  34.743  -14.760  45.180 0.0000000000
80336  34.551  -15.131  43.938 0.0000000000
79252  34.960  -15.715  43.696 0.0000000000
76869  34.140  -17.515  44.863 0.0000000000
76878  34.401  -17.391  44.684 0.0000000000
76877  34.604  -17.279  44.451 0.0000000000
78044  35.385  -16.536  43.717 0.0000000000
78042  37.206  -16.933  43.705 0.0000000000
76866  38.413  -17.814  44.633 0.0000000000
57977  29.674  -33.704  56.882 0.0000000000
57965  30.140  -33.789  57.268 0.0000000000
56709  29.917  -34.504  57.374 0.0000000000
59193  30.454  -33.469  57.583 0.0000000000
54449  13.105  -36.288  63.270 0.0000000000
52392  11.463  -38.170  62.924 0.0000000000
51314  11.545  -39.472  62.576 0.0000000000
50124  11.221  -40.222  62.943 0.0000000000
51295  10.537  -39.858  63.553 0.0000000000
51266  9.552  -39.872  65.528 0.0000000000
50107  9.262  -41.116  64.648 0.0000000000
48947  9.555  -41.703  64.187 0.0000000000
47783  10.361  -42.685  63.903 0.0000000000
45653  11.788  -44.747  65.048 0.0000000000
44628  11.539  -45.254  65.481 0.0000000000
44614  11.506  -45.669  66.236 0.0000000000
42677  9.871  -47.209  67.117 0.0000000000
41631  8.277  -48.931  68.979 0.0000000000
42671  8.096  -47.309  67.873 0.0000000000
41646  8.069  -47.788  68.147 0.0000000000
41639  7.883  -48.187  68.480 0.0000000000
41632  7.190  -48.697  69.350 0.0000000000
41634  5.642  -48.043  69.883 0.0000000000
66288  27.227  -25.816  54.814 0.0000000000
60384  25.762  -31.381  57.116 0.0000000000
56698  28.368  -34.959  57.543 0.0000000000
55565  29.075  -35.341  57.633 0.0000000000
53474  29.662  -37.596  59.986 0.0000000000
53516  23.816  -37.171  57.671 0.0000000000
51360  25.207  -39.292  59.600 0.0000000000
51344  26.703  -39.567  60.344 0.0000000000
80373  42.908  -15.414  40.950 0.0000000000
79284  42.689  -15.922  41.636 0.0000000000
79246  41.328  -16.241  43.671 0.0000000000
75639  29.839  -18.599  46.953 0.0000000000
74415  28.825  -19.302  47.776 0.0000000000
74431  29.615  -19.383  46.822 0.0000000000
73341  30.333  -20.364  46.372 0.0000000000
72271  30.764  -21.032  46.831 0.0000000000
68762  28.683  -25.129  52.016 0.0000000000
68788  28.706  -24.468  50.396 0.0000000000
68799  28.426  -24.253  49.364 0.0000000000
68814  28.456  -23.980  48.528 0.0000000000
65228  29.482  -27.448  49.620 0.0000000000
66373  29.718  -26.760  48.846 0.0000000000
66372  30.826  -26.715  48.688 0.0000000000
66388  29.074  -25.893  48.565 0.0000000000
67599  29.417  -25.126  47.965 0.0000000000
68813  28.931  -24.397  48.034 0.0000000000
69975  28.908  -23.523  47.920 0.0000000000
69989  29.381  -23.747  47.680 0.0000000000
71157  30.367  -22.672  47.664 0.0000000000
72225  30.808  -21.972  47.717 0.0000000000
72247  32.058  -21.808  47.170 0.0000000000
72201  34.447  -22.623  49.032 0.0000000000
61580  28.621  -31.539  56.578 0.0000000000
61577  31.571  -30.557  57.859 0.0000000000
62762  32.408  -29.286  56.361 0.0000000000
87898  48.825  -7.447  35.343 0.0000000000
87885  50.312  -6.894  35.434 0.0000000000
83628  48.504  -10.659  35.321 0.0000000000
84751  49.264  -9.572  34.500 0.0000000000
83640  49.926  -10.572  34.396 0.0000000000
85772  49.800  -8.927  34.245 0.0000000000
86850  51.523  -8.223  34.138 0.0000000000
86859  51.927  -8.655  33.866 0.0000000000
86858  52.493  -8.614  33.595 0.0000000000
85776  53.126  -9.015  32.737 0.0000000000
43607  9.320  -46.977  67.045 0.0000000000
48935  8.419  -42.437  66.657 0.0000000000
53517  23.541  -37.355  57.750 0.0000000000
53518  23.182  -37.485  57.928 0.0000000000
57941  18.104  -33.207  59.611 0.0000000000
62752  30.173  -30.494  57.076 0.0000000000
62768  24.535  -29.181  56.282 0.0000000000
63948  32.415  -28.998  55.794 0.0000000000
63962  24.679  -28.508  56.060 0.0000000000
63989  26.003  -28.430  53.862 0.0000000000
64035  30.542  -28.090  51.057 0.0000000000
65160  26.053  -28.017  53.124 0.0000000000
65179  31.676  -27.960  51.929 0.0000000000
65196  30.813  -28.018  51.118 0.0000000000
65198  27.373  -27.936  51.689 0.0000000000
65217  27.077  -27.536  51.407 0.0000000000
65225  32.132  -26.710  49.225 0.0000000000
66332  25.952  -27.470  53.087 0.0000000000
66385  31.932  -25.858  48.520 0.0000000000
67596  32.443  -25.299  48.570 0.0000000000
67619  29.799  -24.545  47.662 0.0000000000
68829  29.779  -24.050  47.579 0.0000000000
69988  29.574  -23.869  47.613 0.0000000000
71203  36.157  -22.581  45.896 0.0000000000
71205  34.639  -22.429  45.380 0.0000000000
72229  27.977  -20.733  48.458 0.0000000000
72251  28.852  -20.943  47.742 0.0000000000
73282  27.877  -20.707  48.695 0.0000000000
73301  28.097  -20.380  48.285 0.0000000000
73302  27.939  -20.514  48.575 0.0000000000
73322  29.749  -20.604  47.072 0.0000000000
73356  30.888  -20.236  45.769 0.0000000000
73368  32.080  -20.570  44.900 0.0000000000
74398  28.326  -19.476  48.525 0.0000000000
74444  32.447  -19.100  44.738 0.0000000000
75609  28.850  -18.700  48.497 0.0000000000
75621  34.926  -17.749  47.054 0.0000000000
76845  36.097  -16.881  47.296 0.0000000000
79192  35.557  -15.512  45.957 0.0000000000
81395  34.931  -13.387  44.944 0.0000000000
84727  44.095  -9.785  37.796 0.0000000000
84764  52.991  -9.920  32.357 0.0000000000
85755  43.974  -9.611  38.224 0.0000000000
86821  44.897  -8.984  38.790 0.0000000000
86831  44.681  -8.974  38.352 0.0000000000
86834  47.941  -8.124  37.952 0.0000000000
86835  47.175  -8.185  37.951 0.0000000000
86846  46.735  -8.386  36.205 0.0000000000
