#!ascii label  , from subject 3270 vox2ras=TkReg
1613
43346  -52.800  -35.892  61.131 0.0000000000
28932  -41.144  -49.811  64.874 0.0000000000
58796  -48.877  -22.126  51.703 0.0000000000
44434  -42.873  -35.417  52.118 0.0000000000
50829  -50.551  -29.909  56.762 0.0000000000
37428  -47.425  -41.887  66.091 0.0000000000
33319  -46.206  -46.308  61.429 0.0000000000
37584  -46.713  -42.776  55.759 0.0000000000
27730  -30.867  -51.261  68.036 0.0000000000
63604  -57.894  -18.163  56.509 0.0000000000
33404  -34.344  -46.434  55.465 0.0000000000
45405  -48.731  -34.935  56.243 0.0000000000
47506  -44.557  -32.077  56.353 0.0000000000
47466  -50.470  -32.250  60.015 0.0000000000
39441  -50.846  -39.694  64.182 0.0000000000
39521  -48.962  -40.076  60.096 0.0000000000
40508  -50.376  -39.252  56.299 0.0000000000
40524  -44.710  -39.811  54.356 0.0000000000
66927  -58.231  -14.695  51.785 0.0000000000
26667  -35.825  -52.387  65.708 0.0000000000
30135  -32.281  -50.075  60.929 0.0000000000
32253  -37.499  -47.729  60.063 0.0000000000
54119  -51.117  -26.044  53.823 0.0000000000
34273  -44.691  -45.745  66.425 0.0000000000
36383  -42.599  -43.010  62.362 0.0000000000
38562  -44.775  -40.542  61.175 0.0000000000
34387  -48.858  -45.160  58.658 0.0000000000
27668  -27.468  -51.323  70.507 0.0000000000
54040  -55.395  -26.101  58.592 0.0000000000
58737  -53.889  -22.328  56.282 0.0000000000
63556  -54.799  -18.510  59.875 0.0000000000
62366  -52.710  -19.330  54.211 0.0000000000
62408  -54.991  -19.567  49.815 0.0000000000
30065  -27.500  -49.116  64.174 0.0000000000
34385  -40.335  -45.120  57.950 0.0000000000
44381  -51.023  -35.444  57.909 0.0000000000
46392  -49.307  -33.761  58.574 0.0000000000
45351  -51.409  -34.157  59.920 0.0000000000
41363  -52.063  -38.144  62.971 0.0000000000
40459  -52.143  -39.527  60.443 0.0000000000
42384  -52.039  -37.751  58.794 0.0000000000
43401  -50.126  -36.976  55.786 0.0000000000
60095  -46.344  -21.907  48.627 0.0000000000
61262  -48.581  -20.596  49.991 0.0000000000
27778  -38.843  -51.489  65.288 0.0000000000
28961  -37.382  -50.899  62.840 0.0000000000
30119  -39.439  -49.027  62.293 0.0000000000
46475  -42.043  -33.509  52.301 0.0000000000
49756  -47.511  -30.901  56.656 0.0000000000
49788  -45.635  -30.385  55.162 0.0000000000
50857  -48.038  -28.825  54.866 0.0000000000
53048  -48.385  -27.363  53.364 0.0000000000
51918  -50.146  -27.941  55.249 0.0000000000
35257  -45.958  -43.626  66.576 0.0000000000
36360  -45.421  -43.093  64.235 0.0000000000
38524  -45.838  -40.916  63.363 0.0000000000
38609  -48.552  -42.250  56.818 0.0000000000
36433  -49.203  -43.338  59.356 0.0000000000
35405  -47.644  -44.743  57.226 0.0000000000
42428  -44.021  -37.501  53.070 0.0000000000
56367  -55.794  -24.090  57.252 0.0000000000
62332  -53.962  -18.830  56.734 0.0000000000
62356  -55.279  -19.546  54.764 0.0000000000
61235  -54.410  -20.199  51.667 0.0000000000
62379  -56.527  -19.046  52.774 0.0000000000
67913  -56.263  -14.643  48.965 0.0000000000
29992  -29.253  -49.792  69.413 0.0000000000
28892  -26.967  -50.164  67.356 0.0000000000
28910  -28.964  -50.108  66.123 0.0000000000
31243  -32.589  -48.143  57.563 0.0000000000
31205  -29.393  -47.962  58.419 0.0000000000
31281  -31.223  -47.845  54.687 0.0000000000
36417  -44.021  -42.817  61.123 0.0000000000
38590  -41.087  -41.220  59.400 0.0000000000
34358  -43.276  -45.140  60.353 0.0000000000
44427  -46.084  -35.306  53.932 0.0000000000
46438  -44.276  -33.709  54.645 0.0000000000
46416  -45.886  -34.187  56.958 0.0000000000
48601  -47.198  -32.053  58.877 0.0000000000
48621  -50.216  -31.286  57.992 0.0000000000
39423  -48.967  -40.621  64.936 0.0000000000
40403  -47.855  -39.636  62.766 0.0000000000
39502  -50.733  -40.191  61.495 0.0000000000
39552  -50.645  -40.401  58.448 0.0000000000
39584  -48.614  -40.682  55.862 0.0000000000
38656  -45.761  -41.769  54.939 0.0000000000
40527  -47.780  -39.233  55.082 0.0000000000
42431  -46.496  -37.303  53.906 0.0000000000
63634  -58.920  -17.168  53.674 0.0000000000
67870  -59.582  -14.154  54.103 0.0000000000
26646  -33.168  -51.950  67.079 0.0000000000
28926  -31.619  -50.357  64.462 0.0000000000
27782  -33.868  -50.922  63.221 0.0000000000
30152  -34.774  -49.415  59.564 0.0000000000
33361  -36.011  -45.872  58.266 0.0000000000
48660  -43.470  -31.497  54.652 0.0000000000
54150  -48.031  -26.185  51.559 0.0000000000
56454  -50.150  -24.163  51.867 0.0000000000
32190  -43.171  -47.682  66.157 0.0000000000
32216  -42.376  -46.944  63.361 0.0000000000
34323  -43.558  -45.359  63.701 0.0000000000
37491  -43.889  -42.243  62.377 0.0000000000
35336  -45.968  -44.151  61.587 0.0000000000
40453  -46.912  -39.544  60.842 0.0000000000
36400  -48.134  -43.248  61.235 0.0000000000
33333  -48.473  -46.867  60.744 0.0000000000
45327  -51.996  -34.397  63.303 0.0000000000
31081  -41.514  -48.416  67.902 0.0000000000
35235  -44.375  -44.097  68.627 0.0000000000
37379  -45.665  -42.326  68.745 0.0000000000
47454  -52.182  -32.496  62.310 0.0000000000
48567  -52.780  -31.066  60.833 0.0000000000
49732  -53.073  -30.126  58.647 0.0000000000
51839  -54.676  -28.107  60.167 0.0000000000
51877  -52.730  -28.223  57.385 0.0000000000
54085  -53.073  -25.924  56.056 0.0000000000
56412  -52.353  -24.203  54.150 0.0000000000
57559  -50.558  -22.738  54.225 0.0000000000
61151  -54.311  -20.669  58.532 0.0000000000
62329  -52.052  -20.152  56.516 0.0000000000
61202  -50.280  -20.542  53.124 0.0000000000
60063  -51.032  -21.204  50.606 0.0000000000
63661  -57.042  -17.827  50.834 0.0000000000
26644  -26.653  -52.499  67.368 0.0000000000
30093  -25.047  -49.822  62.179 0.0000000000
30094  -29.535  -48.750  62.071 0.0000000000
32230  -26.958  -47.490  60.353 0.0000000000
33330  -40.022  -45.836  60.860 0.0000000000
36427  -38.420  -43.618  58.613 0.0000000000
34401  -37.823  -45.028  56.472 0.0000000000
31229  -39.989  -48.686  58.537 0.0000000000
44370  -52.077  -35.742  59.026 0.0000000000
45359  -51.443  -34.663  59.231 0.0000000000
45352  -52.051  -34.602  60.186 0.0000000000
43333  -52.644  -36.600  61.902 0.0000000000
42365  -52.575  -37.511  60.703 0.0000000000
43358  -52.627  -36.482  60.060 0.0000000000
43368  -51.430  -36.195  58.284 0.0000000000
57616  -48.084  -23.149  50.340 0.0000000000
60074  -47.486  -21.844  50.264 0.0000000000
61260  -47.367  -21.000  49.639 0.0000000000
61229  -48.440  -20.903  51.196 0.0000000000
28931  -40.383  -50.371  64.621 0.0000000000
28945  -39.568  -50.456  63.679 0.0000000000
28946  -40.359  -49.908  63.862 0.0000000000
44445  -41.952  -35.482  51.772 0.0000000000
45448  -42.693  -34.765  52.330 0.0000000000
49774  -49.040  -30.492  56.377 0.0000000000
50841  -47.967  -29.583  55.483 0.0000000000
50842  -49.394  -29.744  56.042 0.0000000000
51901  -48.867  -28.796  55.258 0.0000000000
50843  -50.267  -29.033  56.117 0.0000000000
37427  -46.901  -42.455  66.353 0.0000000000
36349  -46.097  -43.080  65.096 0.0000000000
37461  -47.110  -42.070  65.128 0.0000000000
37566  -48.075  -42.595  56.619 0.0000000000
37554  -48.415  -42.878  57.289 0.0000000000
36479  -47.125  -43.681  56.529 0.0000000000
35412  -46.330  -45.003  56.109 0.0000000000
43424  -43.444  -36.348  52.286 0.0000000000
41484  -42.456  -37.991  52.874 0.0000000000
43422  -41.771  -36.655  51.862 0.0000000000
63602  -56.186  -18.981  56.535 0.0000000000
62346  -56.603  -19.172  55.449 0.0000000000
62370  -56.332  -19.216  53.732 0.0000000000
63621  -57.701  -18.526  54.451 0.0000000000
28842  -29.827  -50.166  68.867 0.0000000000
30020  -29.005  -49.860  67.270 0.0000000000
28875  -30.213  -50.780  67.405 0.0000000000
33372  -32.908  -46.320  56.429 0.0000000000
32325  -31.746  -47.047  55.683 0.0000000000
32346  -32.912  -47.043  54.969 0.0000000000
30220  -32.508  -48.915  55.069 0.0000000000
31284  -34.091  -48.155  55.376 0.0000000000
34345  -44.838  -45.144  61.238 0.0000000000
35351  -43.697  -43.929  60.745 0.0000000000
33317  -44.531  -46.204  60.976 0.0000000000
44418  -47.072  -35.193  54.705 0.0000000000
45402  -46.470  -34.419  55.448 0.0000000000
45390  -47.770  -34.468  56.482 0.0000000000
47475  -49.377  -32.544  59.225 0.0000000000
46390  -47.766  -33.355  58.666 0.0000000000
48586  -49.114  -32.057  59.488 0.0000000000
48619  -48.112  -31.507  58.283 0.0000000000
48604  -49.814  -31.627  58.786 0.0000000000
39424  -49.928  -40.117  65.176 0.0000000000
39439  -49.676  -40.434  64.173 0.0000000000
39479  -50.919  -40.021  62.649 0.0000000000
40496  -51.341  -39.036  57.480 0.0000000000
39553  -51.362  -39.953  58.608 0.0000000000
39575  -50.188  -39.927  56.704 0.0000000000
39574  -49.530  -40.698  56.612 0.0000000000
39585  -49.277  -40.017  55.964 0.0000000000
40515  -48.041  -40.087  55.341 0.0000000000
41452  -49.019  -38.677  55.484 0.0000000000
44420  -48.890  -36.290  54.985 0.0000000000
43408  -48.325  -36.739  54.586 0.0000000000
44419  -48.161  -35.833  54.890 0.0000000000
44428  -46.913  -35.963  53.910 0.0000000000
26657  -34.850  -52.257  66.065 0.0000000000
27760  -33.808  -51.405  64.903 0.0000000000
27773  -34.631  -51.537  64.078 0.0000000000
30116  -37.333  -49.453  60.922 0.0000000000
28976  -35.798  -50.433  61.306 0.0000000000
31209  -36.429  -48.360  59.788 0.0000000000
32272  -35.321  -47.758  58.801 0.0000000000
33344  -36.653  -46.370  58.941 0.0000000000
47518  -44.140  -32.521  55.703 0.0000000000
47525  -43.405  -32.521  54.600 0.0000000000
48647  -43.895  -31.554  55.112 0.0000000000
50855  -45.972  -29.784  54.614 0.0000000000
50854  -44.757  -30.109  54.219 0.0000000000
51934  -44.388  -29.125  52.989 0.0000000000
53049  -49.214  -27.110  53.501 0.0000000000
53070  -48.085  -27.073  52.733 0.0000000000
54136  -50.052  -26.020  52.732 0.0000000000
55275  -49.292  -25.072  51.413 0.0000000000
55259  -50.419  -25.253  52.428 0.0000000000
33266  -43.756  -46.810  66.554 0.0000000000
33296  -43.743  -46.464  64.629 0.0000000000
34306  -44.346  -45.288  64.526 0.0000000000
37493  -44.569  -41.526  62.529 0.0000000000
36372  -44.649  -43.124  63.565 0.0000000000
37509  -44.505  -41.734  61.747 0.0000000000
36397  -45.263  -42.961  61.522 0.0000000000
37510  -45.377  -41.923  61.570 0.0000000000
40456  -49.001  -39.431  60.786 0.0000000000
40418  -47.105  -38.447  61.690 0.0000000000
40455  -48.177  -39.313  60.590 0.0000000000
35375  -49.103  -44.348  58.986 0.0000000000
36419  -49.023  -43.268  60.217 0.0000000000
35352  -49.073  -44.365  60.542 0.0000000000
34350  -48.958  -45.263  60.877 0.0000000000
39593  -45.356  -40.755  54.622 0.0000000000
36303  -45.014  -43.274  68.780 0.0000000000
40347  -47.653  -39.351  67.330 0.0000000000
46358  -52.154  -33.457  62.843 0.0000000000
49696  -52.533  -30.853  62.282 0.0000000000
49697  -53.100  -30.351  61.561 0.0000000000
48591  -52.857  -31.020  59.328 0.0000000000
50780  -53.662  -29.677  60.848 0.0000000000
52918  -55.038  -27.341  59.471 0.0000000000
51863  -54.291  -28.091  58.518 0.0000000000
52955  -54.202  -27.438  57.922 0.0000000000
52978  -52.960  -27.208  56.919 0.0000000000
54055  -54.254  -26.540  57.428 0.0000000000
57536  -54.775  -23.037  56.259 0.0000000000
56399  -53.545  -24.085  55.388 0.0000000000
57548  -53.540  -23.351  55.485 0.0000000000
57561  -51.816  -23.333  54.320 0.0000000000
58754  -52.559  -22.339  55.554 0.0000000000
62292  -54.549  -19.276  59.446 0.0000000000
62354  -53.465  -19.155  55.023 0.0000000000
62331  -53.091  -19.228  56.929 0.0000000000
62352  -51.704  -19.537  55.532 0.0000000000
61186  -50.568  -20.589  54.979 0.0000000000
61203  -51.632  -19.982  53.548 0.0000000000
61216  -51.227  -20.677  52.198 0.0000000000
61217  -52.555  -20.620  52.358 0.0000000000
61252  -54.499  -20.052  50.571 0.0000000000
61251  -53.348  -20.635  50.078 0.0000000000
61266  -54.220  -20.072  49.294 0.0000000000
64836  -58.455  -16.454  52.574 0.0000000000
63652  -57.517  -17.556  51.633 0.0000000000
64843  -57.602  -16.468  51.516 0.0000000000
30052  -27.499  -49.462  65.563 0.0000000000
28909  -26.542  -50.922  66.012 0.0000000000
30064  -26.470  -49.548  64.507 0.0000000000
30075  -25.391  -49.876  63.128 0.0000000000
31136  -25.802  -49.043  63.207 0.0000000000
30081  -31.953  -49.810  63.077 0.0000000000
30080  -30.870  -49.657  63.285 0.0000000000
30095  -30.388  -49.112  61.931 0.0000000000
32252  -28.327  -47.487  59.422 0.0000000000
27871  -28.363  -50.916  57.306 0.0000000000
34338  -42.297  -45.075  62.646 0.0000000000
32235  -40.960  -46.601  61.813 0.0000000000
35333  -41.372  -44.036  61.594 0.0000000000
36444  -41.314  -42.765  58.740 0.0000000000
36429  -39.861  -42.775  58.686 0.0000000000
36461  -39.468  -43.554  57.525 0.0000000000
35401  -37.858  -43.260  57.136 0.0000000000
34403  -39.602  -45.025  57.473 0.0000000000
31247  -38.579  -48.199  57.588 0.0000000000
45393  -49.764  -34.898  56.975 0.0000000000
45375  -48.710  -34.385  57.332 0.0000000000
45368  -50.414  -34.470  58.239 0.0000000000
46382  -50.794  -33.635  59.565 0.0000000000
47477  -50.737  -33.073  59.911 0.0000000000
41362  -51.646  -38.489  63.618 0.0000000000
40421  -51.527  -39.672  61.876 0.0000000000
40422  -51.898  -38.865  61.993 0.0000000000
41428  -51.943  -38.588  58.718 0.0000000000
41435  -51.213  -38.301  57.160 0.0000000000
41453  -49.703  -38.345  55.617 0.0000000000
43394  -50.985  -37.110  56.777 0.0000000000
43377  -50.483  -36.039  56.958 0.0000000000
60088  -49.387  -20.939  49.563 0.0000000000
27764  -37.471  -52.083  65.488 0.0000000000
27785  -36.309  -51.545  63.708 0.0000000000
28943  -37.678  -51.252  63.453 0.0000000000
28978  -38.094  -49.981  62.048 0.0000000000
31170  -38.595  -48.382  61.208 0.0000000000
48634  -46.666  -31.268  57.267 0.0000000000
49770  -45.223  -30.797  55.717 0.0000000000
49771  -46.210  -30.420  55.470 0.0000000000
50840  -46.865  -29.989  55.123 0.0000000000
51914  -46.666  -28.805  54.056 0.0000000000
51937  -47.106  -28.060  53.635 0.0000000000
51916  -48.588  -28.162  54.465 0.0000000000
53021  -49.347  -27.575  54.227 0.0000000000
54098  -50.573  -26.937  54.310 0.0000000000
34274  -45.267  -44.962  66.360 0.0000000000
34289  -45.046  -44.890  65.250 0.0000000000
36348  -45.618  -43.676  65.085 0.0000000000
37459  -45.834  -42.386  64.127 0.0000000000
38523  -44.935  -40.894  62.729 0.0000000000
38601  -49.414  -41.611  58.295 0.0000000000
38594  -49.268  -41.191  59.346 0.0000000000
37555  -49.063  -42.658  57.963 0.0000000000
36463  -48.615  -43.653  57.884 0.0000000000
34404  -48.048  -45.459  57.481 0.0000000000
33379  -48.322  -46.345  57.472 0.0000000000
34413  -47.219  -45.544  56.838 0.0000000000
41471  -44.031  -38.252  53.512 0.0000000000
41470  -43.003  -38.669  53.405 0.0000000000
55151  -55.532  -25.506  59.005 0.0000000000
55195  -55.484  -25.147  57.476 0.0000000000
56345  -56.055  -24.171  58.874 0.0000000000
58724  -56.016  -22.801  58.201 0.0000000000
59998  -55.080  -21.912  57.574 0.0000000000
63570  -55.572  -18.115  59.137 0.0000000000
63581  -54.646  -18.915  58.397 0.0000000000
63592  -55.326  -18.851  57.436 0.0000000000
62344  -55.016  -19.374  55.675 0.0000000000
62367  -53.768  -19.585  54.111 0.0000000000
61218  -53.753  -20.427  52.467 0.0000000000
61206  -54.939  -19.759  53.236 0.0000000000
61236  -55.144  -19.876  51.820 0.0000000000
62400  -55.549  -19.515  50.771 0.0000000000
67897  -58.249  -13.821  51.252 0.0000000000
66937  -57.043  -14.626  50.738 0.0000000000
67903  -57.181  -14.155  49.990 0.0000000000
29990  -27.768  -49.989  69.956 0.0000000000
28855  -27.254  -50.715  69.056 0.0000000000
30002  -28.319  -49.605  68.662 0.0000000000
30035  -28.556  -49.800  66.521 0.0000000000
30053  -28.603  -49.740  65.275 0.0000000000
30168  -32.457  -49.338  58.620 0.0000000000
30133  -30.778  -49.143  59.724 0.0000000000
31222  -31.344  -48.698  57.690 0.0000000000
31240  -30.086  -48.124  56.754 0.0000000000
30217  -29.214  -48.900  55.272 0.0000000000
27900  -28.578  -50.775  55.915 0.0000000000
29072  -30.873  -49.775  55.156 0.0000000000
37507  -43.909  -41.167  61.895 0.0000000000
37505  -41.795  -41.675  61.264 0.0000000000
38593  -43.482  -40.499  60.169 0.0000000000
36431  -42.501  -42.597  59.507 0.0000000000
34369  -41.782  -45.355  59.141 0.0000000000
44436  -44.866  -35.462  52.995 0.0000000000
45424  -44.008  -34.263  53.421 0.0000000000
45414  -45.413  -34.359  54.367 0.0000000000
46428  -44.889  -34.011  55.704 0.0000000000
46401  -45.510  -33.273  57.527 0.0000000000
46403  -47.265  -34.040  58.103 0.0000000000
46389  -46.892  -33.149  58.599 0.0000000000
48617  -46.054  -31.757  57.749 0.0000000000
48635  -47.697  -31.221  57.563 0.0000000000
49742  -49.359  -30.970  57.217 0.0000000000
49759  -50.272  -30.537  57.101 0.0000000000
38490  -48.279  -40.885  65.556 0.0000000000
38526  -47.814  -40.655  63.892 0.0000000000
39438  -48.777  -40.659  63.963 0.0000000000
39477  -49.250  -39.987  62.245 0.0000000000
39522  -49.869  -39.924  60.592 0.0000000000
40441  -51.635  -39.977  60.907 0.0000000000
39539  -50.390  -40.380  59.520 0.0000000000
39551  -49.840  -40.765  58.809 0.0000000000
39563  -49.838  -40.924  57.766 0.0000000000
38620  -48.445  -41.692  56.332 0.0000000000
38637  -47.507  -41.872  55.786 0.0000000000
38636  -46.636  -41.865  55.316 0.0000000000
39582  -47.097  -41.314  55.380 0.0000000000
40526  -46.832  -39.462  54.786 0.0000000000
41460  -46.225  -38.597  54.443 0.0000000000
41463  -48.691  -38.193  55.085 0.0000000000
42420  -46.750  -37.824  54.278 0.0000000000
41473  -45.657  -38.154  54.084 0.0000000000
42430  -45.702  -37.381  53.639 0.0000000000
43414  -44.884  -36.545  52.982 0.0000000000
63613  -58.847  -17.790  54.802 0.0000000000
65856  -59.146  -16.249  55.180 0.0000000000
65872  -59.301  -16.082  53.871 0.0000000000
66916  -59.250  -14.875  52.885 0.0000000000
67887  -59.234  -13.986  52.354 0.0000000000
68861  -58.988  -13.296  51.181 0.0000000000
27731  -31.613  -51.642  67.630 0.0000000000
28896  -31.183  -50.963  65.883 0.0000000000
27759  -32.591  -51.027  65.230 0.0000000000
28928  -33.026  -50.664  63.838 0.0000000000
28973  -32.860  -50.304  61.774 0.0000000000
27801  -35.408  -51.172  62.660 0.0000000000
28975  -34.807  -50.598  61.327 0.0000000000
29008  -33.451  -50.153  59.947 0.0000000000
31225  -34.272  -48.591  58.611 0.0000000000
33359  -34.163  -46.275  57.505 0.0000000000
34397  -34.435  -45.235  56.707 0.0000000000
46449  -42.976  -33.371  53.403 0.0000000000
47535  -42.709  -32.725  53.437 0.0000000000
49786  -44.132  -30.674  54.563 0.0000000000
56452  -48.868  -24.542  50.859 0.0000000000
57598  -49.623  -23.005  52.071 0.0000000000
30056  -42.130  -48.956  65.318 0.0000000000
31127  -41.620  -48.843  64.068 0.0000000000
32206  -42.583  -47.647  64.173 0.0000000000
33304  -42.934  -46.079  63.475 0.0000000000
35318  -42.988  -44.167  62.800 0.0000000000
35304  -44.371  -44.192  63.808 0.0000000000
36371  -43.892  -43.252  63.212 0.0000000000
36384  -43.317  -43.022  62.713 0.0000000000
37508  -44.278  -41.895  61.657 0.0000000000
36396  -44.565  -42.869  61.419 0.0000000000
34346  -45.662  -45.212  61.519 0.0000000000
38525  -46.838  -40.691  63.741 0.0000000000
40401  -46.115  -38.898  62.322 0.0000000000
40435  -45.174  -39.545  60.968 0.0000000000
37526  -48.527  -42.145  60.369 0.0000000000
38565  -47.538  -41.501  61.103 0.0000000000
37511  -46.406  -42.112  61.472 0.0000000000
36399  -47.189  -43.195  61.603 0.0000000000
34348  -47.559  -45.321  61.600 0.0000000000
37600  -44.986  -42.668  55.335 0.0000000000
43323  -52.412  -36.280  62.616 0.0000000000
44330  -52.553  -35.293  62.168 0.0000000000
29957  -29.033  -49.370  71.547 0.0000000000
27690  -31.545  -51.304  69.688 0.0000000000
27691  -32.591  -51.914  69.348 0.0000000000
26637  -34.111  -52.282  67.840 0.0000000000
26670  -37.966  -51.957  66.694 0.0000000000
27753  -39.249  -51.343  66.496 0.0000000000
28899  -40.781  -50.291  66.384 0.0000000000
30023  -41.869  -49.224  66.711 0.0000000000
31097  -42.353  -48.615  66.717 0.0000000000
32177  -43.203  -47.205  67.202 0.0000000000
33246  -43.624  -46.456  67.399 0.0000000000
34244  -43.531  -45.757  68.303 0.0000000000
34258  -44.692  -45.508  67.154 0.0000000000
35245  -45.316  -44.134  67.827 0.0000000000
36327  -46.286  -43.122  67.203 0.0000000000
37410  -46.937  -42.181  67.115 0.0000000000
38462  -47.354  -41.380  67.100 0.0000000000
39410  -48.223  -40.596  66.261 0.0000000000
39399  -48.478  -39.747  66.506 0.0000000000
42329  -51.808  -37.085  63.986 0.0000000000
45340  -52.343  -34.365  61.725 0.0000000000
46369  -52.035  -33.484  61.241 0.0000000000
47468  -51.469  -32.594  60.862 0.0000000000
48547  -52.165  -31.602  63.484 0.0000000000
48566  -52.318  -31.448  61.674 0.0000000000
48577  -51.939  -31.564  60.550 0.0000000000
48589  -51.325  -31.539  59.534 0.0000000000
49730  -51.693  -30.799  58.261 0.0000000000
50816  -51.420  -30.028  57.318 0.0000000000
50791  -54.259  -28.890  59.528 0.0000000000
50818  -53.184  -28.765  58.005 0.0000000000
50830  -51.592  -29.222  56.961 0.0000000000
52976  -51.737  -27.651  56.311 0.0000000000
54083  -51.523  -26.844  55.478 0.0000000000
54100  -52.035  -25.903  55.015 0.0000000000
55221  -54.088  -25.026  56.252 0.0000000000
55232  -53.126  -24.852  55.122 0.0000000000
55243  -51.423  -25.173  53.551 0.0000000000
56422  -51.342  -24.303  53.265 0.0000000000
57582  -50.192  -23.181  52.907 0.0000000000
58786  -49.521  -22.385  52.890 0.0000000000
61140  -54.855  -21.092  59.280 0.0000000000
61165  -53.965  -21.129  57.827 0.0000000000
62302  -54.234  -19.533  58.508 0.0000000000
62315  -52.826  -20.118  57.275 0.0000000000
60010  -52.654  -21.435  56.410 0.0000000000
60025  -51.437  -21.400  55.949 0.0000000000
58763  -49.897  -21.748  54.277 0.0000000000
60053  -49.126  -21.397  52.447 0.0000000000
61214  -49.396  -20.860  51.949 0.0000000000
61249  -50.120  -20.985  50.850 0.0000000000
60089  -50.486  -21.348  49.149 0.0000000000
61234  -53.458  -20.590  51.356 0.0000000000
61250  -52.324  -20.929  49.485 0.0000000000
60090  -51.522  -21.340  48.778 0.0000000000
63632  -57.794  -18.220  53.523 0.0000000000
63651  -57.218  -18.160  51.479 0.0000000000
62410  -56.211  -18.206  49.696 0.0000000000
65910  -56.145  -15.858  49.780 0.0000000000
64855  -55.834  -16.831  49.278 0.0000000000
63671  -55.073  -18.118  48.303 0.0000000000
28872  -26.788  -51.257  67.637 0.0000000000
28924  -30.054  -50.326  64.850 0.0000000000
30054  -29.384  -50.010  64.760 0.0000000000
30078  -28.117  -48.886  63.312 0.0000000000
31190  -30.008  -48.545  60.182 0.0000000000
31150  -28.746  -48.373  61.796 0.0000000000
31138  -27.431  -48.437  62.756 0.0000000000
31164  -25.705  -48.324  61.343 0.0000000000
31154  -41.139  -47.902  62.783 0.0000000000
32234  -40.364  -47.219  61.737 0.0000000000
32255  -38.834  -46.748  60.502 0.0000000000
36394  -40.526  -43.606  60.503 0.0000000000
35347  -39.595  -44.267  59.911 0.0000000000
33346  -38.067  -46.151  59.817 0.0000000000
34366  -37.468  -44.986  58.560 0.0000000000
34399  -35.915  -44.932  56.720 0.0000000000
34410  -36.132  -45.199  56.028 0.0000000000
32278  -42.994  -46.857  60.117 0.0000000000
33347  -41.542  -46.392  58.875 0.0000000000
33363  -40.554  -46.326  58.127 0.0000000000
32309  -39.214  -47.382  57.536 0.0000000000
32329  -37.757  -46.688  56.545 0.0000000000
32327  -35.870  -47.180  55.993 0.0000000000
44348  -52.638  -35.507  60.711 0.0000000000
44359  -52.167  -35.368  59.472 0.0000000000
43345  -52.729  -36.506  61.098 0.0000000000
43369  -52.153  -36.445  58.948 0.0000000000
58811  -48.684  -22.460  51.270 0.0000000000
58809  -47.661  -22.543  50.192 0.0000000000
58810  -48.302  -22.209  50.944 0.0000000000
60075  -47.947  -21.352  50.851 0.0000000000
60060  -48.392  -21.598  51.397 0.0000000000
28917  -40.979  -50.187  65.516 0.0000000000
30069  -40.954  -49.642  64.233 0.0000000000
44433  -42.453  -35.746  51.875 0.0000000000
44446  -42.464  -34.970  52.063 0.0000000000
50828  -49.877  -30.063  56.483 0.0000000000
37442  -46.690  -42.565  65.507 0.0000000000
37443  -47.184  -42.152  65.710 0.0000000000
37565  -47.360  -42.916  56.291 0.0000000000
43423  -42.452  -36.331  51.919 0.0000000000
43436  -41.869  -36.212  51.745 0.0000000000
63603  -56.761  -18.648  56.353 0.0000000000
63611  -57.425  -18.687  55.447 0.0000000000
62358  -56.931  -19.061  54.557 0.0000000000
28857  -30.239  -50.621  68.364 0.0000000000
33383  -33.231  -45.957  55.772 0.0000000000
33402  -32.812  -46.437  55.290 0.0000000000
33403  -33.524  -46.358  55.382 0.0000000000
32347  -33.760  -47.195  55.269 0.0000000000
33318  -45.318  -46.245  61.270 0.0000000000
44407  -47.835  -35.188  55.403 0.0000000000
45403  -47.255  -34.623  55.678 0.0000000000
45404  -48.209  -34.823  55.993 0.0000000000
47476  -50.309  -32.620  59.658 0.0000000000
48587  -49.598  -32.003  59.457 0.0000000000
48588  -50.439  -31.873  59.633 0.0000000000
39425  -50.477  -39.804  64.851 0.0000000000
39440  -50.471  -40.064  64.311 0.0000000000
39460  -50.940  -39.814  63.635 0.0000000000
40495  -50.777  -39.550  57.045 0.0000000000
40507  -49.831  -39.852  56.230 0.0000000000
40517  -49.606  -39.223  55.792 0.0000000000
40516  -48.676  -39.526  55.535 0.0000000000
44408  -48.966  -35.558  55.843 0.0000000000
26666  -35.333  -52.190  65.472 0.0000000000
27761  -34.884  -51.889  65.073 0.0000000000
27762  -35.782  -52.061  65.037 0.0000000000
31192  -37.543  -48.338  60.400 0.0000000000
30138  -36.823  -49.254  60.474 0.0000000000
31210  -37.119  -48.041  60.014 0.0000000000
32274  -37.150  -47.238  59.570 0.0000000000
50870  -45.805  -28.935  53.783 0.0000000000
50869  -45.031  -29.428  53.672 0.0000000000
54118  -50.189  -26.696  53.628 0.0000000000
54117  -49.487  -26.788  53.251 0.0000000000
55242  -50.760  -25.727  53.116 0.0000000000
33285  -44.329  -46.301  66.065 0.0000000000
33297  -44.265  -46.170  65.274 0.0000000000
34288  -44.728  -45.615  65.640 0.0000000000
35364  -49.247  -44.328  59.779 0.0000000000
34372  -49.115  -45.305  59.299 0.0000000000
34360  -49.202  -45.334  60.148 0.0000000000
33365  -48.831  -46.301  58.575 0.0000000000
50769  -53.517  -29.458  61.546 0.0000000000
54020  -55.357  -26.312  59.298 0.0000000000
54007  -55.115  -26.489  60.089 0.0000000000
52937  -55.044  -26.885  58.513 0.0000000000
52936  -54.738  -27.619  58.790 0.0000000000
54056  -55.151  -26.182  57.836 0.0000000000
58738  -54.597  -22.548  56.497 0.0000000000
57549  -54.292  -23.323  55.946 0.0000000000
58755  -53.410  -22.625  55.704 0.0000000000
58767  -52.829  -22.735  55.213 0.0000000000
60027  -52.874  -21.930  55.946 0.0000000000
64755  -54.335  -18.148  61.116 0.0000000000
63544  -54.495  -18.657  60.825 0.0000000000
62283  -54.480  -19.427  60.270 0.0000000000
62353  -52.527  -19.155  55.253 0.0000000000
62365  -51.854  -19.365  54.619 0.0000000000
61204  -53.104  -20.091  53.374 0.0000000000
62412  -54.849  -19.145  48.468 0.0000000000
65882  -58.570  -15.765  52.471 0.0000000000
64844  -58.151  -16.460  51.958 0.0000000000
65894  -58.166  -15.690  51.874 0.0000000000
27688  -27.366  -51.210  69.668 0.0000000000
31125  -26.170  -49.227  63.845 0.0000000000
31126  -26.489  -48.979  63.855 0.0000000000
30115  -32.126  -49.822  61.784 0.0000000000
30096  -31.548  -49.570  62.338 0.0000000000
30114  -31.468  -49.502  61.359 0.0000000000
29028  -27.780  -50.338  57.881 0.0000000000
35317  -42.092  -44.039  62.256 0.0000000000
34337  -41.642  -45.037  62.076 0.0000000000
36382  -41.863  -42.949  61.739 0.0000000000
35373  -40.835  -44.052  58.265 0.0000000000
36443  -40.029  -42.973  58.025 0.0000000000
35372  -39.919  -44.083  57.679 0.0000000000
35390  -39.191  -44.107  57.212 0.0000000000
45377  -50.266  -34.893  57.493 0.0000000000
45378  -50.738  -34.859  57.986 0.0000000000
46394  -50.639  -34.120  58.870 0.0000000000
46375  -51.070  -33.425  60.049 0.0000000000
41377  -52.204  -38.132  62.157 0.0000000000
42375  -52.416  -37.572  59.694 0.0000000000
41416  -52.242  -38.521  59.378 0.0000000000
41427  -51.537  -38.224  58.030 0.0000000000
42393  -51.225  -37.500  57.368 0.0000000000
42406  -51.009  -37.828  56.711 0.0000000000
43378  -51.033  -36.425  57.369 0.0000000000
44380  -50.528  -35.678  57.291 0.0000000000
44397  -49.872  -35.562  56.678 0.0000000000
60084  -46.422  -22.204  49.035 0.0000000000
61261  -47.822  -20.718  49.786 0.0000000000
27777  -38.288  -51.639  64.806 0.0000000000
27787  -37.829  -51.626  64.234 0.0000000000
28929  -38.645  -51.393  64.445 0.0000000000
28963  -39.506  -49.915  62.947 0.0000000000
28962  -38.733  -50.381  62.784 0.0000000000
30098  -39.169  -49.609  62.482 0.0000000000
30118  -38.788  -49.209  61.926 0.0000000000
49755  -46.472  -30.854  56.353 0.0000000000
49772  -47.245  -30.419  55.816 0.0000000000
50856  -47.218  -29.277  54.691 0.0000000000
51915  -47.609  -28.487  54.263 0.0000000000
51917  -49.516  -28.087  54.878 0.0000000000
53022  -50.265  -27.352  54.587 0.0000000000
35269  -45.693  -44.056  66.257 0.0000000000
35279  -45.476  -44.267  65.577 0.0000000000
36338  -45.860  -43.675  65.727 0.0000000000
37460  -46.439  -42.213  64.604 0.0000000000
36361  -45.942  -42.702  64.536 0.0000000000
37478  -46.029  -41.838  63.852 0.0000000000
36462  -48.106  -43.879  57.427 0.0000000000
35391  -48.281  -44.594  57.733 0.0000000000
34414  -47.653  -45.671  57.153 0.0000000000
41485  -43.371  -37.797  52.993 0.0000000000
55128  -55.243  -24.567  59.487 0.0000000000
55152  -55.503  -24.744  59.188 0.0000000000
58683  -55.545  -22.790  60.012 0.0000000000
58695  -56.026  -23.067  59.440 0.0000000000
58708  -55.697  -22.402  58.518 0.0000000000
58723  -55.573  -22.641  57.568 0.0000000000
64794  -56.773  -17.624  58.379 0.0000000000
64782  -56.407  -17.337  58.860 0.0000000000
63571  -56.091  -17.778  58.890 0.0000000000
63582  -55.229  -18.630  58.103 0.0000000000
63593  -55.965  -18.618  57.173 0.0000000000
62345  -55.851  -19.480  55.531 0.0000000000
62334  -55.642  -19.219  56.398 0.0000000000
62355  -54.406  -19.392  54.898 0.0000000000
62368  -54.691  -19.641  54.011 0.0000000000
62369  -55.501  -19.506  53.795 0.0000000000
62378  -55.772  -19.330  53.017 0.0000000000
62390  -55.894  -19.474  52.090 0.0000000000
62391  -56.764  -18.793  51.566 0.0000000000
68869  -58.389  -13.443  50.794 0.0000000000
67896  -57.514  -14.023  50.795 0.0000000000
29991  -28.321  -49.621  69.718 0.0000000000
30036  -28.978  -49.919  66.831 0.0000000000
30019  -28.305  -49.622  67.581 0.0000000000
31223  -32.189  -48.746  57.878 0.0000000000
30167  -31.585  -49.161  58.347 0.0000000000
31242  -31.907  -48.108  57.249 0.0000000000
32344  -31.183  -47.324  55.052 0.0000000000
31264  -30.562  -47.786  56.324 0.0000000000
31263  -30.029  -47.874  55.707 0.0000000000
30204  -29.446  -48.239  55.356 0.0000000000
30205  -29.766  -48.170  54.985 0.0000000000
29071  -29.809  -49.922  55.129 0.0000000000
30218  -30.370  -48.727  54.899 0.0000000000
29075  -33.254  -49.868  55.948 0.0000000000
29074  -32.716  -49.813  55.635 0.0000000000
37524  -43.880  -41.815  61.135 0.0000000000
38580  -43.757  -39.956  60.722 0.0000000000
37523  -43.688  -41.173  60.556 0.0000000000
36415  -42.914  -43.255  60.030 0.0000000000
34357  -42.853  -44.564  60.119 0.0000000000
35363  -42.076  -44.091  59.209 0.0000000000
34370  -42.553  -45.212  59.784 0.0000000000
44426  -45.394  -35.388  53.461 0.0000000000
45425  -45.104  -34.585  53.803 0.0000000000
45426  -45.751  -34.770  54.099 0.0000000000
46430  -46.463  -34.356  56.177 0.0000000000
46440  -45.441  -34.165  55.197 0.0000000000
46429  -45.721  -34.256  55.833 0.0000000000
46415  -44.993  -33.811  56.696 0.0000000000
46405  -48.983  -34.202  58.083 0.0000000000
46418  -47.893  -34.268  57.263 0.0000000000
46404  -48.181  -34.045  58.090 0.0000000000
47487  -47.450  -32.551  58.885 0.0000000000
47486  -46.845  -32.348  58.768 0.0000000000
47498  -46.171  -32.587  58.243 0.0000000000
48618  -46.944  -31.609  58.407 0.0000000000
48620  -49.151  -31.282  57.934 0.0000000000
49743  -49.936  -30.924  57.396 0.0000000000
38508  -48.134  -41.033  64.719 0.0000000000
39478  -50.096  -40.207  62.441 0.0000000000
39458  -49.447  -40.361  63.197 0.0000000000
39501  -49.748  -39.953  61.608 0.0000000000
40440  -49.570  -39.694  61.171 0.0000000000
40458  -51.753  -39.967  59.979 0.0000000000
39540  -51.224  -40.240  59.328 0.0000000000
39573  -48.925  -41.108  56.330 0.0000000000
38638  -48.064  -41.275  55.839 0.0000000000
39583  -47.618  -40.853  55.464 0.0000000000
39595  -47.377  -40.070  55.107 0.0000000000
42413  -49.540  -37.516  55.390 0.0000000000
41464  -49.186  -38.089  55.331 0.0000000000
42423  -49.038  -37.714  54.987 0.0000000000
42421  -47.553  -37.435  54.363 0.0000000000
42419  -46.151  -37.844  54.095 0.0000000000
43415  -45.439  -36.253  53.211 0.0000000000
43426  -44.943  -36.189  52.870 0.0000000000
66898  -59.336  -15.425  54.579 0.0000000000
66908  -59.428  -15.140  53.597 0.0000000000
67888  -59.769  -13.561  52.817 0.0000000000
67898  -58.872  -13.707  51.691 0.0000000000
68847  -59.299  -13.300  51.743 0.0000000000
27732  -32.497  -51.812  67.143 0.0000000000
27748  -32.498  -51.478  66.249 0.0000000000
27772  -33.732  -51.073  63.809 0.0000000000
27771  -33.111  -50.918  64.429 0.0000000000
28941  -33.355  -50.629  63.181 0.0000000000
28956  -32.836  -50.279  62.698 0.0000000000
28957  -33.518  -50.588  62.370 0.0000000000
27803  -36.810  -51.300  63.333 0.0000000000
27802  -36.259  -51.252  63.001 0.0000000000
28960  -36.187  -50.845  62.152 0.0000000000
28994  -35.275  -50.087  60.434 0.0000000000
29010  -34.616  -50.077  60.136 0.0000000000
28993  -34.319  -50.395  60.653 0.0000000000
29009  -34.048  -50.139  60.032 0.0000000000
30151  -33.755  -49.787  59.514 0.0000000000
30170  -34.080  -49.344  59.107 0.0000000000
32292  -35.429  -46.478  58.387 0.0000000000
32291  -34.796  -47.167  58.430 0.0000000000
33360  -35.061  -45.786  57.727 0.0000000000
33374  -34.463  -45.498  57.116 0.0000000000
34382  -35.222  -45.294  57.355 0.0000000000
46451  -44.244  -33.907  53.973 0.0000000000
45423  -43.602  -34.115  53.241 0.0000000000
46450  -43.488  -33.783  53.550 0.0000000000
48672  -42.979  -32.134  54.034 0.0000000000
49769  -44.667  -30.783  55.234 0.0000000000
49787  -45.075  -30.432  54.916 0.0000000000
50868  -43.929  -29.996  53.502 0.0000000000
51938  -47.998  -27.851  53.807 0.0000000000
53047  -47.540  -27.475  53.164 0.0000000000
54135  -49.011  -26.515  52.633 0.0000000000
55274  -48.291  -25.445  50.947 0.0000000000
56434  -50.044  -24.758  51.835 0.0000000000
56453  -49.580  -24.008  51.444 0.0000000000
57599  -50.123  -23.672  52.059 0.0000000000
31105  -42.581  -48.465  65.898 0.0000000000
31115  -42.491  -48.414  65.079 0.0000000000
32199  -43.150  -47.521  64.963 0.0000000000
34305  -43.789  -45.871  64.179 0.0000000000
33305  -43.392  -46.257  63.928 0.0000000000
34322  -42.899  -45.251  63.160 0.0000000000
35302  -43.274  -44.786  63.265 0.0000000000
35288  -45.190  -44.168  64.759 0.0000000000
35287  -44.734  -44.451  64.396 0.0000000000
36359  -44.923  -43.842  64.114 0.0000000000
37475  -44.231  -42.534  62.970 0.0000000000
35335  -45.123  -44.046  61.361 0.0000000000
39456  -47.435  -40.010  63.219 0.0000000000
40437  -47.306  -38.763  60.949 0.0000000000
41376  -46.592  -38.263  61.383 0.0000000000
41389  -46.346  -38.480  61.189 0.0000000000
40416  -44.937  -39.173  61.242 0.0000000000
39518  -46.655  -39.815  60.973 0.0000000000
37546  -49.229  -42.403  58.858 0.0000000000
38583  -48.672  -41.108  60.113 0.0000000000
37537  -49.021  -42.226  59.704 0.0000000000
36418  -48.530  -42.914  60.715 0.0000000000
37525  -48.080  -42.184  60.968 0.0000000000
38564  -46.702  -41.183  61.184 0.0000000000
37512  -47.385  -42.228  61.340 0.0000000000
33322  -48.720  -45.842  61.085 0.0000000000
34349  -48.356  -45.250  61.261 0.0000000000
33321  -48.207  -46.395  61.224 0.0000000000
29956  -28.220  -49.725  71.828 0.0000000000
26669  -37.458  -52.218  66.381 0.0000000000
31096  -41.906  -48.860  67.239 0.0000000000
31082  -42.200  -48.217  67.416 0.0000000000
33231  -43.196  -46.394  68.060 0.0000000000
35234  -43.582  -44.170  69.111 0.0000000000
34233  -43.242  -45.192  68.800 0.0000000000
34234  -43.875  -44.660  68.676 0.0000000000
34245  -44.319  -45.158  68.135 0.0000000000
34246  -44.896  -44.640  67.909 0.0000000000
34259  -45.094  -44.806  67.444 0.0000000000
35244  -44.796  -44.388  68.174 0.0000000000
36315  -45.743  -43.279  68.120 0.0000000000
36316  -46.290  -42.893  67.888 0.0000000000
37393  -46.635  -42.319  67.777 0.0000000000
38448  -46.902  -41.305  67.868 0.0000000000
38449  -47.361  -40.829  67.359 0.0000000000
39398  -47.917  -40.316  66.804 0.0000000000
40360  -48.881  -39.227  66.428 0.0000000000
39412  -49.598  -39.756  65.630 0.0000000000
43315  -51.963  -36.240  63.444 0.0000000000
45333  -52.261  -34.387  62.525 0.0000000000
47446  -52.162  -32.532  63.169 0.0000000000
46364  -52.209  -33.446  62.018 0.0000000000
47459  -52.035  -32.498  61.448 0.0000000000
48578  -52.903  -31.187  59.921 0.0000000000
49719  -53.217  -30.510  59.241 0.0000000000
49718  -52.759  -30.857  59.028 0.0000000000
49731  -52.463  -30.431  58.508 0.0000000000
49745  -51.892  -30.306  57.882 0.0000000000
49746  -52.280  -30.103  58.034 0.0000000000
52894  -54.867  -27.166  61.054 0.0000000000
50781  -54.204  -28.993  60.473 0.0000000000
51878  -53.494  -28.075  57.857 0.0000000000
51862  -53.762  -28.521  58.337 0.0000000000
50831  -52.196  -28.703  57.113 0.0000000000
51891  -51.796  -28.281  56.668 0.0000000000
51892  -52.315  -28.181  56.949 0.0000000000
54070  -53.203  -26.663  56.773 0.0000000000
53001  -51.926  -27.268  56.149 0.0000000000
54084  -52.184  -26.635  55.878 0.0000000000
55210  -55.085  -25.274  56.850 0.0000000000
56387  -55.125  -24.584  56.577 0.0000000000
55231  -52.483  -25.092  54.616 0.0000000000
55244  -52.047  -24.972  53.961 0.0000000000
56423  -51.754  -24.517  53.755 0.0000000000
57560  -50.896  -22.964  54.271 0.0000000000
57573  -51.051  -23.516  53.610 0.0000000000
57572  -50.460  -22.929  53.874 0.0000000000
58777  -49.963  -22.612  53.553 0.0000000000
61139  -54.460  -20.194  59.531 0.0000000000
61130  -54.759  -20.939  59.948 0.0000000000
59982  -54.675  -21.441  58.002 0.0000000000
62303  -54.538  -19.000  58.012 0.0000000000
62317  -53.903  -19.118  57.609 0.0000000000
62330  -52.488  -20.037  56.831 0.0000000000
61163  -52.841  -20.447  57.225 0.0000000000
61176  -52.454  -20.792  56.734 0.0000000000
60009  -52.095  -21.193  56.329 0.0000000000
61175  -51.880  -20.538  56.388 0.0000000000
61193  -50.520  -20.432  54.163 0.0000000000
60035  -50.070  -21.214  54.561 0.0000000000
60044  -49.896  -20.887  53.889 0.0000000000
60043  -49.467  -21.277  53.343 0.0000000000
61201  -49.565  -20.796  52.630 0.0000000000
61232  -50.686  -21.070  51.149 0.0000000000
60062  -50.702  -21.171  50.698 0.0000000000
60077  -50.354  -21.102  50.305 0.0000000000
60078  -51.308  -21.194  49.886 0.0000000000
63623  -59.000  -17.557  54.189 0.0000000000
63622  -58.453  -18.080  54.274 0.0000000000
63633  -58.414  -17.573  53.490 0.0000000000
62401  -56.405  -18.541  50.299 0.0000000000
63669  -56.441  -17.541  49.916 0.0000000000
66936  -56.516  -14.966  50.235 0.0000000000
65905  -56.522  -15.757  50.418 0.0000000000
66944  -56.152  -14.955  49.566 0.0000000000
65918  -55.264  -16.106  48.585 0.0000000000
63672  -55.472  -17.711  48.824 0.0000000000
28873  -27.031  -50.712  68.128 0.0000000000
27769  -25.613  -51.531  63.961 0.0000000000
28955  -24.738  -50.795  62.270 0.0000000000
28970  -24.838  -50.434  61.231 0.0000000000
28913  -31.539  -50.660  65.203 0.0000000000
28912  -30.599  -50.597  65.421 0.0000000000
28925  -30.817  -50.245  64.586 0.0000000000
30067  -29.994  -49.855  64.054 0.0000000000
30079  -29.323  -49.136  62.868 0.0000000000
30066  -28.811  -49.467  64.075 0.0000000000
31206  -30.077  -48.566  59.087 0.0000000000
31189  -29.192  -47.867  59.552 0.0000000000
32251  -27.652  -47.440  59.768 0.0000000000
31188  -28.424  -47.659  60.075 0.0000000000
31166  -27.763  -47.725  60.732 0.0000000000
31149  -27.531  -48.146  61.814 0.0000000000
31148  -26.574  -48.224  62.077 0.0000000000
31165  -26.489  -47.797  60.871 0.0000000000
27887  -30.159  -51.784  56.050 0.0000000000
27886  -29.098  -51.486  56.670 0.0000000000
31142  -42.064  -47.890  63.643 0.0000000000
31141  -41.306  -48.505  63.481 0.0000000000
32215  -41.671  -47.660  63.131 0.0000000000
33315  -40.587  -46.077  61.385 0.0000000000
33314  -39.904  -46.540  61.110 0.0000000000
32233  -39.185  -47.320  60.994 0.0000000000
33329  -39.324  -46.153  60.586 0.0000000000
38578  -41.175  -40.867  59.979 0.0000000000
36395  -41.041  -42.939  60.805 0.0000000000
37521  -40.663  -41.813  59.844 0.0000000000
36428  -39.025  -43.374  58.898 0.0000000000
36412  -39.466  -43.726  59.473 0.0000000000
35361  -39.002  -44.199  59.461 0.0000000000
34355  -38.950  -45.194  59.906 0.0000000000
34367  -38.176  -45.153  59.323 0.0000000000
35359  -37.944  -44.391  58.691 0.0000000000
35388  -37.690  -43.947  56.553 0.0000000000
35387  -37.475  -43.745  57.219 0.0000000000
34400  -36.960  -44.659  56.636 0.0000000000
34411  -37.034  -45.370  56.106 0.0000000000
32256  -42.976  -47.925  60.309 0.0000000000
32277  -42.633  -47.419  59.909 0.0000000000
32276  -41.819  -47.438  59.252 0.0000000000
31230  -40.594  -48.129  58.659 0.0000000000
32295  -41.015  -47.249  58.652 0.0000000000
32294  -40.149  -47.506  58.180 0.0000000000
32310  -39.891  -46.632  57.742 0.0000000000
31246  -37.862  -48.665  57.583 0.0000000000
32308  -38.125  -47.578  56.991 0.0000000000
32307  -37.584  -48.152  56.913 0.0000000000
32328  -37.049  -47.505  56.409 0.0000000000
31268  -36.700  -48.335  56.633 0.0000000000
44369  -51.665  -35.473  58.803 0.0000000000
45369  -51.051  -34.793  58.463 0.0000000000
44358  -51.823  -35.138  59.128 0.0000000000
45360  -51.806  -34.684  59.688 0.0000000000
42346  -52.366  -37.303  62.429 0.0000000000
42355  -52.511  -37.415  61.619 0.0000000000
42383  -51.564  -37.095  58.145 0.0000000000
56468  -48.480  -23.918  50.482 0.0000000000
57615  -47.451  -23.110  49.749 0.0000000000
58822  -47.008  -22.457  49.552 0.0000000000
60085  -46.868  -21.498  49.423 0.0000000000
61245  -47.504  -21.104  50.168 0.0000000000
61246  -48.107  -20.715  50.530 0.0000000000
28930  -39.261  -51.170  64.781 0.0000000000
30083  -40.068  -49.667  63.296 0.0000000000
45447  -42.230  -34.271  52.221 0.0000000000
49773  -48.327  -30.434  56.129 0.0000000000
51902  -49.790  -28.611  55.575 0.0000000000
51903  -50.583  -28.135  55.852 0.0000000000
36339  -46.292  -43.214  66.105 0.0000000000
38506  -46.488  -41.440  64.011 0.0000000000
36480  -47.647  -43.579  56.886 0.0000000000
35404  -47.004  -44.547  56.613 0.0000000000
42441  -43.755  -37.098  52.688 0.0000000000
42440  -42.922  -37.183  52.449 0.0000000000
42439  -41.912  -37.275  52.315 0.0000000000
63584  -56.954  -17.810  58.122 0.0000000000
62335  -56.248  -19.190  56.082 0.0000000000
62357  -56.127  -19.463  54.640 0.0000000000
62371  -57.112  -18.808  53.612 0.0000000000
30003  -29.151  -49.842  68.259 0.0000000000
28856  -29.707  -50.188  68.303 0.0000000000
28874  -29.616  -50.226  67.718 0.0000000000
28894  -29.376  -50.196  66.704 0.0000000000
32305  -32.625  -47.276  57.111 0.0000000000
32304  -31.614  -47.470  56.483 0.0000000000
33371  -32.249  -46.845  56.269 0.0000000000
32345  -32.053  -46.878  54.994 0.0000000000
32356  -31.621  -47.407  54.740 0.0000000000
30219  -31.482  -48.806  54.862 0.0000000000
31282  -32.102  -47.789  54.637 0.0000000000
31283  -33.220  -48.043  54.933 0.0000000000
30222  -34.149  -48.732  55.690 0.0000000000
35334  -44.382  -43.978  61.134 0.0000000000
34359  -44.095  -45.112  60.843 0.0000000000
33332  -43.818  -46.223  60.547 0.0000000000
44417  -46.412  -34.976  54.394 0.0000000000
45415  -46.000  -34.499  54.622 0.0000000000
45416  -46.757  -34.593  55.058 0.0000000000
46417  -46.956  -34.308  56.977 0.0000000000
46380  -49.572  -33.284  58.881 0.0000000000
46391  -48.592  -33.569  58.657 0.0000000000
47489  -49.041  -33.107  58.858 0.0000000000
47488  -48.439  -32.607  59.022 0.0000000000
48602  -47.782  -31.962  58.886 0.0000000000
48603  -48.816  -31.821  59.032 0.0000000000
39459  -50.282  -40.230  63.410 0.0000000000
40485  -51.647  -39.237  58.395 0.0000000000
40472  -51.779  -39.705  59.164 0.0000000000
40484  -51.124  -39.815  57.846 0.0000000000
39564  -50.382  -40.247  57.382 0.0000000000
40528  -48.412  -38.770  55.241 0.0000000000
43400  -49.432  -36.586  55.442 0.0000000000
43409  -49.077  -37.060  54.830 0.0000000000
43407  -47.560  -36.309  54.306 0.0000000000
43416  -46.310  -36.503  53.665 0.0000000000
26647  -33.870  -52.052  66.835 0.0000000000
27749  -33.454  -51.651  65.966 0.0000000000
27750  -34.231  -51.817  65.649 0.0000000000
28977  -36.990  -50.096  61.313 0.0000000000
28996  -36.695  -49.778  60.826 0.0000000000
30137  -35.957  -49.502  60.262 0.0000000000
30153  -35.716  -49.060  59.826 0.0000000000
31207  -34.879  -48.653  59.050 0.0000000000
31208  -35.446  -48.391  59.241 0.0000000000
32273  -35.916  -47.212  58.925 0.0000000000
46427  -44.351  -33.492  55.389 0.0000000000
46437  -43.677  -33.375  54.344 0.0000000000
47526  -43.877  -32.969  55.027 0.0000000000
47517  -43.761  -32.060  55.198 0.0000000000
53071  -48.688  -27.026  53.062 0.0000000000
54151  -48.874  -25.784  51.729 0.0000000000
55258  -49.629  -25.580  52.129 0.0000000000
33284  -43.827  -46.903  65.597 0.0000000000
36373  -45.033  -42.650  63.530 0.0000000000
37476  -44.640  -42.286  63.080 0.0000000000
37492  -44.372  -42.082  62.344 0.0000000000
40419  -48.248  -39.283  62.193 0.0000000000
40438  -48.211  -38.951  61.238 0.0000000000
39520  -48.129  -40.125  60.530 0.0000000000
35339  -48.609  -44.343  61.110 0.0000000000
32158  -41.584  -47.671  68.357 0.0000000000
35236  -45.066  -43.859  68.335 0.0000000000
39387  -47.235  -40.262  67.598 0.0000000000
46353  -51.435  -33.435  64.312 0.0000000000
46354  -51.915  -33.465  63.624 0.0000000000
47438  -51.963  -32.527  63.974 0.0000000000
49685  -52.820  -30.150  62.559 0.0000000000
49708  -53.358  -30.500  60.385 0.0000000000
50790  -53.857  -29.768  59.845 0.0000000000
53990  -54.904  -26.572  60.789 0.0000000000
52907  -54.986  -27.302  60.372 0.0000000000
51840  -54.919  -27.646  59.944 0.0000000000
51850  -54.651  -28.051  59.268 0.0000000000
52917  -54.847  -27.690  59.175 0.0000000000
52953  -52.790  -27.718  57.135 0.0000000000
54054  -53.685  -27.009  57.388 0.0000000000
54071  -54.105  -25.989  56.881 0.0000000000
57537  -55.243  -23.333  56.584 0.0000000000
57550  -54.783  -24.019  56.170 0.0000000000
57562  -52.954  -23.365  54.845 0.0000000000
58766  -52.223  -22.765  55.027 0.0000000000
58765  -51.318  -22.655  54.873 0.0000000000
62342  -53.240  -19.011  55.994 0.0000000000
62341  -52.445  -19.442  56.163 0.0000000000
61187  -51.066  -20.355  55.798 0.0000000000
61194  -51.099  -19.889  54.778 0.0000000000
61265  -53.260  -20.489  48.852 0.0000000000
64828  -58.684  -16.956  53.175 0.0000000000
63642  -58.277  -17.193  52.806 0.0000000000
64835  -58.082  -17.061  52.112 0.0000000000
63662  -57.235  -17.019  51.075 0.0000000000
67912  -55.792  -14.781  48.539 0.0000000000
66943  -55.662  -15.233  49.065 0.0000000000
26635  -26.920  -52.265  68.645 0.0000000000
30034  -27.388  -49.637  66.798 0.0000000000
30033  -26.773  -50.263  66.629 0.0000000000
30051  -26.719  -50.016  65.738 0.0000000000
28923  -26.114  -50.810  64.650 0.0000000000
28922  -25.742  -51.029  64.066 0.0000000000
28937  -25.874  -50.074  63.934 0.0000000000
31135  -25.360  -49.431  62.709 0.0000000000
28939  -31.756  -50.107  63.772 0.0000000000
28938  -31.165  -50.044  64.037 0.0000000000
32288  -28.678  -47.569  57.832 0.0000000000
32271  -28.567  -47.489  58.720 0.0000000000
32270  -27.793  -47.311  58.913 0.0000000000
31187  -26.559  -47.580  60.056 0.0000000000
28989  -26.991  -49.642  59.665 0.0000000000
29006  -27.960  -50.476  58.854 0.0000000000
27859  -28.519  -50.976  58.178 0.0000000000
32224  -42.037  -46.484  62.790 0.0000000000
32223  -41.424  -46.977  62.434 0.0000000000
33311  -41.887  -45.949  62.433 0.0000000000
34344  -41.029  -45.091  61.460 0.0000000000
37545  -40.683  -42.313  58.691 0.0000000000
37533  -40.551  -41.984  59.134 0.0000000000
37544  -40.310  -42.514  58.642 0.0000000000
36442  -38.993  -42.934  58.038 0.0000000000
36440  -37.710  -43.446  57.716 0.0000000000
36459  -38.325  -43.162  57.504 0.0000000000
35389  -38.408  -43.991  56.710 0.0000000000
34402  -38.772  -45.042  57.044 0.0000000000
30174  -39.879  -49.320  58.906 0.0000000000
31228  -39.087  -48.587  58.064 0.0000000000
44396  -49.322  -35.375  56.410 0.0000000000
45391  -48.440  -34.591  56.632 0.0000000000
45392  -49.201  -34.922  56.635 0.0000000000
45376  -49.463  -34.565  57.408 0.0000000000
45367  -49.743  -34.297  58.063 0.0000000000
46393  -49.992  -33.835  58.584 0.0000000000
46381  -50.129  -33.299  59.126 0.0000000000
47467  -50.867  -32.655  60.240 0.0000000000
40390  -51.175  -39.133  64.176 0.0000000000
40404  -51.586  -39.172  62.954 0.0000000000
40442  -52.099  -39.254  61.185 0.0000000000
41391  -52.347  -38.339  61.353 0.0000000000
41403  -52.435  -38.632  60.355 0.0000000000
40486  -52.060  -39.121  59.044 0.0000000000
40509  -51.000  -38.840  56.739 0.0000000000
40518  -50.150  -38.721  55.872 0.0000000000
41444  -50.587  -38.324  56.255 0.0000000000
42405  -50.577  -37.432  56.293 0.0000000000
43393  -50.397  -36.548  56.572 0.0000000000
44409  -49.839  -36.196  55.991 0.0000000000
60096  -46.657  -21.326  48.259 0.0000000000
27763  -36.593  -52.156  65.217 0.0000000000
27775  -36.483  -51.842  64.441 0.0000000000
27776  -37.334  -51.849  64.647 0.0000000000
27786  -37.282  -51.493  63.785 0.0000000000
28944  -38.350  -51.277  63.794 0.0000000000
30117  -37.916  -49.286  61.266 0.0000000000
31193  -38.186  -48.105  60.671 0.0000000000
48633  -45.425  -31.463  56.723 0.0000000000
48632  -44.771  -31.523  56.237 0.0000000000
49754  -45.817  -30.834  56.098 0.0000000000
50839  -46.364  -30.097  55.038 0.0000000000
51936  -46.152  -28.210  53.462 0.0000000000
53020  -48.708  -27.593  53.893 0.0000000000
53050  -49.781  -27.220  53.963 0.0000000000
37477  -45.306  -41.981  63.380 0.0000000000
38542  -44.255  -39.983  61.959 0.0000000000
36446  -49.061  -43.481  58.539 0.0000000000
35392  -48.723  -44.436  58.326 0.0000000000
34405  -48.515  -45.387  58.044 0.0000000000
33378  -47.975  -45.965  57.153 0.0000000000
33389  -47.078  -46.093  56.545 0.0000000000
34419  -46.680  -45.667  56.396 0.0000000000
40538  -44.520  -38.906  54.018 0.0000000000
40537  -43.629  -39.546  53.974 0.0000000000
40536  -42.539  -39.652  53.671 0.0000000000
41469  -42.059  -38.919  53.112 0.0000000000
55127  -55.038  -25.341  59.872 0.0000000000
55174  -55.568  -25.495  58.274 0.0000000000
55196  -55.776  -25.036  58.096 0.0000000000
56368  -56.014  -24.515  58.031 0.0000000000
57495  -55.903  -23.627  59.410 0.0000000000
57523  -56.174  -23.477  58.063 0.0000000000
57522  -55.779  -23.371  57.322 0.0000000000
58739  -55.209  -22.642  56.849 0.0000000000
59997  -54.446  -21.769  57.247 0.0000000000
63569  -54.782  -18.775  58.930 0.0000000000
62318  -54.730  -18.993  57.368 0.0000000000
62319  -55.311  -19.041  57.012 0.0000000000
62333  -54.795  -19.109  56.516 0.0000000000
62343  -54.160  -18.979  55.796 0.0000000000
61205  -54.183  -20.108  53.343 0.0000000000
61219  -54.655  -20.103  52.540 0.0000000000
61207  -55.344  -19.531  53.160 0.0000000000
61220  -55.286  -19.684  52.636 0.0000000000
61253  -54.890  -19.896  51.213 0.0000000000
66926  -57.563  -14.817  51.390 0.0000000000
67902  -56.577  -14.537  49.590 0.0000000000
28841  -27.475  -50.427  69.613 0.0000000000
30001  -27.551  -49.972  69.028 0.0000000000
30018  -27.513  -49.795  67.949 0.0000000000
30149  -31.637  -49.504  59.217 0.0000000000
30134  -31.575  -49.605  60.296 0.0000000000
30148  -30.863  -49.110  58.713 0.0000000000
31221  -30.349  -48.560  57.858 0.0000000000
31241  -30.989  -48.165  56.892 0.0000000000
31220  -29.398  -47.989  57.394 0.0000000000
31239  -29.272  -48.065  56.514 0.0000000000
29070  -28.788  -50.032  55.413 0.0000000000
27901  -29.363  -51.030  55.475 0.0000000000
29073  -31.846  -49.763  55.291 0.0000000000
27903  -31.340  -50.539  55.483 0.0000000000
37489  -42.440  -42.116  61.886 0.0000000000
37506  -42.816  -41.171  61.603 0.0000000000
39495  -42.172  -40.018  60.450 0.0000000000
38591  -41.784  -40.634  59.535 0.0000000000
36416  -43.454  -42.631  60.397 0.0000000000
36430  -41.845  -42.008  59.085 0.0000000000
36445  -41.863  -43.273  59.005 0.0000000000
35374  -41.535  -43.721  58.726 0.0000000000
35362  -41.459  -44.529  58.758 0.0000000000
44435  -43.895  -35.459  52.618 0.0000000000
45435  -44.348  -34.817  53.113 0.0000000000
46452  -44.728  -33.979  54.239 0.0000000000
46439  -45.058  -34.066  54.725 0.0000000000
46414  -44.535  -33.121  56.207 0.0000000000
47507  -44.879  -32.663  57.017 0.0000000000
46402  -46.263  -33.822  57.988 0.0000000000
47497  -45.486  -32.304  57.582 0.0000000000
48636  -48.392  -31.256  57.685 0.0000000000
49757  -48.652  -30.978  56.974 0.0000000000
49758  -49.660  -30.501  56.729 0.0000000000
38489  -47.619  -41.549  65.439 0.0000000000
39457  -48.456  -40.111  62.961 0.0000000000
39476  -48.727  -39.753  62.375 0.0000000000
40439  -49.119  -39.523  61.563 0.0000000000
40457  -49.422  -39.553  60.996 0.0000000000
39538  -49.665  -40.403  59.636 0.0000000000
39523  -50.992  -40.337  60.319 0.0000000000
38610  -49.115  -41.794  57.157 0.0000000000
38621  -49.035  -41.338  56.581 0.0000000000
38619  -47.862  -42.258  56.243 0.0000000000
39594  -46.577  -40.716  54.997 0.0000000000
40525  -45.833  -39.691  54.580 0.0000000000
41459  -45.297  -38.856  54.288 0.0000000000
41462  -48.032  -38.303  54.797 0.0000000000
42422  -48.476  -37.589  54.708 0.0000000000
41461  -47.193  -38.478  54.612 0.0000000000
41472  -44.979  -38.129  53.808 0.0000000000
42429  -44.713  -37.217  53.222 0.0000000000
42442  -44.234  -37.091  52.902 0.0000000000
43425  -44.380  -36.446  52.739 0.0000000000
63612  -58.350  -18.132  55.262 0.0000000000
64807  -58.615  -17.261  55.928 0.0000000000
64816  -59.091  -17.114  54.960 0.0000000000
64823  -59.165  -16.861  54.114 0.0000000000
65864  -59.232  -16.372  54.545 0.0000000000
64829  -59.061  -16.620  53.455 0.0000000000
65883  -59.047  -15.850  52.983 0.0000000000
66915  -58.682  -15.004  52.376 0.0000000000
67879  -59.628  -14.262  53.184 0.0000000000
67886  -58.646  -14.234  51.897 0.0000000000
68860  -58.561  -13.378  50.997 0.0000000000
68871  -59.590  -13.163  50.653 0.0000000000
68870  -58.820  -13.345  50.663 0.0000000000
27746  -30.883  -51.290  67.205 0.0000000000
27747  -31.541  -51.384  66.606 0.0000000000
27758  -31.863  -51.117  65.837 0.0000000000
28914  -32.039  -50.616  64.816 0.0000000000
28927  -32.384  -50.544  64.294 0.0000000000
28940  -32.532  -50.283  63.411 0.0000000000
30097  -32.311  -49.926  62.450 0.0000000000
27774  -35.581  -51.770  64.287 0.0000000000
27784  -35.439  -51.461  63.448 0.0000000000
27783  -34.509  -51.145  63.077 0.0000000000
28959  -35.236  -50.842  62.009 0.0000000000
28958  -34.375  -50.808  62.224 0.0000000000
28974  -33.848  -50.579  61.492 0.0000000000
28992  -33.329  -50.377  60.629 0.0000000000
30150  -32.711  -49.946  59.702 0.0000000000
30169  -33.431  -49.381  58.857 0.0000000000
31224  -33.125  -48.583  58.056 0.0000000000
32290  -33.624  -47.455  57.792 0.0000000000
32306  -33.370  -46.484  57.140 0.0000000000
33373  -33.840  -45.640  56.568 0.0000000000
33384  -34.157  -45.438  55.575 0.0000000000
32237  -45.764  -47.310  61.243 0.0000000000
45434  -43.253  -34.357  52.805 0.0000000000
45433  -42.669  -34.054  52.652 0.0000000000
46463  -42.563  -33.507  52.827 0.0000000000
47536  -43.130  -33.022  53.956 0.0000000000
46462  -41.986  -33.010  52.396 0.0000000000
47546  -42.219  -32.489  52.863 0.0000000000
48648  -44.339  -31.404  55.587 0.0000000000
48661  -43.954  -31.269  54.999 0.0000000000
50853  -44.296  -30.282  54.081 0.0000000000
49785  -43.346  -30.820  54.135 0.0000000000
56469  -49.023  -23.880  50.917 0.0000000000
57617  -48.891  -23.069  51.106 0.0000000000
30055  -41.592  -49.512  65.437 0.0000000000
30070  -41.639  -49.160  64.621 0.0000000000
30071  -42.112  -48.765  64.828 0.0000000000
31128  -42.101  -48.446  64.303 0.0000000000
32207  -43.137  -46.985  64.051 0.0000000000
33312  -42.422  -45.986  62.961 0.0000000000
34307  -44.826  -44.709  64.746 0.0000000000
34324  -44.046  -44.836  63.791 0.0000000000
35303  -43.653  -44.326  63.388 0.0000000000
35319  -43.464  -43.684  63.034 0.0000000000
37490  -43.176  -42.024  62.170 0.0000000000
38507  -47.187  -41.372  64.547 0.0000000000
40402  -47.195  -39.253  62.595 0.0000000000
39455  -46.380  -39.830  63.081 0.0000000000
39454  -45.166  -39.798  62.520 0.0000000000
39475  -44.366  -39.405  61.737 0.0000000000
39497  -44.868  -39.991  61.080 0.0000000000
38582  -48.033  -41.110  60.797 0.0000000000
38581  -47.304  -40.851  61.009 0.0000000000
39499  -46.793  -40.403  61.042 0.0000000000
38563  -45.554  -41.029  61.237 0.0000000000
36398  -46.192  -43.105  61.601 0.0000000000
35338  -47.842  -44.276  61.490 0.0000000000
35337  -46.916  -44.234  61.684 0.0000000000
34347  -46.591  -45.286  61.681 0.0000000000
33320  -47.156  -46.365  61.475 0.0000000000
40523  -43.998  -40.215  54.341 0.0000000000
43324  -52.735  -35.973  62.015 0.0000000000
44331  -52.731  -35.621  61.688 0.0000000000
44323  -52.220  -35.324  63.002 0.0000000000
45326  -51.509  -34.390  63.966 0.0000000000
29976  -28.108  -49.831  70.716 0.0000000000
29977  -29.142  -49.629  70.511 0.0000000000
29993  -30.054  -50.158  69.580 0.0000000000
28843  -30.521  -50.631  69.291 0.0000000000
27711  -30.911  -51.148  68.929 0.0000000000
28844  -30.959  -50.938  69.816 0.0000000000
27713  -32.455  -51.985  68.155 0.0000000000
26636  -33.231  -52.095  67.604 0.0000000000
26623  -33.368  -52.194  68.519 0.0000000000
26648  -34.908  -52.436  67.159 0.0000000000
26658  -35.784  -52.598  66.556 0.0000000000
26649  -35.843  -52.536  67.509 0.0000000000
26668  -36.645  -52.426  66.031 0.0000000000
27765  -38.416  -51.780  65.951 0.0000000000
27766  -39.385  -51.331  65.648 0.0000000000
27767  -39.745  -51.189  65.757 0.0000000000
28916  -40.051  -50.943  65.619 0.0000000000
30037  -41.459  -49.684  66.223 0.0000000000
30038  -42.068  -49.141  66.063 0.0000000000
32189  -42.734  -48.187  66.467 0.0000000000
32176  -42.768  -47.925  67.064 0.0000000000
33267  -44.263  -46.173  66.875 0.0000000000
33232  -43.783  -45.953  67.906 0.0000000000
33247  -44.163  -45.882  67.517 0.0000000000
35256  -45.625  -44.065  67.047 0.0000000000
36326  -45.749  -43.663  67.564 0.0000000000
37411  -47.323  -41.848  66.608 0.0000000000
37380  -46.358  -41.993  68.290 0.0000000000
38461  -46.982  -41.819  67.493 0.0000000000
38475  -47.855  -41.190  66.264 0.0000000000
38476  -48.293  -40.710  66.009 0.0000000000
39411  -48.837  -40.135  65.941 0.0000000000
40375  -49.961  -39.578  65.508 0.0000000000
40376  -50.499  -39.120  65.148 0.0000000000
41328  -49.205  -38.281  66.386 0.0000000000
40362  -50.144  -38.653  65.657 0.0000000000
40377  -51.029  -38.606  64.664 0.0000000000
41350  -51.410  -38.042  64.270 0.0000000000
42337  -52.156  -37.159  63.217 0.0000000000
44338  -52.633  -35.128  61.419 0.0000000000
45345  -52.270  -34.440  60.956 0.0000000000
46376  -51.543  -33.652  60.551 0.0000000000
48575  -50.579  -32.069  60.206 0.0000000000
48559  -52.267  -31.616  62.657 0.0000000000
49684  -52.383  -30.805  62.983 0.0000000000
48576  -50.985  -31.897  60.342 0.0000000000
48605  -50.803  -31.447  58.519 0.0000000000
48590  -52.256  -31.142  59.270 0.0000000000
48606  -51.577  -31.198  58.731 0.0000000000
49729  -51.288  -31.138  58.220 0.0000000000
49744  -50.921  -30.791  57.611 0.0000000000
50815  -50.965  -30.244  57.216 0.0000000000
50770  -53.927  -28.966  61.302 0.0000000000
50802  -53.474  -29.441  58.698 0.0000000000
50817  -52.448  -29.539  57.778 0.0000000000
51890  -50.974  -28.733  56.475 0.0000000000
51904  -51.231  -27.976  56.266 0.0000000000
52977  -52.500  -27.481  56.707 0.0000000000
53000  -51.286  -27.304  55.708 0.0000000000
53023  -50.837  -27.227  55.097 0.0000000000
54099  -51.168  -26.657  54.786 0.0000000000
55194  -54.844  -25.815  57.097 0.0000000000
55208  -53.728  -25.648  56.424 0.0000000000
56400  -54.199  -24.379  56.029 0.0000000000
55220  -53.508  -25.073  55.803 0.0000000000
55219  -52.719  -25.564  55.429 0.0000000000
55230  -51.695  -25.630  54.305 0.0000000000
55260  -51.085  -24.888  52.784 0.0000000000
56436  -51.043  -24.316  52.782 0.0000000000
57574  -51.711  -23.949  53.755 0.0000000000
57583  -50.962  -23.838  52.888 0.0000000000
56435  -50.576  -24.245  52.374 0.0000000000
57581  -49.770  -22.859  52.626 0.0000000000
61152  -54.913  -21.356  58.608 0.0000000000
59996  -53.640  -21.449  57.178 0.0000000000
62301  -53.846  -20.134  58.231 0.0000000000
62316  -53.296  -19.935  57.650 0.0000000000
61150  -53.705  -20.506  58.012 0.0000000000
61164  -53.288  -20.790  57.607 0.0000000000
61177  -52.999  -21.130  56.976 0.0000000000
60011  -53.353  -21.824  56.455 0.0000000000
60026  -52.225  -21.746  55.951 0.0000000000
58753  -51.765  -22.216  55.521 0.0000000000
58752  -50.994  -22.075  55.376 0.0000000000
60024  -50.626  -21.340  55.310 0.0000000000
58764  -50.349  -22.295  54.503 0.0000000000
58776  -49.637  -22.008  53.852 0.0000000000
60061  -48.791  -21.190  51.758 0.0000000000
61230  -49.121  -20.744  51.293 0.0000000000
61247  -48.816  -20.613  50.673 0.0000000000
61215  -50.159  -20.742  52.066 0.0000000000
61231  -49.845  -20.841  51.326 0.0000000000
61248  -49.582  -20.811  50.562 0.0000000000
61233  -52.048  -21.162  50.931 0.0000000000
62380  -57.242  -18.510  52.666 0.0000000000
63641  -57.838  -17.806  52.588 0.0000000000
62392  -57.331  -18.204  51.977 0.0000000000
62409  -55.709  -18.716  49.418 0.0000000000
65906  -57.028  -15.659  50.950 0.0000000000
64852  -56.695  -16.621  50.506 0.0000000000
65909  -55.663  -15.970  49.221 0.0000000000
64856  -56.308  -16.720  49.849 0.0000000000
63668  -56.055  -17.840  49.313 0.0000000000
62413  -55.258  -18.429  48.775 0.0000000000
27710  -27.077  -51.448  68.804 0.0000000000
27729  -26.748  -51.752  68.019 0.0000000000
27728  -26.671  -51.664  67.323 0.0000000000
28891  -26.746  -50.960  67.088 0.0000000000
26690  -24.777  -52.068  62.681 0.0000000000
28936  -25.489  -50.785  63.583 0.0000000000
27781  -25.022  -51.500  63.046 0.0000000000
28895  -30.445  -50.874  66.396 0.0000000000
28911  -29.591  -50.358  65.634 0.0000000000
30068  -30.721  -49.936  64.005 0.0000000000
30077  -27.430  -48.686  63.392 0.0000000000
30113  -30.709  -49.095  60.778 0.0000000000
31168  -29.983  -48.672  61.060 0.0000000000
31151  -29.568  -48.597  61.542 0.0000000000
31167  -29.127  -48.142  60.741 0.0000000000
31139  -28.240  -48.549  62.541 0.0000000000
31137  -26.682  -48.560  63.191 0.0000000000
31147  -25.817  -48.566  62.333 0.0000000000
31163  -25.333  -48.847  61.647 0.0000000000
30111  -25.407  -49.141  60.844 0.0000000000
30110  -25.123  -49.528  61.453 0.0000000000
27885  -28.294  -50.731  56.547 0.0000000000
30085  -41.290  -49.126  63.963 0.0000000000
31140  -40.713  -48.857  63.190 0.0000000000
31153  -40.430  -48.498  62.665 0.0000000000
32222  -40.744  -47.731  62.336 0.0000000000
31172  -40.289  -47.949  62.162 0.0000000000
31171  -39.619  -48.309  61.916 0.0000000000
32232  -38.545  -47.782  60.770 0.0000000000
32254  -38.161  -47.253  60.244 0.0000000000
35332  -40.741  -44.173  60.981 0.0000000000
35348  -40.191  -44.235  60.433 0.0000000000
36413  -40.215  -43.112  59.728 0.0000000000
34356  -39.727  -45.134  60.477 0.0000000000
33328  -38.617  -46.198  60.191 0.0000000000
32275  -37.704  -46.668  59.730 0.0000000000
33345  -37.368  -45.971  59.322 0.0000000000
33362  -36.840  -45.586  58.545 0.0000000000
35370  -37.565  -43.966  58.088 0.0000000000
34384  -36.728  -44.830  57.643 0.0000000000
34383  -35.642  -45.237  57.415 0.0000000000
34409  -35.142  -44.855  55.961 0.0000000000
33385  -35.287  -46.021  55.573 0.0000000000
32236  -44.896  -47.234  61.149 0.0000000000
32257  -43.397  -47.327  60.353 0.0000000000
33331  -43.206  -46.290  60.223 0.0000000000
33349  -42.774  -46.337  59.910 0.0000000000
34386  -41.116  -45.454  58.477 0.0000000000
33364  -41.089  -46.373  58.503 0.0000000000
33377  -40.009  -45.840  57.656 0.0000000000
33376  -39.394  -46.041  57.279 0.0000000000
33375  -38.440  -46.238  56.842 0.0000000000
33388  -37.758  -45.917  56.436 0.0000000000
33386  -36.464  -46.188  55.929 0.0000000000
33405  -34.829  -46.662  55.556 0.0000000000
31266  -35.131  -48.150  55.886 0.0000000000
31265  -34.493  -48.462  55.692 0.0000000000
26645  -26.757  -52.543  68.114 0.0000000000
26656  -34.112  -51.937  66.149 0.0000000000
27689  -30.950  -51.054  69.448 0.0000000000
27733  -33.092  -51.798  66.669 0.0000000000
27754  -39.744  -51.206  66.028 0.0000000000
27800  -34.867  -51.029  62.476 0.0000000000
28893  -28.959  -50.025  66.450 0.0000000000
28915  -39.579  -51.171  65.343 0.0000000000
28942  -33.916  -50.820  62.817 0.0000000000
28979  -38.686  -49.798  62.313 0.0000000000
28995  -36.265  -49.898  60.744 0.0000000000
30076  -25.936  -49.512  63.740 0.0000000000
30082  -32.419  -50.042  62.927 0.0000000000
30084  -40.731  -49.274  63.575 0.0000000000
30099  -39.840  -49.246  62.714 0.0000000000
30100  -40.374  -49.129  63.062 0.0000000000
30136  -35.439  -49.546  60.007 0.0000000000
30139  -37.538  -49.029  60.751 0.0000000000
30154  -36.228  -49.053  60.097 0.0000000000
30155  -39.790  -49.612  59.126 0.0000000000
30166  -31.018  -48.988  58.122 0.0000000000
30206  -33.916  -49.430  56.034 0.0000000000
30207  -34.406  -49.177  56.071 0.0000000000
30221  -33.562  -49.125  55.668 0.0000000000
31106  -42.849  -48.032  65.437 0.0000000000
31116  -42.768  -47.991  65.065 0.0000000000
31146  -25.313  -49.129  62.278 0.0000000000
31152  -39.826  -48.771  62.400 0.0000000000
31169  -37.973  -48.652  60.840 0.0000000000
31191  -36.983  -48.513  60.170 0.0000000000
31211  -40.552  -48.675  58.872 0.0000000000
31226  -34.982  -48.149  58.780 0.0000000000
31227  -38.449  -48.691  57.895 0.0000000000
31262  -28.993  -48.261  55.825 0.0000000000
31267  -36.123  -48.328  56.460 0.0000000000
31279  -28.560  -48.728  55.729 0.0000000000
31280  -30.420  -47.762  54.922 0.0000000000
31285  -34.607  -48.051  55.549 0.0000000000
31294  -31.467  -47.565  54.672 0.0000000000
31295  -31.684  -47.650  54.620 0.0000000000
32198  -42.606  -48.000  64.732 0.0000000000
32217  -42.966  -46.584  63.703 0.0000000000
32231  -27.296  -47.453  60.187 0.0000000000
32286  -27.291  -47.482  58.295 0.0000000000
32289  -33.010  -47.880  57.613 0.0000000000
32293  -39.638  -48.056  58.058 0.0000000000
32303  -30.994  -47.682  56.378 0.0000000000
32323  -30.478  -47.599  55.593 0.0000000000
32324  -30.862  -47.451  55.809 0.0000000000
32326  -35.128  -47.042  55.731 0.0000000000
32343  -30.578  -47.558  55.369 0.0000000000
32348  -34.567  -47.367  55.516 0.0000000000
32355  -31.301  -47.430  54.759 0.0000000000
33316  -41.319  -45.991  61.866 0.0000000000
33348  -42.243  -46.378  59.412 0.0000000000
33382  -32.457  -46.467  55.709 0.0000000000
33387  -37.288  -46.185  56.192 0.0000000000
34343  -40.405  -45.115  60.917 0.0000000000
34354  -38.447  -45.679  59.839 0.0000000000
34368  -38.641  -44.664  59.439 0.0000000000
34371  -42.932  -45.764  60.098 0.0000000000
34398  -35.003  -45.053  56.931 0.0000000000
34408  -34.473  -45.081  56.309 0.0000000000
34412  -37.480  -45.574  56.242 0.0000000000
35270  -45.951  -43.657  66.181 0.0000000000
35349  -42.647  -43.939  59.841 0.0000000000
35350  -43.100  -43.907  60.305 0.0000000000
35360  -38.447  -44.137  59.008 0.0000000000
35371  -38.087  -43.832  58.507 0.0000000000
35402  -37.875  -43.419  56.827 0.0000000000
35403  -38.046  -43.613  56.652 0.0000000000
36401  -48.740  -43.639  60.799 0.0000000000
36414  -40.658  -42.334  60.248 0.0000000000
36432  -43.291  -41.844  60.006 0.0000000000
36441  -38.181  -43.304  58.117 0.0000000000
36458  -37.893  -43.249  57.470 0.0000000000
36460  -38.841  -43.330  57.306 0.0000000000
36476  -38.037  -43.146  57.270 0.0000000000
36477  -38.180  -43.202  57.095 0.0000000000
36478  -38.251  -43.443  56.861 0.0000000000
37392  -46.169  -42.589  68.205 0.0000000000
37522  -41.063  -41.690  60.501 0.0000000000
37534  -41.328  -41.625  58.994 0.0000000000
37535  -42.251  -41.288  59.374 0.0000000000
37536  -43.098  -41.181  59.826 0.0000000000
38541  -43.881  -39.941  61.503 0.0000000000
38558  -41.544  -40.925  60.672 0.0000000000
38559  -42.228  -40.452  61.028 0.0000000000
38560  -43.144  -40.319  61.255 0.0000000000
38561  -44.076  -39.892  61.632 0.0000000000
38577  -40.785  -41.368  59.555 0.0000000000
38579  -42.772  -39.969  60.601 0.0000000000
38592  -42.784  -40.189  59.877 0.0000000000
39474  -43.880  -39.577  61.317 0.0000000000
39494  -41.740  -40.367  60.444 0.0000000000
39496  -44.434  -39.755  61.176 0.0000000000
39498  -45.920  -40.130  61.161 0.0000000000
39500  -49.408  -39.835  61.808 0.0000000000
39516  -41.845  -40.136  60.005 0.0000000000
39517  -42.394  -39.907  60.080 0.0000000000
39519  -47.328  -40.134  60.835 0.0000000000
39536  -42.261  -40.039  59.823 0.0000000000
39537  -42.516  -39.940  59.854 0.0000000000
40389  -50.716  -39.601  64.551 0.0000000000
40400  -45.241  -39.023  61.860 0.0000000000
40405  -51.929  -38.597  62.520 0.0000000000
40415  -44.420  -39.568  61.004 0.0000000000
40417  -46.118  -38.618  61.447 0.0000000000
40420  -48.865  -39.610  62.094 0.0000000000
40434  -44.528  -39.778  60.928 0.0000000000
40436  -46.278  -39.089  60.970 0.0000000000
40454  -47.359  -39.414  60.730 0.0000000000
40473  -52.194  -39.321  59.712 0.0000000000
41375  -46.421  -38.281  61.288 0.0000000000
41390  -46.646  -38.439  61.224 0.0000000000
41445  -51.007  -38.331  56.683 0.0000000000
41454  -50.190  -38.311  55.833 0.0000000000
42414  -50.171  -37.819  55.801 0.0000000000
42432  -46.944  -37.337  54.135 0.0000000000
43334  -52.797  -36.047  61.529 0.0000000000
43417  -46.999  -36.814  53.970 0.0000000000
44339  -52.753  -35.649  61.264 0.0000000000
44349  -52.761  -35.686  61.022 0.0000000000
44406  -47.421  -34.948  55.223 0.0000000000
45436  -44.788  -34.942  53.285 0.0000000000
46464  -43.107  -33.724  53.118 0.0000000000
47474  -48.904  -32.199  59.338 0.0000000000
48607  -51.996  -30.888  58.695 0.0000000000
48622  -50.668  -31.256  57.976 0.0000000000
48649  -44.902  -31.254  56.112 0.0000000000
50801  -52.888  -29.904  58.378 0.0000000000
50803  -54.144  -28.642  58.837 0.0000000000
51851  -54.841  -27.794  59.719 0.0000000000
51879  -53.979  -28.073  58.112 0.0000000000
52906  -54.697  -27.673  60.864 0.0000000000
52954  -53.163  -27.455  57.300 0.0000000000
52956  -54.700  -26.794  57.896 0.0000000000
52999  -50.601  -27.566  55.323 0.0000000000
54069  -52.623  -26.926  56.456 0.0000000000
55175  -55.772  -24.907  58.594 0.0000000000
55209  -54.520  -25.317  56.602 0.0000000000
56386  -54.531  -24.753  56.330 0.0000000000
56401  -54.668  -24.430  56.273 0.0000000000
56413  -52.980  -24.312  54.729 0.0000000000
57509  -56.132  -23.455  58.933 0.0000000000
58694  -55.720  -22.425  59.313 0.0000000000
58709  -56.093  -22.901  58.758 0.0000000000
58722  -55.062  -22.223  57.072 0.0000000000
58756  -54.090  -22.671  56.044 0.0000000000
58787  -49.878  -22.725  53.126 0.0000000000
58795  -48.456  -21.977  51.417 0.0000000000
59983  -55.277  -21.876  58.200 0.0000000000
60012  -53.982  -21.976  56.733 0.0000000000
60034  -49.722  -21.419  54.024 0.0000000000
60076  -49.786  -20.951  50.155 0.0000000000
60086  -47.347  -20.864  49.085 0.0000000000
61263  -49.113  -20.635  50.209 0.0000000000
62340  -51.850  -19.936  56.276 0.0000000000
62399  -55.013  -19.710  50.389 0.0000000000
64768  -56.077  -17.096  59.328 0.0000000000
64781  -55.988  -17.684  59.156 0.0000000000
64815  -58.771  -17.618  55.245 0.0000000000
64837  -58.837  -16.505  53.042 0.0000000000
64853  -57.129  -16.460  51.019 0.0000000000
65893  -57.552  -15.657  51.470 0.0000000000
67871  -59.687  -13.524  53.896 0.0000000000
67925  -55.759  -14.807  48.126 0.0000000000
67926  -56.160  -14.694  48.280 0.0000000000
