#!ascii label  , from subject 3270 vox2ras=TkReg
1150
55853  -26.024  -24.591  0.175 0.4285714328
59488  -26.769  -22.777  -1.044 0.2857142985
58334  -26.636  -23.191  -0.779 0.4285714328
59489  -27.168  -22.498  -0.661 0.4285714328
59490  -27.813  -22.535  0.296 0.4285714328
59505  -26.958  -21.627  -0.905 0.2857142985
60713  -27.328  -21.286  0.275 0.4285714328
61917  -27.176  -19.790  -0.997 0.4285714328
61900  -27.752  -19.280  -0.577 0.4285714328
63158  -28.247  -18.468  -1.760 0.4285714328
64366  -28.401  -17.966  -1.195 0.4285714328
65450  -28.458  -16.937  -2.382 0.5714285970
65451  -28.966  -17.159  -2.152 0.5714285970
65435  -28.882  -17.047  -1.273 0.4285714328
65436  -29.533  -16.651  -1.731 0.2857142985
66547  -30.010  -16.374  -2.282 0.7142857313
67547  -31.141  -15.016  -2.319 0.7142857313
67546  -30.732  -15.496  -2.686 0.7142857313
66548  -30.746  -15.718  -2.101 0.5714285970
68471  -31.872  -13.503  -2.458 0.5714285970
67562  -31.144  -14.775  -2.949 0.5714285970
68470  -31.633  -14.231  -2.843 0.5714285970
68482  -32.628  -13.468  -3.734 0.5714285970
69457  -32.291  -12.817  -2.910 0.5714285970
68481  -31.627  -14.166  -3.704 0.5714285970
69440  -31.733  -12.608  -1.938 0.4285714328
70522  -32.519  -11.645  -2.988 0.5714285970
72618  -32.785  -10.286  -2.080 0.5714285970
71614  -33.238  -11.931  -4.376 0.7142857313
72638  -32.622  -10.756  -2.711 0.7142857313
72617  -32.460  -10.044  -2.495 0.7142857313
73712  -32.825  -9.546  -1.831 0.5714285970
70545  -32.955  -12.167  -3.517 0.5714285970
70579  -32.334  -12.649  -5.337 0.5714285970
72637  -32.120  -10.297  -2.976 0.8571428657
73696  -32.783  -8.897  -1.807 0.5714285970
72657  -32.133  -10.522  -3.658 0.7142857313
72656  -31.471  -10.218  -3.742 0.5714285970
74793  -32.752  -7.883  -1.977 0.7142857313
74773  -33.356  -8.200  -1.704 0.5714285970
73725  -31.858  -9.675  -2.791 0.7142857313
74792  -32.102  -8.332  -2.181 0.7142857313
76781  -32.633  -6.363  -2.237 0.5714285970
73710  -31.626  -9.088  -2.663 0.7142857313
76782  -33.572  -6.267  -2.084 0.5714285970
74791  -31.094  -8.230  -2.587 0.7142857313
75774  -32.275  -7.259  -2.174 0.7142857313
77805  -33.021  -5.507  -2.113 0.7142857313
76780  -31.447  -6.310  -2.299 0.7142857313
77804  -32.000  -5.558  -2.100 0.7142857313
80099  -31.862  -4.206  -1.498 0.7142857313
78936  -32.377  -4.841  -1.791 0.5714285970
77803  -31.277  -5.562  -2.080 0.7142857313
74790  -30.581  -7.856  -2.727 0.5714285970
80081  -32.049  -3.573  -1.154 0.5714285970
81232  -32.522  -3.078  -0.660 0.5714285970
77828  -30.519  -5.491  -2.323 0.8571428657
76801  -30.673  -6.159  -2.456 0.8571428657
81231  -31.600  -2.876  -0.930 0.7142857313
81248  -30.857  -2.529  -1.133 0.7142857313
78935  -31.161  -4.825  -1.770 0.8571428657
80098  -31.027  -3.534  -1.331 0.7142857313
84666  -30.959  -0.311  -1.353 0.8571428657
83510  -31.897  -1.570  -0.519 0.5714285970
82352  -30.598  -1.835  -1.368 0.8571428657
81247  -30.212  -2.647  -1.711 0.8571428657
80097  -30.160  -3.436  -1.693 0.8571428657
85776  -30.182  0.676  -1.622 0.8571428657
84647  -29.910  0.878  -0.399 0.8571428657
86914  -28.858  2.306  0.288 0.8571428657
83527  -30.820  -0.902  -1.578 0.8571428657
85755  -29.169  1.191  -1.094 0.8571428657
85754  -28.260  1.477  -1.196 1.0000000000
85731  -28.548  1.737  -0.622 1.0000000000
84664  -29.767  0.369  -2.362 0.8571428657
86913  -28.538  2.392  -0.188 1.0000000000
88107  -27.650  3.859  -1.256 1.0000000000
89248  -26.166  4.211  -1.349 0.7142857313
88084  -28.414  3.663  -0.765 1.0000000000
88083  -27.766  3.217  -1.057 1.0000000000
89250  -27.856  4.844  -1.320 1.0000000000
91498  -26.316  6.620  -0.274 1.0000000000
91497  -25.532  5.849  -0.078 0.8571428657
92638  -25.363  7.328  1.051 0.8571428657
92639  -26.429  7.331  0.564 1.0000000000
95967  -25.778  10.107  1.045 0.8571428657
94783  -25.556  8.912  1.151 0.8571428657
97123  -25.578  11.253  0.975 0.8571428657
97109  -25.247  11.589  1.719 0.7142857313
95949  -25.027  9.840  1.796 0.5714285970
98296  -24.561  12.383  2.132 0.7142857313
99443  -25.173  13.233  1.067 0.5714285970
98288  -23.905  11.709  2.758 0.5714285970
97108  -24.899  10.930  2.434 0.5714285970
98287  -22.849  12.272  2.767 0.4285714328
99439  -23.052  13.401  2.479 0.4285714328
100576  -23.220  14.117  2.210 0.4285714328
99429  -22.291  13.082  3.719 0.2857142985
99416  -22.596  12.856  4.296 0.2857142985
99417  -23.643  12.830  4.303 0.2857142985
70544  -32.563  -12.437  -3.144 0.5714285970
74772  -32.740  -8.333  -1.892 0.5714285970
82336  -32.095  -2.299  -0.541 0.5714285970
80080  -31.551  -3.325  -1.128 0.7142857313
82335  -31.242  -1.793  -0.889 0.8571428657
84649  -31.013  0.012  -0.965 0.8571428657
84648  -30.406  0.536  -0.872 0.8571428657
85732  -29.418  1.454  0.006 0.8571428657
90387  -27.401  5.955  -1.467 0.8571428657
99420  -25.657  13.046  4.647 0.1428571492
59504  -26.302  -22.479  -1.210 0.2857142985
60731  -26.424  -21.150  -1.317 0.2857142985
60732  -26.875  -20.644  -0.706 0.2857142985
61899  -27.355  -19.884  -0.190 0.4285714328
63112  -28.011  -19.149  -0.065 0.4285714328
61938  -27.227  -19.393  -1.411 0.2857142985
64382  -28.580  -17.870  -1.749 0.4285714328
64365  -28.283  -18.201  -0.479 0.4285714328
64393  -28.335  -18.045  -2.299 0.5714285970
66532  -30.428  -15.924  -1.665 0.4285714328
66559  -29.838  -15.975  -2.960 0.2857142985
71556  -32.304  -11.376  -1.536 0.4285714328
68491  -32.819  -13.966  -4.617 0.7142857313
69487  -34.829  -13.207  -4.532 0.7142857313
70521  -32.217  -11.957  -2.590 0.7142857313
71572  -32.548  -11.212  -2.411 0.5714285970
71557  -32.703  -11.154  -1.372 0.4285714328
73711  -32.341  -9.524  -2.371 0.7142857313
71622  -31.913  -11.842  -5.084 0.5714285970
71613  -32.301  -11.119  -4.253 0.5714285970
77806  -33.928  -5.450  -2.020 0.5714285970
73739  -31.020  -9.743  -3.412 0.5714285970
75756  -33.910  -7.643  -1.641 0.5714285970
75773  -31.393  -7.398  -2.384 0.7142857313
83509  -31.387  -0.818  -0.857 0.5714285970
82351  -30.200  -1.584  -1.872 1.0000000000
88059  -28.909  3.509  -0.274 1.0000000000
85774  -28.973  0.861  -1.860 1.0000000000
89249  -27.080  4.569  -1.405 0.8571428657
90385  -25.638  5.127  -0.907 0.7142857313
90386  -26.486  5.465  -1.336 1.0000000000
91533  -27.083  7.539  -2.049 1.0000000000
91517  -26.928  6.751  -1.252 1.0000000000
94799  -25.119  9.142  1.330 0.8571428657
93714  -25.691  8.152  1.104 1.0000000000
93715  -26.610  8.332  0.640 1.0000000000
97122  -25.390  10.789  1.646 0.7142857313
97098  -23.203  11.183  2.995 0.4285714328
100560  -22.562  14.008  3.328 0.2857142985
100575  -22.772  14.239  2.595 0.4285714328
99442  -24.598  13.323  1.536 0.4285714328
100579  -23.118  14.613  2.152 0.4285714328
99431  -23.437  13.776  3.924 0.2857142985
67560  -30.004  -15.135  -3.260 0.4285714328
68480  -30.885  -14.330  -3.832 0.4285714328
99438  -22.543  13.267  3.030 0.4285714328
98295  -23.619  12.716  2.478 0.7142857313
99430  -22.788  13.637  4.007 0.2857142985
57111  -26.510  -23.937  -0.188 0.4285714328
58335  -27.418  -23.429  -0.079 0.4285714328
58349  -26.052  -23.209  -0.958 0.2857142985
57125  -26.002  -23.622  -0.535 0.2857142985
61918  -27.580  -19.342  -0.964 0.4285714328
63134  -28.047  -18.721  -1.045 0.4285714328
63168  -28.078  -18.958  -1.912 0.4285714328
65463  -28.444  -17.467  -2.323 0.4285714328
66546  -29.195  -16.217  -2.518 0.2857142985
65452  -29.385  -16.849  -1.908 0.4285714328
66560  -30.325  -15.698  -2.984 0.5714285970
67561  -30.769  -14.943  -3.223 0.5714285970
69473  -33.397  -12.905  -3.953 0.5714285970
71571  -32.254  -11.398  -1.873 0.4285714328
71593  -32.585  -11.254  -3.335 0.7142857313
71623  -32.893  -11.945  -5.081 0.7142857313
71592  -32.326  -10.789  -3.551 0.7142857313
69500  -33.568  -13.457  -5.649 0.7142857313
73724  -31.419  -9.697  -3.124 0.5714285970
75775  -33.301  -7.292  -2.020 0.5714285970
74808  -31.025  -8.969  -2.907 0.7142857313
75772  -30.768  -7.508  -2.586 0.8571428657
76779  -30.728  -6.783  -2.530 0.8571428657
83526  -30.142  -0.590  -2.176 0.8571428657
84665  -30.617  0.303  -1.778 0.8571428657
81265  -29.795  -2.732  -2.210 0.8571428657
85775  -29.830  0.789  -1.710 1.0000000000
95950  -25.541  10.273  1.371 0.8571428657
98297  -25.173  12.396  1.331 0.7142857313
97097  -22.251  11.101  2.810 0.4285714328
98259  -23.119  12.047  4.614 0.2857142985
98286  -21.990  12.269  3.257 0.2857142985
99419  -25.118  12.883  4.647 0.1428571492
61916  -26.727  -20.110  -1.256 0.2857142985
91516  -26.168  5.963  -0.790 1.0000000000
103697  -23.965  17.100  0.486 0.2857142985
103691  -24.381  17.380  1.469 0.1428571492
101702  -23.465  15.507  1.534 0.2857142985
102755  -24.029  16.723  0.176 0.2857142985
104614  -24.926  17.670  1.567 0.1428571492
101679  -22.686  14.925  2.946 0.1428571492
101694  -22.983  15.000  2.234 0.2857142985
102725  -23.506  16.111  2.795 0.1428571492
101731  -24.627  16.309  -0.283 0.2857142985
101715  -27.784  15.975  0.652 0.2857142985
100581  -25.920  15.423  0.228 0.2857142985
103683  -25.150  16.698  2.356 0.1428571492
100580  -23.512  14.560  1.756 0.2857142985
99452  -25.652  13.783  0.690 0.2857142985
101711  -24.183  15.872  0.466 0.2857142985
99454  -27.812  13.810  0.462 0.1428571492
100591  -26.913  15.138  0.525 0.2857142985
100589  -25.049  15.089  0.905 0.2857142985
100588  -24.158  14.922  1.257 0.2857142985
100585  -31.146  14.687  1.114 0.1428571492
100583  -29.484  14.168  1.480 0.1428571492
99453  -26.658  13.839  0.353 0.4285714328
95952  -27.750  10.510  0.459 0.2857142985
98309  -27.420  12.634  0.220 0.4285714328
98307  -25.618  12.466  0.678 0.2857142985
99441  -23.769  13.538  1.984 0.2857142985
95954  -29.897  10.571  1.021 0.1428571492
97126  -28.155  11.558  0.387 0.2857142985
98308  -26.369  12.597  0.319 0.4285714328
97143  -26.725  10.681  0.311 0.5714285970
97124  -26.055  11.536  0.320 0.7142857313
94764  -28.926  9.059  1.437 0.1428571492
94787  -28.262  9.550  0.984 0.1428571492
92619  -29.671  7.631  1.714 0.2857142985
93694  -29.257  8.376  1.519 0.7142857313
95968  -26.160  10.195  0.552 0.7142857313
93716  -27.236  8.538  0.550 0.8571428657
94802  -26.720  9.629  0.321 0.5714285970
91450  -29.728  6.900  1.758 0.2857142985
94785  -26.704  9.116  0.402 0.7142857313
94798  -24.070  8.815  0.877 0.5714285970
94784  -26.130  8.980  0.742 0.8571428657
90307  -29.754  6.492  1.783 0.1428571492
92641  -28.251  7.222  0.257 0.7142857313
89158  -29.829  5.783  1.796 0.1428571492
85753  -26.886  0.197  -2.490 0.5714285970
86929  -27.396  1.739  -1.394 0.8571428657
88106  -27.059  3.075  -1.308 0.8571428657
86928  -26.641  1.735  -1.735 0.4285714328
92659  -26.992  7.360  -0.526 0.8571428657
91536  -29.044  7.586  -2.292 0.8571428657
89181  -29.889  5.073  1.393 0.2857142985
92680  -28.250  8.199  -1.360 0.8571428657
92660  -27.790  7.560  -0.677 0.8571428657
88013  -30.724  4.096  2.209 0.4285714328
92643  -30.006  7.132  0.067 0.7142857313
92661  -28.670  7.373  -0.686 0.7142857313
84691  -27.098  -0.642  -2.554 0.2857142985
85773  -27.903  1.051  -2.223 0.5714285970
86939  -27.156  1.187  -2.287 0.5714285970
86912  -27.878  2.339  -0.717 0.8571428657
90388  -28.305  6.065  -1.723 0.8571428657
90405  -27.663  6.549  -2.174 0.8571428657
93747  -27.860  8.550  -2.309 0.8571428657
92679  -27.371  8.004  -1.569 0.8571428657
89204  -30.077  4.769  0.393 0.4285714328
90366  -29.929  5.725  -0.389 0.8571428657
93738  -29.227  8.369  -1.748 0.8571428657
76818  -29.313  -6.148  -3.613 0.7142857313
78985  -28.710  -4.252  -4.838 0.4285714328
76819  -29.618  -5.981  -3.296 0.7142857313
80133  -29.340  -3.666  -3.445 0.8571428657
81293  -28.850  -2.871  -4.145 0.5714285970
82378  -27.954  -1.688  -3.261 0.5714285970
83577  -27.407  -1.785  -3.924 0.4285714328
81264  -29.400  -2.654  -2.557 0.8571428657
82379  -28.518  -2.156  -3.351 0.5714285970
83549  -27.436  -0.900  -2.683 0.5714285970
137786  -28.745  -0.403  -2.641 0.7142857313
137785  -28.133  0.071  -2.611 0.5714285970
85712  -29.582  1.831  0.586 0.7142857313
86890  -29.273  2.533  0.688 0.7142857313
88086  -29.501  3.907  -0.115 0.7142857313
89227  -28.847  4.773  -0.747 0.8571428657
85691  -32.074  1.338  1.610 0.2857142985
85689  -30.587  1.978  1.451 0.4285714328
86891  -29.891  2.860  1.079 0.5714285970
73723  -30.702  -9.329  -3.176 0.4285714328
74806  -29.796  -8.270  -3.305 0.4285714328
76817  -28.765  -6.336  -4.105 0.4285714328
78953  -30.261  -4.868  -2.031 0.7142857313
78952  -29.680  -4.596  -2.777 0.7142857313
80118  -29.621  -3.387  -2.345 0.7142857313
82350  -29.562  -1.490  -2.342 0.8571428657
84627  -30.928  0.390  -0.221 0.7142857313
85714  -31.333  1.222  1.139 0.2857142985
84608  -30.893  0.832  0.570 0.5714285970
84626  -30.180  0.945  0.092 0.5714285970
73738  -30.545  -9.795  -3.546 0.4285714328
73737  -29.711  -9.886  -3.533 0.5714285970
75791  -29.972  -7.815  -3.218 0.5714285970
75810  -29.785  -6.553  -3.315 0.5714285970
77827  -29.929  -5.339  -2.890 0.7142857313
83486  -32.188  -1.086  0.010 0.4285714328
83468  -32.173  -0.236  0.540 0.4285714328
84609  -31.955  0.708  1.028 0.4285714328
83467  -31.436  0.214  0.373 0.4285714328
69498  -31.713  -13.322  -5.284 0.5714285970
74774  -34.317  -8.423  -1.393 0.4285714328
75776  -34.024  -6.852  -1.652 0.4285714328
81233  -33.576  -3.097  -0.477 0.4285714328
80082  -33.114  -3.715  -1.152 0.4285714328
82316  -33.571  -2.352  0.024 0.4285714328
82315  -32.592  -1.932  -0.153 0.4285714328
65412  -28.413  -17.292  -0.120 0.1428571492
78938  -34.295  -4.790  -1.837 0.4285714328
80101  -34.035  -4.242  -1.718 0.4285714328
81234  -34.480  -3.231  -0.693 0.4285714328
66531  -29.778  -16.200  -1.229 0.1428571492
67525  -30.380  -15.726  -1.213 0.1428571492
73713  -35.271  -9.653  -1.048 0.2857142985
75741  -36.288  -7.241  -0.018 0.2857142985
74775  -35.215  -8.497  -1.064 0.2857142985
72602  -33.545  -10.474  -1.144 0.4285714328
76761  -35.377  -6.386  -0.265 0.2857142985
75757  -34.785  -7.308  -1.043 0.2857142985
77782  -35.443  -5.207  -0.184 0.2857142985
77791  -34.911  -5.568  -0.656 0.4285714328
66530  -29.143  -16.467  -0.645 0.1428571492
66506  -29.554  -15.994  -0.167 0.1428571492
67505  -30.914  -14.780  -0.437 0.2857142985
68443  -31.378  -14.263  -0.872 0.2857142985
70471  -33.413  -12.111  0.176 0.2857142985
72588  -34.788  -10.618  -0.344 0.2857142985
72587  -34.027  -10.685  -0.690 0.2857142985
70505  -32.444  -11.488  -0.940 0.2857142985
72603  -34.477  -10.110  -0.978 0.2857142985
67504  -30.340  -15.485  -0.475 0.1428571492
68429  -32.138  -13.783  0.601 0.2857142985
68444  -31.815  -13.502  -0.304 0.2857142985
67526  -30.889  -15.197  -1.379 0.2857142985
69427  -32.172  -12.493  -0.701 0.2857142985
64344  -28.347  -18.374  0.472 0.1428571492
57090  -26.690  -24.332  0.403 0.2857142985
55832  -26.335  -24.970  0.725 0.2857142985
55831  -25.660  -25.341  0.466 0.2857142985
63085  -27.773  -19.854  0.762 0.2857142985
57091  -27.430  -23.987  0.674 0.1428571492
54689  -25.337  -26.361  0.898 0.1428571492
68428  -31.392  -14.235  0.117 0.2857142985
69428  -32.868  -12.385  0.007 0.2857142985
72604  -35.307  -10.163  -0.683 0.2857142985
71535  -33.521  -10.993  -0.755 0.2857142985
74776  -35.900  -8.652  -0.962 0.2857142985
73697  -33.597  -9.410  -1.430 0.4285714328
76771  -34.621  -6.210  -0.916 0.2857142985
78908  -35.602  -4.505  -0.342 0.2857142985
77863  -29.548  -4.322  -4.489 0.7142857313
80084  -34.796  -3.816  -0.899 0.4285714328
82349  -28.999  -1.048  -2.615 0.5714285970
83485  -31.486  -0.283  -0.212 0.4285714328
84596  -32.261  1.018  1.272 0.2857142985
85690  -31.047  1.788  1.563 0.5714285970
93690  -25.069  8.033  1.235 0.7142857313
88061  -29.683  3.714  0.430 0.7142857313
95966  -25.204  9.360  1.409 0.5714285970
94800  -25.911  9.550  0.920 0.7142857313
86861  -30.574  2.631  1.784 0.2857142985
92640  -27.315  7.792  0.250 0.8571428657
94801  -26.371  9.629  0.490 0.8571428657
92642  -29.325  7.159  0.286 0.5714285970
99451  -24.847  14.138  1.274 0.2857142985
95953  -28.759  10.616  0.871 0.4285714328
101697  -24.635  15.651  3.024 0.1428571492
99455  -28.969  13.649  1.151 0.1428571492
101712  -24.983  15.614  -0.000 0.2857142985
55882  -25.434  -23.704  -0.259 0.2857142985
60714  -28.052  -22.050  1.136 0.1428571492
65413  -28.769  -16.775  -0.516 0.1428571492
66476  -29.237  -15.872  0.577 0.1428571492
67486  -30.792  -14.894  0.487 0.1428571492
68455  -31.448  -14.307  -1.872 0.2857142985
70486  -33.041  -11.728  -0.488 0.2857142985
70504  -32.046  -11.693  -1.424 0.2857142985
73715  -35.911  -9.389  -1.046 0.2857142985
73722  -29.994  -9.117  -3.206 0.5714285970
72586  -33.700  -10.707  -0.848 0.2857142985
75808  -28.614  -7.571  -4.005 0.2857142985
77783  -35.921  -5.704  0.306 0.2857142985
80064  -35.647  -3.643  -0.482 0.2857142985
77847  -29.525  -5.192  -3.634 0.7142857313
80145  -27.494  -3.463  -4.303 0.4285714328
78986  -29.432  -4.016  -4.990 0.5714285970
137793  -26.097  -0.340  -2.522 0.2857142985
83564  -27.308  -1.619  -3.075 0.5714285970
81235  -35.047  -3.314  -0.736 0.2857142985
78937  -33.424  -4.647  -1.821 0.4285714328
81280  -28.891  -3.001  -3.356 0.7142857313
82317  -34.542  -2.072  -0.002 0.1428571492
82300  -33.959  -1.504  0.370 0.4285714328
83487  -33.101  -1.557  0.211 0.4285714328
83470  -34.335  -0.767  0.601 0.1428571492
89226  -28.345  4.975  -1.075 0.8571428657
84610  -33.017  0.249  0.980 0.1428571492
85713  -30.247  1.678  0.836 0.5714285970
86862  -31.627  2.230  2.245 0.2857142985
88035  -30.002  3.837  1.290 0.5714285970
91500  -30.020  6.539  -0.283 0.7142857313
92616  -27.367  7.930  0.795 0.8571428657
89160  -31.611  4.950  2.399 0.2857142985
90309  -31.392  5.959  2.437 0.1428571492
91483  -29.874  6.781  0.553 0.4285714328
89159  -30.590  5.329  2.176 0.4285714328
91451  -30.118  7.091  2.141 0.1428571492
93717  -27.651  8.863  0.976 0.5714285970
92600  -30.198  7.852  2.188 0.1428571492
94789  -30.070  9.723  1.354 0.1428571492
102712  -23.613  15.806  3.183 0.1428571492
94786  -27.252  9.590  0.440 0.5714285970
94765  -29.639  9.142  1.602 0.1428571492
97128  -29.945  11.231  0.952 0.1428571492
97127  -29.333  11.636  0.825 0.2857142985
97110  -29.714  12.139  1.006 0.1428571492
98298  -29.858  12.580  1.270 0.1428571492
99445  -29.858  13.462  1.475 0.1428571492
102742  -28.572  16.873  0.460 0.2857142985
101716  -28.887  15.814  1.185 0.1428571492
101717  -29.792  15.951  1.293 0.1428571492
59491  -28.349  -22.805  1.047 0.1428571492
65389  -28.499  -17.502  1.091 0.1428571492
74755  -36.468  -8.413  -0.584 0.2857142985
86863  -32.759  2.114  2.410 0.2857142985
101706  -30.446  15.525  1.259 0.1428571492
55865  -25.097  -24.104  -0.034 0.2857142985
57112  -27.067  -24.006  0.111 0.2857142985
60689  -27.611  -20.862  0.852 0.1428571492
65434  -28.490  -17.635  -0.800 0.1428571492
75792  -30.205  -7.284  -2.958 0.5714285970
74807  -30.382  -8.386  -2.943 0.4285714328
82337  -32.855  -2.579  -0.304 0.4285714328
76800  -30.053  -6.092  -2.850 0.7142857313
81246  -29.822  -2.225  -2.107 0.7142857313
88060  -29.186  3.478  0.108 0.7142857313
97141  -25.956  10.786  0.540 0.7142857313
68490  -31.831  -13.884  -4.699 0.5714285970
70485  -32.336  -11.813  -0.799 0.2857142985
77807  -34.484  -5.441  -1.360 0.4285714328
84663  -28.865  0.346  -2.560 0.5714285970
99450  -24.164  14.141  1.592 0.2857142985
101701  -23.230  14.950  1.916 0.2857142985
80117  -29.408  -3.111  -2.576 0.8571428657
102738  -23.779  16.484  0.871 0.2857142985
103698  -24.244  17.683  0.561 0.1428571492
103690  -23.876  17.106  1.021 0.2857142985
102732  -24.191  16.841  1.988 0.1428571492
101695  -23.185  15.616  2.455 0.2857142985
101730  -24.245  16.481  -0.048 0.2857142985
102731  -23.811  16.428  1.810 0.1428571492
101713  -25.553  15.758  -0.154 0.2857142985
100590  -25.876  15.143  0.435 0.2857142985
102726  -24.333  16.295  2.566 0.1428571492
100592  -28.159  14.827  0.971 0.1428571492
100593  -28.946  14.695  1.420 0.1428571492
100584  -30.246  14.427  1.432 0.1428571492
98310  -28.571  12.675  0.466 0.1428571492
101705  -29.618  15.104  1.484 0.1428571492
97142  -26.383  10.786  0.339 0.5714285970
97125  -26.969  11.341  0.246 0.4285714328
95934  -30.258  11.039  0.981 0.1428571492
98311  -29.351  12.633  0.930 0.2857142985
95951  -27.049  10.452  0.292 0.5714285970
95969  -26.634  10.143  0.330 0.7142857313
93693  -28.337  8.428  1.252 0.4285714328
92618  -28.867  7.525  1.136 0.5714285970
92617  -27.890  7.646  0.970 0.7142857313
91468  -29.519  6.934  1.252 0.5714285970
90323  -29.797  5.678  1.025 0.4285714328
86940  -27.290  1.571  -2.057 0.5714285970
90365  -28.975  5.945  -0.924 0.8571428657
91499  -29.396  6.712  -0.847 0.8571428657
90342  -30.024  5.883  0.445 0.4285714328
89228  -29.620  4.637  -0.363 0.7142857313
75809  -29.496  -7.332  -3.585 0.5714285970
77846  -28.977  -5.579  -4.064 0.4285714328
78971  -29.620  -4.205  -4.078 0.7142857313
80148  -29.404  -3.559  -4.432 0.7142857313
81281  -29.251  -3.349  -3.908 0.7142857313
81292  -28.327  -2.696  -4.441 0.4285714328
82392  -28.357  -2.221  -3.911 0.5714285970
82364  -28.214  -0.997  -2.742 0.5714285970
82391  -27.827  -1.941  -4.043 0.4285714328
81306  -27.200  -2.348  -4.261 0.2857142985
82365  -28.968  -1.896  -2.837 0.7142857313
83525  -29.391  -0.450  -2.519 0.8571428657
74824  -29.189  -8.673  -3.526 0.5714285970
75777  -34.359  -6.504  -1.306 0.4285714328
80083  -34.046  -3.750  -1.188 0.4285714328
81215  -34.201  -2.727  -0.277 0.4285714328
78939  -34.626  -4.792  -1.422 0.4285714328
68456  -31.714  -13.457  -1.351 0.2857142985
73698  -34.912  -9.365  -1.212 0.2857142985
75740  -35.544  -7.224  -0.502 0.2857142985
78923  -34.966  -4.649  -0.818 0.4285714328
66504  -28.386  -16.738  0.721 0.1428571492
71536  -34.093  -11.273  -0.110 0.2857142985
67485  -30.016  -15.558  0.699 0.1428571492
69417  -32.501  -13.022  0.215 0.2857142985
57068  -26.858  -24.520  1.002 0.1428571492
54690  -26.059  -25.698  1.004 0.1428571492
83469  -33.285  -0.715  0.552 0.2857142985
101696  -24.263  15.854  3.013 0.1428571492
58313  -27.767  -23.545  0.497 0.1428571492
101681  -24.167  15.291  3.238 0.1428571492
92658  -24.198  8.136  0.538 0.5714285970
91481  -25.003  6.294  0.891 0.4285714328
91480  -23.987  6.473  1.120 0.4285714328
92637  -24.367  7.728  1.044 0.5714285970
93713  -24.879  8.433  1.224 0.4285714328
90363  -24.823  4.993  -0.294 0.4285714328
90340  -24.901  5.593  0.283 0.5714285970
91482  -25.756  6.634  0.473 0.5714285970
88105  -25.950  2.983  -1.099 0.5714285970
75725  -36.619  -7.010  0.503 0.1428571492
76762  -35.998  -6.449  0.203 0.1428571492
77767  -36.340  -5.264  0.731 0.1428571492
74754  -35.696  -7.919  -0.676 0.1428571492
75717  -37.494  -7.618  2.165 0.1428571492
75726  -37.016  -7.379  0.921 0.1428571492
76728  -37.276  -6.957  3.083 0.1428571492
76747  -36.787  -6.336  1.327 0.1428571492
77747  -37.524  -5.993  3.872 0.1428571492
65462  -28.005  -17.605  -2.469 0.2857142985
72590  -36.803  -10.175  -0.284 0.1428571492
74736  -37.427  -8.772  0.447 0.1428571492
73701  -36.846  -9.361  -0.885 0.1428571492
74723  -37.609  -8.322  1.358 0.1428571492
75687  -38.061  -7.505  3.465 0.1428571492
76697  -40.068  -6.399  5.133 0.1428571492
76710  -38.828  -6.491  4.626 0.1428571492
77709  -39.339  -5.798  5.123 0.1428571492
64402  -27.760  -18.107  -2.355 0.2857142985
65475  -27.006  -17.837  -1.979 0.2857142985
70472  -34.117  -11.944  0.638 0.1428571492
70473  -34.669  -11.941  1.105 0.1428571492
71537  -34.970  -11.066  0.232 0.1428571492
70487  -33.675  -11.770  0.056 0.1428571492
72589  -35.853  -10.655  0.042 0.1428571492
73668  -37.725  -9.544  1.097 0.1428571492
72569  -36.819  -10.680  0.759 0.1428571492
74705  -38.198  -8.785  2.402 0.1428571492
73667  -37.468  -9.883  0.286 0.1428571492
74683  -38.510  -8.424  3.437 0.1428571492
74669  -39.490  -7.980  4.631 0.1428571492
74670  -40.163  -7.773  5.311 0.1428571492
75674  -39.460  -6.962  4.788 0.1428571492
63167  -27.444  -18.801  -1.810 0.2857142985
63155  -25.954  -19.069  -1.344 0.2857142985
61915  -25.963  -20.106  -1.407 0.2857142985
69410  -32.827  -13.387  0.890 0.1428571492
69419  -33.949  -12.634  1.156 0.1428571492
71518  -35.053  -11.527  0.815 0.1428571492
72553  -37.492  -10.494  1.599 0.1428571492
71519  -35.917  -11.079  0.853 0.1428571492
72542  -38.059  -10.370  2.534 0.1428571492
73625  -39.010  -8.648  4.073 0.1428571492
73641  -38.363  -9.476  2.905 0.1428571492
76684  -41.525  -6.894  5.394 0.1428571492
75676  -40.991  -7.143  5.198 0.1428571492
68417  -31.622  -14.477  1.116 0.1428571492
68418  -32.502  -13.902  1.600 0.1428571492
69412  -34.305  -12.829  1.796 0.1428571492
69402  -33.837  -13.478  2.162 0.1428571492
71496  -37.009  -11.618  2.484 0.1428571492
70464  -34.441  -12.300  1.259 0.1428571492
71504  -35.991  -11.560  1.656 0.1428571492
74654  -39.737  -8.479  5.460 0.1428571492
72530  -38.395  -10.282  3.442 0.1428571492
74655  -40.640  -8.041  5.955 0.1428571492
67468  -31.884  -14.616  2.048 0.1428571492
68407  -33.861  -14.335  2.480 0.1428571492
69413  -34.951  -12.783  2.189 0.1428571492
69411  -33.418  -13.236  1.516 0.1428571492
70441  -37.550  -12.281  3.152 0.1428571492
69405  -36.412  -13.402  2.769 0.1428571492
71461  -38.493  -11.157  4.114 0.1428571492
71480  -37.599  -11.554  2.787 0.1428571492
73606  -39.060  -9.304  4.719 0.1428571492
71481  -38.090  -11.306  3.119 0.1428571492
67449  -34.372  -15.321  2.727 0.1428571492
67448  -33.368  -15.401  2.589 0.1428571492
68406  -32.802  -14.543  2.357 0.1428571492
68409  -35.865  -14.355  2.861 0.1428571492
68408  -34.907  -14.353  2.685 0.1428571492
70458  -36.866  -12.591  2.801 0.1428571492
70442  -38.316  -12.378  3.775 0.1428571492
70457  -36.177  -12.325  2.307 0.1428571492
71505  -36.805  -11.052  1.668 0.1428571492
75663  -41.398  -7.273  5.532 0.1428571492
76685  -41.806  -6.842  5.509 0.1428571492
75706  -37.960  -8.045  2.742 0.1428571492
74684  -38.973  -8.112  4.031 0.1428571492
61937  -26.756  -19.492  -1.436 0.2857142985
72489  -38.671  -10.583  4.734 0.1428571492
73592  -39.517  -9.386  5.805 0.1428571492
74656  -41.708  -7.936  6.174 0.1428571492
76699  -42.543  -6.359  5.275 0.1428571492
89247  -25.205  4.008  -0.846 0.4285714328
76698  -41.263  -6.555  5.315 0.1428571492
77710  -40.644  -5.560  5.271 0.1428571492
77723  -38.669  -6.029  4.785 0.1428571492
78894  -36.614  -4.616  1.129 0.1428571492
78909  -36.210  -4.546  0.258 0.1428571492
93727  -23.803  8.654  0.553 0.4285714328
103701  -29.245  17.660  -0.037 0.1428571492
93728  -24.155  8.591  0.894 0.4285714328
61948  -26.936  -19.055  -1.620 0.2857142985
103700  -28.314  17.686  -0.240 0.1428571492
72605  -36.095  -9.962  -0.756 0.1428571492
81216  -35.113  -2.660  -0.493 0.1428571492
74756  -37.087  -8.700  -0.366 0.1428571492
75742  -36.882  -8.113  0.059 0.1428571492
76746  -36.439  -6.392  0.660 0.1428571492
76737  -37.103  -6.625  2.059 0.1428571492
75705  -37.621  -7.538  2.998 0.1428571492
75718  -37.855  -8.345  2.036 0.1428571492
76708  -37.730  -7.008  3.586 0.1428571492
77757  -36.797  -5.603  1.848 0.1428571492
77746  -37.186  -5.823  3.068 0.1428571492
76709  -38.215  -6.801  3.972 0.1428571492
72568  -36.221  -10.802  0.531 0.1428571492
73684  -37.200  -9.404  -0.467 0.1428571492
74737  -37.726  -8.891  1.098 0.1428571492
74724  -37.898  -8.915  1.632 0.1428571492
69418  -33.327  -12.705  0.639 0.1428571492
71538  -35.463  -11.074  0.479 0.1428571492
72552  -37.072  -10.742  1.326 0.1428571492
73655  -37.988  -9.596  1.999 0.1428571492
71520  -36.391  -11.062  1.238 0.1428571492
73624  -38.686  -9.387  3.849 0.1428571492
71503  -35.519  -11.548  1.241 0.1428571492
70465  -35.131  -12.127  1.575 0.1428571492
71497  -37.637  -11.064  2.397 0.1428571492
71506  -37.236  -11.016  2.057 0.1428571492
73605  -38.784  -9.563  4.256 0.1428571492
69403  -34.540  -13.485  2.381 0.1428571492
68419  -33.216  -13.800  2.172 0.1428571492
71495  -36.446  -11.557  2.114 0.1428571492
70456  -35.478  -12.506  2.143 0.1428571492
69404  -35.479  -13.313  2.497 0.1428571492
54687  -23.317  -26.392  0.306 0.1428571492
55830  -24.893  -25.503  0.236 0.1428571492
54686  -22.627  -26.114  0.343 0.1428571492
54709  -24.264  -25.513  -0.099 0.1428571492
55852  -25.299  -24.696  0.116 0.1428571492
55851  -24.608  -24.649  -0.110 0.1428571492
55881  -24.971  -23.705  -0.101 0.1428571492
58348  -25.562  -23.032  -0.836 0.1428571492
59521  -24.351  -22.765  -0.720 0.1428571492
60730  -25.408  -21.741  -1.103 0.1428571492
59503  -25.486  -22.556  -1.053 0.1428571492
58344  -23.137  -23.065  -1.885 0.1428571492
60729  -24.316  -21.907  -0.488 0.1428571492
61914  -24.998  -20.624  -0.880 0.1428571492
63132  -24.739  -19.993  -0.663 0.1428571492
63110  -25.076  -18.702  -0.474 0.1428571492
65447  -26.506  -17.675  -1.450 0.1428571492
64381  -25.993  -18.277  -1.030 0.1428571492
65448  -26.942  -16.953  -1.859 0.2857142985
65461  -27.431  -17.448  -2.229 0.1428571492
65449  -27.766  -16.888  -2.382 0.1428571492
66545  -28.331  -16.148  -2.530 0.1428571492
67544  -29.044  -15.249  -2.781 0.2857142985
71611  -30.408  -11.479  -4.679 0.4285714328
71612  -31.297  -11.044  -4.712 0.4285714328
72655  -30.486  -10.448  -4.190 0.4285714328
88104  -24.964  2.946  -0.709 0.2857142985
89179  -23.728  4.805  1.189 0.2857142985
91467  -23.778  5.983  1.171 0.2857142985
92636  -23.615  7.522  0.905 0.2857142985
64391  -26.759  -18.343  -1.694 0.1428571492
65433  -26.596  -16.595  -1.519 0.1428571492
66544  -27.509  -16.135  -2.300 0.2857142985
57123  -24.453  -23.966  -0.237 0.1428571492
64364  -25.536  -18.206  -0.632 0.1428571492
65431  -25.583  -17.652  -0.563 0.1428571492
65432  -26.076  -17.159  -0.963 0.1428571492
67524  -26.751  -15.419  -1.747 0.2857142985
67542  -27.304  -15.337  -2.135 0.2857142985
67543  -28.023  -15.313  -2.506 0.2857142985
67559  -29.560  -14.682  -3.207 0.2857142985
68489  -30.969  -13.766  -4.370 0.4285714328
69484  -30.894  -13.141  -4.750 0.4285714328
71610  -29.480  -11.581  -4.252 0.2857142985
86927  -25.569  1.913  -1.112 0.2857142985
88103  -24.477  2.751  -0.577 0.2857142985
88082  -24.723  3.593  -0.615 0.2857142985
89202  -23.686  4.312  0.600 0.2857142985
88057  -23.155  3.406  0.627 0.2857142985
90321  -24.014  5.782  1.195 0.2857142985
86926  -24.517  2.061  -0.669 0.2857142985
88081  -24.287  3.266  -0.491 0.2857142985
88058  -23.574  3.366  0.151 0.2857142985
89225  -24.502  4.107  -0.467 0.2857142985
89224  -23.999  4.029  -0.116 0.2857142985
86925  -23.851  1.749  -0.522 0.2857142985
86910  -23.850  2.536  -0.396 0.2857142985
88080  -23.823  3.337  -0.208 0.2857142985
69497  -31.127  -12.944  -5.366 0.4285714328
71621  -31.147  -11.844  -5.165 0.4285714328
68479  -30.049  -14.049  -3.734 0.4285714328
57135  -25.325  -23.382  -0.400 0.1428571492
90339  -24.342  5.244  0.707 0.2857142985
90362  -24.276  4.627  -0.052 0.2857142985
63133  -25.298  -19.286  -0.908 0.1428571492
54688  -24.265  -26.293  0.339 0.1428571492
57110  -24.199  -24.431  -0.299 0.1428571492
57133  -24.464  -23.169  -0.372 0.1428571492
60754  -24.754  -22.418  -0.623 0.1428571492
61898  -24.351  -20.669  -0.370 0.1428571492
66543  -26.922  -16.106  -1.850 0.2857142985
70564  -30.215  -12.361  -4.436 0.4285714328
90338  -24.041  4.892  1.075 0.2857142985
68488  -30.602  -13.484  -4.158 0.4285714328
86887  -23.324  2.378  0.151 0.2857142985
73736  -28.754  -9.899  -3.542 0.2857142985
72654  -29.586  -10.664  -4.147 0.2857142985
104641  -28.367  16.895  -3.186 0.1428571492
104631  -28.062  17.065  -1.724 0.1428571492
103699  -27.409  17.523  -0.169 0.1428571492
102741  -27.467  16.976  0.319 0.1428571492
137097  -28.385  17.039  -2.991 0.1428571492
102740  -26.418  16.691  -0.250 0.1428571492
102757  -25.319  16.892  -0.600 0.1428571492
104630  -26.703  17.637  -0.299 0.1428571492
101714  -26.836  16.233  0.509 0.1428571492
103717  -28.102  17.762  -1.100 0.1428571492
100582  -26.161  15.443  0.284 0.1428571492
101732  -25.188  16.137  -0.404 0.1428571492
103716  -26.896  17.396  -0.637 0.1428571492
104640  -27.392  17.927  -1.777 0.1428571492
103715  -25.847  17.583  -0.412 0.1428571492
103714  -24.795  17.856  -0.310 0.1428571492
102756  -24.399  16.972  -0.353 0.1428571492
102734  -26.018  16.027  -0.225 0.1428571492
102739  -25.690  16.219  -0.393 0.1428571492
105599  -27.870  17.226  -1.981 0.1428571492
102758  -26.008  17.128  -0.527 0.1428571492
85750  -24.072  1.007  -0.620 0.1428571492
85687  -21.536  1.495  1.140 0.1428571492
86859  -22.031  2.554  1.359 0.1428571492
85752  -25.919  1.120  -1.874 0.1428571492
86860  -22.701  2.550  0.785 0.1428571492
88033  -21.771  3.362  1.879 0.1428571492
88011  -22.094  4.037  2.271 0.2857142985
80146  -28.165  -3.455  -4.695 0.2857142985
78970  -27.406  -4.187  -4.052 0.1428571492
84678  -25.473  -0.258  -2.348 0.1428571492
85772  -25.656  0.539  -2.114 0.1428571492
85751  -25.103  0.862  -1.340 0.1428571492
86924  -23.559  1.318  -0.466 0.1428571492
89201  -23.098  4.069  0.939 0.1428571492
90319  -22.906  5.817  1.324 0.1428571492
88012  -22.403  4.565  2.057 0.1428571492
89157  -22.399  5.434  1.951 0.2857142985
91433  -22.177  7.393  1.736 0.2857142985
136995  -22.895  9.348  3.281 0.2857142985
136970  -22.488  8.844  3.295 0.2857142985
100561  -22.972  14.451  3.624 0.1428571492
98246  -23.940  11.821  4.843 0.1428571492
92635  -23.014  7.451  1.079 0.2857142985
90306  -22.346  6.345  1.601 0.2857142985
136969  -23.034  8.188  1.850 0.2857142985
95948  -24.432  9.152  1.770 0.2857142985
136983  -24.036  8.586  2.722 0.2857142985
136959  -23.545  8.017  3.055 0.2857142985
136985  -24.488  9.481  2.630 0.2857142985
136982  -23.689  9.237  3.350 0.2857142985
136971  -23.243  8.712  3.435 0.2857142985
98285  -21.533  11.938  3.718 0.1428571492
93661  -21.572  9.365  3.665 0.2857142985
100551  -24.055  13.377  3.877 0.1428571492
100552  -24.700  13.511  4.011 0.1428571492
93663  -22.737  7.496  4.191 0.1428571492
88010  -21.672  3.757  2.584 0.2857142985
136994  -21.666  9.612  2.997 0.2857142985
97096  -21.602  11.316  3.352 0.1428571492
95913  -21.297  10.694  3.621 0.2857142985
98257  -21.731  11.934  4.591 0.1428571492
97070  -21.570  11.541  4.439 0.1428571492
86840  -21.122  3.335  2.601 0.2857142985
93651  -21.619  9.441  4.453 0.1428571492
97055  -23.904  11.082  5.196 0.1428571492
94721  -21.856  10.250  4.776 0.1428571492
85668  -18.983  2.322  2.430 0.1428571492
85692  -33.254  1.363  1.989 0.1428571492
137799  -25.953  -0.772  -2.403 0.1428571492
84662  -24.828  0.083  -1.887 0.1428571492
88014  -31.934  3.959  2.505 0.1428571492
84646  -24.511  0.084  -1.046 0.1428571492
85770  -22.215  0.639  -1.059 0.1428571492
85747  -21.304  0.788  -1.480 0.1428571492
85729  -22.795  1.242  -0.220 0.1428571492
85688  -22.217  1.806  0.803 0.1428571492
86858  -21.065  2.645  1.821 0.1428571492
89178  -23.098  4.764  1.369 0.1428571492
89140  -22.276  6.169  2.316 0.1428571492
91435  -22.455  7.209  2.460 0.1428571492
92599  -22.734  7.702  2.425 0.2857142985
136951  -23.049  7.051  3.441 0.1428571492
95904  -21.365  10.877  4.301 0.1428571492
95888  -21.830  11.167  4.736 0.1428571492
98273  -21.779  12.489  3.951 0.1428571492
97054  -23.170  11.306  4.825 0.1428571492
98245  -23.453  11.674  4.741 0.1428571492
86841  -31.382  3.145  2.412 0.1428571492
86842  -32.340  3.035  2.500 0.1428571492
97099  -24.014  10.484  3.120 0.2857142985
98260  -23.721  12.242  4.601 0.1428571492
95924  -23.050  10.214  3.238 0.2857142985
97071  -22.552  11.915  4.709 0.1428571492
94797  -23.730  8.845  0.466 0.2857142985
84705  -26.573  -1.371  -2.630 0.1428571492
82389  -26.705  -2.009  -3.620 0.1428571492
95965  -24.613  9.006  1.341 0.2857142985
84598  -33.701  0.796  1.461 0.1428571492
94782  -23.994  8.839  1.157 0.2857142985
91466  -23.417  6.231  1.176 0.1428571492
91465  -22.886  6.714  1.215 0.1428571492
86909  -23.391  1.682  -0.345 0.1428571492
85711  -22.590  1.572  0.258 0.1428571492
84645  -23.710  0.216  -0.642 0.1428571492
88034  -22.562  3.665  1.402 0.1428571492
85771  -25.212  0.370  -1.985 0.1428571492
88032  -21.393  3.291  2.191 0.1428571492
83538  -24.868  -0.394  -2.074 0.1428571492
91449  -22.287  7.545  2.253 0.2857142985
93712  -23.132  8.292  1.016 0.2857142985
136993  -22.443  7.103  1.450 0.2857142985
137003  -22.270  9.876  2.858 0.2857142985
95923  -21.582  10.437  2.988 0.2857142985
98232  -24.225  11.789  4.888 0.1428571492
95933  -23.904  8.769  2.093 0.2857142985
136972  -24.196  8.781  3.040 0.2857142985
98272  -21.504  12.019  4.252 0.1428571492
94737  -21.196  10.070  4.041 0.2857142985
100563  -24.860  14.278  3.659 0.1428571492
93671  -23.202  7.162  3.056 0.2857142985
67522  -25.754  -15.292  -0.963 0.1428571492
68468  -27.724  -14.519  -2.299 0.1428571492
68452  -25.405  -14.486  -1.062 0.1428571492
70518  -25.687  -13.211  -2.036 0.1428571492
70519  -26.101  -12.750  -2.226 0.1428571492
69454  -26.664  -13.543  -2.312 0.1428571492
71570  -26.631  -12.029  -2.308 0.1428571492
69455  -27.551  -13.554  -2.434 0.1428571492
68478  -29.113  -14.228  -3.096 0.1428571492
71590  -27.394  -11.491  -2.721 0.1428571492
70542  -28.021  -12.514  -3.094 0.1428571492
69483  -30.077  -13.137  -4.072 0.1428571492
71609  -28.735  -11.618  -3.828 0.1428571492
70563  -29.220  -12.481  -3.973 0.1428571492
71569  -26.064  -12.268  -2.025 0.1428571492
71608  -27.139  -10.601  -2.958 0.1428571492
72653  -28.859  -10.849  -3.948 0.1428571492
73735  -27.831  -9.516  -3.519 0.1428571492
75807  -27.769  -7.633  -4.082 0.1428571492
76816  -28.145  -6.732  -4.348 0.1428571492
86828  -21.484  3.884  2.986 0.1428571492
69456  -28.094  -13.979  -2.354 0.1428571492
66527  -25.412  -15.944  -0.685 0.1428571492
68466  -26.402  -14.087  -2.135 0.1428571492
77861  -28.493  -5.422  -4.459 0.1428571492
68454  -26.533  -14.968  -1.696 0.1428571492
67523  -26.310  -15.413  -1.341 0.1428571492
68469  -28.401  -14.466  -2.606 0.1428571492
69471  -29.200  -13.410  -3.591 0.1428571492
73721  -28.574  -10.499  -3.563 0.1428571492
68467  -26.893  -14.495  -2.050 0.1428571492
68453  -26.093  -14.533  -1.683 0.1428571492
69438  -24.974  -13.633  -1.090 0.1428571492
70520  -26.993  -12.670  -2.515 0.1428571492
70541  -27.581  -12.667  -2.691 0.1428571492
69470  -28.350  -13.516  -2.895 0.1428571492
71589  -26.411  -11.325  -2.421 0.1428571492
70543  -28.591  -12.870  -3.496 0.1428571492
72634  -27.952  -10.920  -3.173 0.1428571492
71555  -25.468  -11.975  -1.719 0.1428571492
66502  -24.904  -16.337  -0.371 0.1428571492
54707  -23.041  -26.006  -0.098 0.1428571492
55864  -24.743  -24.016  -0.081 0.1428571492
55866  -25.702  -24.091  -0.125 0.2857142985
55880  -24.691  -23.738  -0.103 0.1428571492
57109  -23.733  -24.069  -0.405 0.1428571492
57122  -24.261  -23.436  -0.402 0.1428571492
57124  -25.707  -23.354  -0.659 0.2857142985
57134  -24.776  -23.421  -0.226 0.1428571492
57136  -25.606  -23.510  -0.476 0.2857142985
58314  -28.119  -23.638  0.917 0.1428571492
58345  -23.997  -22.949  -1.162 0.1428571492
58354  -22.986  -22.725  -1.943 0.1428571492
58355  -23.492  -23.149  -1.612 0.1428571492
58356  -24.072  -22.942  -0.806 0.1428571492
58357  -24.673  -22.971  -0.425 0.1428571492
58358  -25.086  -23.083  -0.456 0.1428571492
59499  -23.059  -22.399  -1.662 0.1428571492
59500  -22.917  -22.685  -1.222 0.1428571492
59501  -23.718  -22.606  -0.632 0.1428571492
59502  -23.630  -22.480  -0.456 0.1428571492
59518  -22.946  -22.551  -1.876 0.1428571492
59519  -23.145  -22.896  -1.970 0.1428571492
59520  -23.830  -23.035  -1.376 0.1428571492
59522  -25.043  -22.790  -0.683 0.1428571492
60726  -22.987  -22.164  -1.862 0.1428571492
60727  -23.099  -22.141  -1.324 0.1428571492
60728  -23.564  -22.356  -0.551 0.1428571492
60751  -23.033  -22.325  -1.739 0.1428571492
60752  -23.245  -22.231  -1.068 0.1428571492
60753  -24.026  -22.559  -0.704 0.1428571492
60755  -25.197  -22.425  -0.863 0.1428571492
61875  -27.624  -20.293  0.777 0.2857142985
61936  -26.463  -19.259  -1.476 0.2857142985
61939  -27.423  -19.355  -1.258 0.4285714328
61947  -26.706  -18.997  -1.574 0.2857142985
61949  -27.201  -19.136  -1.579 0.2857142985
63111  -27.722  -19.734  0.472 0.2857142985
63135  -28.339  -18.286  -1.495 0.4285714328
63156  -27.533  -19.002  -1.647 0.2857142985
63157  -27.913  -19.105  -1.462 0.4285714328
63165  -26.555  -18.749  -1.535 0.1428571492
63166  -26.978  -18.560  -1.798 0.2857142985
63169  -28.057  -18.636  -2.065 0.4285714328
63178  -27.021  -18.323  -2.014 0.2857142985
63179  -27.387  -18.397  -2.080 0.2857142985
63180  -27.780  -18.584  -2.162 0.2857142985
63181  -28.074  -18.917  -2.169 0.4285714328
64390  -26.459  -18.279  -1.460 0.1428571492
64392  -28.062  -17.956  -2.466 0.2857142985
64399  -26.741  -18.145  -1.704 0.1428571492
64400  -26.981  -18.083  -1.942 0.2857142985
64401  -27.015  -17.888  -2.131 0.2857142985
64403  -28.016  -18.481  -2.254 0.2857142985
65459  -26.703  -17.880  -1.679 0.2857142985
65460  -26.962  -17.600  -1.913 0.2857142985
65474  -26.830  -17.929  -1.834 0.2857142985
65476  -27.320  -17.803  -2.201 0.2857142985
65477  -27.627  -17.761  -2.368 0.2857142985
66505  -28.780  -16.364  0.099 0.1428571492
66529  -26.461  -16.150  -1.364 0.2857142985
67484  -29.411  -15.775  1.140 0.1428571492
67545  -29.534  -15.698  -2.920 0.2857142985
68483  -33.599  -13.318  -4.225 0.5714285970
68492  -34.012  -13.850  -4.565 0.7142857313
68493  -34.895  -14.078  -4.868 0.7142857313
68494  -35.239  -13.865  -5.219 0.7142857313
68495  -35.829  -14.108  -5.283 0.7142857313
68496  -35.834  -13.949  -5.544 0.7142857313
68502  -32.266  -13.718  -5.266 0.5714285970
68503  -32.838  -13.897  -5.272 0.7142857313
68504  -33.727  -14.087  -5.346 0.7142857313
68505  -34.501  -14.017  -5.377 0.7142857313
68506  -34.972  -13.894  -5.345 0.7142857313
68507  -35.412  -14.170  -5.416 0.7142857313
68508  -35.623  -14.054  -5.460 0.7142857313
69453  -26.016  -13.669  -2.176 0.1428571492
69469  -27.860  -13.081  -2.779 0.1428571492
69472  -32.819  -12.784  -3.444 0.5714285970
69485  -31.340  -13.609  -4.883 0.5714285970
69486  -34.172  -13.073  -4.343 0.7142857313
69488  -35.281  -13.158  -4.621 0.7142857313
69489  -35.812  -12.835  -5.038 0.7142857313
69490  -35.644  -13.522  -5.434 0.7142857313
69499  -32.688  -13.356  -5.440 0.7142857313
69501  -34.330  -13.527  -5.701 0.7142857313
69502  -34.796  -13.545  -5.571 0.7142857313
69503  -35.133  -13.946  -5.554 0.7142857313
69504  -35.639  -13.782  -5.470 0.7142857313
70466  -35.685  -12.102  1.954 0.1428571492
70562  -28.518  -12.226  -3.565 0.1428571492
70565  -33.775  -12.526  -4.366 0.5714285970
70566  -34.502  -12.623  -4.813 0.7142857313
70567  -34.964  -12.751  -5.083 0.7142857313
70568  -35.221  -12.879  -5.287 0.7142857313
70569  -35.472  -12.840  -5.398 0.7142857313
70577  -30.835  -12.419  -5.091 0.4285714328
70578  -31.477  -12.543  -5.347 0.5714285970
70580  -33.312  -12.706  -5.469 0.7142857313
70581  -34.311  -12.709  -5.486 0.7142857313
70582  -34.802  -12.997  -5.592 0.7142857313
70583  -34.939  -12.830  -5.593 0.7142857313
70584  -35.452  -13.345  -5.524 0.7142857313
71517  -34.562  -11.442  0.403 0.1428571492
71591  -28.182  -11.614  -3.294 0.1428571492
71615  -34.002  -12.307  -4.782 0.7142857313
71624  -33.770  -12.239  -5.115 0.7142857313
71625  -34.212  -12.359  -5.070 0.7142857313
72467  -39.598  -9.977  6.154 0.1428571492
72510  -38.644  -10.031  4.264 0.1428571492
72511  -38.806  -10.054  4.789 0.1428571492
72570  -37.494  -10.204  0.882 0.1428571492
72606  -36.725  -9.706  -0.816 0.1428571492
72619  -35.072  -9.843  -0.988 0.2857142985
72620  -35.537  -9.794  -0.926 0.2857142985
72621  -35.906  -9.609  -0.978 0.2857142985
72635  -28.440  -10.959  -3.496 0.1428571492
72636  -31.720  -10.039  -3.291 0.5714285970
73571  -39.672  -9.588  6.132 0.1428571492
73683  -36.865  -9.000  -0.786 0.1428571492
73699  -35.663  -9.142  -1.118 0.2857142985
73700  -36.304  -9.263  -0.976 0.1428571492
73714  -35.557  -9.512  -1.055 0.2857142985
75662  -40.737  -7.469  5.366 0.1428571492
75675  -40.323  -7.168  5.084 0.1428571492
75686  -37.638  -7.275  3.330 0.1428571492
75688  -38.813  -7.440  4.104 0.1428571492
75755  -33.531  -7.716  -1.797 0.5714285970
76696  -39.388  -6.398  4.987 0.1428571492
76783  -34.139  -6.091  -1.662 0.4285714328
76784  -34.338  -6.048  -1.290 0.4285714328
76833  -28.347  -6.142  -4.411 0.1428571492
77721  -37.622  -6.444  3.736 0.1428571492
77722  -38.109  -6.051  4.305 0.1428571492
77768  -36.577  -5.637  1.152 0.1428571492
77845  -28.743  -5.779  -4.215 0.1428571492
77862  -29.150  -4.748  -4.458 0.7142857313
78893  -36.413  -4.795  0.700 0.1428571492
78920  -32.690  -4.186  -1.519 0.7142857313
78921  -33.227  -4.139  -1.558 0.4285714328
78922  -34.544  -4.301  -1.414 0.4285714328
78934  -30.121  -4.191  -1.756 0.8571428657
78987  -29.867  -3.978  -4.804 0.7142857313
80100  -33.594  -4.069  -1.556 0.4285714328
80132  -29.184  -3.246  -2.783 0.8571428657
80147  -28.903  -3.393  -4.828 0.5714285970
81214  -33.795  -2.776  -0.182 0.4285714328
81289  -26.667  -2.351  -4.143 0.2857142985
81290  -27.046  -2.732  -4.169 0.2857142985
81291  -27.614  -2.565  -4.354 0.2857142985
81294  -29.138  -3.193  -4.065 0.5714285970
81304  -26.673  -2.114  -4.244 0.2857142985
81305  -26.901  -2.217  -4.224 0.2857142985
82377  -26.634  -2.398  -3.389 0.1428571492
82388  -26.477  -2.226  -3.916 0.1428571492
82390  -27.543  -2.089  -4.228 0.4285714328
82398  -26.494  -2.108  -4.191 0.2857142985
82399  -26.737  -1.929  -4.079 0.1428571492
82400  -27.244  -2.006  -4.239 0.2857142985
82401  -27.507  -1.881  -4.144 0.4285714328
83563  -27.003  -1.907  -3.305 0.1428571492
83575  -26.877  -1.912  -3.760 0.1428571492
83576  -27.099  -1.848  -3.768 0.4285714328
84597  -32.727  0.946  1.325 0.2857142985
84607  -30.445  1.143  0.483 0.5714285970
84625  -29.829  1.067  -0.114 0.8571428657
84661  -22.135  0.297  -1.291 0.1428571492
84706  -27.063  -1.150  -2.695 0.1428571492
85715  -31.798  1.101  1.224 0.2857142985
85730  -28.162  1.774  -0.759 1.0000000000
85733  -29.944  1.337  0.310 0.7142857313
85746  -20.340  0.883  -2.062 0.1428571492
85748  -22.127  0.835  -0.892 0.1428571492
85749  -22.954  0.750  -0.534 0.1428571492
85756  -29.868  0.776  -1.059 0.8571428657
85757  -30.306  0.601  -1.420 0.8571428657
85769  -21.942  1.050  -1.330 0.1428571492
85802  -27.001  -0.931  -2.563 0.2857142985
85817  -26.735  -0.728  -2.456 0.1428571492
86888  -23.650  2.919  -0.109 0.2857142985
86889  -28.749  3.032  0.094 1.0000000000
86911  -24.242  2.669  -0.524 0.2857142985
88085  -29.138  3.971  -0.405 0.7142857313
89180  -29.740  5.663  1.332 0.4285714328
89203  -24.074  4.554  0.262 0.2857142985
89223  -23.753  3.778  0.060 0.2857142985
90293  -22.033  6.855  1.876 0.2857142985
90294  -22.177  6.832  2.355 0.1428571492
90320  -23.712  5.441  1.237 0.2857142985
90322  -29.630  6.180  1.041 0.4285714328
90341  -29.975  6.400  0.515 0.4285714328
90364  -28.539  5.469  -1.046 0.8571428657
90389  -28.855  6.419  -1.704 0.8571428657
90406  -28.032  6.742  -2.385 0.8571428657
91434  -21.992  7.336  2.133 0.2857142985
91448  -22.320  7.773  1.966 0.2857142985
91469  -29.704  7.144  1.741 0.2857142985
91478  -23.053  7.048  1.124 0.1428571492
91479  -23.316  6.926  1.111 0.4285714328
91484  -30.164  6.657  0.176 0.7142857313
91518  -27.195  6.824  -2.056 1.0000000000
91519  -28.815  6.614  -2.064 0.8571428657
91520  -29.196  7.003  -1.843 0.8571428657
91534  -27.649  7.329  -2.472 0.8571428657
91535  -28.533  7.196  -2.356 0.8571428657
92590  -23.031  7.279  2.754 0.2857142985
92601  -30.857  7.718  2.328 0.1428571492
92614  -24.760  7.993  1.191 0.7142857313
92615  -24.924  7.749  1.194 0.7142857313
92656  -23.390  8.090  0.729 0.2857142985
92657  -23.778  8.243  0.573 0.4285714328
92662  -29.448  7.130  -0.549 0.7142857313
92663  -30.064  6.932  -0.178 0.7142857313
92681  -28.976  7.987  -1.355 0.8571428657
92682  -29.272  7.689  -1.556 0.8571428657
92697  -27.432  8.167  -2.341 0.8571428657
92698  -28.103  8.085  -2.568 0.8571428657
92699  -28.834  8.058  -2.425 0.8571428657
92700  -29.374  7.914  -2.155 0.8571428657
93691  -25.246  7.800  1.187 0.7142857313
93692  -27.626  8.214  1.056 0.7142857313
93726  -23.565  8.618  0.533 0.2857142985
93735  -27.579  8.519  -2.127 0.8571428657
93736  -27.962  8.749  -1.908 0.8571428657
93737  -28.740  8.662  -1.774 0.8571428657
93748  -28.455  8.587  -2.260 0.8571428657
93749  -29.144  8.495  -2.127 0.8571428657
93750  -29.416  8.248  -1.918 0.8571428657
94745  -21.326  10.021  3.372 0.2857142985
94763  -23.522  8.592  1.216 0.2857142985
94781  -23.399  9.019  0.668 0.2857142985
94788  -29.256  9.796  1.288 0.1428571492
94790  -30.561  9.628  1.476 0.1428571492
97052  -21.820  11.702  4.729 0.1428571492
97053  -22.291  11.625  4.815 0.1428571492
97072  -22.777  11.681  4.706 0.1428571492
97084  -21.329  11.432  3.930 0.1428571492
98243  -21.696  11.897  4.792 0.1428571492
98244  -21.918  11.942  4.769 0.1428571492
98247  -24.636  12.041  4.980 0.1428571492
98258  -22.094  12.283  4.584 0.1428571492
99405  -23.976  12.309  4.607 0.1428571492
99415  -22.055  12.818  4.200 0.1428571492
99444  -29.413  13.747  1.417 0.1428571492
99456  -29.491  13.068  1.247 0.1428571492
101703  -25.936  15.609  -0.005 0.2857142985
101704  -26.275  15.892  0.209 0.2857142985
102713  -23.945  15.963  3.028 0.1428571492
102733  -25.778  15.876  -0.262 0.2857142985
103682  -24.569  16.920  2.020 0.1428571492
103692  -24.882  17.246  1.846 0.1428571492
103713  -24.197  17.328  0.047 0.2857142985
136980  -22.793  9.035  3.294 0.2857142985
136981  -23.051  9.006  3.370 0.2857142985
136984  -24.269  8.883  2.634 0.2857142985
137002  -22.633  7.725  1.493 0.2857142985
137783  -26.999  -0.137  -2.531 0.2857142985
137787  -25.949  -1.000  -2.384 0.1428571492
137788  -25.830  -0.519  -2.444 0.1428571492
137789  -26.865  -2.041  -3.063 0.1428571492
137790  -27.086  -0.416  -2.580 0.2857142985
137791  -27.262  -0.014  -2.524 0.5714285970
137792  -27.085  -0.171  -2.546 0.2857142985
137794  -25.983  -0.534  -2.504 0.1428571492
137795  -26.341  -0.688  -2.483 0.1428571492
137796  -26.101  -0.671  -2.445 0.1428571492
137797  -26.658  -0.348  -2.534 0.2857142985
137798  -26.812  -0.753  -2.523 0.2857142985
137800  -26.196  -0.885  -2.428 0.1428571492
137801  -26.349  -0.768  -2.392 0.1428571492
