#!ascii label  , from subject 3270 vox2ras=TkReg
981
45176  27.354  -40.358  52.148 0.0000000000
66174  39.196  -19.278  45.488 0.0000000000
56821  32.918  -28.972  49.656 0.0000000000
34693  10.541  -49.831  62.026 0.0000000000
40986  20.435  -43.766  56.075 0.0000000000
61326  33.636  -25.206  51.177 0.0000000000
38978  15.219  -45.840  59.612 0.0000000000
35745  14.238  -49.128  60.532 0.0000000000
37982  18.570  -47.349  57.166 0.0000000000
136992  43.102  -19.035  44.550 0.0000000000
50202  26.819  -35.069  54.739 0.0000000000
51245  30.405  -34.456  53.165 0.0000000000
47124  31.376  -38.405  55.950 0.0000000000
73057  43.596  -15.196  44.214 0.0000000000
71049  47.103  -16.047  41.645 0.0000000000
68027  36.489  -19.074  48.521 0.0000000000
65218  38.401  -21.222  48.667 0.0000000000
63374  34.692  -23.410  48.524 0.0000000000
57919  37.107  -28.099  49.661 0.0000000000
40011  26.505  -44.944  55.934 0.0000000000
31746  9.168  -54.164  61.978 0.0000000000
31739  4.022  -53.608  63.346 0.0000000000
29465  2.471  -55.607  66.540 0.0000000000
44108  22.856  -41.542  53.115 0.0000000000
39015  22.753  -47.021  55.737 0.0000000000
57902  28.656  -28.943  52.302 0.0000000000
55705  33.606  -31.234  54.492 0.0000000000
74125  52.154  -12.481  42.259 0.0000000000
67123  40.945  -19.340  44.651 0.0000000000
66163  40.134  -19.961  46.826 0.0000000000
48208  26.699  -37.121  52.573 0.0000000000
49237  28.472  -36.256  53.981 0.0000000000
46199  29.587  -39.378  53.285 0.0000000000
68932  39.436  -17.296  47.036 0.0000000000
137042  44.309  -15.203  47.859 0.0000000000
68046  40.876  -17.285  44.382 0.0000000000
137043  43.565  -17.171  42.998 0.0000000000
26376  1.325  -58.895  63.565 0.0000000000
66142  34.784  -21.152  48.582 0.0000000000
65197  34.503  -21.419  50.133 0.0000000000
60208  32.806  -26.763  49.223 0.0000000000
61343  33.895  -25.677  48.865 0.0000000000
57921  35.035  -28.510  49.237 0.0000000000
57888  35.382  -29.027  51.629 0.0000000000
35748  12.132  -49.907  60.611 0.0000000000
33749  13.507  -51.029  62.286 0.0000000000
32803  11.513  -52.455  61.388 0.0000000000
31735  10.793  -54.276  63.534 0.0000000000
32805  9.675  -52.652  61.513 0.0000000000
33714  6.227  -51.607  64.365 0.0000000000
30598  3.093  -54.311  64.542 0.0000000000
43033  21.648  -42.668  54.548 0.0000000000
41016  23.024  -44.192  53.815 0.0000000000
40032  20.438  -44.897  54.189 0.0000000000
36890  18.576  -48.727  59.312 0.0000000000
36903  20.619  -48.999  58.368 0.0000000000
50180  33.313  -35.247  55.117 0.0000000000
52422  33.157  -33.125  53.016 0.0000000000
63342  35.147  -23.301  51.088 0.0000000000
60173  33.309  -26.030  52.030 0.0000000000
60198  31.270  -26.792  50.598 0.0000000000
36892  17.237  -48.069  59.802 0.0000000000
35703  16.307  -49.682  62.130 0.0000000000
37924  15.260  -47.413  59.905 0.0000000000
37927  12.746  -48.144  60.814 0.0000000000
36820  12.002  -47.869  63.384 0.0000000000
40018  18.823  -44.562  55.278 0.0000000000
39993  17.604  -44.315  56.987 0.0000000000
38993  17.155  -45.505  58.311 0.0000000000
52365  27.976  -33.579  55.483 0.0000000000
53613  29.263  -32.694  53.453 0.0000000000
51226  28.732  -34.704  54.146 0.0000000000
50182  31.220  -36.062  55.194 0.0000000000
73055  48.152  -13.244  43.752 0.0000000000
72030  45.291  -15.095  42.884 0.0000000000
137028  44.890  -17.815  42.533 0.0000000000
67119  36.798  -18.794  46.810 0.0000000000
66156  38.363  -20.616  47.060 0.0000000000
65239  36.413  -21.065  47.187 0.0000000000
64311  36.792  -22.012  48.568 0.0000000000
62393  37.571  -24.585  49.705 0.0000000000
63351  33.363  -23.479  49.615 0.0000000000
61341  36.048  -25.587  49.060 0.0000000000
43046  27.253  -42.343  54.208 0.0000000000
44070  30.236  -41.862  54.735 0.0000000000
68918  38.782  -17.987  48.430 0.0000000000
34676  9.102  -50.458  63.482 0.0000000000
33754  7.708  -51.861  62.743 0.0000000000
31736  7.007  -53.977  62.684 0.0000000000
29481  5.458  -55.824  63.554 0.0000000000
29491  3.806  -55.459  63.197 0.0000000000
28401  1.864  -56.176  64.119 0.0000000000
27344  1.047  -57.389  66.049 0.0000000000
27333  0.063  -57.799  67.305 0.0000000000
44122  25.105  -41.081  52.612 0.0000000000
42029  25.031  -42.976  54.059 0.0000000000
39026  24.912  -45.884  55.712 0.0000000000
37991  20.154  -47.597  56.250 0.0000000000
57899  30.764  -28.943  51.031 0.0000000000
53642  30.339  -32.387  51.553 0.0000000000
55734  31.678  -30.736  52.241 0.0000000000
56795  33.032  -29.843  52.607 0.0000000000
44067  32.722  -41.170  55.388 0.0000000000
75134  53.369  -12.040  40.593 0.0000000000
73077  50.154  -13.806  41.557 0.0000000000
72057  51.357  -14.599  40.022 0.0000000000
67124  40.101  -18.772  44.962 0.0000000000
66172  40.227  -19.824  45.812 0.0000000000
66173  39.717  -19.641  45.457 0.0000000000
47167  27.424  -38.553  51.771 0.0000000000
47153  28.869  -38.417  52.828 0.0000000000
46200  28.696  -39.363  52.546 0.0000000000
68047  39.482  -17.778  45.607 0.0000000000
68937  40.554  -16.500  45.759 0.0000000000
68051  40.913  -18.362  44.360 0.0000000000
26358  0.795  -58.669  63.995 0.0000000000
65196  35.406  -21.373  50.478 0.0000000000
65183  36.021  -21.722  50.796 0.0000000000
59039  32.196  -27.531  49.358 0.0000000000
59038  33.263  -27.628  49.010 0.0000000000
57922  33.890  -28.556  49.222 0.0000000000
57898  35.016  -29.130  50.846 0.0000000000
56803  33.997  -29.284  50.639 0.0000000000
35727  11.593  -49.687  61.123 0.0000000000
33772  12.362  -51.001  60.696 0.0000000000
34713  10.878  -50.352  61.386 0.0000000000
32804  10.482  -52.429  61.357 0.0000000000
33751  9.926  -51.004  61.684 0.0000000000
42011  20.982  -43.218  54.780 0.0000000000
42033  20.912  -43.426  54.182 0.0000000000
41019  20.245  -43.942  54.500 0.0000000000
35742  18.360  -49.440  60.097 0.0000000000
54689  30.445  -31.453  54.179 0.0000000000
51207  34.482  -34.723  54.902 0.0000000000
60185  32.075  -26.290  51.209 0.0000000000
60174  32.187  -26.462  52.389 0.0000000000
37944  16.422  -47.268  59.642 0.0000000000
37923  16.081  -47.746  60.245 0.0000000000
38963  14.990  -46.502  59.689 0.0000000000
38945  13.315  -46.467  61.033 0.0000000000
37902  12.928  -46.700  62.216 0.0000000000
36830  12.166  -48.155  62.126 0.0000000000
40969  19.222  -44.167  57.123 0.0000000000
39964  16.002  -44.063  58.979 0.0000000000
39981  16.631  -44.039  58.311 0.0000000000
38977  16.130  -45.617  59.205 0.0000000000
37943  17.499  -47.544  59.189 0.0000000000
51227  28.104  -34.293  54.496 0.0000000000
50200  28.191  -35.255  54.187 0.0000000000
48189  29.866  -37.463  54.591 0.0000000000
49235  30.269  -36.666  54.905 0.0000000000
48170  30.982  -37.551  55.852 0.0000000000
49197  32.028  -36.928  56.436 0.0000000000
47112  31.893  -38.451  56.514 0.0000000000
73056  46.305  -14.106  43.265 0.0000000000
137002  43.453  -18.656  43.586 0.0000000000
137006  44.038  -17.720  42.923 0.0000000000
137016  44.577  -18.670  43.295 0.0000000000
68035  36.656  -18.602  47.782 0.0000000000
66167  36.583  -19.431  46.516 0.0000000000
66159  35.613  -19.770  47.077 0.0000000000
65222  34.526  -21.719  48.679 0.0000000000
65221  35.597  -21.490  48.047 0.0000000000
64312  36.055  -22.443  48.585 0.0000000000
64305  36.408  -22.976  49.107 0.0000000000
63363  35.748  -23.555  48.891 0.0000000000
62377  34.672  -24.052  51.178 0.0000000000
63350  33.731  -23.297  50.302 0.0000000000
62385  33.408  -24.282  50.303 0.0000000000
60205  35.712  -26.572  48.974 0.0000000000
61342  34.964  -25.643  48.841 0.0000000000
60204  36.713  -26.520  49.213 0.0000000000
61340  37.081  -25.600  49.441 0.0000000000
42006  27.044  -43.274  55.123 0.0000000000
42005  27.999  -43.294  55.543 0.0000000000
67083  37.537  -19.306  49.495 0.0000000000
68026  37.600  -18.489  48.463 0.0000000000
68034  37.556  -18.182  47.568 0.0000000000
36842  15.203  -48.934  61.189 0.0000000000
35705  14.838  -49.730  62.270 0.0000000000
30615  10.191  -54.716  63.162 0.0000000000
30603  10.367  -54.789  63.925 0.0000000000
30604  9.774  -55.276  63.535 0.0000000000
29498  8.585  -55.354  62.751 0.0000000000
34665  8.790  -50.834  64.974 0.0000000000
33732  8.087  -51.123  63.518 0.0000000000
33733  7.292  -51.619  63.417 0.0000000000
32764  5.111  -52.163  64.099 0.0000000000
32780  6.265  -52.335  63.022 0.0000000000
30608  5.458  -54.437  63.009 0.0000000000
29489  5.915  -55.230  63.279 0.0000000000
29490  4.884  -55.411  63.207 0.0000000000
28407  4.969  -56.041  63.563 0.0000000000
29471  2.876  -55.103  66.124 0.0000000000
30587  2.535  -55.152  64.892 0.0000000000
29472  2.388  -55.464  65.502 0.0000000000
28402  1.530  -56.837  64.606 0.0000000000
28379  1.918  -56.118  66.055 0.0000000000
45129  24.129  -40.648  54.537 0.0000000000
46188  24.520  -40.103  53.530 0.0000000000
45163  23.579  -40.873  52.982 0.0000000000
44106  24.868  -41.723  52.816 0.0000000000
43070  23.316  -42.153  52.875 0.0000000000
40015  22.411  -45.744  54.825 0.0000000000
40029  23.604  -44.787  54.500 0.0000000000
39014  23.717  -46.792  55.918 0.0000000000
39019  18.158  -45.804  56.148 0.0000000000
39018  19.435  -46.666  55.576 0.0000000000
37992  19.114  -47.239  56.383 0.0000000000
36902  21.627  -48.847  58.675 0.0000000000
65237  38.027  -21.037  47.914 0.0000000000
66155  39.339  -20.415  47.443 0.0000000000
66139  39.293  -20.638  48.702 0.0000000000
59011  28.870  -27.261  52.331 0.0000000000
59019  29.896  -27.739  51.250 0.0000000000
57901  29.017  -28.384  51.728 0.0000000000
52404  29.948  -33.805  52.556 0.0000000000
53633  29.472  -32.723  52.519 0.0000000000
52425  30.526  -33.526  51.961 0.0000000000
54687  33.467  -31.916  53.985 0.0000000000
54718  32.052  -31.547  52.419 0.0000000000
55722  32.665  -31.122  53.378 0.0000000000
56796  31.910  -30.038  52.182 0.0000000000
56778  33.462  -30.343  53.735 0.0000000000
56777  34.261  -29.692  53.438 0.0000000000
44069  30.943  -41.708  54.779 0.0000000000
74124  52.746  -12.292  41.782 0.0000000000
73068  47.721  -14.303  42.579 0.0000000000
73067  49.257  -13.384  42.892 0.0000000000
73078  48.774  -14.306  42.014 0.0000000000
71067  50.489  -15.685  39.960 0.0000000000
71066  51.028  -15.571  39.695 0.0000000000
39965  15.205  -44.695  59.770 0.0000000000
39966  14.726  -45.628  59.926 0.0000000000
136993  42.371  -19.240  44.496 0.0000000000
136998  42.500  -19.076  45.211 0.0000000000
67115  41.817  -19.199  45.497 0.0000000000
49239  26.631  -36.093  54.179 0.0000000000
49238  27.541  -35.935  53.936 0.0000000000
49249  27.854  -36.513  53.441 0.0000000000
47140  29.813  -38.290  54.115 0.0000000000
46168  30.773  -38.874  54.911 0.0000000000
137033  42.680  -16.204  48.177 0.0000000000
137013  41.854  -16.058  46.421 0.0000000000
137037  42.195  -16.403  43.781 0.0000000000
73058  43.613  -15.681  43.283 0.0000000000
137023  41.636  -17.417  43.807 0.0000000000
137014  41.782  -17.959  43.775 0.0000000000
26375  1.989  -58.421  63.345 0.0000000000
67071  36.742  -20.053  49.920 0.0000000000
67086  35.435  -20.054  48.625 0.0000000000
66122  35.703  -20.376  49.586 0.0000000000
66114  34.682  -20.989  49.516 0.0000000000
65209  33.823  -22.137  49.281 0.0000000000
61334  33.010  -25.315  50.069 0.0000000000
61344  33.112  -25.848  49.302 0.0000000000
60207  33.612  -26.695  48.914 0.0000000000
59037  34.310  -27.644  48.888 0.0000000000
57920  36.087  -28.318  49.475 0.0000000000
57910  36.640  -28.683  50.305 0.0000000000
57887  36.066  -28.808  52.076 0.0000000000
39003  26.587  -46.340  56.887 0.0000000000
35746  13.596  -49.554  60.640 0.0000000000
34710  13.975  -50.018  61.619 0.0000000000
34712  13.028  -50.743  60.740 0.0000000000
33764  12.931  -51.362  61.309 0.0000000000
32777  12.523  -52.665  63.206 0.0000000000
31755  10.374  -53.224  61.585 0.0000000000
31756  9.575  -53.478  61.691 0.0000000000
33697  7.347  -51.507  65.545 0.0000000000
32748  5.298  -52.112  65.196 0.0000000000
32765  4.512  -52.639  64.606 0.0000000000
31740  3.579  -53.673  63.741 0.0000000000
31694  4.289  -53.634  66.197 0.0000000000
30575  3.967  -54.142  66.387 0.0000000000
30564  3.712  -54.818  67.408 0.0000000000
43049  22.134  -42.064  54.146 0.0000000000
42052  22.899  -43.223  53.272 0.0000000000
42054  21.623  -43.280  53.710 0.0000000000
41018  21.101  -44.109  53.851 0.0000000000
40016  21.795  -45.933  54.802 0.0000000000
37964  18.262  -47.749  58.376 0.0000000000
37963  18.957  -48.127  57.751 0.0000000000
35771  20.005  -49.380  58.991 0.0000000000
64302  38.775  -21.985  49.778 0.0000000000
56798  29.083  -29.886  52.594 0.0000000000
51223  32.328  -34.810  54.029 0.0000000000
51263  32.215  -33.974  52.614 0.0000000000
51222  33.528  -34.522  54.084 0.0000000000
53591  34.471  -33.198  54.599 0.0000000000
74126  51.310  -12.571  42.761 0.0000000000
26343  -0.443  -58.954  65.563 0.0000000000
62368  36.081  -24.424  52.067 0.0000000000
61325  34.541  -24.763  51.496 0.0000000000
60184  32.677  -25.883  50.732 0.0000000000
60197  31.936  -26.662  49.977 0.0000000000
59040  31.722  -28.016  49.550 0.0000000000
35743  17.574  -49.282  60.726 0.0000000000
34709  17.661  -50.485  61.501 0.0000000000
35744  17.071  -49.019  61.037 0.0000000000
36841  15.699  -48.646  61.116 0.0000000000
36866  14.886  -48.577  60.496 0.0000000000
38964  14.245  -46.513  59.994 0.0000000000
37925  14.207  -47.775  59.852 0.0000000000
36867  13.792  -48.606  60.169 0.0000000000
36843  12.384  -48.505  61.183 0.0000000000
36844  11.778  -48.902  61.604 0.0000000000
35706  11.070  -49.388  62.013 0.0000000000
41003  19.485  -43.865  55.213 0.0000000000
40987  19.382  -43.900  56.208 0.0000000000
40004  17.882  -44.444  56.371 0.0000000000
39020  17.662  -44.874  56.589 0.0000000000
40953  17.222  -43.463  58.384 0.0000000000
39980  17.206  -44.228  57.690 0.0000000000
39005  17.815  -46.393  57.519 0.0000000000
37942  18.057  -48.093  59.113 0.0000000000
36891  17.869  -48.327  59.557 0.0000000000
53571  29.594  -32.981  54.955 0.0000000000
54690  30.015  -32.029  54.105 0.0000000000
53596  28.886  -33.091  54.482 0.0000000000
52406  28.816  -33.551  54.003 0.0000000000
50215  29.963  -34.931  53.938 0.0000000000
50199  29.226  -35.376  54.218 0.0000000000
50198  30.452  -35.556  54.461 0.0000000000
51224  31.192  -34.919  53.892 0.0000000000
50181  32.228  -35.829  55.540 0.0000000000
50155  33.062  -35.938  56.027 0.0000000000
73046  47.819  -12.982  44.261 0.0000000000
73069  46.857  -14.430  42.668 0.0000000000
72038  46.610  -15.095  42.264 0.0000000000
137040  44.180  -16.102  42.807 0.0000000000
137029  45.098  -16.678  42.282 0.0000000000
67126  38.445  -18.749  45.836 0.0000000000
66165  38.508  -20.055  45.956 0.0000000000
66166  37.423  -19.804  46.186 0.0000000000
66157  37.358  -20.616  46.588 0.0000000000
65238  37.337  -21.105  47.489 0.0000000000
65240  35.673  -20.704  47.272 0.0000000000
65220  36.574  -21.596  48.043 0.0000000000
65219  37.443  -21.578  48.441 0.0000000000
64304  37.177  -22.480  49.160 0.0000000000
63361  37.896  -23.396  49.790 0.0000000000
64278  34.813  -22.833  50.756 0.0000000000
64292  33.628  -22.633  49.806 0.0000000000
63375  33.828  -23.394  48.635 0.0000000000
62397  33.288  -24.515  49.184 0.0000000000
62396  34.269  -24.773  48.751 0.0000000000
63364  35.093  -23.935  48.648 0.0000000000
62394  36.425  -24.581  49.251 0.0000000000
44103  27.352  -41.329  53.204 0.0000000000
44102  28.398  -41.178  53.368 0.0000000000
43045  28.213  -42.169  54.473 0.0000000000
41992  29.286  -43.286  56.168 0.0000000000
68925  39.058  -17.573  47.918 0.0000000000
68040  38.926  -17.775  46.424 0.0000000000
35692  10.260  -49.402  63.312 0.0000000000
35679  10.155  -49.501  64.465 0.0000000000
34694  9.917  -50.231  62.385 0.0000000000
33752  9.221  -51.074  62.076 0.0000000000
33753  8.431  -51.495  62.416 0.0000000000
31747  8.248  -53.546  62.066 0.0000000000
33734  6.600  -51.712  63.585 0.0000000000
32797  6.886  -52.949  62.788 0.0000000000
30618  7.673  -54.140  62.398 0.0000000000
30606  7.495  -54.778  62.734 0.0000000000
29479  7.352  -56.060  63.808 0.0000000000
27376  3.626  -57.457  63.734 0.0000000000
30611  2.768  -55.117  63.639 0.0000000000
29492  2.919  -55.588  63.317 0.0000000000
27377  2.622  -57.454  63.455 0.0000000000
27378  1.821  -57.512  63.508 0.0000000000
27358  1.135  -57.467  65.099 0.0000000000
27359  0.635  -58.008  65.543 0.0000000000
28370  1.390  -56.736  67.562 0.0000000000
27332  0.844  -57.286  66.984 0.0000000000
26312  -0.100  -58.205  66.601 0.0000000000
47169  25.671  -38.503  51.955 0.0000000000
46201  25.006  -39.497  52.994 0.0000000000
45177  26.319  -40.449  52.036 0.0000000000
44105  25.546  -41.603  52.951 0.0000000000
43048  25.646  -42.558  53.855 0.0000000000
41000  25.344  -44.276  55.038 0.0000000000
42031  23.581  -43.576  53.647 0.0000000000
41001  24.534  -44.393  54.704 0.0000000000
40012  25.793  -45.292  55.746 0.0000000000
39046  19.444  -45.087  54.651 0.0000000000
39031  20.021  -46.283  54.732 0.0000000000
39016  21.717  -46.993  55.665 0.0000000000
36916  20.800  -48.654  57.782 0.0000000000
37979  21.961  -48.042  57.063 0.0000000000
37989  22.357  -47.537  56.434 0.0000000000
66164  39.383  -20.191  46.340 0.0000000000
60187  30.400  -26.853  51.543 0.0000000000
59030  30.634  -27.472  50.625 0.0000000000
57913  31.721  -28.861  50.157 0.0000000000
54707  29.850  -31.654  53.528 0.0000000000
55735  29.548  -30.707  52.904 0.0000000000
55741  29.396  -30.652  52.008 0.0000000000
52441  31.477  -32.657  51.678 0.0000000000
54726  30.653  -31.437  51.582 0.0000000000
55740  30.210  -30.557  51.635 0.0000000000
56806  30.993  -29.542  51.502 0.0000000000
56805  32.110  -29.565  51.520 0.0000000000
56804  33.134  -29.482  51.240 0.0000000000
56794  34.460  -29.269  51.980 0.0000000000
45159  29.763  -40.496  53.574 0.0000000000
45142  30.815  -40.443  54.216 0.0000000000
46166  32.248  -39.787  55.467 0.0000000000
45109  34.116  -40.679  56.527 0.0000000000
46152  32.435  -39.429  56.266 0.0000000000
75130  53.510  -11.266  40.858 0.0000000000
74127  50.343  -12.897  43.015 0.0000000000
74132  51.333  -13.112  41.781 0.0000000000
71047  49.271  -15.512  40.692 0.0000000000
73087  50.795  -13.999  40.937 0.0000000000
74137  51.663  -13.311  41.028 0.0000000000
74136  52.299  -13.240  40.493 0.0000000000
74141  52.592  -13.389  39.713 0.0000000000
46215  27.206  -39.412  51.609 0.0000000000
46214  27.901  -39.388  52.050 0.0000000000
45175  28.257  -40.082  52.399 0.0000000000
67125  39.263  -18.493  45.387 0.0000000000
26342  0.255  -58.747  64.967 0.0000000000
57923  32.926  -28.412  49.282 0.0000000000
56820  33.359  -28.796  49.452 0.0000000000
56814  33.651  -29.120  49.766 0.0000000000
34714  10.288  -50.715  61.590 0.0000000000
41998  21.177  -43.388  55.594 0.0000000000
41002  20.381  -43.526  55.211 0.0000000000
34719  18.824  -50.367  60.539 0.0000000000
53593  30.752  -31.861  54.630 0.0000000000
37945  15.610  -46.522  59.611 0.0000000000
38994  16.487  -44.716  58.710 0.0000000000
51228  27.040  -34.389  54.776 0.0000000000
47125  30.845  -38.378  55.381 0.0000000000
48171  30.481  -37.531  55.199 0.0000000000
48153  31.630  -37.583  56.354 0.0000000000
73041  45.525  -13.737  46.237 0.0000000000
73048  45.969  -13.333  44.819 0.0000000000
137027  44.452  -19.041  43.718 0.0000000000
26355  3.710  -58.731  64.256 0.0000000000
68036  36.033  -18.979  48.033 0.0000000000
67112  36.055  -19.051  47.437 0.0000000000
68028  35.995  -19.209  48.274 0.0000000000
64313  35.017  -22.464  48.423 0.0000000000
63373  35.347  -22.972  48.583 0.0000000000
62378  34.044  -24.457  50.941 0.0000000000
59035  36.411  -27.438  49.190 0.0000000000
59034  37.221  -27.296  49.382 0.0000000000
40999  26.433  -44.290  55.534 0.0000000000
40998  27.344  -44.018  55.762 0.0000000000
40981  27.601  -44.556  56.279 0.0000000000
68014  37.226  -19.093  49.068 0.0000000000
68013  38.205  -18.978  49.447 0.0000000000
35724  14.596  -49.455  61.419 0.0000000000
30616  9.451  -54.949  62.637 0.0000000000
29486  9.012  -55.708  63.094 0.0000000000
29497  8.882  -55.271  62.649 0.0000000000
33712  8.157  -51.232  64.896 0.0000000000
32782  4.523  -52.787  63.608 0.0000000000
32781  5.388  -52.569  63.233 0.0000000000
31738  4.960  -53.531  63.080 0.0000000000
30609  4.367  -54.476  63.052 0.0000000000
44090  22.956  -40.954  54.168 0.0000000000
45130  23.491  -40.657  54.228 0.0000000000
45146  23.312  -40.654  53.629 0.0000000000
45164  23.066  -41.107  53.013 0.0000000000
43092  23.869  -41.969  52.699 0.0000000000
39028  23.071  -46.274  55.344 0.0000000000
37988  23.397  -47.407  56.515 0.0000000000
66140  38.676  -20.767  47.955 0.0000000000
65217  38.831  -21.167  49.148 0.0000000000
57890  28.380  -28.130  52.810 0.0000000000
57889  28.632  -27.911  52.209 0.0000000000
52426  29.762  -33.343  52.338 0.0000000000
51264  31.343  -34.080  52.407 0.0000000000
54704  32.940  -31.738  53.450 0.0000000000
55721  33.076  -31.058  53.940 0.0000000000
55732  32.867  -30.558  53.350 0.0000000000
56758  33.544  -30.744  54.232 0.0000000000
75126  52.783  -11.630  42.470 0.0000000000
74131  52.212  -12.848  41.401 0.0000000000
72049  47.197  -15.366  41.902 0.0000000000
73079  48.151  -14.535  42.174 0.0000000000
72048  47.920  -15.052  41.898 0.0000000000
41933  15.554  -43.577  60.750 0.0000000000
40919  15.264  -43.780  60.343 0.0000000000
41934  15.177  -43.452  60.945 0.0000000000
40937  15.792  -43.841  59.779 0.0000000000
136997  41.932  -18.826  43.976 0.0000000000
67116  40.955  -19.515  46.165 0.0000000000
49250  27.096  -36.514  53.258 0.0000000000
48206  28.842  -37.830  53.199 0.0000000000
46185  29.859  -38.827  53.730 0.0000000000
46184  30.478  -39.331  54.180 0.0000000000
68931  40.460  -16.707  46.848 0.0000000000
137001  41.239  -18.305  44.119 0.0000000000
25384  1.635  -59.280  63.509 0.0000000000
67072  36.136  -20.207  49.685 0.0000000000
66112  36.086  -20.652  50.181 0.0000000000
66113  35.160  -20.769  49.911 0.0000000000
65208  34.296  -21.512  49.406 0.0000000000
65198  33.961  -21.938  49.860 0.0000000000
60196  32.575  -26.174  49.751 0.0000000000
59036  35.394  -27.562  49.006 0.0000000000
57911  35.627  -28.988  50.030 0.0000000000
57897  35.962  -28.917  51.030 0.0000000000
56793  35.372  -29.067  52.194 0.0000000000
67070  37.740  -19.604  50.070 0.0000000000
35747  12.743  -49.702  60.480 0.0000000000
34722  13.140  -50.220  60.521 0.0000000000
34723  12.555  -50.446  60.559 0.0000000000
33765  11.745  -51.359  60.930 0.0000000000
32802  12.212  -51.933  61.314 0.0000000000
32792  12.451  -52.278  61.985 0.0000000000
32793  11.933  -52.978  62.386 0.0000000000
32732  5.271  -52.577  66.465 0.0000000000
32749  4.645  -52.832  65.644 0.0000000000
31709  4.048  -53.314  65.035 0.0000000000
32733  4.754  -53.050  66.268 0.0000000000
42009  22.451  -42.729  55.567 0.0000000000
43032  22.490  -42.115  54.967 0.0000000000
43072  21.873  -42.901  53.637 0.0000000000
43050  21.558  -42.794  53.913 0.0000000000
40031  21.505  -45.323  54.271 0.0000000000
39044  20.554  -45.735  54.335 0.0000000000
36905  18.867  -48.553  58.757 0.0000000000
36889  19.126  -48.859  58.974 0.0000000000
56780  29.436  -29.735  53.542 0.0000000000
50195  32.937  -34.979  54.477 0.0000000000
51208  33.888  -34.977  54.754 0.0000000000
51206  35.129  -34.432  55.396 0.0000000000
52382  34.512  -33.976  54.521 0.0000000000
52361  34.894  -33.837  55.027 0.0000000000
26344  -0.953  -58.917  65.950 0.0000000000
61324  35.064  -24.513  51.563 0.0000000000
61316  33.947  -25.562  51.880 0.0000000000
59028  31.808  -27.227  49.638 0.0000000000
59029  31.361  -27.539  49.830 0.0000000000
36864  16.760  -48.379  60.552 0.0000000000
36865  15.814  -48.145  60.610 0.0000000000
39946  14.294  -45.015  60.606 0.0000000000
39947  13.783  -46.038  60.644 0.0000000000
37926  13.259  -47.505  60.474 0.0000000000
38965  13.587  -46.629  60.439 0.0000000000
36868  12.909  -48.771  60.506 0.0000000000
36831  11.486  -48.568  62.586 0.0000000000
40989  17.915  -43.848  56.857 0.0000000000
40988  18.482  -43.938  56.439 0.0000000000
38992  17.659  -46.634  58.194 0.0000000000
37965  17.468  -46.828  58.592 0.0000000000
36863  17.702  -48.674  60.138 0.0000000000
52364  29.051  -33.416  55.133 0.0000000000
52384  28.913  -33.157  54.671 0.0000000000
51247  28.848  -34.121  53.916 0.0000000000
51246  29.397  -34.534  53.750 0.0000000000
50183  30.705  -36.276  54.981 0.0000000000
50197  31.655  -35.389  54.656 0.0000000000
48151  32.897  -36.983  56.971 0.0000000000
49196  32.627  -36.600  56.507 0.0000000000
74113  48.036  -12.586  44.617 0.0000000000
73047  47.228  -13.133  44.314 0.0000000000
72029  46.000  -14.616  42.703 0.0000000000
137045  43.317  -16.153  43.161 0.0000000000
137039  44.585  -16.822  42.431 0.0000000000
71040  46.077  -16.529  42.025 0.0000000000
67118  37.652  -18.920  46.205 0.0000000000
66158  36.365  -20.311  46.578 0.0000000000
66141  35.175  -20.629  48.237 0.0000000000
63362  36.845  -23.579  49.393 0.0000000000
62392  38.305  -24.231  50.061 0.0000000000
64277  35.359  -22.343  50.838 0.0000000000
64306  33.422  -22.835  49.184 0.0000000000
63365  33.270  -23.491  49.000 0.0000000000
62395  35.306  -24.606  48.827 0.0000000000
62408  34.630  -24.153  48.630 0.0000000000
43066  26.655  -41.959  53.575 0.0000000000
44089  27.988  -41.699  53.891 0.0000000000
41993  28.515  -43.540  56.023 0.0000000000
42004  28.765  -43.021  55.625 0.0000000000
68924  40.111  -17.090  48.046 0.0000000000
68933  38.441  -17.775  47.253 0.0000000000
68041  37.772  -18.242  46.734 0.0000000000
68048  38.577  -18.331  46.034 0.0000000000
35702  16.993  -49.806  61.762 0.0000000000
34688  17.028  -50.457  62.318 0.0000000000
34692  13.772  -50.482  61.951 0.0000000000
31722  11.521  -54.105  64.450 0.0000000000
35678  10.899  -48.873  64.093 0.0000000000
34664  9.155  -50.444  64.574 0.0000000000
34650  9.711  -50.091  65.023 0.0000000000
34663  9.568  -50.065  64.219 0.0000000000
34675  9.777  -49.907  63.565 0.0000000000
34695  9.197  -50.594  62.641 0.0000000000
32795  8.273  -52.419  62.128 0.0000000000
32796  7.559  -52.730  62.485 0.0000000000
33713  7.149  -51.442  64.362 0.0000000000
31737  6.157  -53.465  62.877 0.0000000000
31749  6.862  -53.465  62.727 0.0000000000
31748  7.365  -53.470  62.501 0.0000000000
29488  6.933  -55.319  63.275 0.0000000000
29480  6.258  -55.932  63.775 0.0000000000
28408  4.303  -56.415  63.567 0.0000000000
28400  4.560  -56.920  63.986 0.0000000000
28409  3.226  -56.471  63.290 0.0000000000
31725  3.478  -53.746  64.354 0.0000000000
30610  3.285  -54.469  63.519 0.0000000000
29482  2.269  -55.561  64.571 0.0000000000
29493  2.371  -55.593  63.789 0.0000000000
28410  2.300  -56.502  63.476 0.0000000000
28411  1.678  -56.900  63.869 0.0000000000
28390  1.477  -56.763  65.569 0.0000000000
27370  0.779  -58.094  64.719 0.0000000000
28361  2.166  -56.308  68.195 0.0000000000
27323  0.581  -57.149  67.923 0.0000000000
27345  0.438  -57.858  66.418 0.0000000000
48226  25.757  -37.921  52.293 0.0000000000
45179  24.581  -40.479  52.782 0.0000000000
46202  24.636  -39.948  53.181 0.0000000000
46217  24.834  -39.843  52.831 0.0000000000
45198  25.537  -39.754  51.991 0.0000000000
45178  25.485  -40.313  52.241 0.0000000000
44121  25.905  -40.982  52.546 0.0000000000
42050  24.479  -42.742  53.450 0.0000000000
43068  25.109  -42.280  53.323 0.0000000000
42008  25.404  -43.511  54.592 0.0000000000
41036  22.352  -43.773  53.587 0.0000000000
39027  24.038  -46.061  55.485 0.0000000000
40028  24.150  -44.630  54.627 0.0000000000
40013  24.473  -45.132  55.087 0.0000000000
39012  25.578  -46.236  56.255 0.0000000000
40017  19.284  -44.642  54.812 0.0000000000
39017  20.620  -46.931  55.550 0.0000000000
37990  21.286  -47.603  56.295 0.0000000000
36917  20.155  -48.724  57.928 0.0000000000
37981  19.721  -48.229  57.245 0.0000000000
36915  21.751  -48.435  57.742 0.0000000000
36914  22.394  -48.259  57.630 0.0000000000
60175  31.166  -26.602  52.581 0.0000000000
60176  30.018  -26.667  52.681 0.0000000000
57915  30.417  -28.130  50.785 0.0000000000
57914  31.141  -28.624  50.472 0.0000000000
53643  29.640  -32.124  51.941 0.0000000000
54720  29.550  -31.720  52.591 0.0000000000
54728  29.540  -31.499  52.000 0.0000000000
54727  29.862  -31.456  51.649 0.0000000000
52423  32.789  -33.478  52.771 0.0000000000
52424  31.830  -33.251  51.947 0.0000000000
54719  31.403  -31.454  51.912 0.0000000000
55739  31.053  -30.630  51.803 0.0000000000
56797  31.394  -30.183  52.002 0.0000000000
56816  32.100  -29.239  50.459 0.0000000000
44088  28.728  -41.606  54.032 0.0000000000
44101  29.145  -41.099  53.550 0.0000000000
44087  29.670  -41.514  54.185 0.0000000000
44068  31.791  -41.354  54.847 0.0000000000
44085  31.187  -41.089  54.430 0.0000000000
45141  31.508  -40.402  54.609 0.0000000000
45125  32.154  -40.357  55.072 0.0000000000
46151  33.051  -39.956  56.492 0.0000000000
46144  32.625  -39.117  57.104 0.0000000000
75131  53.239  -11.641  41.523 0.0000000000
74121  48.648  -12.747  44.237 0.0000000000
73066  50.120  -13.301  42.443 0.0000000000
74133  50.663  -13.133  42.310 0.0000000000
72067  51.065  -15.050  39.943 0.0000000000
72058  50.450  -14.677  40.589 0.0000000000
73076  51.087  -13.624  41.148 0.0000000000
73086  51.461  -13.933  40.454 0.0000000000
73094  51.812  -14.242  39.705 0.0000000000
48224  27.116  -37.718  52.030 0.0000000000
48207  28.013  -37.353  52.779 0.0000000000
48223  27.704  -37.985  52.158 0.0000000000
68938  39.847  -17.075  45.921 0.0000000000
68045  40.597  -18.502  44.462 0.0000000000
65195  36.188  -21.208  50.609 0.0000000000
64290  34.848  -21.846  50.518 0.0000000000
60209  32.320  -26.758  49.477 0.0000000000
57912  34.582  -29.144  49.844 0.0000000000
34724  11.814  -50.467  60.746 0.0000000000
33766  10.635  -51.439  61.282 0.0000000000
33767  9.789  -51.755  61.509 0.0000000000
31693  4.836  -53.214  66.743 0.0000000000
42010  21.733  -42.817  55.258 0.0000000000
43034  21.223  -43.047  54.281 0.0000000000
35760  18.882  -49.423  59.658 0.0000000000
35741  19.220  -49.924  60.041 0.0000000000
54706  30.225  -31.106  53.700 0.0000000000
50154  34.227  -35.480  56.098 0.0000000000
50179  34.031  -35.174  55.165 0.0000000000
51180  34.995  -35.011  55.633 0.0000000000
60186  31.284  -26.526  51.535 0.0000000000
39924  13.689  -45.623  61.422 0.0000000000
38927  13.263  -46.209  62.059 0.0000000000
37911  12.916  -46.941  61.575 0.0000000000
37912  12.611  -47.728  61.395 0.0000000000
40971  17.722  -43.872  57.552 0.0000000000
40954  16.697  -43.360  58.728 0.0000000000
38976  16.984  -46.526  59.044 0.0000000000
52385  28.498  -33.512  54.689 0.0000000000
52386  27.411  -33.688  54.983 0.0000000000
49236  29.480  -36.460  54.458 0.0000000000
49219  30.810  -36.764  55.417 0.0000000000
49218  31.510  -36.662  55.960 0.0000000000
48152  32.361  -37.557  56.904 0.0000000000
137017  45.235  -18.794  43.110 0.0000000000
137000  44.582  -18.923  43.430 0.0000000000
68042  37.004  -18.473  47.212 0.0000000000
66168  36.175  -19.141  46.917 0.0000000000
63343  34.434  -23.297  50.730 0.0000000000
62384  34.012  -23.876  50.688 0.0000000000
60206  34.640  -26.638  48.843 0.0000000000
42027  26.512  -42.937  54.533 0.0000000000
43029  27.809  -42.728  54.914 0.0000000000
40997  28.009  -43.940  56.041 0.0000000000
67999  38.445  -19.327  50.095 0.0000000000
68025  38.541  -18.384  48.788 0.0000000000
68919  38.269  -18.188  48.402 0.0000000000
68926  38.233  -17.958  48.007 0.0000000000
35723  15.612  -49.107  61.688 0.0000000000
35704  15.416  -49.601  62.327 0.0000000000
31745  10.312  -54.008  62.408 0.0000000000
30597  9.979  -55.210  64.309 0.0000000000
29477  9.341  -55.948  64.305 0.0000000000
29478  8.415  -56.170  63.793 0.0000000000
33731  8.755  -50.887  62.786 0.0000000000
34677  8.616  -50.761  64.289 0.0000000000
33715  5.633  -51.826  64.451 0.0000000000
33735  5.777  -51.812  63.693 0.0000000000
30607  6.490  -54.542  62.930 0.0000000000
30586  2.902  -54.743  65.296 0.0000000000
30599  2.662  -54.928  64.269 0.0000000000
28389  1.920  -56.154  65.055 0.0000000000
28380  1.448  -56.739  66.555 0.0000000000
27324  -0.249  -57.415  68.195 0.0000000000
45162  24.113  -40.393  53.345 0.0000000000
45180  24.031  -41.038  52.766 0.0000000000
44123  24.359  -41.386  52.721 0.0000000000
43069  24.234  -42.166  52.849 0.0000000000
40030  22.647  -45.005  54.354 0.0000000000
40014  23.377  -45.531  54.913 0.0000000000
39013  24.633  -46.523  56.087 0.0000000000
37987  24.358  -47.162  56.549 0.0000000000
39033  18.520  -45.093  55.512 0.0000000000
39032  19.095  -45.484  55.049 0.0000000000
35757  21.428  -49.248  59.448 0.0000000000
35769  21.069  -49.163  58.811 0.0000000000
36888  21.940  -49.010  59.332 0.0000000000
58995  28.722  -26.926  53.208 0.0000000000
60177  29.271  -26.698  53.190 0.0000000000
59010  29.600  -27.083  51.772 0.0000000000
59020  29.299  -27.607  51.703 0.0000000000
57900  30.245  -28.705  51.149 0.0000000000
52405  29.318  -33.671  53.096 0.0000000000
53632  29.856  -32.866  51.935 0.0000000000
53611  33.205  -32.566  53.244 0.0000000000
53630  32.575  -32.455  52.571 0.0000000000
53612  32.802  -32.108  53.069 0.0000000000
54705  32.554  -31.623  52.957 0.0000000000
55733  32.349  -30.741  52.797 0.0000000000
43026  30.454  -42.239  55.307 0.0000000000
43025  31.296  -42.165  55.307 0.0000000000
43023  32.908  -42.122  55.533 0.0000000000
74130  52.963  -12.597  41.047 0.0000000000
73054  48.915  -13.147  43.510 0.0000000000
72066  51.681  -14.876  39.433 0.0000000000
39945  14.804  -44.298  60.322 0.0000000000
40936  16.575  -43.566  59.315 0.0000000000
136994  42.779  -19.104  44.866 0.0000000000
50201  27.352  -35.153  54.466 0.0000000000
48191  28.319  -36.844  53.490 0.0000000000
48190  28.907  -37.421  53.893 0.0000000000
47139  30.383  -38.315  54.735 0.0000000000
137044  42.440  -17.018  43.474 0.0000000000
137005  41.258  -17.855  44.035 0.0000000000
25382  2.796  -59.078  63.865 0.0000000000
68015  36.661  -19.332  49.026 0.0000000000
67101  36.007  -19.366  48.480 0.0000000000
67085  36.042  -19.749  49.065 0.0000000000
66123  35.197  -20.469  49.126 0.0000000000
66124  34.661  -21.019  48.899 0.0000000000
64314  34.187  -22.752  48.615 0.0000000000
57896  36.950  -28.695  51.348 0.0000000000
57886  37.000  -28.534  52.387 0.0000000000
40001  26.838  -45.452  56.435 0.0000000000
39987  27.631  -45.710  57.025 0.0000000000
39988  27.079  -45.985  56.921 0.0000000000
67084  36.970  -19.493  49.456 0.0000000000
35725  13.886  -49.849  61.194 0.0000000000
34711  13.479  -50.401  61.170 0.0000000000
33763  13.447  -50.844  61.653 0.0000000000
33771  12.734  -50.942  60.755 0.0000000000
33750  13.097  -51.755  62.666 0.0000000000
31744  11.175  -53.324  61.954 0.0000000000
31754  10.917  -52.925  61.468 0.0000000000
33699  5.877  -51.752  64.922 0.0000000000
31724  3.872  -53.129  64.058 0.0000000000
31710  3.576  -54.026  65.403 0.0000000000
31695  3.846  -54.086  66.076 0.0000000000
30576  3.481  -54.507  66.343 0.0000000000
29464  3.120  -55.219  66.942 0.0000000000
44075  22.651  -41.489  54.352 0.0000000000
44091  22.653  -41.371  53.716 0.0000000000
43071  22.359  -42.376  53.468 0.0000000000
42053  22.111  -43.219  53.516 0.0000000000
42032  21.258  -43.384  53.899 0.0000000000
41037  21.754  -43.748  53.677 0.0000000000
41017  22.047  -44.403  53.831 0.0000000000
39029  22.129  -46.323  55.285 0.0000000000
36904  19.544  -48.791  58.430 0.0000000000
35759  19.486  -49.419  59.358 0.0000000000
35770  20.536  -49.287  58.883 0.0000000000
65206  38.567  -21.642  49.364 0.0000000000
56781  28.739  -28.746  53.681 0.0000000000
56809  28.779  -29.407  52.404 0.0000000000
51244  31.718  -34.496  53.144 0.0000000000
51243  32.724  -34.182  53.198 0.0000000000
52402  33.454  -33.529  53.384 0.0000000000
51221  34.202  -34.274  54.341 0.0000000000
52383  34.114  -33.740  54.038 0.0000000000
53592  33.864  -32.819  53.964 0.0000000000
54686  34.044  -32.076  54.850 0.0000000000
69976  47.898  -16.923  41.295 0.0000000000
62375  36.256  -23.871  51.861 0.0000000000
62376  35.539  -24.071  51.602 0.0000000000
34720  18.065  -50.107  60.784 0.0000000000
34721  17.642  -49.871  61.065 0.0000000000
35721  17.266  -49.564  61.271 0.0000000000
35722  16.509  -49.047  61.358 0.0000000000
36840  16.208  -48.500  60.964 0.0000000000
38979  14.787  -46.127  59.796 0.0000000000
35726  12.233  -49.246  60.866 0.0000000000
41004  18.780  -43.983  55.708 0.0000000000
40003  18.312  -44.555  55.817 0.0000000000
39006  17.509  -45.140  57.147 0.0000000000
36862  18.147  -48.782  59.793 0.0000000000
53594  30.312  -32.191  54.542 0.0000000000
53595  29.400  -32.642  54.405 0.0000000000
53614  28.921  -33.088  54.203 0.0000000000
51225  30.599  -34.914  53.883 0.0000000000
50196  32.497  -35.227  54.774 0.0000000000
72037  47.410  -14.765  42.216 0.0000000000
71039  46.571  -15.857  41.930 0.0000000000
137038  44.189  -17.174  42.587 0.0000000000
72040  44.764  -16.343  42.423 0.0000000000
72039  45.287  -15.901  42.337 0.0000000000
71050  46.645  -16.619  41.813 0.0000000000
67117  38.389  -19.243  45.796 0.0000000000
67102  35.606  -19.506  48.129 0.0000000000
65207  37.962  -21.827  49.099 0.0000000000
64303  38.300  -22.416  49.637 0.0000000000
64289  38.469  -22.970  50.043 0.0000000000
64291  34.324  -22.410  50.426 0.0000000000
65223  33.814  -22.479  48.850 0.0000000000
62410  33.503  -23.742  48.833 0.0000000000
62409  33.942  -24.015  48.632 0.0000000000
45161  28.095  -40.718  52.756 0.0000000000
43044  28.934  -42.066  54.602 0.0000000000
43028  28.533  -42.596  55.091 0.0000000000
43027  29.484  -42.394  55.218 0.0000000000
34691  14.371  -50.081  62.303 0.0000000000
36821  11.366  -48.433  63.547 0.0000000000
35691  10.883  -48.979  62.997 0.0000000000
35707  10.483  -49.511  62.513 0.0000000000
32794  9.003  -52.031  61.787 0.0000000000
32806  8.923  -52.949  61.714 0.0000000000
31757  8.965  -53.560  61.768 0.0000000000
32779  7.065  -52.218  63.038 0.0000000000
30617  8.381  -54.811  62.424 0.0000000000
30605  7.968  -55.054  62.673 0.0000000000
29487  8.017  -55.491  62.982 0.0000000000
28399  5.279  -56.574  64.055 0.0000000000
27368  3.833  -58.008  64.039 0.0000000000
26373  3.519  -58.154  63.911 0.0000000000
26374  2.939  -58.428  63.736 0.0000000000
26357  1.410  -58.225  63.623 0.0000000000
27369  1.222  -57.635  64.111 0.0000000000
29453  2.685  -55.766  67.468 0.0000000000
28369  2.035  -56.225  67.066 0.0000000000
26326  0.066  -58.412  65.918 0.0000000000
52343  29.624  -33.770  55.924 0.0000000000
48225  26.189  -37.738  52.112 0.0000000000
47168  26.571  -38.279  51.664 0.0000000000
46232  26.637  -39.260  51.512 0.0000000000
46234  25.683  -39.316  51.817 0.0000000000
45197  25.927  -39.870  51.764 0.0000000000
44120  26.661  -40.925  52.581 0.0000000000
44104  26.343  -41.458  53.071 0.0000000000
43067  25.941  -42.064  53.462 0.0000000000
43047  26.313  -42.481  54.009 0.0000000000
42007  26.092  -43.545  54.896 0.0000000000
42051  23.799  -42.913  53.232 0.0000000000
42030  24.257  -43.349  53.850 0.0000000000
41015  23.965  -44.095  54.256 0.0000000000
41014  24.730  -43.748  54.475 0.0000000000
39011  26.229  -46.093  56.482 0.0000000000
41020  19.653  -44.272  54.735 0.0000000000
40033  19.760  -44.710  54.498 0.0000000000
39045  19.816  -45.424  54.445 0.0000000000
39030  21.181  -46.267  54.894 0.0000000000
37980  20.944  -48.251  56.966 0.0000000000
65205  39.147  -21.378  49.717 0.0000000000
60160  32.114  -26.833  53.571 0.0000000000
60199  30.815  -26.834  50.984 0.0000000000
57925  31.490  -28.241  49.797 0.0000000000
57924  32.031  -28.628  49.729 0.0000000000
55724  29.965  -30.646  53.481 0.0000000000
56808  28.950  -29.532  51.952 0.0000000000
52442  31.070  -32.890  51.485 0.0000000000
53631  31.790  -32.254  51.948 0.0000000000
53641  31.153  -32.180  51.542 0.0000000000
56807  29.701  -29.587  51.506 0.0000000000
56817  31.540  -29.266  50.963 0.0000000000
56815  33.055  -29.314  50.237 0.0000000000
56776  35.565  -29.216  53.053 0.0000000000
45160  28.924  -40.376  52.973 0.0000000000
46198  30.077  -39.862  53.685 0.0000000000
44086  30.562  -41.297  54.299 0.0000000000
45143  30.278  -40.831  53.942 0.0000000000
45158  30.338  -40.204  53.850 0.0000000000
46183  31.119  -39.874  54.510 0.0000000000
46167  31.541  -39.333  55.174 0.0000000000
44066  33.281  -41.641  55.742 0.0000000000
44051  33.307  -40.992  55.880 0.0000000000
45111  32.935  -40.378  56.009 0.0000000000
46153  31.762  -38.943  56.023 0.0000000000
47111  32.348  -38.566  57.026 0.0000000000
47104  32.840  -38.584  57.454 0.0000000000
71048  48.656  -15.947  40.840 0.0000000000
72047  49.421  -14.924  41.035 0.0000000000
71059  49.790  -15.672  40.349 0.0000000000
72059  49.874  -15.079  40.626 0.0000000000
72046  49.996  -14.441  41.036 0.0000000000
73085  52.108  -13.763  39.847 0.0000000000
74135  53.000  -12.794  40.130 0.0000000000
40002  26.110  -45.790  56.229 0.0000000000
40982  26.952  -44.676  55.985 0.0000000000
41038  21.415  -43.631  53.778 0.0000000000
41920  15.721  -43.540  61.199 0.0000000000
41921  15.319  -43.548  61.583 0.0000000000
42028  25.835  -43.001  54.347 0.0000000000
43024  32.179  -42.138  55.342 0.0000000000
43051  21.180  -43.138  54.056 0.0000000000
43091  24.044  -41.756  52.680 0.0000000000
44107  23.280  -41.425  52.897 0.0000000000
44124  23.744  -41.493  52.744 0.0000000000
45110  33.555  -40.395  56.386 0.0000000000
45124  32.558  -40.209  55.597 0.0000000000
45147  23.022  -41.049  53.261 0.0000000000
45196  26.616  -39.828  51.659 0.0000000000
46216  25.202  -39.513  52.396 0.0000000000
46233  26.162  -39.350  51.582 0.0000000000
47152  29.406  -38.318  53.443 0.0000000000
47166  28.168  -38.480  52.264 0.0000000000
47184  26.857  -38.850  51.486 0.0000000000
47185  26.279  -38.833  51.538 0.0000000000
47186  25.888  -38.969  51.619 0.0000000000
48144  32.626  -38.039  57.320 0.0000000000
48210  25.575  -38.108  52.458 0.0000000000
49217  32.181  -36.419  56.121 0.0000000000
50156  32.537  -36.193  56.046 0.0000000000
50214  30.349  -34.915  53.895 0.0000000000
51229  26.639  -34.643  55.019 0.0000000000
51242  33.252  -34.045  53.398 0.0000000000
51262  32.596  -33.884  52.836 0.0000000000
52403  33.075  -33.818  53.161 0.0000000000
53629  32.982  -32.908  52.846 0.0000000000
55723  30.386  -30.615  53.958 0.0000000000
56799  28.625  -29.227  52.900 0.0000000000
56822  32.510  -29.112  49.952 0.0000000000
58996  28.520  -27.292  53.703 0.0000000000
59012  28.484  -27.343  52.968 0.0000000000
60163  28.953  -26.560  54.015 0.0000000000
63376  33.510  -23.409  48.810 0.0000000000
64315  33.577  -23.049  48.779 0.0000000000
67111  36.508  -18.729  47.242 0.0000000000
67120  36.322  -18.901  47.076 0.0000000000
68917  39.633  -17.796  48.763 0.0000000000
68923  40.380  -17.126  48.406 0.0000000000
71058  50.576  -15.353  40.083 0.0000000000
137008  44.815  -18.941  43.464 0.0000000000
