#!ascii label  , from subject 3270 vox2ras=TkReg
952
37705  9.450  -47.274  80.397 0.0000000000
37913  0.610  -47.278  61.601 0.0000000000
32670  0.535  -52.554  75.578 0.0000000000
40793  -0.743  -44.756  73.843 0.0000000000
46074  -2.366  -39.410  66.582 0.0000000000
33598  4.056  -50.861  78.471 0.0000000000
37712  1.332  -46.789  80.081 0.0000000000
35515  13.616  -50.049  77.626 0.0000000000
32668  8.318  -52.385  75.877 0.0000000000
30471  3.803  -54.981  73.494 0.0000000000
46963  -0.097  -39.098  74.651 0.0000000000
41856  -1.886  -43.328  69.523 0.0000000000
48026  -0.400  -38.365  70.954 0.0000000000
31623  -2.538  -53.663  70.764 0.0000000000
36715  -1.160  -48.930  70.073 0.0000000000
36653  -1.317  -48.388  75.252 0.0000000000
43868  -0.089  -41.715  78.064 0.0000000000
38831  3.391  -46.232  69.193 0.0000000000
41882  2.708  -43.537  64.816 0.0000000000
42948  -0.351  -42.083  61.544 0.0000000000
50076  -0.527  -35.449  63.996 0.0000000000
35485  7.263  -49.144  80.365 0.0000000000
37697  5.462  -47.347  80.648 0.0000000000
36634  11.834  -48.962  79.819 0.0000000000
34570  10.751  -50.698  77.655 0.0000000000
34560  9.167  -50.508  78.723 0.0000000000
32646  5.940  -52.026  77.824 0.0000000000
46975  0.001  -39.094  72.404 0.0000000000
31613  -1.600  -53.422  72.847 0.0000000000
34598  -1.679  -50.553  73.289 0.0000000000
34587  -0.883  -50.446  75.398 0.0000000000
42761  3.153  -42.636  80.149 0.0000000000
40725  0.356  -44.373  79.388 0.0000000000
30458  1.663  -54.014  75.132 0.0000000000
28313  2.017  -55.831  72.386 0.0000000000
29377  0.140  -55.154  73.344 0.0000000000
29422  -1.659  -55.695  70.925 0.0000000000
37766  -0.178  -47.195  72.557 0.0000000000
36747  0.823  -48.336  69.332 0.0000000000
39811  0.507  -45.828  70.964 0.0000000000
43947  -2.269  -41.386  67.613 0.0000000000
40845  -0.805  -44.251  66.365 0.0000000000
42914  -1.168  -42.616  64.746 0.0000000000
41926  1.160  -43.177  62.557 0.0000000000
45055  -0.419  -40.674  63.739 0.0000000000
33613  2.249  -51.563  77.271 0.0000000000
35510  0.683  -49.220  78.053 0.0000000000
35490  2.745  -48.648  79.471 0.0000000000
39725  3.883  -45.328  80.464 0.0000000000
34574  14.157  -50.020  75.644 0.0000000000
34594  12.646  -49.569  73.308 0.0000000000
34584  11.688  -50.492  75.501 0.0000000000
33628  8.883  -51.817  74.123 0.0000000000
31596  5.506  -53.761  75.247 0.0000000000
31590  3.915  -53.385  76.296 0.0000000000
43911  -1.806  -42.109  74.289 0.0000000000
41849  -1.835  -43.485  71.395 0.0000000000
44995  -2.102  -41.198  72.398 0.0000000000
45013  -1.650  -40.062  69.979 0.0000000000
47014  -2.101  -38.830  69.042 0.0000000000
39732  11.613  -45.601  79.238 0.0000000000
35548  16.918  -49.440  72.473 0.0000000000
36655  18.614  -48.023  74.094 0.0000000000
36644  15.543  -48.675  77.355 0.0000000000
37714  14.445  -47.450  79.101 0.0000000000
31656  -2.507  -53.646  68.719 0.0000000000
33655  -2.462  -51.540  68.039 0.0000000000
34611  -2.344  -51.032  70.534 0.0000000000
36666  -1.264  -48.513  73.194 0.0000000000
38772  -0.980  -46.467  75.050 0.0000000000
37727  -0.365  -47.425  77.902 0.0000000000
39756  -0.976  -45.320  77.359 0.0000000000
41788  -1.262  -43.682  75.812 0.0000000000
44966  -0.511  -40.443  76.744 0.0000000000
35647  -1.804  -49.038  66.841 0.0000000000
37831  -0.454  -48.151  65.684 0.0000000000
37872  2.982  -47.252  64.766 0.0000000000
40828  0.891  -45.193  69.200 0.0000000000
39849  4.768  -44.118  66.660 0.0000000000
39887  5.102  -45.065  64.598 0.0000000000
40908  5.274  -41.903  63.394 0.0000000000
42959  2.958  -41.691  61.064 0.0000000000
49057  -1.894  -36.639  70.494 0.0000000000
48053  -2.448  -37.330  67.834 0.0000000000
50050  -2.000  -35.275  66.666 0.0000000000
47041  -1.367  -38.137  64.658 0.0000000000
47063  -0.292  -38.703  62.472 0.0000000000
36623  8.566  -48.046  80.560 0.0000000000
37707  7.418  -47.382  80.579 0.0000000000
37706  8.553  -47.156  80.364 0.0000000000
36621  10.700  -48.253  80.346 0.0000000000
35494  10.312  -49.580  79.679 0.0000000000
35483  9.087  -48.978  80.443 0.0000000000
34549  7.720  -50.255  79.335 0.0000000000
37928  0.440  -47.402  60.707 0.0000000000
38947  2.880  -46.233  61.801 0.0000000000
32676  -0.533  -52.698  74.706 0.0000000000
33625  -1.080  -51.405  74.713 0.0000000000
33621  -0.141  -51.446  75.925 0.0000000000
35568  13.749  -48.778  71.631 0.0000000000
31600  1.088  -53.199  75.441 0.0000000000
29363  1.203  -54.603  74.155 0.0000000000
30467  -0.163  -53.997  74.123 0.0000000000
30475  -1.088  -54.306  73.154 0.0000000000
39792  -0.305  -45.478  73.215 0.0000000000
38807  0.496  -46.620  71.676 0.0000000000
39807  -0.444  -45.236  71.941 0.0000000000
45025  -2.377  -40.416  67.172 0.0000000000
42905  -2.144  -42.173  66.238 0.0000000000
43971  -1.705  -41.305  65.182 0.0000000000
43970  -1.197  -41.610  64.537 0.0000000000
45046  -1.587  -40.661  64.958 0.0000000000
33607  2.736  -51.239  77.730 0.0000000000
35508  2.350  -49.842  78.373 0.0000000000
35499  3.618  -49.597  79.303 0.0000000000
38726  4.439  -46.414  80.594 0.0000000000
40724  4.444  -44.133  79.443 0.0000000000
34566  14.009  -50.170  76.386 0.0000000000
34583  12.618  -50.171  75.182 0.0000000000
34576  12.510  -50.334  76.166 0.0000000000
33618  9.108  -51.693  76.823 0.0000000000
33626  10.047  -51.151  75.380 0.0000000000
32673  8.905  -52.041  75.526 0.0000000000
31594  7.065  -53.069  75.817 0.0000000000
33604  5.327  -51.380  78.250 0.0000000000
32654  4.660  -52.416  77.217 0.0000000000
32648  4.145  -51.895  77.747 0.0000000000
32656  2.858  -52.265  77.122 0.0000000000
46019  -1.183  -40.144  74.746 0.0000000000
44990  -1.999  -41.522  73.513 0.0000000000
46025  -1.476  -39.918  73.662 0.0000000000
46986  0.070  -39.065  71.213 0.0000000000
46037  -1.236  -39.830  71.468 0.0000000000
46049  -1.207  -39.537  70.514 0.0000000000
46059  -1.900  -39.724  69.340 0.0000000000
46996  -1.365  -38.671  70.163 0.0000000000
35519  16.209  -49.113  75.786 0.0000000000
31636  -2.541  -53.685  69.707 0.0000000000
32694  -2.636  -52.648  69.256 0.0000000000
33642  -2.611  -51.758  70.875 0.0000000000
35528  -1.297  -49.440  74.839 0.0000000000
35544  -1.562  -49.534  72.679 0.0000000000
36657  -1.326  -48.446  74.219 0.0000000000
37754  -0.868  -47.542  73.656 0.0000000000
37742  -1.165  -47.427  74.625 0.0000000000
36637  0.993  -48.255  79.132 0.0000000000
35511  -0.051  -48.800  77.711 0.0000000000
37718  0.408  -46.768  79.143 0.0000000000
41752  0.145  -43.436  78.992 0.0000000000
39750  -0.551  -45.271  78.273 0.0000000000
40737  -0.651  -44.043  77.938 0.0000000000
40748  -1.059  -44.463  76.522 0.0000000000
42801  -0.659  -42.540  77.309 0.0000000000
43881  -0.767  -41.836  76.811 0.0000000000
44956  -0.401  -40.828  77.377 0.0000000000
34600  10.855  -49.935  72.205 0.0000000000
35571  11.299  -49.482  71.212 0.0000000000
30485  4.401  -54.855  72.690 0.0000000000
30501  4.686  -54.782  71.744 0.0000000000
29407  3.992  -55.211  72.128 0.0000000000
28326  1.380  -56.209  71.442 0.0000000000
28336  2.133  -56.298  70.720 0.0000000000
30503  -2.209  -54.436  71.247 0.0000000000
30520  -2.431  -54.459  70.216 0.0000000000
34614  -1.889  -50.132  69.518 0.0000000000
35620  -2.113  -49.882  67.985 0.0000000000
35619  -1.743  -49.470  68.618 0.0000000000
37812  2.040  -47.847  68.622 0.0000000000
37813  0.830  -48.436  67.916 0.0000000000
37829  2.707  -47.690  66.928 0.0000000000
37853  1.908  -47.608  65.662 0.0000000000
37828  4.026  -47.121  66.774 0.0000000000
41853  -1.831  -43.375  70.475 0.0000000000
40820  -1.015  -45.023  70.541 0.0000000000
41855  -1.570  -44.235  68.963 0.0000000000
40870  0.656  -44.189  65.578 0.0000000000
40843  1.708  -44.475  67.222 0.0000000000
40868  3.539  -43.805  65.492 0.0000000000
39868  4.772  -45.120  65.085 0.0000000000
40882  4.740  -44.030  65.400 0.0000000000
39886  5.287  -44.540  63.797 0.0000000000
41894  4.937  -42.633  64.706 0.0000000000
42947  0.134  -43.027  61.830 0.0000000000
41940  1.377  -42.759  61.682 0.0000000000
42961  0.376  -42.357  60.756 0.0000000000
49058  -2.643  -36.056  70.391 0.0000000000
48045  -2.493  -37.345  68.856 0.0000000000
49076  -2.484  -36.356  68.435 0.0000000000
51098  -1.385  -34.269  65.300 0.0000000000
50062  -1.326  -35.271  64.916 0.0000000000
49097  -1.784  -36.225  65.731 0.0000000000
48088  -0.815  -37.163  64.222 0.0000000000
47056  -0.417  -38.697  63.647 0.0000000000
48095  0.729  -37.405  63.241 0.0000000000
34543  5.291  -49.766  79.668 0.0000000000
35488  4.498  -49.364  79.830 0.0000000000
36626  5.992  -48.647  80.469 0.0000000000
35491  12.919  -49.373  79.033 0.0000000000
34556  12.362  -50.339  77.913 0.0000000000
35507  11.654  -49.915  78.890 0.0000000000
33599  9.986  -50.580  78.260 0.0000000000
33611  8.395  -51.717  77.518 0.0000000000
32651  7.648  -52.083  77.510 0.0000000000
33602  7.546  -51.330  78.327 0.0000000000
33595  6.518  -50.945  79.022 0.0000000000
46962  0.613  -38.708  74.104 0.0000000000
46969  -0.089  -39.035  73.556 0.0000000000
46967  1.539  -38.644  72.424 0.0000000000
46985  0.983  -38.784  70.906 0.0000000000
48014  0.266  -38.048  70.925 0.0000000000
31614  -2.113  -53.421  72.181 0.0000000000
33637  -2.302  -51.798  72.186 0.0000000000
32680  -1.592  -52.489  73.374 0.0000000000
34593  -1.334  -50.477  74.316 0.0000000000
35523  -1.094  -49.369  76.010 0.0000000000
40716  2.468  -44.524  80.525 0.0000000000
39739  0.683  -45.300  79.684 0.0000000000
41748  1.138  -43.508  80.229 0.0000000000
42764  0.875  -42.613  79.798 0.0000000000
43854  0.743  -41.804  79.274 0.0000000000
44946  0.525  -40.298  78.693 0.0000000000
30463  3.097  -54.884  74.395 0.0000000000
29392  2.600  -55.623  72.618 0.0000000000
29375  2.003  -55.317  73.466 0.0000000000
29394  0.816  -55.568  72.796 0.0000000000
28316  -0.009  -56.034  71.874 0.0000000000
28328  -0.494  -56.221  71.288 0.0000000000
29396  -0.993  -55.194  72.518 0.0000000000
30486  -1.700  -54.406  72.145 0.0000000000
36699  0.060  -48.248  71.532 0.0000000000
36730  -0.200  -48.617  69.687 0.0000000000
36713  0.734  -48.324  71.026 0.0000000000
37797  1.422  -47.113  70.509 0.0000000000
38814  2.347  -45.934  70.454 0.0000000000
42887  -2.296  -42.548  68.002 0.0000000000
41859  -1.712  -43.830  67.870 0.0000000000
42886  -2.120  -43.138  67.178 0.0000000000
41875  -1.215  -43.795  65.842 0.0000000000
41884  0.188  -43.839  65.040 0.0000000000
41896  1.926  -43.491  64.155 0.0000000000
42924  -0.652  -42.657  63.855 0.0000000000
42934  -0.443  -42.532  62.672 0.0000000000
43992  -0.362  -41.227  62.431 0.0000000000
51120  -0.186  -34.502  63.378 0.0000000000
50096  1.402  -35.909  62.029 0.0000000000
50098  -0.392  -34.762  61.849 0.0000000000
32665  0.954  -52.264  76.147 0.0000000000
33620  0.425  -51.617  76.218 0.0000000000
34571  1.676  -50.775  77.513 0.0000000000
35509  1.737  -49.558  78.332 0.0000000000
36630  1.958  -47.846  79.890 0.0000000000
36628  3.909  -48.048  80.357 0.0000000000
37700  3.493  -46.993  80.656 0.0000000000
39726  3.076  -45.604  80.646 0.0000000000
40715  3.362  -44.547  80.390 0.0000000000
34588  14.441  -49.734  74.356 0.0000000000
35542  13.319  -49.495  73.097 0.0000000000
34590  12.896  -49.746  74.064 0.0000000000
34585  10.838  -50.842  75.896 0.0000000000
33630  10.052  -51.070  74.495 0.0000000000
33634  9.253  -51.058  72.959 0.0000000000
30469  5.783  -53.946  73.423 0.0000000000
30461  5.165  -54.167  74.529 0.0000000000
31582  6.023  -52.873  76.718 0.0000000000
31589  4.785  -53.565  76.026 0.0000000000
30456  3.488  -54.328  75.250 0.0000000000
30453  3.026  -53.888  75.772 0.0000000000
31592  2.157  -53.068  76.166 0.0000000000
41817  -1.749  -43.282  73.893 0.0000000000
41834  -1.536  -44.200  72.529 0.0000000000
42865  -1.968  -42.902  73.077 0.0000000000
42874  -1.964  -42.873  72.127 0.0000000000
43938  -2.220  -41.649  70.705 0.0000000000
46029  -1.436  -39.816  72.511 0.0000000000
45003  -2.190  -40.944  71.346 0.0000000000
43941  -2.251  -41.466  69.694 0.0000000000
43944  -2.267  -41.406  68.656 0.0000000000
45023  -2.290  -40.381  68.234 0.0000000000
46067  -2.457  -39.392  67.792 0.0000000000
38746  10.988  -46.135  79.880 0.0000000000
35549  15.952  -49.470  72.388 0.0000000000
36678  20.019  -48.287  72.297 0.0000000000
37752  19.855  -47.058  73.227 0.0000000000
35546  18.878  -48.887  72.602 0.0000000000
35537  18.032  -49.003  73.458 0.0000000000
35538  17.070  -49.361  73.527 0.0000000000
35531  16.236  -49.449  74.297 0.0000000000
35521  14.694  -49.858  76.274 0.0000000000
35503  14.836  -49.146  77.699 0.0000000000
37720  15.378  -47.405  78.254 0.0000000000
36640  13.714  -49.091  78.718 0.0000000000
36618  12.956  -48.236  79.709 0.0000000000
38730  12.001  -47.022  80.206 0.0000000000
34615  -2.311  -50.872  69.693 0.0000000000
34610  -1.873  -50.312  70.245 0.0000000000
34602  -2.072  -50.719  72.128 0.0000000000
35555  -1.622  -49.530  71.616 0.0000000000
36700  -1.018  -48.761  71.079 0.0000000000
37767  -0.622  -47.848  72.847 0.0000000000
38794  -0.498  -46.920  73.501 0.0000000000
39784  -0.603  -45.569  74.559 0.0000000000
34573  0.227  -50.451  76.949 0.0000000000
35517  -0.377  -49.371  77.018 0.0000000000
36646  -0.752  -48.248  76.790 0.0000000000
38752  -0.091  -46.240  78.909 0.0000000000
38761  -0.749  -46.785  77.596 0.0000000000
37731  -1.144  -47.374  76.487 0.0000000000
38765  -1.179  -46.434  75.997 0.0000000000
40763  -1.029  -44.596  75.681 0.0000000000
41804  -1.353  -43.852  75.053 0.0000000000
42833  -1.635  -42.944  75.041 0.0000000000
44974  -1.302  -40.966  75.404 0.0000000000
46009  -0.434  -39.743  75.984 0.0000000000
45999  0.159  -39.395  77.339 0.0000000000
46945  0.318  -38.928  76.468 0.0000000000
46953  0.511  -38.724  75.231 0.0000000000
29440  4.149  -55.087  69.326 0.0000000000
28324  2.822  -55.890  71.635 0.0000000000
36748  -0.211  -48.632  68.771 0.0000000000
36774  -1.101  -48.298  66.436 0.0000000000
37890  1.271  -47.372  63.589 0.0000000000
39812  -0.362  -45.415  71.171 0.0000000000
39817  0.756  -45.600  70.116 0.0000000000
39822  2.301  -45.515  69.718 0.0000000000
40836  0.559  -44.674  67.894 0.0000000000
40835  2.127  -44.904  68.557 0.0000000000
38829  4.422  -45.453  68.062 0.0000000000
38866  4.561  -46.364  65.980 0.0000000000
38908  3.564  -46.469  63.988 0.0000000000
38930  3.139  -46.383  62.812 0.0000000000
38929  3.920  -45.225  62.805 0.0000000000
41925  2.658  -42.803  62.620 0.0000000000
41938  4.222  -41.718  61.981 0.0000000000
48015  -0.534  -37.642  71.086 0.0000000000
49047  -1.107  -36.658  71.314 0.0000000000
48027  -1.166  -37.865  70.739 0.0000000000
48035  -1.795  -37.713  70.074 0.0000000000
47015  -2.411  -38.393  68.552 0.0000000000
47022  -2.477  -38.354  67.277 0.0000000000
49086  -2.285  -36.301  67.331 0.0000000000
48066  -2.178  -37.256  66.563 0.0000000000
46081  -1.707  -39.010  65.066 0.0000000000
46088  -0.891  -39.279  64.217 0.0000000000
45054  -0.232  -40.245  63.376 0.0000000000
45066  -0.654  -40.354  61.850 0.0000000000
46112  -1.362  -39.280  61.128 0.0000000000
38733  9.169  -46.486  80.121 0.0000000000
37704  10.433  -47.405  80.356 0.0000000000
35482  10.065  -49.008  80.292 0.0000000000
36622  9.728  -48.160  80.466 0.0000000000
38968  1.516  -46.845  60.874 0.0000000000
38948  1.756  -46.776  62.115 0.0000000000
32671  -0.116  -52.342  75.318 0.0000000000
35550  15.002  -49.294  72.315 0.0000000000
35551  14.038  -49.134  72.337 0.0000000000
31601  0.390  -53.023  75.264 0.0000000000
31605  0.607  -53.563  75.004 0.0000000000
31606  -0.028  -53.350  74.788 0.0000000000
31607  -0.637  -53.292  74.226 0.0000000000
39802  -0.058  -45.697  72.501 0.0000000000
39803  -0.541  -45.127  72.652 0.0000000000
45031  -2.271  -40.565  66.174 0.0000000000
43962  -2.081  -41.548  65.730 0.0000000000
45038  -2.013  -40.790  65.481 0.0000000000
46082  -2.038  -39.879  65.513 0.0000000000
34562  3.672  -50.647  78.450 0.0000000000
34553  3.886  -50.335  78.952 0.0000000000
34567  13.344  -50.282  76.861 0.0000000000
34555  13.007  -50.258  77.579 0.0000000000
32659  8.790  -51.968  76.645 0.0000000000
32674  8.495  -52.300  74.831 0.0000000000
32669  7.698  -52.773  75.367 0.0000000000
32661  7.367  -52.652  76.418 0.0000000000
33597  4.686  -50.815  78.664 0.0000000000
33605  4.462  -51.338  78.162 0.0000000000
32649  3.426  -51.803  77.608 0.0000000000
46024  -0.750  -39.493  74.148 0.0000000000
46995  -0.673  -38.902  70.677 0.0000000000
46048  -0.745  -39.336  71.138 0.0000000000
32691  -2.522  -52.679  70.303 0.0000000000
32688  -2.615  -52.679  71.256 0.0000000000
35535  -1.421  -49.491  73.753 0.0000000000
37734  -1.277  -47.383  75.602 0.0000000000
37717  0.970  -47.296  79.585 0.0000000000
37722  0.644  -47.817  79.070 0.0000000000
42772  0.063  -42.566  78.528 0.0000000000
41753  -0.266  -43.330  78.324 0.0000000000
41756  -0.574  -43.148  77.769 0.0000000000
42783  -0.298  -42.517  77.890 0.0000000000
43880  -0.400  -41.796  77.377 0.0000000000
29390  3.859  -55.155  72.792 0.0000000000
28327  0.484  -56.294  71.292 0.0000000000
28337  1.150  -56.486  70.524 0.0000000000
31617  -2.415  -53.462  71.535 0.0000000000
35589  -1.610  -49.677  69.978 0.0000000000
34618  -1.871  -49.883  69.064 0.0000000000
35605  -1.561  -49.483  69.388 0.0000000000
37811  3.878  -47.180  68.025 0.0000000000
41852  -1.536  -44.289  69.965 0.0000000000
40869  1.720  -44.140  65.501 0.0000000000
41895  3.734  -43.140  64.796 0.0000000000
50002  -2.292  -35.523  70.923 0.0000000000
50013  -2.668  -35.329  70.078 0.0000000000
49067  -2.666  -36.514  69.647 0.0000000000
51109  -0.922  -34.409  64.319 0.0000000000
49110  -1.199  -36.257  64.621 0.0000000000
49124  -0.595  -36.305  64.087 0.0000000000
49135  0.298  -36.380  63.636 0.0000000000
34542  6.139  -49.777  79.798 0.0000000000
35487  5.561  -49.262  80.128 0.0000000000
36625  6.777  -48.613  80.545 0.0000000000
38734  8.137  -46.623  80.060 0.0000000000
35492  12.100  -49.440  79.228 0.0000000000
35506  12.296  -49.895  78.611 0.0000000000
34547  9.689  -50.111  79.259 0.0000000000
34559  9.895  -50.421  78.651 0.0000000000
33600  9.509  -50.738  78.205 0.0000000000
33610  9.297  -51.193  77.631 0.0000000000
33601  8.723  -51.038  78.198 0.0000000000
33612  7.875  -51.745  77.807 0.0000000000
34561  8.390  -50.642  78.764 0.0000000000
35497  7.715  -49.601  80.052 0.0000000000
33594  7.133  -50.761  79.081 0.0000000000
34550  6.721  -50.294  79.408 0.0000000000
34551  5.845  -50.302  79.347 0.0000000000
46968  0.680  -38.695  72.953 0.0000000000
46973  1.735  -38.882  71.379 0.0000000000
46984  1.824  -38.710  70.422 0.0000000000
48013  1.117  -38.054  70.281 0.0000000000
32684  -2.015  -52.567  72.589 0.0000000000
34580  -0.772  -50.030  76.002 0.0000000000
41746  2.832  -43.580  80.349 0.0000000000
40717  1.594  -44.462  80.402 0.0000000000
41747  1.944  -43.542  80.436 0.0000000000
43842  1.814  -41.742  80.191 0.0000000000
43843  1.071  -41.731  79.927 0.0000000000
44923  1.378  -41.038  79.997 0.0000000000
44935  0.848  -40.752  79.262 0.0000000000
30464  2.131  -54.585  74.580 0.0000000000
29361  2.408  -55.113  74.001 0.0000000000
29362  1.690  -54.877  74.091 0.0000000000
30473  0.246  -54.604  73.844 0.0000000000
29376  1.042  -55.030  73.649 0.0000000000
28315  0.681  -55.965  72.045 0.0000000000
29395  -0.084  -55.565  72.548 0.0000000000
29410  -0.595  -55.734  71.989 0.0000000000
29378  -0.545  -55.027  73.108 0.0000000000
31610  -1.172  -53.330  73.643 0.0000000000
30487  -2.195  -53.960  71.822 0.0000000000
37772  0.691  -47.795  71.600 0.0000000000
38810  0.767  -46.416  71.215 0.0000000000
37784  0.973  -47.064  70.792 0.0000000000
38822  1.762  -46.827  70.372 0.0000000000
38815  1.643  -46.259  70.934 0.0000000000
42895  -2.244  -42.266  66.998 0.0000000000
42904  -1.616  -42.639  65.583 0.0000000000
41885  -1.016  -43.477  65.046 0.0000000000
41874  -0.654  -43.902  65.379 0.0000000000
41898  -0.549  -43.266  64.488 0.0000000000
41897  0.406  -43.390  64.087 0.0000000000
43981  -0.604  -41.490  63.554 0.0000000000
43980  -0.289  -40.901  63.225 0.0000000000
52281  -1.019  -33.650  63.774 0.0000000000
51126  -0.436  -34.432  62.426 0.0000000000
32658  1.407  -51.867  76.684 0.0000000000
33614  1.588  -51.300  77.188 0.0000000000
35500  2.564  -49.237  79.024 0.0000000000
36636  1.812  -48.226  79.451 0.0000000000
36629  2.597  -48.146  79.961 0.0000000000
36627  5.082  -48.531  80.335 0.0000000000
36616  4.870  -47.793  80.539 0.0000000000
39717  3.806  -45.974  80.653 0.0000000000
38728  3.185  -46.505  80.672 0.0000000000
34581  14.342  -49.821  74.857 0.0000000000
34589  13.898  -49.782  74.320 0.0000000000
34582  13.546  -49.964  75.007 0.0000000000
34591  11.712  -50.208  74.420 0.0000000000
34569  11.581  -50.529  77.371 0.0000000000
34577  11.633  -50.546  76.473 0.0000000000
34578  10.806  -50.817  76.819 0.0000000000
33627  9.336  -51.629  74.848 0.0000000000
33631  9.525  -51.249  73.798 0.0000000000
33632  8.747  -51.609  73.362 0.0000000000
32681  8.104  -52.045  72.892 0.0000000000
31603  6.234  -53.621  74.419 0.0000000000
30460  5.724  -53.931  74.251 0.0000000000
32645  6.911  -51.999  77.943 0.0000000000
32652  6.592  -52.532  77.048 0.0000000000
31584  4.312  -52.987  76.762 0.0000000000
31583  5.183  -52.975  76.710 0.0000000000
30451  4.204  -53.762  75.931 0.0000000000
30455  4.445  -54.101  75.389 0.0000000000
30452  3.673  -53.844  75.884 0.0000000000
32663  2.358  -52.575  76.554 0.0000000000
32664  1.745  -52.429  76.381 0.0000000000
42847  -1.819  -42.954  74.262 0.0000000000
42857  -1.882  -42.999  73.669 0.0000000000
43919  -1.961  -42.427  73.595 0.0000000000
43924  -2.057  -42.114  72.739 0.0000000000
43930  -2.127  -41.869  71.725 0.0000000000
46028  -0.798  -39.396  73.035 0.0000000000
46036  -0.683  -39.450  71.921 0.0000000000
45002  -1.697  -40.260  70.914 0.0000000000
45014  -2.165  -40.719  70.327 0.0000000000
45021  -2.107  -40.353  69.322 0.0000000000
46065  -2.119  -39.416  68.889 0.0000000000
39733  10.544  -45.787  79.420 0.0000000000
35565  16.802  -49.531  71.459 0.0000000000
37741  18.779  -47.079  74.423 0.0000000000
37740  19.300  -46.783  73.733 0.0000000000
36654  19.223  -47.576  73.687 0.0000000000
36663  19.650  -47.914  73.031 0.0000000000
36664  18.974  -48.352  73.335 0.0000000000
35536  18.524  -48.689  73.251 0.0000000000
36665  18.373  -48.517  73.676 0.0000000000
35530  16.903  -49.279  74.353 0.0000000000
35539  16.064  -49.490  73.389 0.0000000000
35512  15.931  -48.980  76.625 0.0000000000
35520  15.474  -49.507  76.043 0.0000000000
35513  15.184  -49.428  76.906 0.0000000000
37713  14.943  -47.230  78.742 0.0000000000
37721  14.845  -47.944  78.700 0.0000000000
36631  14.177  -48.323  79.118 0.0000000000
36632  13.344  -48.608  79.303 0.0000000000
37715  13.565  -47.661  79.504 0.0000000000
39731  12.535  -45.792  79.408 0.0000000000
38744  12.851  -46.740  79.704 0.0000000000
38745  11.882  -46.293  79.888 0.0000000000
38731  11.160  -46.786  80.203 0.0000000000
31678  -2.449  -53.408  67.691 0.0000000000
32703  -2.522  -52.558  68.378 0.0000000000
33646  -2.558  -51.676  69.927 0.0000000000
33633  -1.985  -51.608  72.953 0.0000000000
34603  -2.357  -51.388  71.806 0.0000000000
36681  -1.036  -48.497  72.121 0.0000000000
38784  -0.534  -46.505  74.032 0.0000000000
38783  -0.239  -45.988  73.580 0.0000000000
34572  1.081  -50.405  77.477 0.0000000000
35516  0.407  -49.855  77.367 0.0000000000
36642  0.021  -48.262  78.161 0.0000000000
36645  -0.345  -48.249  77.450 0.0000000000
35518  -0.904  -48.828  76.529 0.0000000000
40718  0.833  -44.412  80.074 0.0000000000
38751  0.535  -46.178  79.374 0.0000000000
39740  -0.018  -45.282  79.185 0.0000000000
39751  -0.862  -45.807  77.933 0.0000000000
38757  -0.958  -46.175  77.660 0.0000000000
38762  -1.161  -46.438  77.002 0.0000000000
39761  -1.068  -45.462  76.347 0.0000000000
41769  -1.166  -43.514  76.605 0.0000000000
40780  -0.909  -44.643  74.820 0.0000000000
42820  -1.350  -42.747  75.894 0.0000000000
44967  -0.849  -40.927  76.465 0.0000000000
43893  -1.182  -41.820  76.066 0.0000000000
46010  -0.899  -40.222  75.710 0.0000000000
45991  0.406  -39.494  77.988 0.0000000000
35543  12.608  -49.467  72.824 0.0000000000
35552  13.117  -49.215  72.264 0.0000000000
35553  12.217  -49.358  72.207 0.0000000000
29420  4.103  -55.208  71.192 0.0000000000
29430  4.180  -55.137  70.206 0.0000000000
29409  2.769  -55.826  71.947 0.0000000000
28325  2.286  -56.028  71.775 0.0000000000
30565  -2.476  -54.245  67.975 0.0000000000
35633  -2.107  -49.804  67.200 0.0000000000
34636  -2.113  -50.605  66.557 0.0000000000
35648  -1.968  -49.740  66.466 0.0000000000
37830  0.630  -48.288  66.784 0.0000000000
36773  -0.534  -48.387  67.094 0.0000000000
37874  0.214  -47.639  64.164 0.0000000000
37873  1.468  -47.506  64.565 0.0000000000
37889  2.299  -47.229  64.063 0.0000000000
41843  -1.576  -44.229  71.748 0.0000000000
40817  -1.110  -44.887  71.409 0.0000000000
40824  -0.494  -45.155  69.582 0.0000000000
39818  -0.178  -45.462  70.453 0.0000000000
40823  0.327  -45.360  69.596 0.0000000000
39823  1.495  -45.512  69.875 0.0000000000
40827  1.784  -45.213  69.157 0.0000000000
40837  -0.734  -44.415  67.306 0.0000000000
40856  3.181  -44.238  66.431 0.0000000000
40842  3.108  -44.371  67.643 0.0000000000
40834  3.456  -44.695  68.448 0.0000000000
39834  4.602  -44.816  67.449 0.0000000000
38844  4.541  -46.039  67.281 0.0000000000
39835  4.822  -45.190  66.571 0.0000000000
38888  4.304  -46.490  64.961 0.0000000000
38907  4.205  -45.550  63.577 0.0000000000
40894  5.790  -42.877  64.006 0.0000000000
40922  5.469  -42.615  61.741 0.0000000000
41912  0.882  -43.325  63.319 0.0000000000
41911  2.382  -43.140  63.512 0.0000000000
41939  2.801  -42.310  61.768 0.0000000000
44023  4.421  -40.984  60.065 0.0000000000
49030  -1.125  -36.128  71.961 0.0000000000
51082  -1.643  -34.533  66.051 0.0000000000
51069  -2.216  -34.292  67.435 0.0000000000
50038  -2.310  -35.325  67.918 0.0000000000
49098  -2.118  -36.265  66.567 0.0000000000
48077  -1.594  -37.161  65.055 0.0000000000
48065  -1.849  -37.169  65.763 0.0000000000
47031  -1.764  -38.015  65.672 0.0000000000
47055  0.052  -38.305  63.128 0.0000000000
46095  -0.257  -39.360  63.148 0.0000000000
45065  -0.271  -40.259  62.652 0.0000000000
46103  -0.479  -39.577  62.310 0.0000000000
48111  0.860  -37.087  61.729 0.0000000000
36624  7.533  -48.390  80.592 0.0000000000
36620  11.579  -48.319  80.217 0.0000000000
35493  11.205  -49.573  79.365 0.0000000000
35481  10.984  -49.043  80.116 0.0000000000
35495  9.418  -49.613  79.870 0.0000000000
34548  8.813  -50.139  79.324 0.0000000000
35496  8.485  -49.643  79.966 0.0000000000
35484  8.119  -49.014  80.441 0.0000000000
32677  -1.128  -52.434  74.268 0.0000000000
32672  -0.718  -52.071  74.895 0.0000000000
34586  -0.487  -50.944  75.722 0.0000000000
30465  1.407  -54.347  74.532 0.0000000000
30459  1.041  -53.943  74.982 0.0000000000
30466  0.667  -54.177  74.380 0.0000000000
30474  -0.352  -54.493  73.547 0.0000000000
38793  -0.195  -46.429  73.109 0.0000000000
37773  0.297  -47.354  71.888 0.0000000000
38804  0.178  -46.491  72.247 0.0000000000
39806  0.340  -45.806  71.732 0.0000000000
43954  -2.257  -41.386  66.646 0.0000000000
43961  -1.613  -41.947  65.132 0.0000000000
45045  -0.901  -40.531  64.307 0.0000000000
33608  2.044  -51.050  77.522 0.0000000000
34563  3.028  -50.319  78.405 0.0000000000
34554  3.248  -49.911  78.977 0.0000000000
35489  3.317  -48.839  79.657 0.0000000000
38725  5.267  -46.684  80.533 0.0000000000
39724  4.602  -45.435  80.213 0.0000000000
40713  4.769  -44.900  79.667 0.0000000000
40714  4.159  -44.646  80.095 0.0000000000
34575  13.368  -50.175  75.885 0.0000000000
33617  10.011  -51.101  77.192 0.0000000000
33622  10.029  -51.215  76.325 0.0000000000
33623  9.384  -51.636  75.854 0.0000000000
31602  7.076  -53.218  74.905 0.0000000000
31595  6.398  -53.394  75.502 0.0000000000
33603  6.299  -51.433  78.376 0.0000000000
32647  5.007  -51.932  77.753 0.0000000000
32655  3.815  -52.378  77.218 0.0000000000
31585  3.567  -52.864  76.767 0.0000000000
43910  -1.681  -41.625  74.417 0.0000000000
44982  -1.804  -41.537  74.125 0.0000000000
44981  -1.680  -40.980  74.262 0.0000000000
44989  -1.954  -40.529  73.078 0.0000000000
45020  -1.789  -39.867  69.534 0.0000000000
46058  -1.639  -39.358  69.581 0.0000000000
46064  -1.882  -39.017  69.204 0.0000000000
35547  17.903  -49.276  72.529 0.0000000000
36648  16.493  -48.412  76.251 0.0000000000
36643  16.256  -48.229  77.066 0.0000000000
38743  14.127  -46.590  79.160 0.0000000000
35502  0.914  -48.661  78.675 0.0000000000
36641  0.585  -48.254  78.634 0.0000000000
37723  0.198  -47.325  78.715 0.0000000000
41749  0.657  -43.499  79.615 0.0000000000
40726  -0.215  -44.284  78.726 0.0000000000
39755  -0.772  -44.721  77.710 0.0000000000
40747  -0.952  -44.234  77.254 0.0000000000
41768  -0.906  -43.342  77.296 0.0000000000
42802  -1.084  -42.618  76.705 0.0000000000
44957  -0.614  -41.332  77.013 0.0000000000
34595  11.827  -49.681  73.177 0.0000000000
35554  11.586  -49.502  71.887 0.0000000000
34599  11.601  -49.606  72.382 0.0000000000
30484  5.199  -54.383  72.471 0.0000000000
29421  3.527  -55.570  70.650 0.0000000000
30502  -1.804  -54.892  71.570 0.0000000000
29412  -1.858  -55.188  71.195 0.0000000000
29423  -2.144  -55.351  70.515 0.0000000000
30538  -2.482  -54.479  69.294 0.0000000000
34619  -2.233  -50.486  68.716 0.0000000000
34622  -2.294  -50.627  67.602 0.0000000000
35632  -1.806  -49.164  67.726 0.0000000000
36760  0.681  -48.458  68.489 0.0000000000
37854  0.456  -47.850  65.255 0.0000000000
37852  3.491  -47.244  65.670 0.0000000000
41848  -1.588  -44.245  70.899 0.0000000000
40829  -0.612  -44.721  68.411 0.0000000000
40858  -0.234  -44.218  65.821 0.0000000000
40844  0.222  -44.475  66.752 0.0000000000
40857  1.174  -44.320  66.173 0.0000000000
39850  4.974  -44.723  65.654 0.0000000000
40881  5.312  -43.619  64.892 0.0000000000
40895  5.191  -42.150  64.016 0.0000000000
42960  1.719  -42.335  60.767 0.0000000000
50001  -1.796  -36.039  71.270 0.0000000000
49066  -2.203  -37.114  69.991 0.0000000000
50049  -1.561  -35.137  65.773 0.0000000000
47048  -0.768  -38.201  64.057 0.0000000000
48096  -0.136  -37.702  63.662 0.0000000000
48104  0.464  -37.805  62.504 0.0000000000
34552  4.844  -50.169  79.333 0.0000000000
34544  4.874  -49.763  79.609 0.0000000000
36615  5.675  -48.019  80.688 0.0000000000
37695  6.798  -47.767  80.781 0.0000000000
38724  5.921  -46.897  80.630 0.0000000000
35505  13.168  -49.845  78.257 0.0000000000
34557  11.487  -50.345  78.264 0.0000000000
34545  11.086  -50.117  78.819 0.0000000000
34558  10.533  -50.447  78.374 0.0000000000
33609  10.016  -50.792  77.876 0.0000000000
33619  8.661  -51.903  77.082 0.0000000000
32660  8.402  -52.138  76.852 0.0000000000
32650  8.173  -52.039  77.320 0.0000000000
32644  7.372  -51.828  77.937 0.0000000000
33596  5.575  -50.884  78.879 0.0000000000
46974  0.864  -38.950  71.846 0.0000000000
32685  -2.420  -52.639  71.913 0.0000000000
33629  -1.523  -51.504  73.851 0.0000000000
39727  2.063  -45.436  80.513 0.0000000000
38741  0.985  -46.220  79.977 0.0000000000
39728  1.263  -45.354  80.214 0.0000000000
42762  2.307  -42.635  80.274 0.0000000000
42763  1.493  -42.616  80.200 0.0000000000
42771  0.531  -42.628  79.127 0.0000000000
43855  0.406  -41.807  78.680 0.0000000000
44947  0.194  -40.817  78.437 0.0000000000
44936  0.533  -41.291  78.931 0.0000000000
29373  3.188  -55.305  73.255 0.0000000000
29360  2.923  -55.208  73.789 0.0000000000
29374  2.629  -55.333  73.430 0.0000000000
29393  1.661  -55.602  72.880 0.0000000000
28314  1.478  -55.901  72.228 0.0000000000
29411  -1.337  -55.484  71.615 0.0000000000
36714  -0.143  -48.556  70.606 0.0000000000
36729  0.756  -48.345  70.264 0.0000000000
37778  0.652  -47.160  71.312 0.0000000000
37783  1.244  -47.805  70.738 0.0000000000
37796  1.588  -47.606  70.049 0.0000000000
38821  2.315  -46.416  70.067 0.0000000000
42883  -2.166  -42.400  69.095 0.0000000000
41860  -2.021  -43.287  68.675 0.0000000000
41866  -1.485  -43.772  66.802 0.0000000000
42894  -1.876  -42.973  66.415 0.0000000000
40859  -0.844  -44.194  65.948 0.0000000000
41883  1.701  -43.766  64.791 0.0000000000
42923  -0.112  -43.236  63.252 0.0000000000
42933  0.175  -43.243  62.669 0.0000000000
51119  0.700  -34.822  63.224 0.0000000000
50089  1.334  -35.342  63.026 0.0000000000
51125  0.546  -34.695  62.798 0.0000000000
51133  -1.246  -34.489  61.727 0.0000000000
37904  0.882  -47.311  62.604 0.0000000000
32666  0.301  -52.065  75.871 0.0000000000
33615  0.802  -51.308  76.770 0.0000000000
34564  1.982  -50.405  77.942 0.0000000000
34565  1.338  -49.933  78.004 0.0000000000
35501  1.432  -48.867  78.796 0.0000000000
37716  1.645  -47.668  79.802 0.0000000000
37711  1.897  -47.257  80.181 0.0000000000
36617  4.383  -47.562  80.548 0.0000000000
37709  3.604  -47.369  80.508 0.0000000000
37710  3.003  -47.259  80.433 0.0000000000
38739  2.461  -46.401  80.506 0.0000000000
38740  1.652  -46.255  80.271 0.0000000000
41745  3.747  -43.622  80.032 0.0000000000
35533  14.426  -49.662  73.856 0.0000000000
35541  14.267  -49.498  73.104 0.0000000000
35534  13.753  -49.649  73.702 0.0000000000
34601  9.893  -50.596  72.630 0.0000000000
34568  12.410  -50.378  77.069 0.0000000000
34592  10.810  -50.727  74.881 0.0000000000
34596  10.545  -50.539  73.611 0.0000000000
34597  9.790  -50.849  73.256 0.0000000000
30470  4.766  -54.507  73.512 0.0000000000
30462  4.141  -54.544  74.446 0.0000000000
31587  6.624  -52.972  76.376 0.0000000000
31588  5.768  -53.339  76.141 0.0000000000
32653  5.562  -52.442  77.199 0.0000000000
31597  4.939  -53.866  75.466 0.0000000000
30457  2.536  -54.168  75.273 0.0000000000
31591  2.993  -53.218  76.339 0.0000000000
31598  2.533  -53.549  75.817 0.0000000000
31599  1.934  -53.454  75.601 0.0000000000
31593  1.544  -52.925  75.999 0.0000000000
41816  -1.461  -43.803  74.181 0.0000000000
40803  -0.982  -44.754  73.001 0.0000000000
41826  -1.459  -44.105  73.316 0.0000000000
41835  -1.830  -43.544  72.780 0.0000000000
41844  -1.814  -43.673  72.113 0.0000000000
42878  -2.075  -42.596  71.075 0.0000000000
42880  -2.069  -42.441  70.084 0.0000000000
44994  -1.818  -40.400  71.953 0.0000000000
38732  10.196  -46.497  80.166 0.0000000000
39720  9.730  -46.152  80.009 0.0000000000
39719  10.086  -45.985  79.907 0.0000000000
35540  15.134  -49.513  73.248 0.0000000000
35529  17.446  -49.109  74.110 0.0000000000
35532  15.155  -49.630  74.331 0.0000000000
35514  14.311  -49.900  77.167 0.0000000000
35504  14.087  -49.549  78.051 0.0000000000
37724  16.753  -47.044  76.822 0.0000000000
37725  16.317  -47.318  77.268 0.0000000000
37719  15.870  -47.159  77.794 0.0000000000
37726  15.822  -47.880  77.699 0.0000000000
36638  15.207  -48.332  78.079 0.0000000000
36639  14.465  -48.713  78.379 0.0000000000
36619  12.352  -48.321  80.018 0.0000000000
37701  12.760  -47.658  79.968 0.0000000000
37702  12.103  -47.691  80.213 0.0000000000
37703  11.347  -47.567  80.274 0.0000000000
33650  -2.511  -51.644  69.039 0.0000000000
33638  -2.506  -51.908  71.552 0.0000000000
34607  -2.369  -51.184  71.326 0.0000000000
34606  -1.960  -50.397  71.083 0.0000000000
35572  -1.574  -49.566  70.671 0.0000000000
36680  -0.209  -47.904  72.249 0.0000000000
37753  -0.441  -47.199  73.147 0.0000000000
40792  -0.474  -45.195  73.572 0.0000000000
34579  -0.361  -50.444  76.222 0.0000000000
35522  -0.633  -49.796  76.299 0.0000000000
36649  -1.178  -48.274  76.146 0.0000000000
38756  -0.503  -46.443  78.165 0.0000000000
37728  -0.744  -47.421  77.205 0.0000000000
39772  -0.903  -45.530  75.436 0.0000000000
42846  -1.604  -43.392  74.652 0.0000000000
43902  -1.676  -42.385  74.737 0.0000000000
43901  -1.508  -41.937  75.004 0.0000000000
46018  -0.599  -39.633  75.156 0.0000000000
45992  -0.107  -39.989  77.807 0.0000000000
46000  -0.284  -39.817  76.812 0.0000000000
46946  -0.137  -39.406  76.228 0.0000000000
46954  -0.092  -39.231  75.631 0.0000000000
46952  1.334  -38.358  74.644 0.0000000000
35569  12.838  -48.767  71.500 0.0000000000
35570  11.993  -49.057  71.394 0.0000000000
29391  3.433  -55.383  72.597 0.0000000000
29408  3.290  -55.625  71.735 0.0000000000
28347  2.956  -55.960  69.921 0.0000000000
36731  -1.112  -48.851  69.136 0.0000000000
36749  -1.135  -48.755  68.249 0.0000000000
36761  -0.172  -48.522  67.795 0.0000000000
36762  -1.201  -48.571  67.369 0.0000000000
35665  -1.711  -49.272  65.826 0.0000000000
35680  -1.537  -49.304  64.741 0.0000000000
40811  -1.092  -44.773  72.211 0.0000000000
39816  1.921  -45.702  70.360 0.0000000000
39821  2.446  -45.868  70.273 0.0000000000
39829  3.167  -45.130  69.165 0.0000000000
38830  4.226  -45.815  68.214 0.0000000000
37851  3.812  -47.124  65.198 0.0000000000
38909  2.291  -47.074  63.638 0.0000000000
38931  2.081  -46.881  63.114 0.0000000000
38946  3.797  -45.061  61.825 0.0000000000
41910  4.157  -42.296  63.895 0.0000000000
41924  4.078  -42.030  62.723 0.0000000000
40923  5.257  -41.701  62.434 0.0000000000
41937  5.274  -41.750  62.166 0.0000000000
49046  -0.195  -37.045  71.306 0.0000000000
47004  -1.971  -38.451  69.425 0.0000000000
48036  -2.255  -37.518  69.533 0.0000000000
47005  -2.360  -37.949  69.126 0.0000000000
47032  -2.151  -38.394  66.407 0.0000000000
46073  -2.012  -38.937  65.860 0.0000000000
46089  -1.470  -39.868  64.793 0.0000000000
45044  -0.382  -40.096  64.018 0.0000000000
46096  -0.445  -39.261  63.717 0.0000000000
46087  -0.367  -39.658  63.741 0.0000000000
43991  -0.209  -40.681  62.921 0.0000000000
44004  -0.853  -41.195  61.245 0.0000000000
49133  1.790  -36.739  62.815 0.0000000000
47064  -0.640  -39.116  62.076 0.0000000000
46104  -0.898  -39.542  61.689 0.0000000000
42962  -0.495  -41.754  60.436 0.0000000000
28335  2.883  -55.984  71.080 0.0000000000
29372  3.582  -55.225  73.038 0.0000000000
30454  5.027  -54.017  75.179 0.0000000000
30468  -0.681  -53.884  73.736 0.0000000000
30472  3.261  -55.126  73.747 0.0000000000
31581  6.407  -52.784  76.703 0.0000000000
31586  7.022  -52.918  76.208 0.0000000000
31604  5.666  -53.890  74.617 0.0000000000
32657  1.994  -52.046  76.931 0.0000000000
32662  6.858  -52.721  76.613 0.0000000000
32667  8.837  -52.012  76.262 0.0000000000
33606  3.628  -51.189  78.125 0.0000000000
33616  0.178  -51.062  76.432 0.0000000000
33624  -0.535  -51.424  75.301 0.0000000000
34541  6.995  -49.770  79.931 0.0000000000
34546  10.469  -50.126  79.095 0.0000000000
35486  6.448  -49.236  80.256 0.0000000000
35498  4.191  -49.901  79.407 0.0000000000
36613  7.009  -48.080  80.794 0.0000000000
36614  6.426  -48.122  80.737 0.0000000000
36633  12.596  -48.830  79.530 0.0000000000
36635  2.438  -48.526  79.427 0.0000000000
36698  0.741  -48.161  71.424 0.0000000000
37698  4.740  -47.173  80.593 0.0000000000
37699  4.033  -47.182  80.654 0.0000000000
37777  1.010  -47.775  71.242 0.0000000000
37871  3.715  -47.119  65.032 0.0000000000
38727  3.726  -46.545  80.686 0.0000000000
38729  12.444  -47.265  80.074 0.0000000000
38747  10.467  -46.055  79.920 0.0000000000
38813  2.561  -45.700  70.575 0.0000000000
38820  2.539  -46.019  70.497 0.0000000000
38843  4.493  -45.438  67.840 0.0000000000
38865  4.081  -46.929  65.315 0.0000000000
38887  4.006  -47.007  65.054 0.0000000000
39718  3.441  -46.161  80.671 0.0000000000
39783  -0.382  -45.562  73.836 0.0000000000
39793  -0.574  -45.066  73.054 0.0000000000
39815  2.344  -45.782  70.467 0.0000000000
39826  4.428  -44.772  68.004 0.0000000000
39827  4.421  -45.034  68.122 0.0000000000
39828  3.932  -45.219  68.719 0.0000000000
39833  4.434  -44.596  67.825 0.0000000000
40802  -0.590  -45.029  73.343 0.0000000000
40832  4.316  -44.784  68.163 0.0000000000
40833  4.119  -44.726  68.290 0.0000000000
40840  4.277  -44.619  68.050 0.0000000000
40841  4.071  -44.432  67.895 0.0000000000
40855  4.014  -44.158  67.166 0.0000000000
41827  -1.753  -43.425  73.492 0.0000000000
41909  5.112  -42.317  64.308 0.0000000000
42834  -1.748  -42.591  74.590 0.0000000000
42944  5.635  -41.190  60.667 0.0000000000
42955  5.454  -41.253  60.366 0.0000000000
42969  5.161  -41.239  59.975 0.0000000000
42971  3.971  -41.326  59.804 0.0000000000
42972  3.372  -41.423  60.180 0.0000000000
43989  5.719  -40.994  61.001 0.0000000000
44000  5.544  -41.008  60.627 0.0000000000
44001  5.358  -40.705  60.828 0.0000000000
44002  4.874  -40.596  61.213 0.0000000000
44003  4.373  -40.873  61.099 0.0000000000
44011  5.271  -40.947  60.316 0.0000000000
44012  4.870  -40.694  60.453 0.0000000000
44013  4.355  -40.814  60.623 0.0000000000
44014  3.964  -41.069  60.631 0.0000000000
44022  4.913  -40.966  59.958 0.0000000000
44024  3.951  -41.135  60.268 0.0000000000
44025  3.734  -41.214  60.362 0.0000000000
45982  0.298  -40.013  78.369 0.0000000000
46001  -0.587  -40.221  76.342 0.0000000000
48094  1.345  -37.180  62.731 0.0000000000
48103  1.042  -37.208  62.103 0.0000000000
48112  0.194  -37.558  61.706 0.0000000000
49134  1.433  -36.572  63.221 0.0000000000
49142  1.609  -36.694  62.326 0.0000000000
49150  1.217  -36.682  61.826 0.0000000000
49151  0.678  -36.733  61.545 0.0000000000
50088  1.795  -36.205  62.705 0.0000000000
50090  0.471  -35.217  63.535 0.0000000000
50106  1.032  -36.313  61.689 0.0000000000
