#!ascii label  , from subject 3270 vox2ras=TkReg
622
76738  16.634  -10.406  -0.921 0.0000000000
83491  21.047  -4.508  -2.638 0.0000000000
96602  21.344  7.210  -1.274 0.0000000000
137368  16.181  3.830  0.407 0.0000000000
69502  17.432  -16.589  -1.101 0.0000000000
73650  19.354  -14.287  -1.345 0.0000000000
80065  18.337  -7.779  -3.217 0.0000000000
87794  15.797  -1.064  -2.073 0.0000000000
89939  19.721  1.771  -1.374 0.0000000000
93359  25.870  4.789  1.241 0.0000000000
101152  20.865  11.018  -2.048 0.0000000000
73634  16.034  -13.827  -1.417 0.0000000000
72628  17.869  -15.104  -1.825 0.0000000000
75674  17.666  -11.747  -1.454 0.0000000000
84570  15.566  -3.265  -0.361 0.0000000000
86683  15.290  -1.432  -0.133 0.0000000000
137365  18.300  5.344  -0.511 0.0000000000
91065  17.792  3.077  -1.473 0.0000000000
93403  20.739  4.988  -2.666 0.0000000000
92224  22.568  3.578  -0.191 0.0000000000
137464  22.978  6.406  -0.468 0.0000000000
102141  18.946  12.348  -0.160 0.0000000000
101135  18.992  11.508  -1.153 0.0000000000
104186  22.203  15.101  -2.676 0.0000000000
82302  19.811  -5.542  -3.326 0.0000000000
77869  20.312  -8.867  -2.812 0.0000000000
81123  21.531  -6.660  -2.274 0.0000000000
96585  18.575  7.591  0.366 0.0000000000
84582  23.325  -3.265  -1.139 0.0000000000
78942  15.536  -7.901  -0.301 0.0000000000
77857  17.475  -9.160  -2.094 0.0000000000
81110  16.380  -6.560  -1.354 0.0000000000
83494  17.574  -4.336  -2.080 0.0000000000
85718  18.773  -2.452  -3.366 0.0000000000
88829  16.437  0.607  -0.422 0.0000000000
88875  17.930  0.176  -3.145 0.0000000000
87808  20.859  -0.540  -2.418 0.0000000000
87781  22.031  -0.146  -0.194 0.0000000000
98905  19.331  9.637  -0.636 0.0000000000
98903  21.508  8.716  -0.919 0.0000000000
103145  22.774  13.006  0.276 0.0000000000
101132  23.510  11.087  0.280 0.0000000000
98900  23.794  8.714  0.306 0.0000000000
137477  25.940  7.701  1.195 0.0000000000
76754  19.022  -10.492  -2.820 0.0000000000
76730  15.791  -10.162  -0.267 0.0000000000
76739  16.154  -10.989  -0.465 0.0000000000
75675  16.937  -11.535  -1.149 0.0000000000
74660  16.818  -12.830  -1.180 0.0000000000
96617  18.892  7.155  -1.858 0.0000000000
137384  17.769  5.946  -3.524 0.0000000000
94522  20.605  6.358  -2.820 0.0000000000
94511  22.259  5.730  -2.214 0.0000000000
137468  22.322  6.727  -1.380 0.0000000000
103154  19.951  13.907  -1.111 0.0000000000
103172  18.794  13.898  -2.249 0.0000000000
104172  20.185  14.781  -1.716 0.0000000000
83507  20.718  -5.093  -2.972 0.0000000000
81152  21.402  -6.485  -4.091 0.0000000000
82299  22.223  -5.772  -3.257 0.0000000000
95515  17.000  6.550  0.481 0.0000000000
96586  17.681  7.417  0.526 0.0000000000
71581  16.133  -15.182  -1.161 0.0000000000
70533  16.478  -16.501  -0.416 0.0000000000
67650  17.281  -18.424  -0.845 0.0000000000
68553  17.942  -17.855  -1.648 0.0000000000
73651  18.348  -14.400  -1.516 0.0000000000
69521  18.778  -16.925  -2.492 0.0000000000
80027  15.894  -7.177  -0.956 0.0000000000
81089  15.227  -6.179  -0.511 0.0000000000
85665  16.110  -2.450  -0.684 0.0000000000
83480  16.737  -4.229  -1.324 0.0000000000
84609  16.545  -2.265  -2.142 0.0000000000
84607  17.805  -3.424  -2.432 0.0000000000
86752  16.796  -1.507  -2.946 0.0000000000
89911  16.012  1.281  0.626 0.0000000000
91055  16.399  2.703  -0.025 0.0000000000
91063  19.421  2.620  -1.595 0.0000000000
89961  17.761  1.532  -1.634 0.0000000000
89959  19.165  1.429  -1.798 0.0000000000
88873  19.707  0.012  -3.034 0.0000000000
89957  20.355  0.724  -1.856 0.0000000000
87807  21.427  -0.537  -1.608 0.0000000000
89925  21.465  1.617  -0.692 0.0000000000
93361  23.608  4.303  0.577 0.0000000000
91042  23.219  2.404  0.736 0.0000000000
101164  19.504  11.702  -2.331 0.0000000000
100069  19.196  10.633  -0.941 0.0000000000
100088  19.633  10.400  -1.362 0.0000000000
98921  20.348  9.482  -1.070 0.0000000000
100086  21.210  10.503  -1.652 0.0000000000
98881  23.640  9.914  0.380 0.0000000000
137481  25.558  9.616  1.043 0.0000000000
137478  25.261  8.614  1.065 0.0000000000
78993  17.721  -8.493  -3.349 0.0000000000
76770  18.042  -10.145  -3.301 0.0000000000
77871  18.930  -9.560  -3.534 0.0000000000
77852  21.590  -9.540  -2.130 0.0000000000
76752  20.875  -10.487  -2.075 0.0000000000
73635  15.614  -13.946  -0.946 0.0000000000
72608  16.325  -14.781  -1.633 0.0000000000
70579  17.719  -16.371  -1.793 0.0000000000
73653  16.935  -14.484  -1.955 0.0000000000
73632  17.943  -13.657  -1.399 0.0000000000
74658  18.659  -12.724  -1.339 0.0000000000
84571  14.671  -3.298  0.073 0.0000000000
85666  15.239  -2.340  -0.073 0.0000000000
87783  16.325  -1.017  -1.027 0.0000000000
137363  17.297  4.374  -0.323 0.0000000000
91066  16.836  3.152  -0.813 0.0000000000
137362  17.983  4.275  -1.005 0.0000000000
92240  19.216  4.230  -2.051 0.0000000000
92239  20.162  3.526  -2.007 0.0000000000
91061  21.491  2.527  -1.240 0.0000000000
93391  21.969  4.495  -1.836 0.0000000000
93389  22.830  4.695  -0.826 0.0000000000
94484  23.989  5.694  -0.055 0.0000000000
101098  18.596  11.252  0.513 0.0000000000
102158  19.010  12.427  -0.914 0.0000000000
103193  19.311  13.579  -2.728 0.0000000000
102190  20.657  12.864  -2.505 0.0000000000
81140  18.907  -6.994  -3.114 0.0000000000
78991  19.518  -8.564  -3.332 0.0000000000
80077  20.663  -7.358  -4.130 0.0000000000
80048  21.306  -7.925  -2.739 0.0000000000
93352  16.177  4.843  0.992 0.0000000000
94470  17.461  5.512  0.237 0.0000000000
94469  18.557  5.979  0.158 0.0000000000
96603  20.409  7.212  -0.737 0.0000000000
68552  18.551  -17.860  -2.243 0.0000000000
84584  22.396  -3.921  -2.015 0.0000000000
82273  22.898  -5.226  -1.679 0.0000000000
77828  16.383  -9.342  -0.639 0.0000000000
76756  17.336  -9.894  -1.931 0.0000000000
78958  16.955  -8.507  -1.004 0.0000000000
80050  17.187  -7.580  -2.001 0.0000000000
81127  17.064  -6.588  -1.864 0.0000000000
82257  16.031  -4.885  -0.689 0.0000000000
82289  17.011  -5.431  -1.853 0.0000000000
82288  18.032  -5.444  -2.304 0.0000000000
82287  19.013  -5.466  -2.703 0.0000000000
83509  19.356  -4.265  -3.079 0.0000000000
84624  20.215  -3.332  -3.335 0.0000000000
88812  15.896  0.325  0.099 0.0000000000
88845  15.806  -0.150  -1.808 0.0000000000
89943  16.570  1.924  -1.123 0.0000000000
88843  17.232  1.056  -1.511 0.0000000000
88877  16.349  -0.543  -2.928 0.0000000000
87823  17.635  -0.797  -3.008 0.0000000000
86748  20.055  -1.467  -3.559 0.0000000000
85697  21.245  -2.372  -2.581 0.0000000000
85678  22.660  -1.789  -1.715 0.0000000000
86702  22.675  -1.131  -0.396 0.0000000000
89924  22.128  1.582  -0.136 0.0000000000
97725  18.991  8.525  0.030 0.0000000000
97724  20.112  8.589  -0.495 0.0000000000
97723  21.005  8.307  -0.945 0.0000000000
103168  21.692  13.459  -1.274 0.0000000000
102175  21.694  12.645  -1.611 0.0000000000
102138  22.964  12.139  0.203 0.0000000000
101150  22.377  11.680  -1.123 0.0000000000
100068  22.661  10.440  -0.565 0.0000000000
97721  22.595  8.297  -0.319 0.0000000000
97722  21.817  7.925  -0.642 0.0000000000
137465  23.163  6.874  0.050 0.0000000000
137473  24.930  7.248  0.870 0.0000000000
94457  25.926  6.276  1.310 0.0000000000
75689  17.714  -10.792  -1.898 0.0000000000
75688  18.365  -10.939  -2.184 0.0000000000
75672  19.390  -11.942  -1.553 0.0000000000
77854  19.557  -9.910  -2.996 0.0000000000
75686  20.133  -11.291  -1.859 0.0000000000
76729  16.226  -9.986  -0.605 0.0000000000
75676  16.279  -11.694  -0.624 0.0000000000
96616  19.911  6.931  -1.603 0.0000000000
96641  19.586  7.115  -3.079 0.0000000000
95559  21.027  6.897  -2.411 0.0000000000
137472  22.225  6.761  -1.966 0.0000000000
137471  22.074  6.900  -1.018 0.0000000000
103170  19.632  14.453  -1.693 0.0000000000
82300  21.377  -5.560  -3.058 0.0000000000
82285  21.631  -5.431  -2.269 0.0000000000
71580  16.513  -15.635  -1.128 0.0000000000
71564  16.377  -15.886  -0.686 0.0000000000
70554  17.212  -16.694  -0.726 0.0000000000
69479  17.065  -17.019  -0.582 0.0000000000
69501  17.386  -17.061  -0.811 0.0000000000
68554  17.560  -17.851  -1.067 0.0000000000
69523  17.753  -17.038  -1.432 0.0000000000
72627  18.846  -15.188  -1.850 0.0000000000
72648  19.049  -15.513  -2.262 0.0000000000
72647  19.467  -15.531  -1.996 0.0000000000
72626  19.847  -15.038  -1.349 0.0000000000
82259  14.598  -5.421  -0.079 0.0000000000
86716  16.013  -1.623  -1.884 0.0000000000
85679  16.428  -2.145  -1.498 0.0000000000
85680  16.149  -1.993  -1.998 0.0000000000
85700  16.683  -2.200  -2.402 0.0000000000
86735  16.103  -1.504  -2.744 0.0000000000
91045  16.424  2.393  0.956 0.0000000000
91079  19.136  1.997  -1.529 0.0000000000
89958  19.900  1.012  -1.877 0.0000000000
89938  20.475  1.317  -1.154 0.0000000000
93360  24.678  4.320  1.299 0.0000000000
101163  20.448  11.640  -2.371 0.0000000000
100095  19.596  10.835  -2.173 0.0000000000
100087  20.387  10.517  -1.876 0.0000000000
100044  24.756  10.540  0.736 0.0000000000
137486  26.460  10.001  0.738 0.0000000000
137482  25.921  9.316  1.170 0.0000000000
80066  17.538  -7.668  -2.807 0.0000000000
78992  18.599  -8.602  -3.457 0.0000000000
76751  22.000  -10.617  -2.444 0.0000000000
74661  15.931  -12.903  -0.986 0.0000000000
74662  15.759  -13.588  -0.780 0.0000000000
72609  15.903  -14.681  -1.092 0.0000000000
72607  16.685  -14.569  -1.909 0.0000000000
73633  16.887  -13.933  -1.647 0.0000000000
74659  17.699  -12.785  -1.319 0.0000000000
85646  14.537  -1.988  -0.027 0.0000000000
86704  15.889  -1.748  -0.582 0.0000000000
94487  17.677  4.941  0.002 0.0000000000
137372  17.235  4.016  -0.487 0.0000000000
137370  17.958  5.706  -2.010 0.0000000000
94514  19.708  5.622  -2.841 0.0000000000
137367  18.829  4.990  -2.516 0.0000000000
92253  19.611  4.706  -2.506 0.0000000000
92251  20.866  4.186  -2.258 0.0000000000
92238  21.059  3.449  -1.701 0.0000000000
93402  21.587  4.918  -2.266 0.0000000000
94499  22.926  5.636  -1.201 0.0000000000
94500  22.670  5.467  -1.833 0.0000000000
94485  23.272  5.486  -0.369 0.0000000000
94467  23.632  5.090  0.124 0.0000000000
102140  19.331  12.597  0.385 0.0000000000
101113  18.801  11.930  0.354 0.0000000000
101114  18.721  11.536  -0.173 0.0000000000
105112  19.996  15.128  -3.420 0.0000000000
103209  18.867  14.159  -3.185 0.0000000000
103208  19.564  14.240  -3.219 0.0000000000
103192  20.137  13.689  -2.840 0.0000000000
103191  21.002  14.445  -2.501 0.0000000000
81124  19.313  -6.164  -2.981 0.0000000000
81139  19.727  -6.701  -3.639 0.0000000000
82317  20.307  -6.370  -3.971 0.0000000000
81138  21.929  -6.461  -2.849 0.0000000000
80061  21.624  -7.108  -3.207 0.0000000000
80047  21.597  -7.456  -1.957 0.0000000000
78977  22.218  -8.535  -2.093 0.0000000000
94458  15.927  4.993  1.148 0.0000000000
94471  16.192  5.510  0.785 0.0000000000
93363  17.276  4.786  0.144 0.0000000000
95514  18.054  6.635  0.319 0.0000000000
95513  18.935  6.722  0.175 0.0000000000
95534  19.303  6.684  -0.448 0.0000000000
96604  19.532  7.498  -0.002 0.0000000000
71597  17.679  -15.695  -1.880 0.0000000000
69522  18.158  -17.065  -1.997 0.0000000000
70578  18.240  -16.291  -2.132 0.0000000000
68551  19.321  -18.058  -2.471 0.0000000000
84602  23.039  -3.042  -1.777 0.0000000000
77821  15.721  -8.119  -0.221 0.0000000000
78930  16.000  -8.178  -0.394 0.0000000000
78940  16.486  -8.769  -0.658 0.0000000000
78959  16.121  -7.853  -0.704 0.0000000000
81111  15.586  -6.699  -0.842 0.0000000000
80026  16.514  -7.537  -1.166 0.0000000000
83463  15.135  -4.263  -0.240 0.0000000000
82258  15.617  -5.188  -0.543 0.0000000000
83462  16.056  -4.171  -0.684 0.0000000000
83495  17.149  -4.282  -1.702 0.0000000000
84627  17.724  -2.709  -2.644 0.0000000000
84626  18.467  -3.425  -2.983 0.0000000000
84625  19.431  -3.413  -3.421 0.0000000000
89910  16.435  0.962  0.032 0.0000000000
88830  16.195  -0.048  -0.801 0.0000000000
88862  17.536  0.715  -1.940 0.0000000000
88863  16.354  0.178  -2.412 0.0000000000
88876  17.042  -0.172  -2.840 0.0000000000
87820  20.288  -0.562  -3.143 0.0000000000
87821  19.453  -0.661  -3.347 0.0000000000
86734  20.788  -1.431  -2.949 0.0000000000
85698  20.494  -2.398  -3.226 0.0000000000
86733  21.562  -1.352  -2.364 0.0000000000
87792  21.570  -0.330  -0.690 0.0000000000
87806  22.022  -0.891  -1.162 0.0000000000
87791  22.250  -0.770  -0.581 0.0000000000
88826  22.979  0.160  0.394 0.0000000000
91060  22.285  3.023  -1.323 0.0000000000
91053  21.734  2.224  -0.905 0.0000000000
91043  22.536  2.526  0.170 0.0000000000
100046  18.216  10.621  0.265 0.0000000000
100070  18.657  10.486  -0.388 0.0000000000
100071  17.732  9.890  -0.140 0.0000000000
98906  18.380  9.354  -0.244 0.0000000000
97726  18.286  8.620  0.233 0.0000000000
97740  20.820  8.981  -1.077 0.0000000000
103153  22.108  13.297  -0.462 0.0000000000
102174  21.986  12.657  -0.913 0.0000000000
101111  24.045  11.423  0.513 0.0000000000
102136  24.324  12.348  0.444 0.0000000000
101112  23.375  11.672  0.298 0.0000000000
101133  22.976  11.414  -0.156 0.0000000000
98901  23.191  9.307  0.015 0.0000000000
137466  22.595  7.080  -0.345 0.0000000000
137470  23.395  7.937  0.037 0.0000000000
96574  25.487  7.005  1.228 0.0000000000
96575  25.234  6.752  1.051 0.0000000000
95510  26.525  6.998  1.090 0.0000000000
75690  17.375  -10.449  -1.815 0.0000000000
75704  17.191  -10.086  -2.584 0.0000000000
76755  18.396  -10.463  -2.923 0.0000000000
75702  17.957  -10.548  -2.673 0.0000000000
75673  18.488  -11.881  -1.656 0.0000000000
75687  19.229  -11.257  -2.191 0.0000000000
78990  20.293  -8.501  -3.243 0.0000000000
77870  19.828  -9.139  -3.055 0.0000000000
75685  21.101  -11.601  -1.784 0.0000000000
75670  20.707  -12.152  -1.442 0.0000000000
75671  20.239  -11.970  -1.338 0.0000000000
137366  18.135  6.342  -1.456 0.0000000000
137371  17.304  6.228  -2.606 0.0000000000
96631  18.269  7.253  -2.789 0.0000000000
95568  19.350  6.615  -3.282 0.0000000000
94513  20.395  5.704  -2.813 0.0000000000
94512  21.357  5.935  -2.632 0.0000000000
94510  22.935  6.165  -1.901 0.0000000000
137467  22.585  6.515  -1.093 0.0000000000
102156  19.795  13.326  -0.186 0.0000000000
102157  19.317  13.053  -0.682 0.0000000000
102176  19.011  13.302  -1.507 0.0000000000
103171  19.225  14.114  -1.828 0.0000000000
104173  19.423  14.836  -2.124 0.0000000000
104187  21.090  14.657  -2.560 0.0000000000
82301  20.644  -5.587  -3.285 0.0000000000
82316  20.763  -6.064  -3.954 0.0000000000
82315  21.443  -5.975  -3.715 0.0000000000
81137  22.499  -6.075  -3.325 0.0000000000
72592  16.176  -14.672  -0.440 0.0000000000
71565  16.316  -15.620  -0.464 0.0000000000
70534  16.164  -16.392  -0.069 0.0000000000
67628  17.608  -19.323  -1.080 0.0000000000
67649  17.577  -18.559  -1.165 0.0000000000
67648  18.169  -18.593  -1.591 0.0000000000
71596  18.343  -15.665  -2.139 0.0000000000
70577  18.767  -16.098  -2.492 0.0000000000
80028  15.255  -7.247  -0.614 0.0000000000
78960  15.663  -7.579  -0.649 0.0000000000
81112  15.136  -6.764  -0.582 0.0000000000
82276  15.789  -6.007  -0.891 0.0000000000
84569  16.116  -3.215  -0.666 0.0000000000
84585  16.510  -3.094  -1.158 0.0000000000
84608  17.042  -3.139  -1.858 0.0000000000
85699  17.194  -2.501  -2.409 0.0000000000
85719  17.977  -2.267  -2.845 0.0000000000
91044  16.497  1.841  0.094 0.0000000000
89926  16.623  1.401  -0.543 0.0000000000
91064  18.599  2.839  -1.591 0.0000000000
89941  17.930  2.150  -1.597 0.0000000000
91080  18.914  2.073  -1.584 0.0000000000
89960  18.361  1.581  -1.699 0.0000000000
88861  18.562  0.789  -2.453 0.0000000000
88874  18.941  0.119  -3.125 0.0000000000
88860  19.436  0.639  -2.537 0.0000000000
88859  20.249  0.279  -2.476 0.0000000000
88858  20.729  0.273  -1.762 0.0000000000
88842  20.967  0.389  -0.847 0.0000000000
88828  21.643  0.597  -0.273 0.0000000000
93362  22.860  4.006  0.227 0.0000000000
92218  23.080  3.358  0.479 0.0000000000
92217  23.887  3.297  1.223 0.0000000000
101153  19.039  11.219  -1.875 0.0000000000
101134  19.174  10.929  -1.364 0.0000000000
98904  19.964  9.381  -0.698 0.0000000000
98922  19.852  9.759  -0.898 0.0000000000
98920  21.145  9.396  -1.387 0.0000000000
100045  23.906  10.475  0.495 0.0000000000
100067  23.299  10.440  0.113 0.0000000000
98880  24.281  9.421  0.639 0.0000000000
137474  24.345  8.184  0.414 0.0000000000
137480  26.224  9.009  1.115 0.0000000000
77874  17.205  -9.128  -2.773 0.0000000000
76771  17.313  -9.865  -3.202 0.0000000000
77873  17.309  -9.168  -3.176 0.0000000000
77872  17.903  -9.335  -3.581 0.0000000000
77855  19.078  -10.110  -3.308 0.0000000000
77853  20.487  -9.426  -2.441 0.0000000000
73618  15.940  -13.987  -0.458 0.0000000000
72630  16.585  -15.341  -1.729 0.0000000000
71598  17.080  -15.816  -1.640 0.0000000000
72629  16.953  -15.048  -2.001 0.0000000000
73652  17.414  -14.451  -1.759 0.0000000000
73631  18.946  -13.524  -1.273 0.0000000000
86703  16.350  -1.616  -1.226 0.0000000000
87782  16.218  -1.297  -1.325 0.0000000000
137388  16.209  4.060  -0.023 0.0000000000
92226  16.032  3.672  -0.386 0.0000000000
137364  17.056  3.805  -0.501 0.0000000000
137382  17.310  3.867  -0.671 0.0000000000
92241  18.586  4.161  -1.607 0.0000000000
137383  17.701  5.371  -2.799 0.0000000000
137373  18.603  4.917  -2.267 0.0000000000
91062  20.367  2.555  -1.427 0.0000000000
92237  22.004  3.678  -1.597 0.0000000000
92236  22.750  3.660  -1.115 0.0000000000
93401  22.232  5.065  -1.955 0.0000000000
93390  22.509  4.676  -1.502 0.0000000000
92235  22.727  4.127  -0.552 0.0000000000
93374  22.909  4.549  -0.082 0.0000000000
94466  24.449  5.361  0.506 0.0000000000
102177  18.762  12.679  -1.866 0.0000000000
101154  18.801  11.834  -1.798 0.0000000000
101165  18.901  11.993  -2.116 0.0000000000
102191  19.846  12.673  -2.513 0.0000000000
101162  20.967  12.203  -2.300 0.0000000000
80064  19.370  -7.704  -3.395 0.0000000000
80063  20.186  -7.906  -3.662 0.0000000000
81153  20.834  -6.694  -4.272 0.0000000000
80062  21.072  -7.961  -3.596 0.0000000000
78989  20.779  -8.516  -2.776 0.0000000000
78978  21.334  -8.563  -2.285 0.0000000000
93364  16.549  4.411  0.481 0.0000000000
95535  18.637  6.267  -0.684 0.0000000000
95549  18.603  6.935  -1.136 0.0000000000
95533  19.939  6.657  -0.858 0.0000000000
84604  21.735  -3.462  -2.294 0.0000000000
82274  22.172  -5.214  -1.748 0.0000000000
83478  22.618  -4.533  -1.669 0.0000000000
77829  15.842  -8.933  -0.257 0.0000000000
77839  17.059  -9.412  -1.298 0.0000000000
78979  17.262  -8.721  -1.419 0.0000000000
78980  17.335  -8.541  -1.824 0.0000000000
80067  17.304  -7.914  -2.568 0.0000000000
81126  17.573  -6.693  -2.398 0.0000000000
82275  16.288  -5.242  -0.992 0.0000000000
81141  18.109  -7.088  -2.939 0.0000000000
81125  18.514  -6.346  -2.659 0.0000000000
82286  19.428  -5.722  -2.972 0.0000000000
83493  18.428  -4.313  -2.541 0.0000000000
82303  19.151  -4.727  -2.858 0.0000000000
83508  20.210  -4.453  -3.228 0.0000000000
83492  20.573  -3.916  -3.065 0.0000000000
87764  14.758  -0.533  0.408 0.0000000000
87763  15.741  -0.582  -0.238 0.0000000000
91067  16.441  2.875  -0.440 0.0000000000
91054  16.491  2.324  -0.507 0.0000000000
89942  17.267  1.790  -1.473 0.0000000000
88844  16.788  0.726  -1.274 0.0000000000
88864  15.898  -0.613  -2.662 0.0000000000
87824  16.848  -0.961  -3.006 0.0000000000
86751  17.392  -1.523  -2.860 0.0000000000
86750  18.244  -1.540  -3.041 0.0000000000
87822  18.543  -0.698  -3.226 0.0000000000
86749  19.121  -1.540  -3.399 0.0000000000
85717  19.689  -2.440  -3.542 0.0000000000
84605  20.799  -3.335  -2.772 0.0000000000
85696  22.321  -2.277  -2.175 0.0000000000
85677  22.982  -2.350  -1.486 0.0000000000
86732  22.286  -1.244  -1.828 0.0000000000
86715  22.573  -1.543  -0.988 0.0000000000
86714  23.055  -1.992  -0.831 0.0000000000
88810  23.058  0.843  0.461 0.0000000000
97705  18.095  8.107  0.528 0.0000000000
104171  21.221  14.496  -1.568 0.0000000000
104170  21.744  14.077  -0.894 0.0000000000
103169  21.511  13.738  -2.092 0.0000000000
102189  21.334  12.863  -2.286 0.0000000000
101151  21.345  11.623  -1.842 0.0000000000
102155  22.464  12.358  -0.288 0.0000000000
100085  21.926  10.560  -1.303 0.0000000000
98919  21.601  9.942  -1.320 0.0000000000
98902  22.058  9.307  -0.830 0.0000000000
137476  22.871  6.750  -0.188 0.0000000000
137469  23.971  7.134  0.308 0.0000000000
95532  23.681  6.327  -0.123 0.0000000000
95512  24.401  6.344  0.306 0.0000000000
95511  25.031  6.303  0.782 0.0000000000
94465  25.432  5.639  1.050 0.0000000000
95509  27.296  6.825  0.666 0.0000000000
94464  26.492  5.965  1.221 0.0000000000
75703  17.496  -10.362  -2.685 0.0000000000
74657  19.585  -12.668  -1.201 0.0000000000
76753  19.906  -10.518  -2.441 0.0000000000
73630  19.913  -13.400  -1.147 0.0000000000
82284  22.368  -5.885  -2.186 0.0000000000
82298  22.786  -5.725  -3.204 0.0000000000
68566  19.134  -17.525  -2.618 0.0000000000
69500  17.261  -16.898  -0.724 0.0000000000
69524  17.566  -16.742  -1.214 0.0000000000
70531  17.027  -16.779  -0.591 0.0000000000
70532  16.834  -16.695  -0.503 0.0000000000
70553  17.186  -16.965  -0.565 0.0000000000
70555  17.117  -16.336  -0.925 0.0000000000
70580  17.464  -16.437  -1.411 0.0000000000
71595  18.820  -15.620  -2.344 0.0000000000
71619  19.219  -15.813  -2.438 0.0000000000
74656  20.391  -12.625  -1.282 0.0000000000
76769  18.696  -10.203  -3.294 0.0000000000
76772  17.110  -9.593  -2.731 0.0000000000
77838  17.275  -8.970  -1.427 0.0000000000
77856  17.392  -8.859  -1.690 0.0000000000
78931  15.980  -8.135  -0.166 0.0000000000
78941  16.120  -8.450  -0.474 0.0000000000
78957  17.139  -8.757  -1.203 0.0000000000
78994  17.351  -8.469  -2.663 0.0000000000
80049  17.439  -7.330  -2.452 0.0000000000
80075  21.654  -6.774  -3.883 0.0000000000
80076  21.366  -7.136  -4.093 0.0000000000
80078  20.054  -7.314  -3.900 0.0000000000
81136  23.239  -5.872  -3.784 0.0000000000
81149  23.317  -5.730  -4.081 0.0000000000
81150  22.840  -6.030  -4.031 0.0000000000
81151  21.980  -6.294  -3.678 0.0000000000
81154  20.304  -6.878  -4.149 0.0000000000
82297  23.405  -5.543  -3.736 0.0000000000
82312  23.696  -5.459  -4.075 0.0000000000
82313  23.137  -5.446  -4.122 0.0000000000
82314  22.381  -5.577  -3.816 0.0000000000
83479  21.869  -4.552  -1.992 0.0000000000
83504  23.491  -5.109  -3.708 0.0000000000
83505  22.866  -4.923  -3.749 0.0000000000
83506  22.457  -5.095  -3.946 0.0000000000
83510  18.861  -4.164  -2.881 0.0000000000
83519  23.362  -4.958  -4.146 0.0000000000
83520  22.792  -5.026  -4.194 0.0000000000
83521  22.638  -5.273  -4.088 0.0000000000
84586  16.566  -2.470  -1.785 0.0000000000
84603  22.587  -3.188  -2.058 0.0000000000
84606  18.256  -3.692  -2.629 0.0000000000
85695  22.835  -2.688  -2.004 0.0000000000
85701  16.302  -1.857  -2.513 0.0000000000
85720  17.234  -2.063  -2.722 0.0000000000
85721  16.811  -1.922  -2.760 0.0000000000
85722  16.504  -1.876  -2.647 0.0000000000
86717  15.972  -1.558  -2.395 0.0000000000
86753  16.395  -1.652  -2.775 0.0000000000
87780  22.662  -0.523  0.026 0.0000000000
87793  16.071  -1.311  -1.594 0.0000000000
87809  15.917  -1.181  -2.643 0.0000000000
87825  16.241  -1.050  -3.010 0.0000000000
88811  16.299  0.584  -0.073 0.0000000000
88827  22.472  0.582  0.086 0.0000000000
88878  16.108  -0.760  -2.949 0.0000000000
89940  19.365  1.922  -1.482 0.0000000000
91052  22.195  2.563  -0.733 0.0000000000
92223  22.656  4.105  -0.275 0.0000000000
92225  16.234  3.339  0.185 0.0000000000
92250  21.499  4.137  -1.934 0.0000000000
92252  20.080  4.389  -2.490 0.0000000000
93375  22.616  4.098  -0.017 0.0000000000
93376  16.032  3.827  -0.106 0.0000000000
93404  19.956  5.075  -2.709 0.0000000000
93414  19.234  5.166  -2.662 0.0000000000
94456  26.241  6.521  1.294 0.0000000000
94468  19.104  6.218  0.081 0.0000000000
94486  18.924  5.968  -0.205 0.0000000000
94523  19.888  6.201  -2.968 0.0000000000
94524  19.145  5.930  -3.070 0.0000000000
95499  25.946  6.834  1.357 0.0000000000
95500  25.524  6.469  1.137 0.0000000000
95548  19.405  6.790  -1.128 0.0000000000
95567  20.120  6.770  -2.884 0.0000000000
95569  18.527  6.305  -3.631 0.0000000000
96615  20.630  7.098  -1.773 0.0000000000
96618  17.965  7.056  -1.999 0.0000000000
96619  17.655  6.478  -2.220 0.0000000000
96629  20.169  7.147  -2.489 0.0000000000
96630  19.289  7.269  -2.596 0.0000000000
96632  17.434  6.843  -2.780 0.0000000000
96642  18.793  7.110  -3.408 0.0000000000
96643  17.726  6.906  -3.693 0.0000000000
97704  18.498  8.245  0.376 0.0000000000
97741  20.623  8.822  -0.877 0.0000000000
100094  19.936  11.048  -2.429 0.0000000000
102137  23.499  12.278  0.409 0.0000000000
102192  19.140  12.718  -2.346 0.0000000000
103155  19.378  13.541  -1.351 0.0000000000
103189  23.129  14.708  -3.171 0.0000000000
103190  22.340  15.295  -2.855 0.0000000000
103194  18.768  13.648  -2.621 0.0000000000
103204  23.120  14.961  -3.445 0.0000000000
103205  22.585  14.918  -3.529 0.0000000000
103206  21.577  14.830  -3.355 0.0000000000
103207  20.492  14.508  -3.199 0.0000000000
104174  18.861  14.685  -2.372 0.0000000000
104185  22.999  14.960  -2.736 0.0000000000
104188  20.116  15.109  -2.537 0.0000000000
104189  19.179  15.298  -2.711 0.0000000000
104190  18.530  14.721  -3.023 0.0000000000
104201  23.476  15.152  -3.138 0.0000000000
104202  22.773  15.235  -3.531 0.0000000000
104203  21.840  15.120  -3.650 0.0000000000
104204  20.811  14.924  -3.390 0.0000000000
104205  19.835  14.777  -3.416 0.0000000000
104206  19.073  14.734  -3.412 0.0000000000
105094  22.937  15.281  -2.778 0.0000000000
105095  22.095  15.396  -2.837 0.0000000000
105096  21.069  15.167  -3.020 0.0000000000
105097  20.049  15.350  -3.096 0.0000000000
105098  19.230  15.226  -3.278 0.0000000000
105099  18.850  15.042  -3.375 0.0000000000
105109  22.845  15.538  -3.145 0.0000000000
105110  21.979  15.446  -3.365 0.0000000000
105111  20.986  15.094  -3.294 0.0000000000
105113  19.275  15.019  -3.500 0.0000000000
105114  19.027  14.959  -3.524 0.0000000000
137360  18.831  4.518  -1.924 0.0000000000
137361  18.423  5.084  -1.836 0.0000000000
137369  16.240  3.320  -0.327 0.0000000000
137374  18.458  5.386  -3.150 0.0000000000
137375  16.371  3.486  -0.388 0.0000000000
137376  16.170  4.054  0.210 0.0000000000
137377  15.802  3.718  -0.592 0.0000000000
137378  16.075  3.652  -0.402 0.0000000000
137379  17.145  6.162  -3.190 0.0000000000
137380  17.276  5.811  -2.691 0.0000000000
137381  16.336  3.813  -0.324 0.0000000000
137385  15.712  3.893  -0.741 0.0000000000
137386  15.899  3.848  -0.620 0.0000000000
137387  15.867  3.774  -0.592 0.0000000000
137475  22.677  6.624  -0.583 0.0000000000
137483  25.753  9.137  1.194 0.0000000000
