#!ascii label  , from subject 3270 vox2ras=TkReg
677
64757  15.496  -22.927  0.903 0.1428571492
62934  14.439  -24.357  1.041 0.1428571492
65708  15.360  -21.496  0.167 0.1428571492
63862  15.515  -23.408  1.341 0.1428571492
64784  15.703  -21.531  -0.214 0.2857142985
64771  15.323  -22.312  0.527 0.1428571492
64756  16.116  -22.498  0.955 0.1428571492
65735  16.248  -20.915  -0.769 0.5714285970
65707  16.724  -21.630  0.549 0.1428571492
65706  17.622  -21.019  0.340 0.2857142985
65720  17.379  -20.786  -0.289 0.2857142985
66672  18.203  -20.472  0.199 0.1428571492
66687  17.835  -20.390  -0.342 0.2857142985
67626  19.459  -18.788  -1.394 0.2857142985
67647  18.887  -18.568  -1.941 0.1428571492
67627  18.421  -19.277  -1.273 0.2857142985
69540  20.016  -16.978  -3.043 0.2857142985
68550  20.215  -17.854  -2.309 0.2857142985
72646  20.232  -15.514  -1.760 0.2857142985
71618  19.927  -15.970  -2.248 0.2857142985
73648  21.370  -13.548  -1.864 0.2857142985
76751  22.000  -10.617  -2.444 0.8571428657
75685  21.101  -11.601  -1.784 0.4285714328
71594  21.452  -15.016  -2.347 0.2857142985
78977  22.218  -8.535  -2.093 0.7142857313
77851  22.682  -9.657  -2.530 0.7142857313
77852  21.590  -9.540  -2.130 0.7142857313
76752  20.875  -10.487  -2.075 0.7142857313
80046  22.842  -7.499  -2.044 0.8571428657
78976  23.392  -8.613  -2.263 0.5714285970
80047  21.597  -7.456  -1.957 0.8571428657
81109  24.601  -6.639  -1.960 0.4285714328
81121  23.569  -6.600  -2.237 0.7142857313
83475  25.081  -5.357  -0.929 0.2857142985
83476  24.397  -5.063  -0.828 0.5714285970
82282  24.133  -5.894  -2.159 0.8571428657
83459  25.265  -5.032  -0.182 0.1428571492
82256  25.884  -5.566  -0.285 0.1428571492
82272  23.773  -5.408  -1.519 0.5714285970
85643  25.613  -2.542  1.279 0.1428571492
83437  26.122  -4.836  0.747 0.1428571492
83438  25.060  -3.965  0.725 0.1428571492
83460  24.304  -4.005  -0.259 0.4285714328
82273  22.898  -5.226  -1.679 0.8571428657
86659  26.122  -1.359  1.553 0.1428571492
85627  25.571  -2.020  1.470 0.1428571492
86680  24.693  -1.771  1.165 0.1428571492
84548  24.806  -3.039  0.534 0.1428571492
85645  24.383  -2.380  0.387 0.4285714328
84568  23.826  -3.154  -0.492 0.5714285970
83461  23.697  -3.714  -0.708 0.7142857313
83478  22.618  -4.533  -1.669 0.8571428657
87739  24.725  -0.544  1.483 0.1428571492
88792  24.250  0.250  1.458 0.1428571492
86681  24.194  -1.554  0.906 0.1428571492
86700  23.988  -1.960  0.212 0.5714285970
84582  23.325  -3.265  -1.139 0.8571428657
84583  22.984  -3.738  -1.716 0.8571428657
84602  23.039  -3.042  -1.777 0.8571428657
88791  25.235  0.397  1.537 0.1428571492
89892  24.813  1.298  1.509 0.2857142985
87740  24.206  -0.460  1.424 0.1428571492
88809  23.429  0.403  0.963 0.8571428657
86701  23.355  -1.514  -0.115 0.8571428657
85664  23.418  -2.450  -0.724 0.7142857313
86702  22.675  -1.131  -0.396 0.8571428657
92200  24.689  3.237  1.776 0.1428571492
92199  25.821  3.218  1.740 0.1428571492
89893  23.969  1.301  1.313 0.4285714328
89909  22.776  1.564  0.369 0.8571428657
88810  23.058  0.843  0.461 0.8571428657
87791  22.250  -0.770  -0.581 0.8571428657
87806  22.022  -0.891  -1.162 0.8571428657
91028  23.752  2.229  1.302 0.4285714328
88827  22.472  0.582  0.086 0.8571428657
87781  22.031  -0.146  -0.194 0.8571428657
88828  21.643  0.597  -0.273 0.8571428657
92216  24.398  3.626  1.463 0.1428571492
93360  24.678  4.320  1.299 0.2857142985
92217  23.887  3.297  1.223 0.5714285970
92218  23.080  3.358  0.479 0.8571428657
91042  23.219  2.404  0.736 0.8571428657
91043  22.536  2.526  0.170 0.8571428657
89924  22.128  1.582  -0.136 0.8571428657
89925  21.465  1.617  -0.692 0.8571428657
93359  25.870  4.789  1.241 0.2857142985
93361  23.608  4.303  0.577 0.8571428657
92224  22.568  3.578  -0.191 0.8571428657
92236  22.750  3.660  -1.115 0.8571428657
91053  21.734  2.224  -0.905 0.8571428657
94467  23.632  5.090  0.124 0.8571428657
92235  22.727  4.127  -0.552 0.8571428657
94500  22.670  5.467  -1.833 0.7142857313
93390  22.509  4.676  -1.502 0.7142857313
94484  23.989  5.694  -0.055 0.8571428657
93389  22.830  4.695  -0.826 0.8571428657
137464  22.978  6.406  -0.468 0.8571428657
137465  23.163  6.874  0.050 0.8571428657
94499  22.926  5.636  -1.201 0.7142857313
137473  24.930  7.248  0.870 0.7142857313
137469  23.971  7.134  0.308 0.8571428657
137474  24.345  8.184  0.414 0.8571428657
137470  23.395  7.937  0.037 0.8571428657
98901  23.191  9.307  0.015 0.7142857313
94485  23.272  5.486  -0.369 0.8571428657
137490  27.657  10.107  -0.070 0.1428571492
98880  24.281  9.421  0.639 0.7142857313
98900  23.794  8.714  0.306 0.8571428657
101107  27.370  11.329  -0.052 0.1428571492
100044  24.756  10.540  0.736 0.5714285970
101111  24.045  11.423  0.513 0.5714285970
101109  26.026  11.629  0.363 0.1428571492
102173  27.517  12.304  -1.200 0.1428571492
102136  24.324  12.348  0.444 0.5714285970
103150  27.269  12.970  -0.857 0.1428571492
103167  27.157  13.611  -1.352 0.1428571492
102135  25.344  12.530  0.197 0.1428571492
104169  26.850  14.528  -1.099 0.1428571492
101110  25.040  11.533  0.524 0.5714285970
103151  26.559  13.686  -0.599 0.1428571492
103152  25.943  13.701  -0.216 0.1428571492
104161  25.778  14.417  -0.216 0.1428571492
62914  14.725  -24.695  1.693 0.1428571492
64770  16.132  -21.814  0.056 0.2857142985
65690  17.307  -21.648  1.177 0.2857142985
67609  18.879  -19.458  -0.737 0.2857142985
73629  20.748  -13.170  -1.425 0.2857142985
73649  20.387  -14.060  -1.384 0.2857142985
75684  21.824  -11.579  -2.338 0.4285714328
74655  21.018  -12.467  -1.539 0.5714285970
80045  24.195  -7.659  -2.066 0.2857142985
81108  25.539  -6.638  -1.566 0.1428571492
82298  22.786  -5.725  -3.204 0.8571428657
83477  23.427  -4.405  -1.064 0.7142857313
87738  25.681  -0.472  1.517 0.1428571492
87779  23.278  -0.530  0.507 0.8571428657
86715  22.573  -1.543  -0.988 0.8571428657
87792  21.570  -0.330  -0.690 0.8571428657
94466  24.449  5.361  0.506 0.8571428657
137478  25.261  8.614  1.065 0.8571428657
137481  25.558  9.616  1.043 0.7142857313
100043  25.765  10.712  0.691 0.2857142985
102152  27.288  12.341  -0.626 0.1428571492
103214  26.786  13.411  -3.874 0.1428571492
65721  16.811  -21.111  -0.364 0.4285714328
66704  16.102  -20.170  -0.610 0.2857142985
66701  18.246  -19.830  -0.724 0.1428571492
68533  20.190  -18.274  -1.402 0.2857142985
68564  20.443  -17.421  -3.075 0.2857142985
69541  19.408  -17.103  -2.785 0.2857142985
68551  19.321  -18.058  -2.471 0.2857142985
68565  19.744  -17.541  -2.811 0.2857142985
84526  26.411  -3.231  1.361 0.1428571492
87737  26.706  -0.406  1.697 0.1428571492
89891  25.770  1.372  1.515 0.1428571492
91027  24.424  2.182  1.553 0.2857142985
91026  25.296  2.278  1.693 0.1428571492
89908  23.308  1.454  0.910 0.8571428657
85677  22.982  -2.350  -1.486 0.8571428657
85696  22.321  -2.277  -2.175 1.0000000000
93351  25.463  3.965  1.646 0.1428571492
94465  25.432  5.639  1.050 0.2857142985
93391  21.969  4.495  -1.836 0.8571428657
95511  25.031  6.303  0.782 0.5714285970
96574  25.487  7.005  1.228 0.5714285970
137477  25.940  7.701  1.195 0.5714285970
137486  26.460  10.001  0.738 0.4285714328
137480  26.224  9.009  1.115 0.2857142985
137489  27.126  10.284  0.409 0.1428571492
100042  26.669  10.898  0.491 0.1428571492
101108  26.989  11.750  0.132 0.1428571492
103143  24.478  13.244  0.312 0.2857142985
101131  27.173  12.103  -0.309 0.1428571492
103142  25.338  13.611  0.057 0.1428571492
104151  25.166  14.220  0.098 0.1428571492
103166  27.453  12.945  -1.422 0.1428571492
105076  26.303  15.334  -0.685 0.1428571492
105077  25.355  15.422  -0.269 0.1428571492
105086  26.869  15.486  -1.645 0.1428571492
94457  25.926  6.276  1.310 0.4285714328
95510  26.525  6.998  1.090 0.4285714328
137479  27.064  8.105  0.696 0.4285714328
137482  25.921  9.316  1.170 0.5714285970
63878  15.041  -23.388  0.935 0.1428571492
63879  14.302  -23.289  0.999 0.1428571492
65709  15.007  -21.466  0.461 0.2857142985
64783  16.104  -21.359  -0.522 0.5714285970
65691  16.693  -21.984  1.118 0.1428571492
66688  17.330  -20.546  -0.601 0.1428571492
67646  19.539  -18.361  -2.035 0.2857142985
78978  21.334  -8.563  -2.285 0.7142857313
81122  22.268  -6.217  -2.017 0.8571428657
82271  24.769  -5.802  -1.450 0.5714285970
85644  24.916  -2.270  1.073 0.2857142985
83412  25.487  -3.581  1.099 0.1428571492
84567  24.341  -3.071  0.000 0.1428571492
86714  23.055  -1.992  -0.831 0.8571428657
88826  22.979  0.160  0.394 0.8571428657
93362  22.860  4.006  0.227 0.8571428657
91060  22.285  3.023  -1.323 0.8571428657
93374  22.909  4.549  -0.082 0.8571428657
95512  24.401  6.344  0.306 0.8571428657
95532  23.681  6.327  -0.123 0.8571428657
100066  27.478  10.965  -0.189 0.1428571492
100045  23.906  10.475  0.495 0.5714285970
102188  27.078  12.405  -2.658 0.1428571492
102154  26.035  13.072  -0.173 0.1428571492
103203  26.816  13.372  -2.874 0.1428571492
103188  27.420  13.104  -2.061 0.1428571492
102134  26.259  12.332  0.062 0.1428571492
104160  26.397  14.502  -0.628 0.1428571492
67608  19.614  -19.076  -0.523 0.1428571492
96575  25.234  6.752  1.051 0.5714285970
66703  16.918  -20.231  -0.880 0.4285714328
70604  19.483  -16.473  -2.650 0.5714285970
104152  24.582  14.061  0.211 0.1428571492
71596  18.343  -15.665  -2.139 0.5714285970
71597  17.679  -15.695  -1.880 0.5714285970
72630  16.585  -15.341  -1.729 0.2857142985
73651  18.348  -14.400  -1.516 0.5714285970
73652  17.414  -14.451  -1.759 0.5714285970
69502  17.432  -16.589  -1.101 0.4285714328
72628  17.869  -15.104  -1.825 0.5714285970
72608  16.325  -14.781  -1.633 0.2857142985
73653  16.935  -14.484  -1.955 0.4285714328
73630  19.913  -13.400  -1.147 0.4285714328
73631  18.946  -13.524  -1.273 0.5714285970
73632  17.943  -13.657  -1.399 0.5714285970
74659  17.699  -12.785  -1.319 0.4285714328
74657  19.585  -12.668  -1.201 0.5714285970
75672  19.390  -11.942  -1.553 0.5714285970
74658  18.659  -12.724  -1.339 0.4285714328
75687  19.229  -11.257  -2.191 0.4285714328
75686  20.133  -11.291  -1.859 0.4285714328
73633  16.887  -13.933  -1.647 0.2857142985
73634  16.034  -13.827  -1.417 0.2857142985
75671  20.239  -11.970  -1.338 0.7142857313
76753  19.906  -10.518  -2.441 0.7142857313
77871  18.930  -9.560  -3.534 0.4285714328
78990  20.293  -8.501  -3.243 0.7142857313
78991  19.518  -8.564  -3.332 0.5714285970
80063  20.186  -7.906  -3.662 0.7142857313
80064  19.370  -7.704  -3.395 0.2857142985
77853  20.487  -9.426  -2.441 0.5714285970
77870  19.828  -9.139  -3.055 0.7142857313
80062  21.072  -7.961  -3.596 0.7142857313
82317  20.307  -6.370  -3.971 0.7142857313
82316  20.763  -6.064  -3.954 0.7142857313
82302  19.811  -5.542  -3.326 0.7142857313
81124  19.313  -6.164  -2.981 0.4285714328
82303  19.151  -4.727  -2.858 0.4285714328
78989  20.779  -8.516  -2.776 0.5714285970
81152  21.402  -6.485  -4.091 0.5714285970
82301  20.644  -5.587  -3.285 0.7142857313
83507  20.718  -5.093  -2.972 0.7142857313
83492  20.573  -3.916  -3.065 0.7142857313
83508  20.210  -4.453  -3.228 0.7142857313
84625  19.431  -3.413  -3.421 0.5714285970
85717  19.689  -2.440  -3.542 0.5714285970
82283  23.178  -5.630  -2.441 0.7142857313
82299  22.223  -5.772  -3.257 0.5714285970
82315  21.443  -5.975  -3.715 0.5714285970
82285  21.631  -5.431  -2.269 0.7142857313
82300  21.377  -5.560  -3.058 0.7142857313
84605  20.799  -3.335  -2.772 0.8571428657
83509  19.356  -4.265  -3.079 0.4285714328
85697  21.245  -2.372  -2.581 0.7142857313
85698  20.494  -2.398  -3.226 0.7142857313
86734  20.788  -1.431  -2.949 0.7142857313
86748  20.055  -1.467  -3.559 0.5714285970
82284  22.368  -5.885  -2.186 0.5714285970
84604  21.735  -3.462  -2.294 0.8571428657
87808  20.859  -0.540  -2.418 0.7142857313
87820  20.288  -0.562  -3.143 0.5714285970
89958  19.900  1.012  -1.877 0.2857142985
84584  22.396  -3.921  -2.015 0.7142857313
86733  21.562  -1.352  -2.364 0.7142857313
89939  19.721  1.771  -1.374 0.7142857313
85678  22.660  -1.789  -1.715 0.7142857313
88858  20.729  0.273  -1.762 0.8571428657
89938  20.475  1.317  -1.154 0.8571428657
91062  20.367  2.555  -1.427 0.8571428657
87807  21.427  -0.537  -1.608 0.8571428657
92238  21.059  3.449  -1.701 0.8571428657
91061  21.491  2.527  -1.240 0.8571428657
92237  22.004  3.678  -1.597 0.8571428657
137467  22.585  6.515  -1.093 0.7142857313
137468  22.322  6.727  -1.380 0.7142857313
137476  22.871  6.750  -0.188 0.5714285970
137471  22.074  6.900  -1.018 0.7142857313
137466  22.595  7.080  -0.345 0.7142857313
97721  22.595  8.297  -0.319 0.8571428657
97722  21.817  7.925  -0.642 0.7142857313
98902  22.058  9.307  -0.830 0.7142857313
98919  21.601  9.942  -1.320 0.7142857313
98920  21.145  9.396  -1.387 0.5714285970
100068  22.661  10.440  -0.565 0.7142857313
100086  21.210  10.503  -1.652 0.5714285970
100085  21.926  10.560  -1.303 0.5714285970
100067  23.299  10.440  0.113 0.5714285970
100087  20.387  10.517  -1.876 0.5714285970
101150  22.377  11.680  -1.123 0.5714285970
101151  21.345  11.623  -1.842 0.5714285970
101152  20.865  11.018  -2.048 0.5714285970
100095  19.596  10.835  -2.173 0.5714285970
100088  19.633  10.400  -1.362 0.4285714328
102191  19.846  12.673  -2.513 0.5714285970
101163  20.448  11.640  -2.371 0.5714285970
101153  19.039  11.219  -1.875 0.4285714328
98905  19.331  9.637  -0.636 0.4285714328
101165  18.901  11.993  -2.116 0.5714285970
101164  19.504  11.702  -2.331 0.5714285970
102158  19.010  12.427  -0.914 0.4285714328
81137  22.499  -6.075  -3.325 0.5714285970
103209  18.867  14.159  -3.185 0.2857142985
102177  18.762  12.679  -1.866 0.4285714328
69522  18.158  -17.065  -1.997 0.5714285970
69523  17.753  -17.038  -1.432 0.5714285970
72647  19.467  -15.531  -1.996 0.2857142985
72648  19.049  -15.513  -2.262 0.4285714328
70579  17.719  -16.371  -1.793 0.5714285970
72626  19.847  -15.038  -1.349 0.2857142985
73650  19.354  -14.287  -1.345 0.5714285970
75673  18.488  -11.881  -1.656 0.4285714328
74660  16.818  -12.830  -1.180 0.2857142985
77855  19.078  -10.110  -3.308 0.5714285970
78992  18.599  -8.602  -3.457 0.2857142985
81139  19.727  -6.701  -3.639 0.7142857313
86732  22.286  -1.244  -1.828 0.8571428657
89957  20.355  0.724  -1.856 0.7142857313
94511  22.259  5.730  -2.214 0.7142857313
94510  22.935  6.165  -1.901 0.7142857313
94512  21.357  5.935  -2.632 0.7142857313
98903  21.508  8.716  -0.919 0.7142857313
98921  20.348  9.482  -1.070 0.5714285970
101134  19.174  10.929  -1.364 0.2857142985
98881  23.640  9.914  0.380 0.5714285970
101133  22.976  11.414  -0.156 0.5714285970
101162  20.967  12.203  -2.300 0.5714285970
102190  20.657  12.864  -2.505 0.2857142985
75688  18.365  -10.939  -2.184 0.4285714328
71619  19.219  -15.813  -2.438 0.2857142985
81123  21.531  -6.660  -2.274 0.7142857313
82274  22.172  -5.214  -1.748 0.7142857313
88842  20.967  0.389  -0.847 0.7142857313
75670  20.707  -12.152  -1.442 0.5714285970
93402  21.587  4.918  -2.266 0.7142857313
80048  21.306  -7.925  -2.739 0.5714285970
70577  18.767  -16.098  -2.492 0.5714285970
70578  18.240  -16.291  -2.132 0.4285714328
72629  16.953  -15.048  -2.001 0.5714285970
71598  17.080  -15.816  -1.640 0.5714285970
72607  16.685  -14.569  -1.909 0.4285714328
72627  18.846  -15.188  -1.850 0.5714285970
69501  17.386  -17.061  -0.811 0.5714285970
75674  17.666  -11.747  -1.454 0.4285714328
76754  19.022  -10.492  -2.820 0.4285714328
77854  19.557  -9.910  -2.996 0.7142857313
77869  20.312  -8.867  -2.812 0.7142857313
80065  18.337  -7.779  -3.217 0.2857142985
80077  20.663  -7.358  -4.130 0.7142857313
80061  21.624  -7.108  -3.207 0.7142857313
81153  20.834  -6.694  -4.272 0.7142857313
81138  21.929  -6.461  -2.849 0.5714285970
84624  20.215  -3.332  -3.335 0.7142857313
83491  21.047  -4.508  -2.638 0.5714285970
86749  19.121  -1.540  -3.399 0.2857142985
88859  20.249  0.279  -2.476 0.5714285970
88860  19.436  0.639  -2.537 0.2857142985
103192  20.137  13.689  -2.840 0.5714285970
101154  18.801  11.834  -1.798 0.4285714328
65737  15.390  -20.748  -0.131 0.4285714328
68563  20.948  -17.228  -3.177 0.1428571492
70603  20.405  -16.436  -2.691 0.1428571492
71617  20.934  -15.708  -2.250 0.1428571492
74671  21.711  -12.423  -1.998 0.1428571492
70602  21.317  -16.301  -2.788 0.1428571492
74688  22.392  -12.449  -2.838 0.1428571492
72624  21.613  -14.344  -2.348 0.1428571492
74670  22.102  -11.936  -2.471 0.1428571492
77868  23.188  -9.888  -3.022 0.2857142985
78975  24.629  -8.794  -2.320 0.1428571492
93401  22.232  5.065  -1.955 0.5714285970
106104  25.386  16.883  -1.020 0.1428571492
92251  20.866  4.186  -2.258 0.4285714328
106105  24.383  16.969  -1.006 0.1428571492
104162  24.879  14.735  0.035 0.1428571492
94522  20.605  6.358  -2.820 0.4285714328
137472  22.225  6.761  -1.966 0.5714285970
96602  21.344  7.210  -1.274 0.4285714328
104165  21.527  14.868  -1.187 0.2857142985
103168  21.692  13.459  -1.274 0.2857142985
102175  21.694  12.645  -1.611 0.2857142985
103153  22.108  13.297  -0.462 0.2857142985
95534  19.303  6.684  -0.448 0.1428571492
104171  21.221  14.496  -1.568 0.2857142985
96604  19.532  7.498  -0.002 0.4285714328
97723  21.005  8.307  -0.945 0.5714285970
103169  21.511  13.738  -2.092 0.2857142985
97724  20.112  8.589  -0.495 0.4285714328
105112  19.996  15.128  -3.420 0.1428571492
103191  21.002  14.445  -2.501 0.1428571492
104186  22.203  15.101  -2.676 0.1428571492
97725  18.991  8.525  0.030 0.1428571492
103172  18.794  13.898  -2.249 0.1428571492
104173  19.423  14.836  -2.124 0.1428571492
104172  20.185  14.781  -1.716 0.1428571492
102176  19.011  13.302  -1.507 0.2857142985
101113  18.801  11.930  0.354 0.1428571492
103171  19.225  14.114  -1.828 0.1428571492
103170  19.632  14.453  -1.693 0.1428571492
102157  19.317  13.053  -0.682 0.1428571492
102156  19.795  13.326  -0.186 0.1428571492
103154  19.951  13.907  -1.111 0.1428571492
66705  15.338  -20.163  -0.354 0.4285714328
69481  15.862  -17.586  -0.159 0.2857142985
68549  20.931  -17.457  -2.866 0.1428571492
71593  21.789  -14.762  -2.640 0.1428571492
75701  22.404  -11.319  -2.729 0.1428571492
94513  20.395  5.704  -2.813 0.2857142985
103145  22.774  13.006  0.276 0.2857142985
69482  15.484  -17.660  0.027 0.2857142985
67593  19.045  -19.582  -0.086 0.1428571492
66686  18.477  -19.970  -0.181 0.1428571492
69520  20.665  -17.697  -1.696 0.1428571492
76750  22.497  -10.223  -2.608 0.1428571492
93403  20.739  4.988  -2.666 0.4285714328
97740  20.820  8.981  -1.077 0.5714285970
101112  23.375  11.672  0.298 0.4285714328
104170  21.744  14.077  -0.894 0.2857142985
104154  23.160  13.544  0.250 0.2857142985
104164  22.686  14.228  -0.351 0.2857142985
105079  23.297  15.362  -0.582 0.1428571492
105078  24.360  15.455  -0.288 0.1428571492
104163  23.912  14.619  -0.085 0.1428571492
102137  23.499  12.278  0.409 0.4285714328
104153  23.707  13.827  0.261 0.2857142985
67630  15.705  -19.329  -0.464 0.4285714328
65736  15.689  -20.953  -0.558 0.4285714328
101132  23.510  11.087  0.280 0.4285714328
102138  22.964  12.139  0.203 0.2857142985
103144  23.631  13.052  0.424 0.2857142985
95559  21.027  6.897  -2.411 0.4285714328
102155  22.464  12.358  -0.288 0.2857142985
103193  19.311  13.579  -2.728 0.4285714328
103208  19.564  14.240  -3.219 0.2857142985
102189  21.334  12.863  -2.286 0.2857142985
74689  21.916  -12.993  -2.302 0.1428571492
96641  19.586  7.115  -3.079 0.2857142985
102174  21.986  12.657  -0.913 0.2857142985
96603  20.409  7.212  -0.737 0.2857142985
104187  21.090  14.657  -2.560 0.1428571492
98904  19.964  9.381  -0.698 0.4285714328
68537  14.838  -18.903  -0.748 0.2857142985
75700  23.213  -11.458  -3.316 0.1428571492
94514  19.708  5.622  -2.841 0.2857142985
88873  19.707  0.012  -3.034 0.2857142985
104166  20.342  15.037  -0.826 0.1428571492
105082  20.252  16.106  -0.764 0.1428571492
103147  20.195  14.091  0.043 0.1428571492
104167  19.885  15.839  -0.277 0.1428571492
105081  20.990  15.715  -1.279 0.1428571492
104156  20.217  15.307  0.094 0.1428571492
105083  19.890  16.449  -0.379 0.1428571492
104155  21.065  14.988  0.588 0.1428571492
104157  19.823  15.907  0.035 0.1428571492
87821  19.453  -0.661  -3.347 0.2857142985
103146  20.569  14.538  0.365 0.1428571492
105072  20.068  16.208  0.157 0.1428571492
106093  20.750  16.594  -1.277 0.1428571492
68554  17.560  -17.851  -1.067 0.4285714328
67648  18.169  -18.593  -1.591 0.2857142985
68552  18.551  -17.860  -2.243 0.2857142985
67628  17.608  -19.323  -1.080 0.2857142985
98922  19.852  9.759  -0.898 0.4285714328
69521  18.778  -16.925  -2.492 0.2857142985
67650  17.281  -18.424  -0.845 0.4285714328
68553  17.942  -17.855  -1.648 0.2857142985
67649  17.577  -18.559  -1.165 0.2857142985
68520  16.488  -18.506  -0.442 0.2857142985
68521  15.824  -18.501  -0.356 0.2857142985
68535  17.083  -18.088  -0.611 0.2857142985
69480  16.651  -17.499  -0.402 0.2857142985
69479  17.065  -17.019  -0.582 0.2857142985
76755  18.396  -10.463  -2.923 0.2857142985
77872  17.903  -9.335  -3.581 0.2857142985
81140  18.907  -6.994  -3.114 0.1428571492
82287  19.013  -5.466  -2.703 0.1428571492
82286  19.428  -5.722  -2.972 0.2857142985
88874  18.941  0.119  -3.125 0.1428571492
89959  19.165  1.429  -1.798 0.1428571492
91063  19.421  2.620  -1.595 0.1428571492
91079  19.136  1.997  -1.529 0.1428571492
92240  19.216  4.230  -2.051 0.1428571492
96631  18.269  7.253  -2.789 0.1428571492
96616  19.911  6.931  -1.603 0.1428571492
95549  18.603  6.935  -1.136 0.1428571492
96617  18.892  7.155  -1.858 0.1428571492
100070  18.657  10.486  -0.388 0.1428571492
100071  17.732  9.890  -0.140 0.1428571492
101135  18.992  11.508  -1.153 0.1428571492
100046  18.216  10.621  0.265 0.1428571492
67631  14.819  -19.363  -0.619 0.2857142985
67629  16.764  -19.085  -0.638 0.1428571492
92239  20.162  3.526  -2.007 0.2857142985
95533  19.939  6.657  -0.858 0.1428571492
66706  14.685  -20.028  -0.250 0.2857142985
75702  17.957  -10.548  -2.673 0.2857142985
76770  18.042  -10.145  -3.301 0.2857142985
85718  18.773  -2.452  -3.366 0.1428571492
86750  18.244  -1.540  -3.041 0.1428571492
88875  17.930  0.176  -3.145 0.1428571492
88861  18.562  0.789  -2.453 0.1428571492
89960  18.361  1.581  -1.699 0.1428571492
91080  18.914  2.073  -1.584 0.1428571492
92253  19.611  4.706  -2.506 0.1428571492
137366  18.135  6.342  -1.456 0.1428571492
100069  19.196  10.633  -0.941 0.1428571492
75703  17.496  -10.362  -2.685 0.2857142985
67611  16.226  -18.883  -0.419 0.2857142985
98906  18.380  9.354  -0.244 0.1428571492
75689  17.714  -10.792  -1.898 0.1428571492
95568  19.350  6.615  -3.282 0.1428571492
77873  17.309  -9.168  -3.176 0.1428571492
88862  17.536  0.715  -1.940 0.1428571492
68507  14.074  -18.839  -0.186 0.1428571492
68523  14.286  -18.890  -0.501 0.1428571492
68506  14.427  -18.387  0.459 0.1428571492
68522  14.838  -18.451  -0.458 0.1428571492
70533  16.478  -16.501  -0.416 0.1428571492
80044  25.170  -8.124  -1.931 0.1428571492
95509  27.296  6.825  0.666 0.1428571492
66689  14.285  -20.278  0.161 0.1428571492
69459  15.777  -17.414  0.175 0.1428571492
70534  16.164  -16.392  -0.069 0.1428571492
70554  17.212  -16.694  -0.726 0.1428571492
70513  16.079  -16.986  0.151 0.1428571492
71581  16.133  -15.182  -1.161 0.1428571492
94464  26.492  5.965  1.221 0.1428571492
72609  15.903  -14.681  -1.092 0.1428571492
65723  15.221  -20.988  0.167 0.1428571492
80025  25.133  -7.358  -1.869 0.1428571492
71580  16.513  -15.635  -1.128 0.1428571492
68536  15.179  -18.902  -0.668 0.1428571492
69443  14.958  -17.408  0.991 0.1428571492
71564  16.377  -15.886  -0.686 0.1428571492
62912  15.678  -23.748  1.917 0.1428571492
62933  15.052  -23.852  1.214 0.1428571492
64799  15.990  -21.164  -0.734 0.5714285970
64800  15.863  -21.280  -0.552 0.5714285970
65722  15.466  -21.165  -0.131 0.4285714328
65724  14.851  -20.682  0.293 0.1428571492
65738  15.116  -20.486  0.019 0.4285714328
67610  16.466  -18.845  -0.487 0.2857142985
67612  14.551  -19.079  -0.684 0.1428571492
67613  14.214  -19.401  -0.491 0.2857142985
67625  19.847  -18.350  -1.822 0.2857142985
67632  14.497  -19.640  -0.566 0.2857142985
68566  19.134  -17.525  -2.618 0.2857142985
69500  17.261  -16.898  -0.724 0.2857142985
69524  17.566  -16.742  -1.214 0.5714285970
69539  20.772  -16.875  -3.179 0.1428571492
70531  17.027  -16.779  -0.591 0.2857142985
70532  16.834  -16.695  -0.503 0.2857142985
70553  17.186  -16.965  -0.565 0.1428571492
70555  17.117  -16.336  -0.925 0.1428571492
70580  17.464  -16.437  -1.411 0.5714285970
71595  18.820  -15.620  -2.344 0.5714285970
72645  22.166  -14.328  -2.831 0.1428571492
73628  21.248  -12.901  -1.657 0.2857142985
73674  22.046  -13.534  -2.573 0.1428571492
74656  20.391  -12.625  -1.282 0.7142857313
76768  22.428  -10.793  -2.693 0.1428571492
76769  18.696  -10.203  -3.294 0.4285714328
80075  21.654  -6.774  -3.883 0.5714285970
80076  21.366  -7.136  -4.093 0.7142857313
80078  20.054  -7.314  -3.900 0.7142857313
81136  23.239  -5.872  -3.784 0.5714285970
81149  23.317  -5.730  -4.081 0.5714285970
81150  22.840  -6.030  -4.031 0.5714285970
81151  21.980  -6.294  -3.678 0.5714285970
81154  20.304  -6.878  -4.149 0.7142857313
82270  25.650  -5.856  -0.872 0.2857142985
82297  23.405  -5.543  -3.736 0.8571428657
82312  23.696  -5.459  -4.075 0.5714285970
82313  23.137  -5.446  -4.122 0.5714285970
82314  22.381  -5.577  -3.816 0.5714285970
83411  25.845  -3.896  1.310 0.1428571492
83439  24.602  -3.517  0.263 0.1428571492
83479  21.869  -4.552  -1.992 0.7142857313
83504  23.491  -5.109  -3.708 0.8571428657
83505  22.866  -4.923  -3.749 0.5714285970
83506  22.457  -5.095  -3.946 0.5714285970
83510  18.861  -4.164  -2.881 0.1428571492
83519  23.362  -4.958  -4.146 0.5714285970
83520  22.792  -5.026  -4.194 0.5714285970
83521  22.638  -5.273  -4.088 0.5714285970
84527  25.790  -3.336  1.244 0.1428571492
84546  25.905  -2.909  1.263 0.1428571492
84547  25.360  -3.092  1.029 0.1428571492
84603  22.587  -3.188  -2.058 0.7142857313
85626  26.311  -2.339  1.498 0.1428571492
85663  23.915  -2.412  -0.161 0.4285714328
85695  22.835  -2.688  -2.004 1.0000000000
86660  25.025  -1.424  1.421 0.1428571492
86661  24.520  -1.137  1.348 0.1428571492
86682  23.603  -1.073  0.628 0.8571428657
87761  24.239  -0.893  1.337 0.1428571492
87762  23.758  -0.595  1.155 0.1428571492
87780  22.662  -0.523  0.026 0.8571428657
89940  19.365  1.922  -1.482 0.1428571492
91052  22.195  2.563  -0.733 0.8571428657
92201  24.153  2.740  1.516 0.4285714328
92223  22.656  4.105  -0.275 0.8571428657
92250  21.499  4.137  -1.934 0.8571428657
92252  20.080  4.389  -2.490 0.4285714328
93350  26.318  4.068  1.471 0.1428571492
93375  22.616  4.098  -0.017 0.8571428657
93404  19.956  5.075  -2.709 0.4285714328
93414  19.234  5.166  -2.662 0.1428571492
94456  26.241  6.521  1.294 0.4285714328
94523  19.888  6.201  -2.968 0.1428571492
94524  19.145  5.930  -3.070 0.2857142985
95499  25.946  6.834  1.357 0.4285714328
95500  25.524  6.469  1.137 0.5714285970
95535  18.637  6.267  -0.684 0.1428571492
95548  19.405  6.790  -1.128 0.1428571492
95567  20.120  6.770  -2.884 0.4285714328
96615  20.630  7.098  -1.773 0.1428571492
96618  17.965  7.056  -1.999 0.1428571492
96629  20.169  7.147  -2.489 0.2857142985
96630  19.289  7.269  -2.596 0.2857142985
96642  18.793  7.110  -3.408 0.1428571492
96643  17.726  6.906  -3.693 0.1428571492
97704  18.498  8.245  0.376 0.1428571492
97741  20.623  8.822  -0.877 0.5714285970
100041  27.303  10.905  0.184 0.1428571492
100084  27.462  10.813  -0.637 0.1428571492
100094  19.936  11.048  -2.429 0.5714285970
101130  27.413  11.634  -0.515 0.1428571492
102153  26.805  12.606  -0.351 0.1428571492
102187  27.490  12.140  -1.938 0.1428571492
102192  19.140  12.718  -2.346 0.4285714328
103155  19.378  13.541  -1.351 0.1428571492
103187  27.493  12.634  -1.650 0.1428571492
103189  23.129  14.708  -3.171 0.1428571492
103190  22.340  15.295  -2.855 0.1428571492
103194  18.768  13.648  -2.621 0.2857142985
103204  23.120  14.961  -3.445 0.1428571492
103205  22.585  14.918  -3.529 0.1428571492
103206  21.577  14.830  -3.355 0.1428571492
103207  20.492  14.508  -3.199 0.2857142985
104174  18.861  14.685  -2.372 0.1428571492
104185  22.999  14.960  -2.736 0.1428571492
104188  20.116  15.109  -2.537 0.1428571492
104189  19.179  15.298  -2.711 0.1428571492
104190  18.530  14.721  -3.023 0.1428571492
104201  23.476  15.152  -3.138 0.1428571492
104202  22.773  15.235  -3.531 0.1428571492
104203  21.840  15.120  -3.650 0.1428571492
104204  20.811  14.924  -3.390 0.1428571492
104205  19.835  14.777  -3.416 0.1428571492
104206  19.073  14.734  -3.412 0.2857142985
105094  22.937  15.281  -2.778 0.1428571492
105095  22.095  15.396  -2.837 0.1428571492
105096  21.069  15.167  -3.020 0.1428571492
105097  20.049  15.350  -3.096 0.1428571492
105098  19.230  15.226  -3.278 0.1428571492
105099  18.850  15.042  -3.375 0.1428571492
105109  22.845  15.538  -3.145 0.1428571492
105110  21.979  15.446  -3.365 0.1428571492
105111  20.986  15.094  -3.294 0.1428571492
105113  19.275  15.019  -3.500 0.1428571492
105114  19.027  14.959  -3.524 0.1428571492
137360  18.831  4.518  -1.924 0.1428571492
137475  22.677  6.624  -0.583 0.5714285970
137483  25.753  9.137  1.194 0.5714285970
