#!ascii label  , from subject 3476 vox2ras=TkReg
411
84576  -29.403  -10.787  -17.549 0.0000000000
79966  -26.019  -15.392  -13.678 0.0000000000
79969  -31.700  -15.444  -13.737 0.0000000000
74381  -29.051  -20.220  -12.246 0.0000000000
100373  -26.602  3.257  -20.529 0.0000000000
97141  -29.190  0.230  -19.072 0.0000000000
89077  -26.113  -6.785  -16.893 0.0000000000
69641  -26.801  -24.025  -9.537 0.0000000000
77728  -27.782  -18.032  -13.346 0.0000000000
75516  -26.006  -19.681  -11.941 0.0000000000
99271  -27.674  2.220  -20.322 0.0000000000
95150  -26.473  -1.570  -19.386 0.0000000000
84561  -25.808  -10.994  -15.058 0.0000000000
88024  -23.502  -8.345  -13.573 0.0000000000
88059  -27.600  -8.747  -17.433 0.0000000000
90086  -28.803  -6.197  -19.188 0.0000000000
89062  -30.380  -7.745  -16.843 0.0000000000
86962  -31.046  -9.691  -15.513 0.0000000000
83362  -24.563  -12.341  -13.459 0.0000000000
82295  -27.648  -13.609  -15.355 0.0000000000
82310  -30.627  -13.512  -16.035 0.0000000000
79983  -29.002  -15.448  -15.276 0.0000000000
76627  -30.430  -17.860  -13.583 0.0000000000
75494  -30.823  -19.622  -10.277 0.0000000000
92234  -25.013  -4.407  -16.801 0.0000000000
92262  -27.785  -4.298  -19.402 0.0000000000
95134  -29.639  -1.603  -16.916 0.0000000000
73260  -25.405  -21.497  -10.515 0.0000000000
73263  -28.010  -21.821  -10.968 0.0000000000
76601  -25.362  -18.390  -12.078 0.0000000000
75514  -24.506  -19.347  -11.279 0.0000000000
96126  -26.112  -0.615  -19.139 0.0000000000
94191  -25.095  -2.447  -17.640 0.0000000000
84568  -27.798  -11.439  -16.660 0.0000000000
85764  -26.939  -10.357  -16.329 0.0000000000
85781  -28.825  -9.999  -17.704 0.0000000000
88080  -29.442  -8.238  -18.205 0.0000000000
86983  -30.064  -9.453  -17.616 0.0000000000
88042  -30.730  -9.061  -16.159 0.0000000000
85775  -30.350  -10.531  -17.072 0.0000000000
81097  -24.966  -13.779  -13.365 0.0000000000
82293  -26.156  -13.084  -14.402 0.0000000000
81110  -26.950  -14.753  -14.583 0.0000000000
81112  -28.266  -14.850  -15.231 0.0000000000
79982  -27.839  -15.588  -14.730 0.0000000000
75528  -28.262  -19.431  -12.660 0.0000000000
76625  -28.884  -18.212  -13.519 0.0000000000
75530  -30.022  -19.321  -12.702 0.0000000000
76602  -30.828  -18.971  -12.069 0.0000000000
74373  -29.992  -20.348  -11.572 0.0000000000
99261  -25.433  2.448  -19.125 0.0000000000
100361  -25.301  3.673  -18.813 0.0000000000
101394  -25.749  4.682  -19.784 0.0000000000
102327  -25.649  5.745  -20.490 0.0000000000
101396  -27.331  4.288  -21.057 0.0000000000
98173  -28.667  1.567  -19.681 0.0000000000
88039  -24.780  -7.876  -14.958 0.0000000000
90011  -24.260  -6.294  -14.831 0.0000000000
90031  -25.028  -5.863  -16.022 0.0000000000
92249  -26.205  -4.351  -18.104 0.0000000000
91126  -27.118  -5.367  -18.643 0.0000000000
92252  -29.790  -4.671  -17.317 0.0000000000
93241  -29.357  -3.496  -18.234 0.0000000000
94185  -29.668  -2.708  -16.628 0.0000000000
81128  -31.048  -14.367  -15.291 0.0000000000
83383  -31.483  -12.626  -15.109 0.0000000000
70914  -25.308  -23.507  -9.356 0.0000000000
72177  -25.749  -22.484  -9.981 0.0000000000
73261  -26.276  -21.470  -10.809 0.0000000000
72179  -27.766  -22.978  -10.206 0.0000000000
78794  -25.941  -16.403  -13.212 0.0000000000
78805  -26.883  -16.663  -13.836 0.0000000000
77726  -26.070  -17.524  -12.752 0.0000000000
76612  -26.791  -18.444  -12.687 0.0000000000
75517  -26.790  -19.862  -12.119 0.0000000000
98172  -25.739  1.362  -19.508 0.0000000000
100374  -27.422  3.114  -20.598 0.0000000000
97146  -26.778  0.848  -20.193 0.0000000000
97147  -27.234  0.285  -20.323 0.0000000000
96135  -28.495  -0.771  -20.108 0.0000000000
85732  -23.910  -10.450  -13.668 0.0000000000
86943  -24.791  -9.391  -14.581 0.0000000000
88041  -26.391  -8.579  -16.383 0.0000000000
88070  -27.262  -7.663  -17.621 0.0000000000
90068  -27.937  -6.624  -19.053 0.0000000000
88078  -28.220  -7.695  -18.540 0.0000000000
90049  -29.572  -6.844  -18.200 0.0000000000
91106  -30.267  -5.770  -16.451 0.0000000000
90024  -30.691  -6.947  -15.797 0.0000000000
69632  -27.803  -24.459  -8.742 0.0000000000
70904  -28.275  -23.822  -9.084 0.0000000000
84534  -24.650  -11.644  -13.787 0.0000000000
83393  -27.039  -11.942  -15.719 0.0000000000
83405  -28.750  -12.408  -16.650 0.0000000000
83407  -30.232  -12.509  -16.741 0.0000000000
82309  -29.556  -13.773  -16.458 0.0000000000
81127  -30.283  -14.365  -16.125 0.0000000000
79985  -30.741  -15.646  -14.968 0.0000000000
78807  -28.340  -17.124  -14.211 0.0000000000
77757  -29.737  -16.938  -14.336 0.0000000000
78809  -31.130  -16.575  -13.770 0.0000000000
76617  -31.359  -17.880  -12.679 0.0000000000
76590  -31.698  -18.286  -10.374 0.0000000000
101384  -28.252  4.145  -20.188 0.0000000000
93251  -26.088  -3.312  -18.511 0.0000000000
93268  -27.610  -2.712  -19.760 0.0000000000
95152  -28.610  -1.548  -19.678 0.0000000000
91128  -28.283  -5.168  -19.320 0.0000000000
94204  -29.249  -2.509  -18.604 0.0000000000
96129  -29.337  -0.730  -18.614 0.0000000000
84564  -31.273  -11.703  -15.560 0.0000000000
85733  -31.760  -10.793  -14.034 0.0000000000
74359  -23.844  -20.000  -10.486 0.0000000000
74368  -25.482  -20.116  -11.446 0.0000000000
74369  -26.515  -20.559  -11.569 0.0000000000
73271  -28.400  -21.192  -11.492 0.0000000000
72180  -28.491  -22.897  -10.025 0.0000000000
73264  -29.271  -21.820  -10.700 0.0000000000
74363  -29.684  -20.792  -11.222 0.0000000000
94184  -24.598  -2.547  -16.870 0.0000000000
84569  -28.422  -11.374  -17.122 0.0000000000
85774  -28.489  -10.674  -17.421 0.0000000000
84575  -28.866  -10.913  -17.467 0.0000000000
85786  -29.271  -9.668  -17.823 0.0000000000
85783  -30.034  -10.180  -17.628 0.0000000000
84577  -29.909  -10.632  -17.562 0.0000000000
79954  -25.187  -15.274  -13.081 0.0000000000
81084  -25.071  -14.670  -13.192 0.0000000000
81098  -25.451  -14.380  -13.531 0.0000000000
82279  -26.044  -13.797  -14.100 0.0000000000
81099  -26.356  -14.620  -14.149 0.0000000000
79981  -27.280  -15.139  -14.653 0.0000000000
79967  -26.857  -15.575  -14.260 0.0000000000
76614  -28.664  -18.872  -13.057 0.0000000000
75529  -29.334  -19.721  -12.559 0.0000000000
75518  -29.814  -20.014  -12.240 0.0000000000
74372  -29.553  -20.360  -11.957 0.0000000000
100372  -25.825  3.429  -19.882 0.0000000000
101407  -26.017  5.014  -20.733 0.0000000000
101409  -26.917  4.925  -21.443 0.0000000000
97140  -28.722  0.736  -19.736 0.0000000000
99263  -28.859  2.265  -19.218 0.0000000000
98174  -29.134  1.310  -19.156 0.0000000000
98175  -29.332  1.054  -18.189 0.0000000000
89060  -25.697  -7.141  -16.395 0.0000000000
89046  -24.765  -7.132  -15.258 0.0000000000
90023  -25.239  -6.477  -16.070 0.0000000000
90022  -24.738  -6.231  -15.536 0.0000000000
90032  -25.539  -6.145  -16.584 0.0000000000
91113  -26.203  -5.366  -17.635 0.0000000000
90047  -26.816  -6.227  -17.883 0.0000000000
92237  -30.071  -4.456  -16.731 0.0000000000
93232  -29.954  -3.513  -16.504 0.0000000000
81113  -31.790  -14.547  -14.413 0.0000000000
82296  -31.653  -13.585  -14.742 0.0000000000
81100  -32.019  -14.643  -13.782 0.0000000000
69640  -26.052  -24.159  -9.390 0.0000000000
70915  -26.344  -23.440  -9.740 0.0000000000
72178  -26.872  -22.824  -10.140 0.0000000000
70916  -27.244  -23.512  -9.842 0.0000000000
77725  -25.562  -16.886  -12.628 0.0000000000
77711  -25.101  -17.384  -12.143 0.0000000000
75525  -25.781  -18.982  -12.119 0.0000000000
76611  -25.999  -18.401  -12.385 0.0000000000
75526  -26.445  -19.132  -12.296 0.0000000000
75527  -27.380  -19.387  -12.459 0.0000000000
98179  -26.461  1.418  -20.102 0.0000000000
97132  -25.575  0.339  -18.957 0.0000000000
97139  -26.773  -0.199  -20.083 0.0000000000
96133  -27.015  -0.708  -20.213 0.0000000000
96134  -27.721  -0.708  -20.371 0.0000000000
95159  -27.314  -1.528  -20.082 0.0000000000
85748  -24.570  -10.336  -14.269 0.0000000000
85749  -25.372  -10.272  -14.786 0.0000000000
86973  -27.441  -9.289  -17.134 0.0000000000
86960  -26.270  -9.324  -15.932 0.0000000000
88058  -27.015  -8.236  -17.088 0.0000000000
88071  -27.880  -8.212  -17.970 0.0000000000
88081  -29.716  -8.360  -17.951 0.0000000000
89080  -29.591  -7.600  -18.199 0.0000000000
89081  -29.909  -7.412  -17.611 0.0000000000
90050  -29.827  -6.343  -17.412 0.0000000000
90033  -30.255  -6.842  -16.845 0.0000000000
88043  -31.013  -8.519  -15.482 0.0000000000
88027  -31.290  -8.733  -14.669 0.0000000000
69612  -27.382  -25.023  -8.399 0.0000000000
69613  -28.159  -24.738  -7.889 0.0000000000
83382  -27.233  -13.084  -15.284 0.0000000000
83381  -26.655  -12.471  -15.136 0.0000000000
83394  -27.745  -12.492  -15.968 0.0000000000
83395  -28.485  -12.987  -16.210 0.0000000000
82322  -29.297  -12.897  -16.640 0.0000000000
82307  -28.326  -13.535  -15.844 0.0000000000
79998  -29.254  -14.856  -15.850 0.0000000000
79999  -29.768  -15.067  -15.843 0.0000000000
80000  -30.520  -15.130  -15.561 0.0000000000
79984  -30.030  -15.850  -15.344 0.0000000000
77741  -27.425  -17.233  -13.837 0.0000000000
78806  -27.763  -16.844  -14.203 0.0000000000
77742  -28.048  -17.644  -13.800 0.0000000000
76626  -29.771  -18.130  -13.602 0.0000000000
77743  -29.060  -17.391  -14.112 0.0000000000
77744  -29.984  -17.440  -13.975 0.0000000000
78808  -30.754  -16.758  -14.041 0.0000000000
77746  -31.051  -17.164  -13.527 0.0000000000
77730  -31.364  -17.147  -13.060 0.0000000000
75520  -30.895  -19.066  -11.685 0.0000000000
76603  -31.369  -18.395  -11.751 0.0000000000
75507  -31.003  -19.153  -10.967 0.0000000000
101383  -27.841  3.639  -20.622 0.0000000000
100362  -28.044  3.081  -20.248 0.0000000000
88013  -22.790  -8.433  -12.773 0.0000000000
92217  -24.001  -4.403  -15.348 0.0000000000
92218  -24.449  -4.447  -16.059 0.0000000000
92248  -25.413  -3.887  -17.364 0.0000000000
92261  -26.970  -4.357  -18.874 0.0000000000
92260  -26.490  -3.840  -18.607 0.0000000000
93253  -27.245  -3.280  -19.516 0.0000000000
94212  -28.178  -2.236  -19.798 0.0000000000
93254  -28.139  -3.162  -19.605 0.0000000000
90085  -28.328  -6.358  -19.237 0.0000000000
91144  -28.109  -5.782  -19.322 0.0000000000
91129  -29.015  -5.379  -18.988 0.0000000000
94193  -29.462  -2.599  -17.617 0.0000000000
95143  -29.465  -1.619  -18.100 0.0000000000
96122  -29.512  -0.695  -17.665 0.0000000000
96114  -29.659  -0.546  -16.778 0.0000000000
83396  -30.514  -12.867  -16.345 0.0000000000
84572  -30.653  -11.636  -16.473 0.0000000000
83397  -30.877  -12.600  -15.913 0.0000000000
84553  -31.714  -11.730  -14.630 0.0000000000
73259  -24.620  -21.299  -10.306 0.0000000000
74351  -24.215  -20.972  -10.241 0.0000000000
74360  -24.617  -20.392  -10.760 0.0000000000
74361  -25.760  -20.862  -11.068 0.0000000000
73262  -27.101  -21.650  -10.832 0.0000000000
73269  -26.729  -21.178  -11.148 0.0000000000
73270  -27.415  -21.150  -11.357 0.0000000000
70918  -28.667  -23.147  -9.371 0.0000000000
76600  -24.574  -18.370  -11.623 0.0000000000
75515  -25.207  -19.253  -11.731 0.0000000000
96121  -25.547  -0.610  -18.352 0.0000000000
95142  -25.329  -1.560  -17.960 0.0000000000
95149  -25.879  -1.556  -18.692 0.0000000000
94192  -25.629  -2.460  -18.325 0.0000000000
84563  -27.245  -11.426  -16.160 0.0000000000
85763  -26.074  -10.282  -15.487 0.0000000000
85773  -27.842  -10.322  -17.192 0.0000000000
85780  -28.272  -9.693  -17.578 0.0000000000
88072  -28.498  -8.705  -18.104 0.0000000000
86987  -28.856  -9.138  -18.012 0.0000000000
86988  -29.394  -9.176  -17.963 0.0000000000
88074  -30.031  -8.368  -17.605 0.0000000000
88060  -30.491  -8.737  -16.915 0.0000000000
86974  -30.557  -9.621  -16.765 0.0000000000
85766  -30.688  -10.200  -16.325 0.0000000000
82277  -24.531  -13.245  -13.131 0.0000000000
82278  -25.330  -13.132  -13.792 0.0000000000
82294  -26.832  -13.756  -14.736 0.0000000000
81124  -28.137  -14.193  -15.410 0.0000000000
81111  -27.557  -14.567  -14.959 0.0000000000
76613  -27.749  -18.575  -12.958 0.0000000000
76624  -28.221  -18.265  -13.329 0.0000000000
76615  -29.563  -18.870  -13.118 0.0000000000
76616  -30.609  -18.634  -12.848 0.0000000000
75519  -30.362  -19.708  -11.932 0.0000000000
75506  -30.623  -19.859  -10.886 0.0000000000
99253  -24.892  2.533  -17.781 0.0000000000
102344  -27.130  5.237  -21.367 0.0000000000
98181  -28.046  1.229  -20.168 0.0000000000
99262  -28.321  2.252  -19.893 0.0000000000
90010  -23.686  -6.315  -14.156 0.0000000000
91071  -24.260  -5.603  -15.091 0.0000000000
91104  -25.003  -5.242  -16.361 0.0000000000
92235  -25.691  -4.680  -17.374 0.0000000000
92250  -26.762  -4.881  -18.446 0.0000000000
91115  -29.469  -5.825  -18.121 0.0000000000
92251  -29.537  -4.614  -17.943 0.0000000000
93231  -29.678  -3.679  -17.272 0.0000000000
82311  -31.109  -13.344  -15.395 0.0000000000
83364  -31.814  -12.721  -14.200 0.0000000000
73253  -24.846  -21.957  -10.055 0.0000000000
72187  -26.595  -22.098  -10.428 0.0000000000
72188  -27.466  -22.311  -10.510 0.0000000000
78804  -26.409  -16.021  -13.759 0.0000000000
78795  -26.479  -17.082  -13.309 0.0000000000
77727  -27.130  -17.668  -13.339 0.0000000000
77712  -25.627  -17.923  -12.335 0.0000000000
74379  -27.966  -19.824  -12.379 0.0000000000
98164  -24.687  1.229  -17.559 0.0000000000
98165  -25.131  1.365  -18.544 0.0000000000
99269  -26.082  2.352  -20.006 0.0000000000
99270  -26.890  2.281  -20.377 0.0000000000
98180  -27.175  1.378  -20.306 0.0000000000
97138  -26.345  0.329  -19.835 0.0000000000
97148  -28.236  0.126  -20.253 0.0000000000
97149  -28.841  -0.080  -19.837 0.0000000000
86959  -25.544  -9.331  -15.207 0.0000000000
88026  -25.031  -8.599  -14.918 0.0000000000
88040  -25.569  -8.096  -15.686 0.0000000000
88057  -26.199  -7.906  -16.505 0.0000000000
89078  -26.730  -7.090  -17.385 0.0000000000
90048  -27.297  -6.530  -18.367 0.0000000000
89079  -27.299  -7.143  -18.004 0.0000000000
89092  -27.755  -7.116  -18.615 0.0000000000
89100  -28.901  -6.795  -19.080 0.0000000000
88079  -28.752  -8.268  -18.450 0.0000000000
89094  -29.185  -7.367  -18.672 0.0000000000
90069  -29.204  -6.418  -18.786 0.0000000000
91116  -29.801  -5.279  -17.317 0.0000000000
92223  -30.493  -4.759  -15.686 0.0000000000
91094  -30.618  -5.805  -15.400 0.0000000000
89048  -30.706  -8.126  -16.112 0.0000000000
79955  -31.816  -15.429  -12.598 0.0000000000
69631  -26.778  -24.697  -8.988 0.0000000000
70903  -27.529  -24.070  -9.389 0.0000000000
84550  -24.420  -11.047  -13.915 0.0000000000
84551  -25.215  -11.304  -14.386 0.0000000000
83380  -25.768  -12.295  -14.406 0.0000000000
84552  -26.007  -11.679  -14.898 0.0000000000
84562  -26.526  -11.325  -15.560 0.0000000000
83404  -28.187  -11.941  -16.618 0.0000000000
84570  -29.167  -11.595  -17.220 0.0000000000
84571  -29.959  -11.502  -17.233 0.0000000000
83406  -29.544  -12.383  -16.888 0.0000000000
82323  -29.765  -13.264  -16.628 0.0000000000
81136  -30.190  -13.686  -16.418 0.0000000000
81125  -28.776  -14.417  -15.796 0.0000000000
81126  -29.498  -14.330  -16.240 0.0000000000
79986  -31.285  -15.202  -14.701 0.0000000000
79968  -27.428  -16.207  -14.312 0.0000000000
78817  -27.880  -16.299  -14.468 0.0000000000
78818  -28.568  -16.489  -14.526 0.0000000000
77756  -29.211  -16.807  -14.446 0.0000000000
78819  -29.498  -16.380  -14.779 0.0000000000
78820  -30.459  -16.515  -14.458 0.0000000000
78821  -31.109  -15.904  -14.361 0.0000000000
78796  -31.590  -16.292  -12.857 0.0000000000
77713  -31.808  -17.121  -12.032 0.0000000000
101397  -27.937  4.738  -20.693 0.0000000000
100363  -28.475  3.137  -19.557 0.0000000000
93239  -25.052  -3.143  -17.343 0.0000000000
93240  -25.556  -3.285  -17.894 0.0000000000
94200  -26.210  -2.468  -18.932 0.0000000000
93252  -26.621  -3.305  -18.994 0.0000000000
94201  -26.728  -2.497  -19.464 0.0000000000
95160  -28.027  -1.531  -20.150 0.0000000000
96128  -29.039  -0.758  -19.472 0.0000000000
90067  -27.492  -6.176  -18.820 0.0000000000
91127  -27.627  -5.350  -19.135 0.0000000000
92263  -28.584  -4.275  -19.267 0.0000000000
92264  -29.139  -4.227  -18.762 0.0000000000
93255  -28.944  -3.349  -19.058 0.0000000000
94203  -28.708  -2.395  -19.308 0.0000000000
95153  -29.149  -1.598  -19.023 0.0000000000
97142  -29.327  0.026  -18.182 0.0000000000
85776  -30.643  -10.815  -16.460 0.0000000000
85767  -30.978  -10.811  -15.911 0.0000000000
85750  -31.489  -10.745  -15.046 0.0000000000
74367  -24.937  -19.785  -11.327 0.0000000000
74370  -27.712  -20.362  -12.005 0.0000000000
74371  -28.745  -20.584  -11.979 0.0000000000
70917  -28.053  -23.489  -9.734 0.0000000000
72189  -28.337  -22.454  -10.527 0.0000000000
72181  -29.082  -22.572  -9.816 0.0000000000
72190  -28.830  -22.479  -10.299 0.0000000000
73272  -29.164  -21.011  -11.524 0.0000000000
72186  -26.010  -21.897  -10.441 0.0000000000
74362  -26.318  -21.031  -11.162 0.0000000000
74380  -28.515  -20.050  -12.330 0.0000000000
77729  -30.978  -17.698  -13.330 0.0000000000
77745  -30.641  -17.148  -13.873 0.0000000000
77758  -30.203  -17.008  -14.148 0.0000000000
80001  -30.909  -15.105  -15.156 0.0000000000
81135  -29.872  -13.928  -16.462 0.0000000000
82308  -29.047  -13.486  -16.374 0.0000000000
82324  -30.274  -13.192  -16.474 0.0000000000
83363  -25.148  -12.121  -13.917 0.0000000000
83408  -30.584  -12.426  -16.414 0.0000000000
84533  -23.833  -11.463  -13.319 0.0000000000
85765  -27.416  -10.923  -16.652 0.0000000000
85772  -27.273  -9.834  -16.853 0.0000000000
85782  -29.591  -9.953  -17.779 0.0000000000
85785  -29.109  -9.495  -17.886 0.0000000000
86961  -30.726  -9.650  -16.190 0.0000000000
86972  -26.897  -9.282  -16.631 0.0000000000
86980  -27.932  -9.245  -17.532 0.0000000000
86981  -28.412  -9.163  -17.823 0.0000000000
86982  -29.667  -9.547  -17.797 0.0000000000
86989  -29.702  -8.733  -17.879 0.0000000000
88025  -24.267  -8.320  -14.364 0.0000000000
88073  -29.736  -8.017  -17.963 0.0000000000
89047  -25.194  -7.017  -15.799 0.0000000000
89061  -26.370  -7.424  -16.851 0.0000000000
89093  -28.462  -7.138  -18.924 0.0000000000
89099  -28.627  -6.644  -19.165 0.0000000000
90046  -26.159  -6.165  -17.250 0.0000000000
90066  -27.100  -5.947  -18.388 0.0000000000
90084  -27.855  -6.094  -19.191 0.0000000000
91105  -25.609  -5.335  -16.994 0.0000000000
91114  -26.718  -5.369  -18.177 0.0000000000
91145  -28.566  -5.803  -19.291 0.0000000000
91146  -28.816  -5.814  -19.227 0.0000000000
92236  -29.781  -4.352  -17.314 0.0000000000
93230  -24.795  -3.472  -16.894 0.0000000000
93269  -27.884  -2.574  -19.813 0.0000000000
94202  -27.214  -2.353  -19.803 0.0000000000
94211  -27.683  -2.162  -19.939 0.0000000000
95151  -26.867  -1.864  -19.795 0.0000000000
95158  -26.845  -1.275  -19.873 0.0000000000
96127  -26.630  -0.667  -19.739 0.0000000000
