#!ascii label  , from subject 3476 vox2ras=TkReg
1150
57097  33.468  -31.936  48.511 0.0000000000
79830  45.794  -12.655  35.178 0.0000000000
68456  36.094  -22.330  40.580 0.0000000000
49916  13.492  -38.126  60.480 0.0000000000
61621  27.857  -28.589  53.997 0.0000000000
75463  36.944  -16.221  41.297 0.0000000000
55756  20.283  -34.155  55.336 0.0000000000
51035  18.723  -37.885  58.680 0.0000000000
55801  23.784  -32.990  53.342 0.0000000000
79844  49.694  -12.869  33.698 0.0000000000
62775  35.955  -27.748  48.248 0.0000000000
64912  34.334  -25.593  46.329 0.0000000000
60607  38.732  -29.757  48.756 0.0000000000
84993  46.595  -7.312  33.725 0.0000000000
85010  48.535  -8.222  30.731 0.0000000000
79810  42.298  -12.487  37.269 0.0000000000
75526  45.402  -17.505  36.555 0.0000000000
75498  40.860  -16.747  38.316 0.0000000000
69725  41.352  -21.778  40.012 0.0000000000
56991  32.484  -32.021  53.761 0.0000000000
46582  12.901  -41.574  63.887 0.0000000000
45412  9.991  -42.394  66.598 0.0000000000
46497  8.274  -41.300  70.454 0.0000000000
60571  31.123  -28.465  50.780 0.0000000000
57010  28.447  -32.503  53.161 0.0000000000
69667  31.521  -20.991  45.203 0.0000000000
67249  37.712  -23.819  45.576 0.0000000000
89247  51.466  -3.649  29.426 0.0000000000
78787  47.779  -13.016  34.591 0.0000000000
77657  48.021  -15.301  35.566 0.0000000000
59478  35.134  -30.142  47.455 0.0000000000
59502  36.079  -29.932  46.383 0.0000000000
58279  36.719  -31.378  48.406 0.0000000000
81906  44.304  -10.138  35.965 0.0000000000
83918  46.236  -7.985  36.229 0.0000000000
81915  45.543  -10.441  34.539 0.0000000000
81930  47.502  -10.706  33.436 0.0000000000
42154  7.514  -45.560  70.861 0.0000000000
77634  40.735  -14.245  37.880 0.0000000000
78721  39.414  -13.960  39.201 0.0000000000
72104  36.320  -19.431  40.772 0.0000000000
72102  38.348  -19.432  39.955 0.0000000000
68465  38.763  -22.121  40.116 0.0000000000
66095  39.315  -24.957  42.136 0.0000000000
49931  15.790  -37.993  59.669 0.0000000000
49894  18.177  -38.541  61.294 0.0000000000
49897  15.301  -39.015  61.193 0.0000000000
48769  14.954  -40.128  63.752 0.0000000000
48815  12.816  -39.554  61.643 0.0000000000
48753  11.083  -39.477  66.348 0.0000000000
46523  9.462  -41.434  69.352 0.0000000000
62716  29.508  -27.196  52.535 0.0000000000
59429  29.301  -29.584  51.697 0.0000000000
60575  26.872  -29.778  51.625 0.0000000000
54575  23.735  -34.454  56.766 0.0000000000
54573  25.843  -34.491  56.463 0.0000000000
64883  37.890  -25.734  47.951 0.0000000000
67204  35.383  -24.150  46.563 0.0000000000
77588  38.693  -13.940  42.345 0.0000000000
73209  36.491  -17.862  42.662 0.0000000000
70924  35.161  -19.727  41.944 0.0000000000
53377  21.606  -35.813  56.949 0.0000000000
52192  21.111  -36.942  58.747 0.0000000000
52217  19.953  -36.420  57.278 0.0000000000
52208  17.541  -36.620  58.070 0.0000000000
53292  15.645  -35.726  60.144 0.0000000000
59417  25.786  -31.178  52.760 0.0000000000
58184  24.034  -31.301  53.942 0.0000000000
55803  21.959  -32.923  54.161 0.0000000000
64857  34.909  -25.399  50.094 0.0000000000
65981  32.361  -24.288  49.075 0.0000000000
62786  34.449  -27.164  47.032 0.0000000000
62784  37.429  -27.585  46.675 0.0000000000
87232  48.713  -5.287  31.596 0.0000000000
85012  47.315  -7.959  31.821 0.0000000000
82920  48.848  -10.168  32.543 0.0000000000
79819  44.063  -12.676  35.982 0.0000000000
76574  45.415  -15.790  36.109 0.0000000000
77645  43.195  -14.960  36.562 0.0000000000
74379  43.123  -17.780  37.512 0.0000000000
74337  42.924  -18.993  38.559 0.0000000000
75481  38.802  -16.331  39.440 0.0000000000
73229  41.214  -19.162  39.235 0.0000000000
57042  32.900  -32.504  51.022 0.0000000000
57039  36.077  -32.982  51.335 0.0000000000
81884  44.269  -10.057  37.899 0.0000000000
50973  12.493  -37.661  63.670 0.0000000000
48771  11.326  -39.315  64.117 0.0000000000
45445  10.667  -42.705  65.258 0.0000000000
44259  11.383  -43.946  67.221 0.0000000000
43168  9.314  -44.729  68.286 0.0000000000
44196  8.074  -43.995  70.300 0.0000000000
45346  7.547  -42.474  71.260 0.0000000000
46478  6.274  -41.163  71.342 0.0000000000
59482  32.039  -30.715  48.810 0.0000000000
58235  30.386  -30.804  50.876 0.0000000000
58180  29.958  -31.294  54.245 0.0000000000
55816  26.367  -33.128  52.126 0.0000000000
68443  33.592  -21.898  42.327 0.0000000000
67205  31.210  -23.968  46.418 0.0000000000
67277  33.030  -23.776  43.888 0.0000000000
66077  36.418  -25.038  42.963 0.0000000000
58230  39.608  -31.724  51.509 0.0000000000
87275  52.265  -5.378  27.240 0.0000000000
87244  49.578  -5.345  30.157 0.0000000000
86192  51.042  -6.628  28.568 0.0000000000
79829  46.450  -12.761  35.030 0.0000000000
78770  48.151  -13.815  34.898 0.0000000000
77676  46.647  -14.163  35.488 0.0000000000
58281  34.781  -31.480  47.765 0.0000000000
58298  35.314  -31.170  47.354 0.0000000000
57095  35.139  -32.141  48.417 0.0000000000
80921  44.755  -11.184  35.268 0.0000000000
81916  44.798  -10.481  35.236 0.0000000000
80920  45.347  -11.455  34.996 0.0000000000
80919  46.218  -11.399  34.395 0.0000000000
43140  6.816  -44.619  71.421 0.0000000000
78702  40.098  -12.863  40.085 0.0000000000
78689  40.350  -12.658  41.341 0.0000000000
69740  36.518  -21.310  40.371 0.0000000000
69739  37.379  -21.240  40.194 0.0000000000
68454  38.131  -22.940  40.351 0.0000000000
67321  39.618  -23.712  40.844 0.0000000000
67323  37.431  -23.736  40.787 0.0000000000
51014  14.976  -37.944  59.909 0.0000000000
49913  16.006  -38.602  60.356 0.0000000000
49898  14.317  -38.968  60.880 0.0000000000
48814  13.722  -39.525  61.425 0.0000000000
49899  13.310  -38.700  60.936 0.0000000000
62707  28.691  -27.512  54.080 0.0000000000
62729  27.933  -27.647  52.296 0.0000000000
61646  27.286  -28.304  52.363 0.0000000000
54555  23.307  -34.749  57.867 0.0000000000
69599  32.485  -21.475  50.400 0.0000000000
67167  38.187  -24.304  48.702 0.0000000000
73210  35.974  -18.616  42.146 0.0000000000
72071  35.868  -18.557  43.905 0.0000000000
54594  20.844  -34.896  55.250 0.0000000000
53378  20.800  -35.917  56.520 0.0000000000
53379  19.958  -35.844  56.689 0.0000000000
53351  18.179  -35.669  58.398 0.0000000000
53329  17.848  -35.540  59.048 0.0000000000
53331  16.572  -35.879  59.453 0.0000000000
58183  25.100  -31.352  54.150 0.0000000000
56978  20.835  -32.145  55.532 0.0000000000
58170  21.360  -31.540  54.859 0.0000000000
55781  20.706  -33.595  54.894 0.0000000000
54593  21.845  -34.882  55.363 0.0000000000
63823  34.525  -26.336  48.237 0.0000000000
62776  35.306  -27.268  47.896 0.0000000000
60624  37.693  -29.819  47.677 0.0000000000
61717  36.350  -28.790  45.846 0.0000000000
60633  37.974  -28.843  47.441 0.0000000000
62774  38.645  -27.577  47.848 0.0000000000
61687  40.033  -28.322  49.046 0.0000000000
84994  46.234  -7.521  34.570 0.0000000000
86147  47.655  -6.102  32.701 0.0000000000
85003  46.903  -7.694  32.571 0.0000000000
80933  48.332  -11.576  33.541 0.0000000000
81929  48.568  -10.710  33.101 0.0000000000
80932  49.330  -11.456  33.287 0.0000000000
79821  42.871  -12.374  36.918 0.0000000000
78759  43.567  -13.346  36.329 0.0000000000
78748  42.332  -13.573  36.976 0.0000000000
76544  40.970  -15.223  37.867 0.0000000000
76543  41.639  -15.752  37.628 0.0000000000
75497  41.643  -17.142  37.958 0.0000000000
74359  43.477  -18.607  38.079 0.0000000000
74361  41.252  -17.693  38.469 0.0000000000
76509  37.363  -15.220  41.555 0.0000000000
77612  37.821  -14.648  40.873 0.0000000000
75482  37.756  -16.258  40.057 0.0000000000
70945  39.941  -20.519  39.824 0.0000000000
73230  40.070  -18.777  39.381 0.0000000000
70935  41.604  -20.825  39.865 0.0000000000
72098  42.372  -20.079  39.532 0.0000000000
57025  32.902  -32.421  52.100 0.0000000000
55813  34.258  -33.117  52.363 0.0000000000
79794  43.531  -11.148  39.156 0.0000000000
80891  43.358  -10.897  37.870 0.0000000000
80901  43.323  -11.189  36.826 0.0000000000
51024  20.060  -37.877  59.580 0.0000000000
51013  19.596  -38.183  60.368 0.0000000000
47677  13.648  -41.248  63.987 0.0000000000
47665  14.573  -40.558  65.515 0.0000000000
47666  13.977  -41.290  65.019 0.0000000000
46559  12.868  -42.252  64.997 0.0000000000
50958  12.449  -37.470  64.719 0.0000000000
48783  11.682  -39.003  63.565 0.0000000000
49836  11.502  -38.791  64.869 0.0000000000
47658  10.436  -40.939  66.374 0.0000000000
47668  10.425  -41.270  65.349 0.0000000000
45428  10.162  -42.700  65.908 0.0000000000
44293  10.946  -43.341  65.705 0.0000000000
44277  10.330  -43.532  66.299 0.0000000000
43180  10.030  -44.571  67.607 0.0000000000
44260  9.430  -43.503  67.427 0.0000000000
46511  8.764  -41.610  70.122 0.0000000000
45378  8.800  -43.238  69.357 0.0000000000
45364  8.623  -42.731  70.083 0.0000000000
44172  8.005  -43.238  70.902 0.0000000000
46498  7.813  -41.590  70.916 0.0000000000
60570  31.844  -28.900  51.245 0.0000000000
59444  32.494  -30.001  49.946 0.0000000000
60612  31.194  -29.662  49.369 0.0000000000
58264  31.022  -30.925  49.306 0.0000000000
59445  30.132  -30.225  50.074 0.0000000000
59414  28.835  -30.311  52.365 0.0000000000
59397  29.430  -30.292  52.707 0.0000000000
58201  29.094  -31.204  53.332 0.0000000000
57031  24.394  -32.237  52.699 0.0000000000
57029  25.964  -32.177  51.692 0.0000000000
55800  24.930  -33.398  53.249 0.0000000000
54588  27.269  -34.855  55.363 0.0000000000
75547  45.950  -16.740  36.262 0.0000000000
75546  46.994  -16.770  36.281 0.0000000000
75525  46.452  -17.553  36.660 0.0000000000
70881  32.340  -19.723  45.296 0.0000000000
70915  33.537  -20.386  43.261 0.0000000000
69704  32.557  -21.462  43.823 0.0000000000
64899  32.585  -25.506  47.199 0.0000000000
65994  31.594  -24.393  47.556 0.0000000000
66022  32.588  -25.010  46.305 0.0000000000
67225  35.854  -23.912  46.213 0.0000000000
67252  34.332  -24.119  45.050 0.0000000000
67275  35.081  -24.438  44.219 0.0000000000
66079  34.536  -24.488  42.824 0.0000000000
66053  36.873  -24.841  43.880 0.0000000000
66051  39.022  -24.917  43.997 0.0000000000
58232  37.842  -32.353  51.070 0.0000000000
88271  51.595  -4.828  28.243 0.0000000000
86165  48.176  -7.035  30.667 0.0000000000
87245  48.881  -5.695  30.617 0.0000000000
86164  48.754  -6.642  30.273 0.0000000000
85034  50.992  -8.103  29.298 0.0000000000
84002  51.835  -8.508  29.239 0.0000000000
56941  20.637  -32.611  57.015 0.0000000000
55737  19.872  -34.287  56.747 0.0000000000
79845  48.879  -12.770  33.811 0.0000000000
78768  50.217  -14.281  34.403 0.0000000000
78769  49.075  -14.194  34.595 0.0000000000
60625  35.954  -28.801  48.113 0.0000000000
61706  35.295  -28.327  47.131 0.0000000000
59492  35.465  -30.313  47.074 0.0000000000
59491  36.384  -30.521  47.053 0.0000000000
59458  37.965  -30.739  48.935 0.0000000000
83904  46.471  -8.589  36.910 0.0000000000
82898  45.065  -9.044  36.044 0.0000000000
83929  45.562  -8.177  34.917 0.0000000000
83944  46.038  -8.394  33.782 0.0000000000
83943  46.738  -8.628  32.911 0.0000000000
81931  46.877  -10.428  33.582 0.0000000000
80917  47.809  -11.655  33.759 0.0000000000
42153  8.391  -45.769  70.578 0.0000000000
79779  41.983  -12.025  38.781 0.0000000000
78749  41.670  -13.156  37.412 0.0000000000
78739  40.903  -13.278  37.995 0.0000000000
78740  40.387  -13.872  38.222 0.0000000000
76531  39.627  -15.182  38.856 0.0000000000
73233  36.797  -18.464  40.520 0.0000000000
73232  37.673  -18.383  39.895 0.0000000000
72103  37.277  -19.411  40.149 0.0000000000
70946  38.898  -20.413  40.019 0.0000000000
68463  40.325  -22.100  39.988 0.0000000000
67320  40.789  -23.821  41.063 0.0000000000
67307  41.425  -24.305  41.607 0.0000000000
56974  32.313  -32.009  54.949 0.0000000000
49929  17.500  -38.480  59.591 0.0000000000
49910  18.758  -38.453  60.388 0.0000000000
49912  16.939  -38.696  60.363 0.0000000000
49881  16.710  -38.917  62.060 0.0000000000
49866  16.270  -39.115  62.751 0.0000000000
47686  14.091  -40.609  63.189 0.0000000000
47687  12.985  -41.084  63.077 0.0000000000
49821  11.448  -38.598  65.913 0.0000000000
48746  10.768  -39.979  67.666 0.0000000000
46530  10.091  -41.547  67.942 0.0000000000
45395  9.490  -42.649  67.934 0.0000000000
46522  9.943  -41.184  68.796 0.0000000000
47628  9.300  -40.207  69.718 0.0000000000
47620  8.504  -40.304  70.179 0.0000000000
61644  30.244  -27.486  51.971 0.0000000000
61676  30.164  -28.673  50.494 0.0000000000
62742  29.205  -27.810  51.232 0.0000000000
60574  27.689  -29.666  51.572 0.0000000000
58236  27.957  -30.981  51.770 0.0000000000
55754  23.645  -33.941  54.974 0.0000000000
54608  24.942  -33.963  54.613 0.0000000000
54574  24.801  -34.386  56.608 0.0000000000
74377  45.180  -18.517  37.741 0.0000000000
70858  31.190  -21.068  47.287 0.0000000000
64896  36.270  -25.554  46.943 0.0000000000
66020  34.956  -24.762  46.453 0.0000000000
66004  36.029  -24.542  47.305 0.0000000000
67202  36.984  -23.764  47.710 0.0000000000
88242  50.551  -3.775  30.798 0.0000000000
43134  5.145  -44.342  72.016 0.0000000000
76500  39.033  -14.674  43.391 0.0000000000
75447  37.493  -15.629  42.529 0.0000000000
74324  36.576  -16.951  41.723 0.0000000000
73221  36.138  -18.583  41.565 0.0000000000
70936  35.563  -20.280  41.189 0.0000000000
69727  35.715  -21.299  40.745 0.0000000000
53364  22.385  -35.379  57.922 0.0000000000
53348  22.045  -35.979  58.996 0.0000000000
53365  21.701  -36.262  58.086 0.0000000000
52205  20.175  -36.924  57.891 0.0000000000
51046  19.285  -37.247  58.152 0.0000000000
53366  19.381  -35.597  57.382 0.0000000000
52207  18.186  -36.553  57.959 0.0000000000
51036  17.834  -37.646  58.488 0.0000000000
52195  16.539  -36.866  58.733 0.0000000000
52180  15.232  -36.905  59.536 0.0000000000
52146  14.414  -36.234  60.587 0.0000000000
59399  26.668  -30.034  53.129 0.0000000000
58203  25.703  -31.289  53.544 0.0000000000
58204  25.124  -31.492  53.192 0.0000000000
57011  23.734  -32.232  52.997 0.0000000000
58169  22.150  -30.671  55.080 0.0000000000
58207  22.533  -31.706  53.686 0.0000000000
55802  22.783  -32.923  53.932 0.0000000000
55755  22.879  -34.017  54.835 0.0000000000
53385  22.528  -34.820  56.443 0.0000000000
67151  34.181  -24.212  51.536 0.0000000000
67153  32.869  -23.489  50.407 0.0000000000
65979  33.852  -24.712  49.949 0.0000000000
64885  33.128  -25.623  48.111 0.0000000000
63846  33.907  -26.399  46.511 0.0000000000
61731  35.145  -28.518  45.806 0.0000000000
62811  35.127  -27.846  45.659 0.0000000000
63844  35.552  -26.458  46.050 0.0000000000
63831  37.697  -26.613  47.252 0.0000000000
64881  39.318  -26.117  48.379 0.0000000000
87223  48.330  -5.567  33.274 0.0000000000
86156  47.666  -6.468  31.524 0.0000000000
85011  47.790  -7.717  31.146 0.0000000000
82921  47.703  -9.783  32.764 0.0000000000
82930  48.269  -9.609  32.183 0.0000000000
78774  44.677  -12.801  35.658 0.0000000000
77677  45.901  -13.932  35.609 0.0000000000
78758  44.504  -13.659  35.985 0.0000000000
76575  44.285  -15.818  36.258 0.0000000000
75549  44.378  -16.589  36.444 0.0000000000
77647  41.567  -14.369  37.324 0.0000000000
75529  42.972  -16.336  37.088 0.0000000000
74396  43.890  -17.589  36.996 0.0000000000
74378  44.140  -18.306  37.573 0.0000000000
74335  44.946  -19.185  38.990 0.0000000000
78690  39.113  -13.244  41.038 0.0000000000
76532  39.019  -15.432  39.356 0.0000000000
74363  39.658  -16.620  39.086 0.0000000000
73231  38.876  -18.501  39.611 0.0000000000
74340  39.521  -17.553  39.244 0.0000000000
74339  40.699  -18.175  38.956 0.0000000000
73228  42.459  -19.560  39.147 0.0000000000
57076  32.808  -32.130  49.018 0.0000000000
57074  34.660  -32.519  49.274 0.0000000000
55833  34.388  -33.003  50.856 0.0000000000
55811  36.002  -33.356  52.440 0.0000000000
81898  44.434  -9.831  37.031 0.0000000000
80909  44.214  -11.180  35.642 0.0000000000
52126  13.634  -36.603  61.269 0.0000000000
52085  13.616  -36.106  63.423 0.0000000000
50994  13.047  -37.182  61.985 0.0000000000
49883  12.292  -38.583  62.301 0.0000000000
47699  11.820  -40.002  62.596 0.0000000000
46584  11.427  -41.101  63.586 0.0000000000
48760  11.086  -39.523  65.243 0.0000000000
47678  10.830  -40.730  64.492 0.0000000000
45455  11.950  -42.532  64.760 0.0000000000
45444  11.502  -42.945  65.263 0.0000000000
44275  11.951  -43.396  66.616 0.0000000000
42166  9.363  -45.282  69.034 0.0000000000
44241  8.955  -43.765  68.363 0.0000000000
43169  8.757  -44.452  68.724 0.0000000000
42161  8.696  -45.361  69.504 0.0000000000
43149  7.535  -44.748  70.725 0.0000000000
43139  7.355  -44.431  71.153 0.0000000000
44174  6.857  -43.817  71.728 0.0000000000
46476  7.320  -41.224  70.919 0.0000000000
45324  7.024  -42.206  71.722 0.0000000000
44160  5.757  -43.310  72.100 0.0000000000
59480  33.673  -30.842  48.468 0.0000000000
59461  33.426  -30.416  49.201 0.0000000000
58284  32.266  -31.131  48.586 0.0000000000
57077  32.110  -31.879  49.213 0.0000000000
57043  31.830  -31.958  50.683 0.0000000000
58198  31.649  -31.567  52.285 0.0000000000
59428  29.801  -29.971  51.091 0.0000000000
58219  30.364  -30.466  51.962 0.0000000000
58178  31.716  -31.548  53.447 0.0000000000
60576  26.368  -29.973  51.904 0.0000000000
57045  26.676  -31.771  51.404 0.0000000000
55815  27.221  -33.146  52.307 0.0000000000
54607  25.717  -34.194  54.434 0.0000000000
54618  27.263  -34.250  53.619 0.0000000000
54617  28.044  -34.143  53.851 0.0000000000
77658  47.047  -15.076  35.735 0.0000000000
70914  34.172  -19.854  42.907 0.0000000000
69713  34.536  -20.933  41.759 0.0000000000
67326  34.682  -22.520  41.445 0.0000000000
68337  31.648  -22.660  49.289 0.0000000000
69616  31.125  -22.344  47.998 0.0000000000
68384  30.989  -22.623  45.487 0.0000000000
67227  33.538  -24.412  45.636 0.0000000000
67254  32.246  -23.696  44.709 0.0000000000
67279  31.849  -22.414  44.390 0.0000000000
67296  33.104  -23.134  42.939 0.0000000000
67310  34.303  -23.382  42.039 0.0000000000
66116  36.220  -24.288  41.359 0.0000000000
66096  38.214  -25.053  42.107 0.0000000000
57054  36.457  -32.416  50.211 0.0000000000
58260  37.827  -31.147  49.483 0.0000000000
59440  38.775  -30.632  50.048 0.0000000000
59422  40.561  -30.688  51.297 0.0000000000
59438  40.273  -30.075  50.702 0.0000000000
88269  52.465  -4.329  27.092 0.0000000000
88250  50.270  -4.625  30.124 0.0000000000
87261  50.272  -5.437  29.426 0.0000000000
85035  50.377  -7.990  29.523 0.0000000000
86177  50.505  -6.005  28.985 0.0000000000
87260  50.820  -5.499  28.901 0.0000000000
86191  51.936  -6.417  27.803 0.0000000000
86204  52.568  -7.144  27.749 0.0000000000
78771  47.137  -13.391  35.075 0.0000000000
78772  46.208  -13.369  35.293 0.0000000000
58282  33.918  -31.391  48.129 0.0000000000
57096  34.229  -32.077  48.411 0.0000000000
79831  45.120  -12.292  35.312 0.0000000000
79849  45.582  -12.125  35.092 0.0000000000
79848  46.062  -12.120  34.876 0.0000000000
43141  6.366  -44.621  71.769 0.0000000000
68467  36.957  -21.960  40.285 0.0000000000
68455  37.102  -22.795  40.473 0.0000000000
51016  13.795  -37.678  60.206 0.0000000000
49915  14.060  -38.328  60.359 0.0000000000
62708  28.221  -27.895  53.897 0.0000000000
62718  27.971  -27.760  53.271 0.0000000000
61633  27.484  -28.428  53.379 0.0000000000
53363  22.844  -34.969  58.439 0.0000000000
54537  23.306  -34.874  59.136 0.0000000000
68320  32.797  -22.441  50.977 0.0000000000
54595  20.075  -35.046  55.842 0.0000000000
55757  19.923  -34.456  56.059 0.0000000000
56979  20.505  -33.135  55.291 0.0000000000
63822  35.170  -26.529  48.573 0.0000000000
60634  37.455  -29.314  47.051 0.0000000000
60623  38.385  -29.314  48.093 0.0000000000
60622  39.050  -28.831  48.467 0.0000000000
60606  39.388  -29.285  49.136 0.0000000000
84981  47.182  -6.996  35.119 0.0000000000
86148  47.215  -6.687  33.227 0.0000000000
79859  49.140  -12.184  33.571 0.0000000000
79858  49.995  -12.184  33.425 0.0000000000
42160  9.270  -45.566  69.898 0.0000000000
78760  42.903  -12.976  36.758 0.0000000000
75512  40.675  -15.969  38.195 0.0000000000
75511  41.289  -16.234  37.904 0.0000000000
76510  37.121  -15.725  41.436 0.0000000000
76522  37.496  -15.489  40.643 0.0000000000
75483  37.204  -16.148  40.674 0.0000000000
69735  41.095  -21.160  39.854 0.0000000000
70944  40.898  -20.603  39.799 0.0000000000
57008  32.341  -32.026  52.739 0.0000000000
57007  33.058  -32.473  53.045 0.0000000000
79795  42.715  -11.601  38.235 0.0000000000
80879  43.325  -11.077  38.514 0.0000000000
79809  42.915  -11.765  37.199 0.0000000000
51025  19.256  -38.176  59.498 0.0000000000
46570  13.244  -41.779  64.608 0.0000000000
46558  13.403  -41.906  65.588 0.0000000000
49835  12.053  -38.131  65.316 0.0000000000
46540  10.196  -41.583  66.940 0.0000000000
46550  10.171  -41.822  66.069 0.0000000000
45429  9.888  -43.037  66.463 0.0000000000
44278  9.765  -43.518  66.841 0.0000000000
45413  9.672  -42.897  67.042 0.0000000000
45345  8.119  -42.259  70.828 0.0000000000
46475  7.765  -40.870  70.644 0.0000000000
60592  31.990  -29.593  49.996 0.0000000000
60593  30.944  -28.884  50.097 0.0000000000
60613  30.501  -29.626  49.677 0.0000000000
58221  28.273  -31.403  52.425 0.0000000000
58220  28.675  -30.910  52.777 0.0000000000
58202  28.608  -31.760  53.164 0.0000000000
56993  29.222  -32.117  54.132 0.0000000000
56994  28.818  -32.624  53.892 0.0000000000
55819  24.077  -32.572  52.837 0.0000000000
55818  24.578  -32.767  52.719 0.0000000000
70882  31.630  -20.256  45.779 0.0000000000
70899  31.922  -20.408  44.956 0.0000000000
70898  32.581  -20.303  44.417 0.0000000000
69685  32.086  -21.184  44.444 0.0000000000
64914  32.857  -25.569  46.679 0.0000000000
66006  31.980  -25.042  47.327 0.0000000000
64913  33.409  -25.583  46.419 0.0000000000
67250  36.571  -23.942  45.529 0.0000000000
67251  35.454  -24.197  45.306 0.0000000000
67274  36.188  -24.478  44.625 0.0000000000
67273  37.260  -24.454  44.779 0.0000000000
67272  38.345  -24.474  44.833 0.0000000000
88259  51.712  -4.024  28.547 0.0000000000
88260  51.227  -4.641  28.955 0.0000000000
85022  48.363  -7.694  30.659 0.0000000000
85021  49.036  -7.858  30.266 0.0000000000
55719  20.667  -32.765  57.489 0.0000000000
55720  20.300  -33.549  57.285 0.0000000000
55703  20.844  -32.885  58.079 0.0000000000
78786  48.529  -13.309  34.270 0.0000000000
77675  47.592  -14.427  35.294 0.0000000000
77674  48.572  -14.750  35.153 0.0000000000
60626  35.490  -29.525  47.750 0.0000000000
58280  35.641  -31.668  47.843 0.0000000000
58297  35.990  -31.137  47.353 0.0000000000
58296  36.483  -30.987  47.551 0.0000000000
59477  36.887  -30.723  47.685 0.0000000000
58278  37.563  -30.931  48.765 0.0000000000
82899  44.796  -9.529  36.400 0.0000000000
82909  44.773  -9.701  35.704 0.0000000000
82908  45.079  -9.342  35.065 0.0000000000
82907  45.742  -9.430  34.128 0.0000000000
82922  46.615  -9.731  33.351 0.0000000000
81914  46.436  -10.510  33.918 0.0000000000
79847  46.960  -12.362  34.514 0.0000000000
80918  47.207  -11.373  33.926 0.0000000000
79846  48.005  -12.300  33.997 0.0000000000
79780  41.413  -12.511  38.302 0.0000000000
78719  40.987  -12.443  39.134 0.0000000000
78720  40.007  -13.536  38.885 0.0000000000
77635  40.159  -14.531  38.355 0.0000000000
77622  39.594  -14.322  38.900 0.0000000000
69738  38.343  -21.267  40.111 0.0000000000
69737  39.361  -21.328  39.983 0.0000000000
68464  39.757  -22.134  40.007 0.0000000000
68452  40.431  -22.705  40.275 0.0000000000
68453  39.209  -22.944  40.294 0.0000000000
66112  39.838  -24.427  41.423 0.0000000000
66094  40.520  -24.775  42.023 0.0000000000
66073  40.798  -24.886  43.105 0.0000000000
79778  42.850  -11.585  39.335 0.0000000000
49930  16.658  -38.333  59.638 0.0000000000
49896  16.348  -38.864  61.204 0.0000000000
49882  15.866  -39.162  62.066 0.0000000000
48781  15.579  -39.583  63.043 0.0000000000
48796  15.027  -39.551  62.131 0.0000000000
48798  13.330  -40.058  61.909 0.0000000000
48797  14.128  -39.996  62.175 0.0000000000
47697  13.438  -40.526  62.434 0.0000000000
47698  12.618  -40.357  62.275 0.0000000000
48737  10.657  -39.819  68.070 0.0000000000
47648  10.588  -40.483  67.440 0.0000000000
47641  10.277  -40.458  68.454 0.0000000000
48721  8.775  -39.834  70.049 0.0000000000
61618  30.368  -27.323  54.197 0.0000000000
61631  30.362  -27.317  53.089 0.0000000000
61643  31.065  -27.780  52.570 0.0000000000
61657  29.860  -27.989  50.980 0.0000000000
62727  29.382  -27.473  51.642 0.0000000000
61660  27.220  -28.997  51.734 0.0000000000
61659  27.939  -28.309  51.593 0.0000000000
60557  27.964  -30.170  51.615 0.0000000000
59431  27.119  -30.483  51.419 0.0000000000
54591  24.108  -34.204  55.775 0.0000000000
70857  31.515  -20.501  47.788 0.0000000000
69632  31.198  -21.261  47.751 0.0000000000
64895  37.196  -25.665  47.453 0.0000000000
64897  35.702  -25.122  46.993 0.0000000000
66003  36.886  -24.770  47.745 0.0000000000
67182  38.329  -23.562  48.938 0.0000000000
67183  37.789  -23.886  48.472 0.0000000000
68349  37.838  -23.373  48.274 0.0000000000
44161  5.123  -43.283  71.679 0.0000000000
75446  38.343  -15.478  43.457 0.0000000000
73220  36.410  -17.903  41.262 0.0000000000
72082  35.646  -18.859  42.714 0.0000000000
72092  35.794  -19.248  41.700 0.0000000000
70937  34.934  -20.487  41.648 0.0000000000
52216  20.482  -36.310  57.114 0.0000000000
52206  19.247  -36.441  57.673 0.0000000000
54558  19.653  -34.751  57.467 0.0000000000
53368  17.737  -36.141  58.088 0.0000000000
53367  18.554  -35.944  57.797 0.0000000000
51047  18.481  -37.160  58.118 0.0000000000
51048  17.689  -37.038  58.129 0.0000000000
51037  16.994  -37.285  58.525 0.0000000000
52194  17.003  -36.498  58.485 0.0000000000
53312  16.059  -35.822  59.802 0.0000000000
52179  16.093  -36.470  59.269 0.0000000000
52165  15.270  -36.167  59.909 0.0000000000
52166  14.577  -36.914  59.866 0.0000000000
59380  26.729  -30.804  53.948 0.0000000000
59360  26.720  -31.089  54.447 0.0000000000
58205  24.214  -31.750  53.078 0.0000000000
58206  23.373  -31.668  53.452 0.0000000000
55804  21.493  -32.806  54.343 0.0000000000
58208  21.921  -31.894  53.875 0.0000000000
57013  22.293  -32.362  53.803 0.0000000000
55779  22.278  -33.657  54.418 0.0000000000
53386  22.065  -35.088  56.211 0.0000000000
53376  22.341  -35.105  56.949 0.0000000000
65964  34.148  -24.580  50.695 0.0000000000
65965  33.505  -24.168  50.419 0.0000000000
64858  34.290  -24.995  49.950 0.0000000000
63833  34.282  -26.552  47.588 0.0000000000
64884  33.915  -25.888  48.344 0.0000000000
63824  33.935  -26.149  47.897 0.0000000000
63834  33.824  -26.373  47.269 0.0000000000
62787  34.029  -26.742  46.837 0.0000000000
60635  35.334  -29.224  46.724 0.0000000000
61718  35.025  -28.406  46.362 0.0000000000
60644  35.344  -29.028  46.069 0.0000000000
61716  37.011  -28.474  46.286 0.0000000000
61729  36.354  -28.152  45.820 0.0000000000
62809  36.298  -27.804  45.854 0.0000000000
63858  35.301  -27.115  45.703 0.0000000000
62795  36.168  -27.222  45.999 0.0000000000
63843  36.293  -26.619  46.323 0.0000000000
63842  37.014  -26.921  46.609 0.0000000000
62764  39.933  -27.517  48.626 0.0000000000
63820  38.906  -26.695  48.130 0.0000000000
83917  47.246  -7.790  36.592 0.0000000000
87211  49.372  -4.684  33.660 0.0000000000
86157  47.233  -7.021  32.098 0.0000000000
83965  47.809  -8.522  31.534 0.0000000000
83954  48.346  -9.216  31.694 0.0000000000
77661  43.647  -14.684  36.325 0.0000000000
76558  43.733  -15.851  36.453 0.0000000000
75509  42.718  -16.906  37.407 0.0000000000
75530  42.514  -16.331  37.354 0.0000000000
74397  43.290  -17.065  37.135 0.0000000000
74336  43.977  -19.166  38.574 0.0000000000
77598  38.275  -13.946  41.277 0.0000000000
76521  38.258  -15.221  39.939 0.0000000000
75500  39.455  -15.936  39.121 0.0000000000
74341  38.196  -17.348  39.633 0.0000000000
74338  41.791  -18.653  38.723 0.0000000000
57057  33.225  -32.579  49.959 0.0000000000
57056  34.103  -32.816  50.140 0.0000000000
57041  33.618  -32.759  50.660 0.0000000000
55812  35.080  -33.331  52.466 0.0000000000
81899  43.688  -10.415  37.280 0.0000000000
79820  43.377  -12.220  36.482 0.0000000000
80910  43.655  -11.431  36.190 0.0000000000
79833  43.905  -11.925  35.930 0.0000000000
79832  44.424  -12.092  35.598 0.0000000000
52191  21.615  -36.508  59.005 0.0000000000
52176  21.694  -36.644  59.679 0.0000000000
52177  21.216  -37.164  59.809 0.0000000000
48759  15.031  -40.021  64.885 0.0000000000
52125  14.414  -35.939  61.608 0.0000000000
50972  13.109  -36.857  64.130 0.0000000000
50984  13.097  -37.013  63.054 0.0000000000
50985  12.546  -37.781  62.650 0.0000000000
50995  12.639  -37.990  61.727 0.0000000000
48770  11.574  -38.922  63.954 0.0000000000
48800  11.705  -39.705  62.881 0.0000000000
47689  11.412  -40.226  63.372 0.0000000000
47688  11.955  -40.846  62.907 0.0000000000
47667  10.703  -40.335  65.749 0.0000000000
46573  10.605  -41.804  64.752 0.0000000000
47679  10.557  -41.268  64.831 0.0000000000
46572  11.438  -41.833  64.184 0.0000000000
45456  11.199  -42.431  64.757 0.0000000000
44276  11.154  -43.749  66.364 0.0000000000
43167  10.200  -45.035  68.567 0.0000000000
42165  9.917  -45.364  69.435 0.0000000000
46531  9.687  -41.936  68.649 0.0000000000
45377  9.156  -42.675  69.083 0.0000000000
44219  8.830  -43.433  68.992 0.0000000000
44220  8.507  -43.972  69.243 0.0000000000
43158  8.534  -44.817  69.200 0.0000000000
43148  8.067  -44.977  69.953 0.0000000000
44197  7.707  -44.066  70.927 0.0000000000
44173  7.367  -43.705  71.368 0.0000000000
44158  7.129  -43.130  71.776 0.0000000000
47608  7.225  -39.965  70.822 0.0000000000
46477  6.752  -41.217  71.118 0.0000000000
45325  6.372  -42.152  72.028 0.0000000000
45326  5.618  -42.141  71.969 0.0000000000
59460  34.511  -30.370  48.864 0.0000000000
59462  32.362  -30.205  49.335 0.0000000000
59481  32.733  -30.744  48.690 0.0000000000
58262  32.308  -31.585  48.760 0.0000000000
58263  31.650  -31.287  48.994 0.0000000000
58247  30.573  -30.997  49.908 0.0000000000
57044  31.454  -31.697  50.198 0.0000000000
58234  31.123  -31.515  50.652 0.0000000000
58217  31.532  -31.706  51.321 0.0000000000
58218  30.994  -31.181  51.654 0.0000000000
60572  29.474  -29.009  50.915 0.0000000000
58200  29.981  -30.513  53.134 0.0000000000
59413  29.620  -30.104  52.198 0.0000000000
58199  31.055  -30.879  52.757 0.0000000000
58179  30.828  -31.200  53.812 0.0000000000
58161  31.453  -31.687  54.398 0.0000000000
58162  30.737  -31.603  54.623 0.0000000000
59400  26.304  -30.684  53.147 0.0000000000
60559  26.433  -29.963  52.505 0.0000000000
59416  26.026  -30.678  52.199 0.0000000000
57028  27.070  -32.396  51.706 0.0000000000
54590  25.155  -34.258  55.472 0.0000000000
54589  26.253  -34.559  55.425 0.0000000000
54606  26.741  -34.537  54.452 0.0000000000
54605  27.708  -34.662  54.451 0.0000000000
77659  45.962  -14.803  35.879 0.0000000000
72072  34.814  -19.218  43.560 0.0000000000
72073  33.974  -19.742  43.647 0.0000000000
69715  33.413  -21.473  42.654 0.0000000000
70926  33.884  -20.503  42.605 0.0000000000
69714  33.974  -21.206  42.194 0.0000000000
69729  34.432  -21.480  41.660 0.0000000000
68442  34.147  -22.143  41.872 0.0000000000
67168  32.260  -23.566  49.637 0.0000000000
67169  31.754  -23.677  48.858 0.0000000000
67186  31.205  -23.802  47.197 0.0000000000
68351  31.047  -22.962  47.636 0.0000000000
68366  30.821  -23.038  46.567 0.0000000000
66005  35.449  -24.300  46.974 0.0000000000
66021  33.918  -24.915  46.140 0.0000000000
67226  34.795  -24.377  45.913 0.0000000000
67276  33.974  -24.170  44.093 0.0000000000
67253  33.245  -24.008  44.854 0.0000000000
67255  31.537  -23.014  44.720 0.0000000000
67278  32.326  -22.949  43.963 0.0000000000
66078  35.297  -24.760  43.057 0.0000000000
66100  34.346  -24.166  42.478 0.0000000000
66099  34.928  -24.345  42.250 0.0000000000
67309  35.416  -23.923  41.584 0.0000000000
66098  35.963  -24.650  41.927 0.0000000000
66115  36.778  -24.422  41.304 0.0000000000
66097  37.092  -25.025  42.033 0.0000000000
57055  35.203  -32.901  50.464 0.0000000000
57073  35.638  -32.391  49.305 0.0000000000
58231  38.451  -32.084  51.133 0.0000000000
58244  37.646  -31.963  50.463 0.0000000000
58243  38.708  -31.227  50.467 0.0000000000
58259  38.452  -30.805  49.852 0.0000000000
58242  39.404  -31.083  50.836 0.0000000000
60586  40.395  -29.348  50.192 0.0000000000
88270  51.954  -4.573  27.773 0.0000000000
89259  52.147  -3.571  27.975 0.0000000000
88240  49.381  -4.773  32.633 0.0000000000
86163  49.285  -6.249  29.949 0.0000000000
85050  51.360  -7.954  28.911 0.0000000000
86193  50.693  -7.394  29.033 0.0000000000
87277  51.336  -5.555  28.289 0.0000000000
59479  34.746  -30.599  47.842 0.0000000000
59493  34.982  -30.930  47.362 0.0000000000
57094  35.994  -31.998  48.556 0.0000000000
42155  7.117  -45.129  71.068 0.0000000000
78701  41.183  -12.203  40.497 0.0000000000
70948  36.889  -20.397  40.256 0.0000000000
68466  37.775  -22.062  40.212 0.0000000000
67322  38.522  -23.771  40.765 0.0000000000
66113  38.896  -24.493  41.360 0.0000000000
49932  15.228  -37.988  59.870 0.0000000000
49914  15.022  -38.390  60.221 0.0000000000
48813  14.502  -39.442  61.536 0.0000000000
48729  10.223  -39.214  68.875 0.0000000000
62706  29.538  -27.234  53.594 0.0000000000
62728  28.710  -27.284  52.052 0.0000000000
62717  28.686  -27.270  52.981 0.0000000000
60558  26.653  -29.272  52.097 0.0000000000
69600  31.901  -21.583  49.577 0.0000000000
65989  38.731  -24.933  48.639 0.0000000000
65990  38.074  -24.844  48.428 0.0000000000
65978  38.513  -24.520  48.770 0.0000000000
72081  36.329  -18.296  43.385 0.0000000000
53387  21.280  -35.423  55.959 0.0000000000
53388  20.566  -35.438  56.005 0.0000000000
53350  19.033  -35.431  58.089 0.0000000000
53328  18.759  -35.351  59.097 0.0000000000
53352  17.420  -35.870  58.656 0.0000000000
52178  16.833  -36.052  59.001 0.0000000000
58167  24.363  -31.039  54.917 0.0000000000
58148  21.286  -31.211  55.826 0.0000000000
56995  21.111  -32.535  54.640 0.0000000000
55780  21.304  -33.393  54.526 0.0000000000
54610  21.545  -34.285  54.747 0.0000000000
54611  20.872  -34.093  54.851 0.0000000000
64870  34.819  -25.817  49.377 0.0000000000
63814  34.826  -26.069  48.914 0.0000000000
62777  34.654  -26.810  47.650 0.0000000000
59501  36.750  -29.905  46.737 0.0000000000
60642  36.619  -29.334  46.250 0.0000000000
61705  37.778  -28.379  46.992 0.0000000000
62783  38.097  -27.578  47.282 0.0000000000
61704  38.322  -28.350  47.607 0.0000000000
61696  39.477  -28.331  48.559 0.0000000000
84982  46.430  -7.448  35.519 0.0000000000
87213  48.465  -5.633  33.882 0.0000000000
81928  49.594  -10.751  32.889 0.0000000000
80931  50.302  -11.434  33.112 0.0000000000
77662  43.034  -13.847  36.635 0.0000000000
77646  42.744  -14.651  36.796 0.0000000000
76561  41.588  -15.241  37.479 0.0000000000
75510  42.076  -16.469  37.631 0.0000000000
74380  42.352  -17.319  37.696 0.0000000000
74360  42.310  -18.114  38.078 0.0000000000
77599  37.884  -14.427  41.791 0.0000000000
72101  39.465  -19.552  39.775 0.0000000000
72100  40.559  -19.751  39.628 0.0000000000
72099  41.644  -19.981  39.739 0.0000000000
55826  33.854  -32.892  51.408 0.0000000000
55814  33.539  -32.757  52.311 0.0000000000
80878  43.795  -10.728  38.762 0.0000000000
81885  43.746  -10.368  37.873 0.0000000000
51033  20.455  -37.506  59.010 0.0000000000
51023  20.714  -37.517  59.659 0.0000000000
51012  20.281  -37.836  60.421 0.0000000000
47676  14.461  -40.731  64.372 0.0000000000
46548  13.556  -41.638  66.666 0.0000000000
45426  13.021  -42.271  66.547 0.0000000000
50957  12.893  -36.696  65.074 0.0000000000
49867  12.119  -38.471  63.193 0.0000000000
49852  11.862  -38.518  64.211 0.0000000000
46560  10.297  -42.072  65.408 0.0000000000
44294  10.513  -43.104  65.756 0.0000000000
43190  10.602  -44.153  66.979 0.0000000000
43191  9.913  -44.074  66.965 0.0000000000
43192  9.590  -43.862  67.136 0.0000000000
43181  9.456  -44.167  67.546 0.0000000000
45363  9.091  -41.946  69.781 0.0000000000
46479  5.745  -41.184  71.373 0.0000000000
59463  31.478  -30.404  49.091 0.0000000000
59464  30.735  -30.310  49.452 0.0000000000
59398  29.329  -30.533  52.933 0.0000000000
58181  29.478  -31.607  54.092 0.0000000000
58225  24.880  -31.906  52.717 0.0000000000
58224  25.562  -31.579  52.323 0.0000000000
57030  25.075  -32.271  52.314 0.0000000000
55817  25.381  -33.001  52.321 0.0000000000
55799  25.869  -33.632  52.867 0.0000000000
54572  26.832  -34.843  56.366 0.0000000000
76573  46.484  -15.861  36.050 0.0000000000
72029  33.296  -19.225  45.592 0.0000000000
72055  33.058  -19.619  44.727 0.0000000000
70897  33.383  -20.024  44.085 0.0000000000
70916  33.047  -20.590  43.809 0.0000000000
69703  33.049  -21.225  43.300 0.0000000000
68432  33.056  -22.078  42.823 0.0000000000
65993  32.077  -24.696  48.261 0.0000000000
66007  31.582  -24.533  46.798 0.0000000000
66023  31.728  -24.412  46.035 0.0000000000
67294  34.506  -24.465  43.447 0.0000000000
66054  35.966  -24.733  43.766 0.0000000000
66076  37.507  -25.226  43.029 0.0000000000
66052  37.929  -24.944  43.978 0.0000000000
57024  36.724  -33.034  51.977 0.0000000000
57038  37.177  -32.597  51.162 0.0000000000
57037  38.036  -32.641  51.587 0.0000000000
57036  38.791  -32.489  51.760 0.0000000000
86155  48.226  -5.988  31.011 0.0000000000
85049  52.213  -7.576  28.222 0.0000000000
84001  52.298  -8.459  28.883 0.0000000000
55736  20.110  -33.716  56.112 0.0000000000
54557  19.997  -34.218  57.474 0.0000000000
58128  21.275  -30.902  56.906 0.0000000000
56958  20.847  -31.919  56.509 0.0000000000
56959  20.480  -32.824  56.270 0.0000000000
78784  50.191  -13.500  33.896 0.0000000000
78785  49.415  -13.538  34.035 0.0000000000
77673  49.666  -15.227  35.172 0.0000000000
61699  35.807  -28.317  47.810 0.0000000000
59503  35.574  -29.580  46.340 0.0000000000
59490  37.163  -30.156  47.362 0.0000000000
59476  37.734  -30.409  48.281 0.0000000000
59475  38.417  -29.998  48.568 0.0000000000
83919  45.746  -8.640  36.479 0.0000000000
83930  45.426  -8.538  35.726 0.0000000000
81913  47.006  -10.748  33.717 0.0000000000
79860  48.593  -12.214  33.726 0.0000000000
79796  41.917  -12.302  37.963 0.0000000000
79811  41.819  -12.661  37.587 0.0000000000
79797  41.508  -12.758  37.816 0.0000000000
76545  40.283  -15.415  38.365 0.0000000000
75499  40.128  -16.147  38.694 0.0000000000
74342  36.979  -17.154  40.456 0.0000000000
70947  37.855  -20.370  40.113 0.0000000000
69736  40.430  -21.463  39.889 0.0000000000
69726  40.647  -22.023  40.008 0.0000000000
68451  41.648  -22.848  40.493 0.0000000000
67319  41.975  -23.641  41.141 0.0000000000
56990  33.313  -32.528  54.102 0.0000000000
56973  33.380  -32.567  55.234 0.0000000000
49943  17.932  -38.210  58.959 0.0000000000
49928  18.362  -38.417  59.535 0.0000000000
49911  17.851  -38.635  60.376 0.0000000000
49895  17.266  -38.734  61.234 0.0000000000
48782  14.755  -39.986  62.847 0.0000000000
49806  11.283  -38.529  66.921 0.0000000000
47657  10.798  -40.174  66.764 0.0000000000
47647  10.807  -40.096  67.221 0.0000000000
45394  9.900  -42.239  67.278 0.0000000000
47635  9.721  -40.378  69.303 0.0000000000
46510  9.102  -41.163  69.919 0.0000000000
46496  8.720  -40.935  70.159 0.0000000000
47621  8.027  -40.193  70.396 0.0000000000
61655  31.613  -28.340  52.198 0.0000000000
61656  30.956  -28.087  51.422 0.0000000000
61658  28.911  -28.306  51.122 0.0000000000
62744  28.253  -27.614  51.760 0.0000000000
60573  28.590  -29.321  51.416 0.0000000000
60556  28.250  -29.976  51.719 0.0000000000
59415  28.165  -30.549  51.895 0.0000000000
55777  24.308  -33.614  54.201 0.0000000000
55753  24.435  -33.980  55.002 0.0000000000
74394  45.838  -18.168  37.145 0.0000000000
70868  31.381  -20.535  46.727 0.0000000000
64911  35.341  -25.567  46.454 0.0000000000
66019  35.432  -24.817  46.903 0.0000000000
67184  37.214  -24.216  48.097 0.0000000000
67203  36.015  -23.788  47.044 0.0000000000
68365  37.330  -23.403  47.381 0.0000000000
67224  37.113  -23.516  46.705 0.0000000000
88249  50.916  -4.140  29.849 0.0000000000
83963  49.345  -8.923  30.848 0.0000000000
43133  5.956  -44.522  72.043 0.0000000000
77589  38.094  -14.487  42.302 0.0000000000
76502  37.720  -14.865  42.228 0.0000000000
75462  37.110  -15.772  41.780 0.0000000000
75448  36.929  -16.209  42.024 0.0000000000
74314  37.048  -16.662  42.685 0.0000000000
73234  36.382  -18.585  40.987 0.0000000000
70949  36.189  -20.556  40.606 0.0000000000
53347  22.608  -35.262  58.845 0.0000000000
53349  21.620  -36.438  58.683 0.0000000000
52215  20.990  -36.214  56.950 0.0000000000
52204  21.045  -36.508  57.546 0.0000000000
52193  20.405  -37.282  58.551 0.0000000000
51034  19.796  -37.631  58.707 0.0000000000
54577  19.735  -35.018  56.628 0.0000000000
49944  17.226  -38.029  58.978 0.0000000000
49945  16.522  -37.748  59.181 0.0000000000
51038  16.285  -37.227  58.992 0.0000000000
51026  15.729  -37.305  59.358 0.0000000000
51027  15.150  -37.558  59.712 0.0000000000
52147  13.840  -36.958  60.384 0.0000000000
60532  27.570  -29.355  54.064 0.0000000000
59379  26.946  -30.148  53.598 0.0000000000
59401  25.753  -31.216  53.135 0.0000000000
58182  26.097  -31.277  54.188 0.0000000000
58185  22.851  -30.952  53.978 0.0000000000
58186  21.950  -31.307  54.161 0.0000000000
57012  23.037  -32.314  53.437 0.0000000000
55778  23.274  -33.528  54.253 0.0000000000
54592  22.869  -34.450  55.796 0.0000000000
54609  22.308  -34.349  54.934 0.0000000000
54576  22.898  -34.720  56.865 0.0000000000
67152  33.492  -23.545  51.407 0.0000000000
65980  33.102  -24.487  49.582 0.0000000000
64871  34.045  -25.484  49.175 0.0000000000
64872  33.250  -25.136  48.937 0.0000000000
65992  32.757  -24.882  48.826 0.0000000000
64898  33.166  -25.955  47.002 0.0000000000
62785  34.979  -27.662  47.158 0.0000000000
61707  34.880  -27.861  46.761 0.0000000000
61719  34.625  -27.771  46.437 0.0000000000
61730  35.741  -28.528  45.680 0.0000000000
62796  34.669  -27.988  45.949 0.0000000000
62797  34.430  -27.223  46.215 0.0000000000
63859  34.746  -27.271  45.724 0.0000000000
63845  34.709  -26.489  45.971 0.0000000000
64910  35.871  -26.026  46.390 0.0000000000
63832  36.923  -26.254  46.874 0.0000000000
63830  38.355  -26.960  47.664 0.0000000000
63821  38.310  -26.347  47.903 0.0000000000
64882  38.783  -25.657  48.347 0.0000000000
87222  48.969  -5.116  32.804 0.0000000000
87233  48.157  -5.616  32.136 0.0000000000
83955  47.454  -8.845  32.102 0.0000000000
83964  48.449  -8.729  31.177 0.0000000000
78773  45.345  -13.268  35.510 0.0000000000
78757  45.318  -14.085  35.828 0.0000000000
77660  44.846  -14.809  36.025 0.0000000000
75548  44.980  -16.653  36.327 0.0000000000
75527  44.520  -17.217  36.624 0.0000000000
76560  42.281  -15.590  37.234 0.0000000000
76559  43.243  -15.520  36.661 0.0000000000
75528  43.766  -16.537  36.665 0.0000000000
74395  44.787  -18.046  36.979 0.0000000000
74358  44.541  -18.811  38.270 0.0000000000
78703  39.258  -13.608  39.766 0.0000000000
77611  38.453  -14.069  40.294 0.0000000000
77623  39.027  -14.516  39.424 0.0000000000
74362  40.360  -17.152  38.824 0.0000000000
73227  43.623  -19.616  38.776 0.0000000000
57075  33.723  -32.409  49.165 0.0000000000
55825  34.806  -33.188  51.516 0.0000000000
55824  35.484  -33.235  51.812 0.0000000000
82887  45.025  -9.485  36.939 0.0000000000
81907  43.772  -10.618  36.387 0.0000000000
52163  21.478  -37.066  60.544 0.0000000000
52106  13.624  -36.347  62.337 0.0000000000
51003  13.130  -37.618  60.893 0.0000000000
51004  12.807  -38.264  61.176 0.0000000000
49900  12.578  -38.744  61.550 0.0000000000
48816  12.269  -39.274  62.073 0.0000000000
47710  12.060  -39.603  62.370 0.0000000000
47709  12.287  -39.788  62.143 0.0000000000
46583  12.171  -41.479  63.601 0.0000000000
46571  12.441  -42.038  64.371 0.0000000000
45454  12.474  -42.449  64.919 0.0000000000
45443  12.583  -42.782  65.706 0.0000000000
44292  11.650  -43.339  65.868 0.0000000000
45427  12.682  -42.705  67.123 0.0000000000
43179  10.839  -44.495  67.824 0.0000000000
42167  8.863  -45.037  68.854 0.0000000000
43132  6.484  -44.199  71.836 0.0000000000
44159  6.521  -43.354  72.033 0.0000000000
65963  34.837  -24.769  51.362 0.0000000000
58283  32.946  -31.401  48.413 0.0000000000
57058  32.391  -32.227  49.917 0.0000000000
58246  31.184  -31.448  49.743 0.0000000000
57059  31.729  -31.801  49.758 0.0000000000
57026  32.174  -32.085  51.707 0.0000000000
60594  30.075  -29.359  50.267 0.0000000000
58160  31.992  -31.796  54.169 0.0000000000
60544  26.777  -29.335  53.047 0.0000000000
58223  26.072  -31.260  51.642 0.0000000000
59432  26.479  -30.534  51.619 0.0000000000
58237  27.443  -31.362  51.548 0.0000000000
58222  27.714  -31.964  51.909 0.0000000000
57027  27.828  -32.540  52.343 0.0000000000
55776  25.105  -33.775  54.012 0.0000000000
54620  25.577  -33.860  53.596 0.0000000000
54619  26.319  -34.119  53.588 0.0000000000
55798  26.821  -33.731  52.840 0.0000000000
55797  27.809  -33.477  53.073 0.0000000000
55775  28.586  -33.459  53.950 0.0000000000
76572  47.511  -15.967  35.974 0.0000000000
74393  47.027  -18.122  37.396 0.0000000000
72083  34.798  -19.502  42.596 0.0000000000
70925  34.442  -20.271  42.164 0.0000000000
69728  34.982  -21.211  41.294 0.0000000000
68457  35.202  -22.058  41.035 0.0000000000
68336  32.235  -22.546  50.140 0.0000000000
68350  31.283  -22.855  48.436 0.0000000000
69615  31.306  -21.675  48.465 0.0000000000
69633  30.981  -21.920  47.365 0.0000000000
70869  31.061  -21.271  46.736 0.0000000000
69668  31.179  -21.706  45.416 0.0000000000
67228  32.418  -24.265  45.479 0.0000000000
67229  31.314  -23.757  45.506 0.0000000000
68400  31.430  -22.198  44.860 0.0000000000
69686  31.578  -21.579  44.863 0.0000000000
68416  32.220  -22.019  43.937 0.0000000000
67297  32.645  -22.415  43.388 0.0000000000
67311  33.585  -22.549  42.333 0.0000000000
67295  33.792  -24.168  42.998 0.0000000000
67325  35.298  -23.001  41.221 0.0000000000
67324  36.269  -23.624  41.032 0.0000000000
66114  37.822  -24.533  41.296 0.0000000000
66075  38.627  -25.243  43.069 0.0000000000
66074  39.747  -25.103  43.061 0.0000000000
57072  36.354  -31.990  49.118 0.0000000000
57053  37.093  -32.294  50.508 0.0000000000
58261  37.005  -31.843  49.646 0.0000000000
59457  38.626  -30.328  49.301 0.0000000000
58216  39.895  -32.280  52.228 0.0000000000
59423  39.764  -30.965  51.016 0.0000000000
59439  39.507  -30.368  50.381 0.0000000000
60587  39.567  -29.657  49.926 0.0000000000
60605  40.104  -28.824  49.484 0.0000000000
61686  40.640  -28.382  49.482 0.0000000000
87231  49.151  -5.010  31.083 0.0000000000
86179  49.454  -7.184  29.768 0.0000000000
86178  50.061  -6.519  29.310 0.0000000000
87276  51.815  -5.437  27.730 0.0000000000
86190  52.166  -5.939  27.432 0.0000000000
42146  6.294  -45.060  71.676 0.0000000000
43150  7.215  -44.787  71.109 0.0000000000
44242  8.702  -44.106  68.735 0.0000000000
47629  9.019  -40.357  70.008 0.0000000000
47636  9.320  -40.700  69.690 0.0000000000
47700  11.593  -39.895  63.000 0.0000000000
48784  11.561  -39.578  63.255 0.0000000000
48799  11.910  -39.283  62.757 0.0000000000
49853  11.522  -38.854  64.396 0.0000000000
49946  16.097  -37.570  59.317 0.0000000000
51015  14.550  -37.716  59.940 0.0000000000
51028  14.795  -37.341  59.774 0.0000000000
51049  17.262  -36.863  58.191 0.0000000000
52164  15.748  -36.086  59.685 0.0000000000
52167  14.160  -37.303  60.034 0.0000000000
52181  14.941  -37.171  59.672 0.0000000000
53313  15.643  -35.919  59.853 0.0000000000
54556  22.690  -34.918  57.402 0.0000000000
55721  19.937  -34.213  57.215 0.0000000000
55827  33.318  -32.638  51.718 0.0000000000
55834  33.992  -32.895  50.769 0.0000000000
56992  29.694  -31.929  54.510 0.0000000000
56996  20.847  -33.163  54.774 0.0000000000
57009  28.814  -32.031  53.565 0.0000000000
57014  21.688  -32.395  54.138 0.0000000000
57040  35.404  -33.120  51.283 0.0000000000
57046  26.317  -31.597  51.454 0.0000000000
57093  36.343  -31.804  48.675 0.0000000000
58187  21.539  -31.898  54.275 0.0000000000
58233  31.492  -31.745  50.888 0.0000000000
58238  26.652  -31.158  51.365 0.0000000000
58245  37.056  -32.143  50.204 0.0000000000
59430  27.722  -30.529  51.581 0.0000000000
59456  39.228  -29.879  49.723 0.0000000000
60531  27.996  -28.830  54.350 0.0000000000
60545  26.562  -29.993  52.908 0.0000000000
60591  32.560  -29.919  50.275 0.0000000000
60611  31.735  -29.926  49.355 0.0000000000
60643  35.847  -29.213  45.858 0.0000000000
60654  35.748  -28.921  45.698 0.0000000000
60655  35.528  -28.872  45.776 0.0000000000
61620  28.264  -28.258  54.397 0.0000000000
61632  27.970  -28.170  53.783 0.0000000000
61645  27.595  -27.937  51.962 0.0000000000
61675  30.605  -28.400  50.713 0.0000000000
61697  38.859  -28.326  48.149 0.0000000000
62719  27.523  -28.002  52.931 0.0000000000
62730  27.647  -27.865  52.697 0.0000000000
62743  28.709  -27.714  51.477 0.0000000000
62773  39.279  -27.526  48.251 0.0000000000
62794  36.571  -27.566  46.139 0.0000000000
62798  34.167  -26.899  46.623 0.0000000000
62810  35.942  -27.658  45.729 0.0000000000
62812  34.647  -27.613  45.775 0.0000000000
63857  35.854  -27.013  45.906 0.0000000000
64869  39.128  -25.155  48.695 0.0000000000
64886  32.409  -25.256  47.753 0.0000000000
65977  39.102  -24.615  49.096 0.0000000000
65991  37.459  -24.557  48.181 0.0000000000
66002  37.456  -25.133  48.017 0.0000000000
67185  31.397  -23.770  48.040 0.0000000000
67201  37.567  -23.516  48.077 0.0000000000
67308  35.940  -24.183  41.417 0.0000000000
68417  31.809  -21.874  44.486 0.0000000000
68433  32.678  -21.846  43.424 0.0000000000
68458  34.640  -21.892  41.379 0.0000000000
69651  30.831  -21.903  46.253 0.0000000000
69684  32.683  -20.965  43.978 0.0000000000
69702  33.545  -20.954  42.772 0.0000000000
70883  31.126  -21.042  45.991 0.0000000000
72091  42.164  -20.469  39.746 0.0000000000
76501  38.194  -14.816  42.750 0.0000000000
76523  37.162  -15.731  41.104 0.0000000000
76576  43.710  -15.476  36.383 0.0000000000
80908  44.758  -11.637  35.345 0.0000000000
80934  47.715  -11.326  33.662 0.0000000000
83985  52.342  -8.765  29.640 0.0000000000
85036  49.654  -7.823  29.869 0.0000000000
85051  50.863  -7.829  29.207 0.0000000000
88261  50.705  -4.857  29.445 0.0000000000
