#!ascii label  , from subject 3131 vox2ras=TkReg
945
35651  21.975  -57.720  56.007 0.0000000000
64241  46.132  -36.535  44.177 0.0000000000
67655  52.723  -32.472  42.742 0.0000000000
53960  43.744  -44.645  51.378 0.0000000000
46537  28.306  -51.493  54.767 0.0000000000
41218  24.968  -54.301  55.697 0.0000000000
66504  49.838  -33.942  44.374 0.0000000000
60665  48.905  -38.195  47.177 0.0000000000
50313  41.530  -47.557  52.966 0.0000000000
45232  33.653  -52.155  54.357 0.0000000000
78541  56.059  -23.356  36.330 0.0000000000
75943  51.805  -26.171  42.490 0.0000000000
57429  40.671  -41.872  50.131 0.0000000000
61804  44.520  -38.578  50.008 0.0000000000
43954  24.483  -52.898  56.122 0.0000000000
38399  23.216  -55.769  56.036 0.0000000000
65426  47.993  -34.717  44.087 0.0000000000
64187  49.436  -36.080  45.500 0.0000000000
64190  47.575  -37.199  46.369 0.0000000000
44002  40.426  -50.975  51.452 0.0000000000
43919  29.050  -52.862  56.459 0.0000000000
46534  31.181  -51.796  54.494 0.0000000000
42643  32.048  -53.272  54.432 0.0000000000
79700  54.878  -22.613  38.593 0.0000000000
76025  54.898  -24.838  37.598 0.0000000000
78483  54.179  -23.805  40.510 0.0000000000
70020  51.123  -30.925  42.521 0.0000000000
72411  50.274  -28.383  41.516 0.0000000000
73558  53.204  -29.000  43.047 0.0000000000
72436  51.961  -28.167  41.162 0.0000000000
70059  51.381  -30.526  40.768 0.0000000000
51496  42.920  -46.448  52.358 0.0000000000
53962  41.722  -44.710  51.589 0.0000000000
56298  42.656  -42.766  52.016 0.0000000000
60634  42.783  -39.831  50.466 0.0000000000
58474  44.063  -40.978  52.290 0.0000000000
58513  45.371  -40.076  49.805 0.0000000000
56332  43.801  -42.853  49.720 0.0000000000
45217  26.180  -52.398  56.227 0.0000000000
68821  49.674  -32.009  41.519 0.0000000000
67620  51.708  -33.184  43.829 0.0000000000
64222  50.761  -35.777  44.414 0.0000000000
59634  49.814  -38.252  44.511 0.0000000000
47841  37.549  -50.824  52.759 0.0000000000
46570  40.524  -49.659  52.629 0.0000000000
47892  43.019  -49.564  51.891 0.0000000000
49185  43.577  -47.246  49.533 0.0000000000
51580  43.541  -46.324  48.699 0.0000000000
47858  35.615  -51.030  52.530 0.0000000000
43964  36.346  -51.999  53.763 0.0000000000
76095  55.890  -24.777  33.750 0.0000000000
78487  51.521  -23.855  41.078 0.0000000000
75966  53.186  -25.802  41.346 0.0000000000
74817  50.517  -26.868  39.089 0.0000000000
63005  45.815  -37.774  47.262 0.0000000000
61814  46.680  -38.359  48.524 0.0000000000
57452  47.199  -40.380  47.331 0.0000000000
35664  22.760  -58.465  55.416 0.0000000000
37011  22.619  -56.765  55.720 0.0000000000
35662  23.103  -57.185  55.465 0.0000000000
64240  46.920  -35.976  44.330 0.0000000000
64223  47.744  -35.953  45.199 0.0000000000
64207  47.021  -37.104  45.802 0.0000000000
42624  29.956  -53.015  55.692 0.0000000000
79684  53.887  -22.476  39.230 0.0000000000
79669  54.671  -23.102  39.566 0.0000000000
79671  53.505  -23.045  40.216 0.0000000000
70006  52.066  -31.004  43.063 0.0000000000
71208  51.971  -29.630  42.782 0.0000000000
70031  52.459  -31.103  42.108 0.0000000000
70033  52.351  -30.652  41.724 0.0000000000
52715  43.607  -45.529  52.055 0.0000000000
53935  42.951  -44.294  52.286 0.0000000000
55161  43.389  -43.603  52.099 0.0000000000
57392  43.354  -41.417  52.784 0.0000000000
56296  43.792  -42.590  51.679 0.0000000000
57417  44.184  -41.628  50.775 0.0000000000
55219  43.592  -43.870  50.535 0.0000000000
45218  25.596  -52.495  56.348 0.0000000000
42628  26.064  -53.545  56.269 0.0000000000
41198  26.733  -53.472  55.847 0.0000000000
66535  48.628  -33.708  43.235 0.0000000000
67658  48.031  -32.568  41.984 0.0000000000
67633  49.696  -33.082  43.277 0.0000000000
67632  50.418  -32.589  43.341 0.0000000000
66503  50.610  -33.747  44.386 0.0000000000
66486  51.441  -34.399  44.357 0.0000000000
66488  50.646  -34.455  44.478 0.0000000000
62989  48.813  -37.415  46.579 0.0000000000
61848  49.564  -37.349  45.494 0.0000000000
60692  49.514  -38.322  45.875 0.0000000000
59635  49.315  -38.840  44.817 0.0000000000
58552  48.912  -39.399  46.179 0.0000000000
46526  38.497  -51.659  53.072 0.0000000000
47839  39.237  -50.614  52.693 0.0000000000
45260  39.915  -50.999  52.081 0.0000000000
45297  41.283  -50.641  51.380 0.0000000000
47909  42.967  -48.283  50.670 0.0000000000
45253  32.601  -51.821  54.567 0.0000000000
46556  33.208  -51.461  53.756 0.0000000000
46531  34.158  -51.911  53.766 0.0000000000
46530  35.247  -51.697  53.532 0.0000000000
45230  34.722  -52.569  53.980 0.0000000000
79722  55.448  -22.168  36.795 0.0000000000
77377  56.044  -23.978  34.944 0.0000000000
77300  54.185  -24.569  38.650 0.0000000000
74789  51.121  -27.121  42.026 0.0000000000
74791  49.504  -26.725  41.398 0.0000000000
75956  51.084  -26.112  41.866 0.0000000000
77280  50.307  -25.151  40.875 0.0000000000
77271  51.589  -25.182  42.094 0.0000000000
77269  53.151  -24.853  42.162 0.0000000000
74779  53.310  -26.060  42.205 0.0000000000
72438  50.859  -28.914  40.328 0.0000000000
73605  51.926  -27.442  40.735 0.0000000000
50315  40.508  -48.014  52.272 0.0000000000
50326  41.046  -47.328  51.962 0.0000000000
56324  41.368  -43.035  50.432 0.0000000000
54007  40.959  -44.644  50.442 0.0000000000
60644  43.809  -39.147  50.241 0.0000000000
60658  42.999  -39.272  49.476 0.0000000000
61818  43.783  -38.884  49.084 0.0000000000
61849  44.521  -38.260  47.272 0.0000000000
61827  44.890  -37.985  48.950 0.0000000000
62993  46.361  -37.933  47.724 0.0000000000
61802  45.973  -38.648  49.205 0.0000000000
57440  44.866  -40.192  48.610 0.0000000000
57427  45.922  -39.856  48.818 0.0000000000
57454  45.736  -40.308  47.684 0.0000000000
56388  46.667  -41.553  46.140 0.0000000000
41201  23.583  -54.766  56.459 0.0000000000
39810  24.277  -55.223  55.784 0.0000000000
38426  24.013  -55.887  55.106 0.0000000000
37028  23.496  -56.696  55.314 0.0000000000
65425  48.496  -34.387  43.997 0.0000000000
65393  49.367  -35.101  44.729 0.0000000000
65394  48.443  -35.806  45.404 0.0000000000
64188  48.727  -36.675  46.045 0.0000000000
62990  48.459  -37.433  46.767 0.0000000000
46496  28.545  -51.800  55.696 0.0000000000
46536  29.169  -51.880  54.691 0.0000000000
45236  29.588  -51.989  55.243 0.0000000000
45211  31.092  -52.424  55.178 0.0000000000
42621  32.775  -53.005  53.811 0.0000000000
42657  34.284  -53.752  54.827 0.0000000000
41230  33.649  -53.728  54.170 0.0000000000
79710  55.922  -23.191  37.754 0.0000000000
77328  55.744  -24.498  37.276 0.0000000000
78518  56.010  -23.903  38.177 0.0000000000
75975  54.955  -24.625  39.086 0.0000000000
75977  53.767  -24.429  40.085 0.0000000000
70046  50.316  -30.626  41.376 0.0000000000
72423  50.320  -29.089  41.470 0.0000000000
73581  51.070  -27.977  42.692 0.0000000000
73579  52.700  -27.941  42.762 0.0000000000
74788  52.765  -27.350  42.317 0.0000000000
72409  52.590  -29.113  41.938 0.0000000000
71240  51.515  -29.565  40.973 0.0000000000
51497  42.202  -46.665  52.634 0.0000000000
52698  41.864  -45.603  51.982 0.0000000000
52697  42.167  -45.587  52.207 0.0000000000
55164  41.991  -43.882  51.600 0.0000000000
57406  42.040  -42.085  50.887 0.0000000000
59572  41.983  -40.909  50.180 0.0000000000
58489  42.746  -41.204  51.915 0.0000000000
59556  43.700  -40.599  51.573 0.0000000000
60615  44.642  -39.739  50.861 0.0000000000
60613  45.341  -39.769  50.505 0.0000000000
58487  44.682  -40.342  50.932 0.0000000000
58502  44.137  -40.885  50.359 0.0000000000
57441  43.489  -41.898  48.776 0.0000000000
46517  25.441  -52.222  55.074 0.0000000000
46539  26.588  -51.780  54.797 0.0000000000
46514  27.657  -51.556  55.338 0.0000000000
45197  27.706  -52.009  56.056 0.0000000000
41196  28.304  -53.153  55.664 0.0000000000
68820  50.379  -31.579  41.746 0.0000000000
68792  51.449  -31.716  43.545 0.0000000000
67631  52.729  -32.731  43.647 0.0000000000
65423  52.440  -33.722  43.805 0.0000000000
63062  51.294  -35.398  43.899 0.0000000000
63064  50.511  -36.360  43.583 0.0000000000
64204  50.131  -35.655  44.996 0.0000000000
61862  50.083  -36.916  44.276 0.0000000000
47875  37.511  -50.225  52.142 0.0000000000
49136  38.826  -49.855  52.350 0.0000000000
49123  39.787  -49.736  52.443 0.0000000000
47837  41.273  -49.117  53.469 0.0000000000
45280  40.625  -50.697  51.983 0.0000000000
46568  41.498  -49.768  52.789 0.0000000000
49133  42.440  -48.328  52.977 0.0000000000
49145  42.809  -47.886  51.907 0.0000000000
50323  43.527  -46.352  51.804 0.0000000000
51531  43.793  -45.934  51.228 0.0000000000
52750  43.697  -45.520  50.216 0.0000000000
50368  44.500  -46.770  49.323 0.0000000000
47842  36.636  -50.996  52.882 0.0000000000
46528  37.427  -51.585  53.301 0.0000000000
43975  37.877  -52.508  53.368 0.0000000000
41252  35.331  -53.680  53.715 0.0000000000
41276  36.955  -52.746  52.952 0.0000000000
78589  56.466  -23.541  33.067 0.0000000000
79673  52.163  -23.424  40.490 0.0000000000
78485  53.342  -23.639  41.278 0.0000000000
77279  53.794  -24.461  41.288 0.0000000000
75978  53.041  -25.372  40.628 0.0000000000
74800  52.805  -26.867  41.478 0.0000000000
74809  52.463  -26.518  40.889 0.0000000000
75994  51.882  -25.241  39.501 0.0000000000
52751  41.170  -45.560  50.666 0.0000000000
63029  44.454  -38.055  45.089 0.0000000000
63027  46.028  -37.341  45.581 0.0000000000
63004  46.847  -37.611  46.807 0.0000000000
62980  47.413  -37.826  47.957 0.0000000000
61812  48.043  -38.019  47.789 0.0000000000
59581  46.292  -39.118  49.133 0.0000000000
58522  47.163  -39.461  48.163 0.0000000000
59605  48.410  -38.897  47.324 0.0000000000
56385  48.053  -40.567  46.129 0.0000000000
54021  43.766  -44.797  49.662 0.0000000000
55232  43.442  -43.518  48.655 0.0000000000
34292  22.154  -57.911  56.004 0.0000000000
34305  22.297  -58.693  55.505 0.0000000000
34293  21.972  -58.267  55.901 0.0000000000
37012  22.177  -57.024  55.827 0.0000000000
35650  22.313  -57.557  55.866 0.0000000000
64224  47.216  -36.309  44.907 0.0000000000
79685  53.119  -23.171  39.571 0.0000000000
68804  52.539  -31.802  42.976 0.0000000000
70004  52.039  -31.144  42.950 0.0000000000
68817  52.546  -31.980  42.621 0.0000000000
68819  52.375  -31.624  41.949 0.0000000000
67657  52.180  -32.360  41.982 0.0000000000
53961  43.710  -45.019  51.748 0.0000000000
53933  43.566  -44.690  52.004 0.0000000000
53932  43.598  -44.441  51.668 0.0000000000
56297  43.627  -42.592  51.907 0.0000000000
55182  43.585  -43.671  51.395 0.0000000000
55204  43.622  -43.715  50.986 0.0000000000
53987  43.703  -44.505  50.827 0.0000000000
42629  24.912  -53.887  56.236 0.0000000000
42645  25.607  -53.860  56.124 0.0000000000
41236  25.452  -53.942  54.952 0.0000000000
66518  48.992  -33.942  43.756 0.0000000000
67634  48.954  -33.390  43.270 0.0000000000
66517  49.540  -33.651  44.017 0.0000000000
67623  49.907  -33.438  43.908 0.0000000000
66489  50.097  -34.497  44.496 0.0000000000
61825  49.006  -37.894  47.069 0.0000000000
61837  49.143  -37.682  46.244 0.0000000000
60677  49.058  -38.246  46.684 0.0000000000
59623  49.635  -39.134  45.975 0.0000000000
59614  48.962  -38.895  46.450 0.0000000000
45262  38.463  -51.969  53.224 0.0000000000
45261  38.796  -51.585  52.629 0.0000000000
45269  39.337  -51.520  52.757 0.0000000000
43967  32.767  -51.986  54.637 0.0000000000
46533  32.252  -51.844  54.389 0.0000000000
46532  33.309  -51.570  54.190 0.0000000000
46555  34.134  -51.846  53.503 0.0000000000
45251  34.056  -52.004  53.984 0.0000000000
45231  34.168  -52.363  54.154 0.0000000000
79721  55.791  -22.770  36.750 0.0000000000
78553  56.483  -23.238  35.277 0.0000000000
77362  55.947  -23.903  35.974 0.0000000000
75944  51.428  -26.623  42.292 0.0000000000
77259  51.805  -25.618  42.408 0.0000000000
77257  52.698  -25.331  42.538 0.0000000000
75942  52.529  -25.966  42.571 0.0000000000
72449  50.919  -28.160  40.168 0.0000000000
50314  40.979  -47.576  52.708 0.0000000000
56333  41.000  -42.373  50.264 0.0000000000
60643  44.265  -39.033  50.413 0.0000000000
60657  43.542  -39.148  49.724 0.0000000000
61817  44.475  -38.427  49.316 0.0000000000
61828  44.458  -38.282  48.554 0.0000000000
61816  44.952  -38.134  49.395 0.0000000000
62972  45.157  -38.051  49.197 0.0000000000
61803  45.247  -38.487  49.601 0.0000000000
58542  44.464  -40.471  47.912 0.0000000000
57439  45.308  -40.064  48.541 0.0000000000
57470  44.939  -40.525  47.075 0.0000000000
57487  45.467  -41.249  46.340 0.0000000000
38400  22.912  -55.910  56.072 0.0000000000
39794  23.434  -55.317  56.373 0.0000000000
41200  24.073  -54.736  56.470 0.0000000000
39793  23.853  -55.312  56.298 0.0000000000
38412  23.538  -55.816  55.667 0.0000000000
65427  47.093  -35.430  43.706 0.0000000000
66537  47.410  -34.519  42.795 0.0000000000
66520  47.806  -34.552  43.460 0.0000000000
66519  48.335  -34.210  43.606 0.0000000000
65408  48.714  -34.757  44.431 0.0000000000
65409  47.783  -35.493  44.777 0.0000000000
64206  47.854  -36.343  45.643 0.0000000000
64205  48.245  -36.238  45.686 0.0000000000
64189  48.264  -36.607  46.081 0.0000000000
64175  48.294  -37.203  46.528 0.0000000000
45214  28.704  -52.013  56.069 0.0000000000
46495  29.075  -51.928  55.612 0.0000000000
45194  29.299  -52.597  56.237 0.0000000000
41192  30.752  -53.142  55.151 0.0000000000
42623  30.934  -53.133  55.087 0.0000000000
43931  31.417  -52.819  55.050 0.0000000000
45210  31.878  -52.445  54.914 0.0000000000
42642  32.906  -53.007  54.074 0.0000000000
41209  33.093  -53.471  53.768 0.0000000000
80868  54.231  -22.448  38.323 0.0000000000
80867  54.774  -22.530  38.172 0.0000000000
79711  55.446  -22.604  37.492 0.0000000000
79699  55.273  -22.755  38.269 0.0000000000
79709  56.105  -23.521  38.052 0.0000000000
79698  55.746  -23.095  38.168 0.0000000000
78498  54.214  -23.338  40.100 0.0000000000
78496  55.117  -23.795  39.257 0.0000000000
77287  54.948  -24.252  39.278 0.0000000000
75976  54.642  -24.373  39.226 0.0000000000
77288  54.081  -24.038  39.856 0.0000000000
70034  50.831  -30.765  41.932 0.0000000000
71225  50.737  -29.814  41.533 0.0000000000
71210  51.204  -29.982  41.983 0.0000000000
72381  52.175  -29.187  42.953 0.0000000000
72397  51.975  -29.079  42.904 0.0000000000
73561  52.207  -28.667  43.064 0.0000000000
73580  51.988  -28.154  42.951 0.0000000000
73559  52.874  -28.767  43.140 0.0000000000
73578  53.030  -28.604  42.829 0.0000000000
72395  53.142  -28.991  42.669 0.0000000000
70045  51.695  -30.484  41.216 0.0000000000
71239  51.776  -29.510  41.426 0.0000000000
71257  51.128  -29.639  40.540 0.0000000000
70060  50.872  -30.569  40.372 0.0000000000
52696  42.675  -45.482  52.290 0.0000000000
55162  42.614  -43.533  52.042 0.0000000000
55163  42.318  -43.709  51.746 0.0000000000
56299  42.253  -42.899  51.546 0.0000000000
57405  42.404  -42.001  51.544 0.0000000000
58490  42.444  -41.543  51.324 0.0000000000
57394  42.680  -41.873  51.989 0.0000000000
58475  43.786  -40.874  52.957 0.0000000000
59543  43.481  -40.532  52.666 0.0000000000
59542  43.827  -40.750  52.234 0.0000000000
59541  44.117  -40.676  51.458 0.0000000000
59554  44.763  -40.090  50.983 0.0000000000
58473  44.135  -40.968  51.607 0.0000000000
56322  44.044  -42.762  50.509 0.0000000000
57418  44.095  -41.664  50.246 0.0000000000
58515  44.030  -40.822  49.815 0.0000000000
57428  43.851  -41.713  49.678 0.0000000000
43968  24.293  -52.888  55.415 0.0000000000
45255  24.567  -52.434  54.887 0.0000000000
45240  24.642  -52.547  55.505 0.0000000000
45238  26.068  -52.103  55.972 0.0000000000
45237  26.633  -52.157  55.775 0.0000000000
46515  26.831  -51.915  55.379 0.0000000000
46498  27.203  -51.936  55.574 0.0000000000
46497  27.798  -51.773  55.704 0.0000000000
45216  26.806  -51.954  55.770 0.0000000000
68807  49.184  -32.357  42.173 0.0000000000
68778  51.105  -32.429  43.660 0.0000000000
68793  50.827  -31.859  43.405 0.0000000000
68777  51.575  -32.440  43.661 0.0000000000
68791  51.836  -31.733  43.501 0.0000000000
67619  52.127  -32.889  44.112 0.0000000000
66516  52.643  -33.335  43.848 0.0000000000
66500  52.344  -33.580  43.995 0.0000000000
64202  51.134  -35.163  44.348 0.0000000000
65424  52.032  -34.536  44.016 0.0000000000
63040  51.263  -35.425  44.132 0.0000000000
63063  50.947  -35.716  43.668 0.0000000000
63041  51.075  -36.017  43.774 0.0000000000
65377  49.463  -35.580  45.177 0.0000000000
64186  49.914  -36.074  45.311 0.0000000000
60704  49.724  -38.081  45.101 0.0000000000
61847  49.761  -37.467  45.068 0.0000000000
60718  49.886  -37.902  44.575 0.0000000000
61898  50.151  -37.512  44.039 0.0000000000
59648  50.023  -38.141  44.247 0.0000000000
47856  37.602  -50.460  52.498 0.0000000000
49149  38.251  -49.853  52.333 0.0000000000
47855  37.971  -50.190  52.615 0.0000000000
47838  40.289  -49.809  52.673 0.0000000000
49122  40.979  -48.819  53.077 0.0000000000
43989  40.186  -50.967  51.829 0.0000000000
46609  42.164  -49.686  51.563 0.0000000000
46589  41.808  -49.929  52.364 0.0000000000
47874  42.215  -49.026  52.558 0.0000000000
47852  41.566  -49.183  53.142 0.0000000000
49146  42.657  -48.482  52.415 0.0000000000
49171  43.372  -47.473  50.333 0.0000000000
49158  43.212  -47.526  51.231 0.0000000000
49157  43.455  -46.889  50.765 0.0000000000
50331  43.473  -46.572  51.475 0.0000000000
49170  43.561  -46.801  50.067 0.0000000000
50354  43.580  -46.541  49.678 0.0000000000
49199  43.938  -46.651  49.231 0.0000000000
46535  30.170  -51.885  54.591 0.0000000000
46559  29.982  -52.237  54.102 0.0000000000
46558  31.004  -51.862  53.915 0.0000000000
46571  34.995  -51.295  52.897 0.0000000000
47859  34.947  -51.087  52.124 0.0000000000
47857  36.676  -50.857  52.470 0.0000000000
47843  35.836  -50.932  52.973 0.0000000000
45249  36.434  -51.950  53.593 0.0000000000
46529  36.423  -51.600  53.394 0.0000000000
45248  37.443  -51.923  53.429 0.0000000000
42654  36.796  -52.492  53.250 0.0000000000
42656  34.925  -53.633  54.629 0.0000000000
41275  37.686  -52.812  52.886 0.0000000000
77395  56.221  -24.406  33.886 0.0000000000
76109  55.967  -24.838  33.416 0.0000000000
76024  55.386  -24.611  37.783 0.0000000000
72424  49.686  -28.746  41.121 0.0000000000
72425  48.933  -28.591  40.723 0.0000000000
73597  49.301  -28.117  40.945 0.0000000000
78477  51.188  -24.532  41.544 0.0000000000
78501  50.066  -24.741  40.407 0.0000000000
78499  51.572  -23.762  40.206 0.0000000000
79661  51.902  -23.538  40.729 0.0000000000
79659  53.032  -23.254  40.887 0.0000000000
78486  52.504  -23.718  41.321 0.0000000000
75953  53.564  -25.269  41.924 0.0000000000
77268  53.653  -24.585  41.640 0.0000000000
75965  53.456  -25.189  41.345 0.0000000000
73595  52.792  -27.602  41.797 0.0000000000
73596  52.406  -27.526  41.314 0.0000000000
73606  51.285  -27.367  40.209 0.0000000000
74810  51.750  -26.500  40.305 0.0000000000
75980  51.671  -25.863  39.961 0.0000000000
74816  51.055  -26.191  39.488 0.0000000000
52716  41.558  -45.616  51.570 0.0000000000
53988  41.056  -44.787  51.160 0.0000000000
59571  42.462  -40.428  50.572 0.0000000000
61830  43.165  -38.909  48.203 0.0000000000
63006  45.013  -38.184  47.553 0.0000000000
61863  44.665  -38.309  46.529 0.0000000000
63016  45.224  -37.858  46.804 0.0000000000
63028  45.269  -37.900  45.688 0.0000000000
63015  46.170  -37.472  46.282 0.0000000000
62981  46.689  -37.971  48.182 0.0000000000
62979  48.024  -37.794  47.589 0.0000000000
61813  47.473  -38.103  48.198 0.0000000000
58500  45.579  -40.237  50.277 0.0000000000
60628  45.693  -39.217  49.811 0.0000000000
58499  45.549  -39.912  49.859 0.0000000000
57437  46.702  -39.969  47.828 0.0000000000
58511  46.425  -39.527  48.628 0.0000000000
58533  47.358  -39.852  47.567 0.0000000000
58521  47.636  -39.218  47.857 0.0000000000
57451  47.690  -39.946  46.982 0.0000000000
57466  48.064  -40.228  46.406 0.0000000000
57467  47.529  -40.559  46.759 0.0000000000
56404  47.176  -41.492  45.556 0.0000000000
51560  43.509  -45.911  49.128 0.0000000000
54020  43.767  -45.161  49.996 0.0000000000
52765  43.693  -45.450  49.068 0.0000000000
38401  22.510  -56.224  55.848 0.0000000000
37010  23.229  -56.058  55.925 0.0000000000
37019  23.070  -56.499  55.670 0.0000000000
37020  22.873  -57.061  55.575 0.0000000000
35663  22.783  -57.800  55.623 0.0000000000
65410  47.253  -35.765  44.460 0.0000000000
41182  29.165  -53.349  56.080 0.0000000000
42625  29.450  -53.268  56.016 0.0000000000
41212  30.133  -53.777  54.844 0.0000000000
41232  30.685  -53.749  54.300 0.0000000000
80853  54.462  -22.467  38.761 0.0000000000
79683  54.706  -22.621  39.085 0.0000000000
79670  54.151  -22.964  40.065 0.0000000000
70019  51.753  -30.838  42.796 0.0000000000
71209  51.849  -29.974  42.512 0.0000000000
71196  51.849  -30.006  42.973 0.0000000000
71195  52.114  -30.293  42.712 0.0000000000
71207  52.608  -30.118  42.032 0.0000000000
72407  52.806  -29.275  42.279 0.0000000000
70032  52.522  -30.863  41.982 0.0000000000
68834  51.941  -31.387  41.476 0.0000000000
51495  43.568  -45.875  52.837 0.0000000000
52695  43.316  -45.364  52.357 0.0000000000
52694  43.578  -45.437  52.475 0.0000000000
53912  43.249  -43.878  52.212 0.0000000000
56284  43.158  -42.525  52.238 0.0000000000
57379  43.096  -41.923  52.322 0.0000000000
56283  43.483  -42.372  52.119 0.0000000000
57391  43.688  -41.679  52.248 0.0000000000
57390  44.029  -41.482  51.921 0.0000000000
57404  44.193  -41.423  51.291 0.0000000000
56310  44.047  -42.649  51.172 0.0000000000
56331  43.777  -43.378  50.233 0.0000000000
43953  25.038  -52.722  56.526 0.0000000000
43936  25.540  -52.962  56.575 0.0000000000
43935  26.500  -52.752  56.207 0.0000000000
67646  47.948  -33.480  42.365 0.0000000000
67645  48.643  -33.120  42.448 0.0000000000
67644  49.394  -32.741  42.559 0.0000000000
68806  50.071  -32.440  42.334 0.0000000000
67622  50.530  -33.118  43.690 0.0000000000
67621  51.160  -33.145  43.887 0.0000000000
66501  51.798  -33.973  44.236 0.0000000000
66502  51.218  -33.753  44.351 0.0000000000
66487  51.186  -34.406  44.421 0.0000000000
63002  48.944  -36.886  46.199 0.0000000000
63001  49.350  -36.780  45.732 0.0000000000
60691  49.639  -37.866  45.366 0.0000000000
60705  49.678  -38.681  45.465 0.0000000000
59628  49.671  -38.476  44.977 0.0000000000
59629  49.585  -39.007  45.404 0.0000000000
58574  49.105  -39.166  45.316 0.0000000000
57502  48.760  -39.637  45.636 0.0000000000
46551  38.208  -50.971  52.948 0.0000000000
47840  38.326  -50.583  52.706 0.0000000000
46550  38.951  -50.953  52.544 0.0000000000
46549  39.894  -50.297  52.480 0.0000000000
44001  40.997  -51.157  51.110 0.0000000000
47891  42.742  -48.624  51.606 0.0000000000
46608  42.455  -48.933  50.901 0.0000000000
46629  42.612  -48.798  50.131 0.0000000000
46509  31.860  -51.978  54.762 0.0000000000
46573  33.053  -51.626  53.028 0.0000000000
47825  35.763  -51.274  53.243 0.0000000000
45250  35.122  -52.180  54.036 0.0000000000
43965  35.492  -52.473  53.728 0.0000000000
77313  54.428  -24.678  38.207 0.0000000000
73588  50.548  -27.785  41.916 0.0000000000
73589  49.711  -27.637  41.306 0.0000000000
74790  50.260  -26.870  41.693 0.0000000000
75957  49.766  -25.979  41.476 0.0000000000
75967  49.480  -25.614  41.117 0.0000000000
77272  50.523  -25.281  41.309 0.0000000000
78476  51.942  -24.266  41.843 0.0000000000
78475  52.818  -24.221  41.797 0.0000000000
77270  52.404  -24.855  42.290 0.0000000000
75954  53.448  -25.207  42.139 0.0000000000
74798  53.406  -25.899  41.926 0.0000000000
72437  51.457  -28.521  40.644 0.0000000000
49147  39.878  -48.456  52.016 0.0000000000
55205  41.278  -43.841  50.944 0.0000000000
53989  41.077  -44.314  50.811 0.0000000000
55206  41.225  -43.896  50.486 0.0000000000
55221  41.093  -43.886  49.845 0.0000000000
60645  43.112  -39.502  50.092 0.0000000000
60646  42.389  -39.561  49.985 0.0000000000
61819  43.028  -38.946  48.844 0.0000000000
60667  43.544  -38.442  48.065 0.0000000000
61839  43.847  -38.343  47.656 0.0000000000
61838  44.306  -38.064  47.911 0.0000000000
62995  44.760  -38.249  48.043 0.0000000000
62994  45.345  -38.277  48.179 0.0000000000
62982  45.930  -38.332  48.401 0.0000000000
61815  46.096  -38.450  48.574 0.0000000000
61801  46.269  -38.755  49.075 0.0000000000
58524  45.327  -40.051  49.197 0.0000000000
58523  45.764  -40.158  48.937 0.0000000000
57438  45.960  -39.945  48.390 0.0000000000
57453  46.509  -40.471  47.494 0.0000000000
57468  47.012  -40.976  47.060 0.0000000000
57469  46.271  -41.085  46.882 0.0000000000
43955  24.031  -53.633  55.801 0.0000000000
42631  23.805  -54.197  56.143 0.0000000000
43938  24.297  -53.626  56.132 0.0000000000
42630  24.259  -54.136  56.199 0.0000000000
41199  24.364  -54.689  56.197 0.0000000000
39835  24.765  -55.074  55.040 0.0000000000
66536  48.118  -33.976  42.866 0.0000000000
66505  49.319  -34.146  44.213 0.0000000000
65407  49.330  -34.482  44.423 0.0000000000
65378  49.029  -35.892  45.532 0.0000000000
65379  48.626  -36.303  45.751 0.0000000000
61826  48.557  -37.733  47.350 0.0000000000
43991  39.220  -51.618  52.449 0.0000000000
46513  28.463  -51.603  55.276 0.0000000000
46560  28.906  -52.038  54.049 0.0000000000
46512  29.295  -51.828  55.131 0.0000000000
46511  30.269  -51.739  54.941 0.0000000000
43917  29.791  -52.985  56.007 0.0000000000
45212  30.188  -52.405  55.355 0.0000000000
45234  31.092  -52.013  55.148 0.0000000000
45233  31.945  -52.044  54.917 0.0000000000
43952  32.521  -52.209  54.568 0.0000000000
43951  33.262  -52.589  54.137 0.0000000000
43950  34.197  -52.852  54.355 0.0000000000
42641  33.605  -53.305  54.058 0.0000000000
41253  34.365  -54.214  53.993 0.0000000000
78530  56.084  -23.609  37.305 0.0000000000
77345  56.117  -24.073  36.907 0.0000000000
77327  56.075  -24.217  37.752 0.0000000000
76023  55.621  -24.441  37.945 0.0000000000
79681  55.503  -23.203  38.617 0.0000000000
75988  55.166  -24.162  39.038 0.0000000000
76007  54.960  -24.753  38.070 0.0000000000
75991  54.591  -24.547  38.988 0.0000000000
75992  53.615  -24.474  39.540 0.0000000000
71241  50.059  -29.743  41.111 0.0000000000
72410  50.804  -28.822  42.024 0.0000000000
74782  51.613  -27.190  42.495 0.0000000000
74781  52.127  -26.795  42.621 0.0000000000
74780  52.861  -26.597  42.266 0.0000000000
73587  52.841  -27.933  42.586 0.0000000000
73586  53.082  -27.953  42.177 0.0000000000
72421  52.349  -28.616  41.603 0.0000000000
71224  52.188  -29.767  41.649 0.0000000000
72422  51.768  -28.873  41.255 0.0000000000
71258  50.595  -29.676  40.101 0.0000000000
51479  41.890  -47.396  52.868 0.0000000000
51498  41.701  -46.677  52.563 0.0000000000
53936  42.493  -44.537  51.982 0.0000000000
53937  42.183  -44.659  51.770 0.0000000000
56300  41.854  -43.449  51.393 0.0000000000
56312  41.671  -42.993  51.091 0.0000000000
57419  41.351  -42.147  50.572 0.0000000000
58516  41.437  -41.336  50.106 0.0000000000
58504  42.142  -41.402  50.656 0.0000000000
58503  42.550  -41.024  51.273 0.0000000000
59558  42.720  -40.796  51.431 0.0000000000
58476  43.092  -40.853  53.047 0.0000000000
59544  43.083  -40.546  52.743 0.0000000000
59570  42.918  -40.160  50.831 0.0000000000
60617  43.611  -40.161  51.059 0.0000000000
60632  43.919  -39.507  50.717 0.0000000000
60631  44.493  -39.264  50.609 0.0000000000
60630  44.879  -38.917  50.576 0.0000000000
60614  45.141  -39.710  50.655 0.0000000000
58486  45.193  -40.065  50.707 0.0000000000
58501  44.579  -40.460  50.589 0.0000000000
58514  44.712  -40.396  49.874 0.0000000000
58526  43.887  -40.892  49.099 0.0000000000
46561  28.123  -51.569  54.037 0.0000000000
45239  25.260  -52.419  55.791 0.0000000000
47826  26.863  -51.526  54.366 0.0000000000
46538  27.386  -51.492  54.763 0.0000000000
45215  28.006  -51.980  56.018 0.0000000000
43920  28.537  -52.757  56.229 0.0000000000
42614  27.609  -52.782  55.590 0.0000000000
42613  28.174  -52.968  55.840 0.0000000000
41184  28.630  -53.277  56.049 0.0000000000
68805  50.594  -31.583  42.606 0.0000000000
70008  51.423  -31.271  43.186 0.0000000000
68790  52.145  -31.974  43.466 0.0000000000
66548  52.900  -32.769  42.948 0.0000000000
66550  52.371  -33.123  42.443 0.0000000000
66534  52.996  -33.028  43.411 0.0000000000
65438  52.630  -33.764  42.979 0.0000000000
65439  51.963  -34.293  43.606 0.0000000000
65405  52.273  -33.972  44.031 0.0000000000
65392  49.911  -35.231  44.762 0.0000000000
65391  50.577  -34.877  44.704 0.0000000000
64203  50.394  -35.618  45.002 0.0000000000
63000  49.927  -36.320  45.256 0.0000000000
63012  50.088  -36.579  44.915 0.0000000000
63025  50.562  -36.239  44.331 0.0000000000
63026  50.317  -36.652  44.168 0.0000000000
49148  39.170  -49.285  52.120 0.0000000000
49124  38.822  -50.235  52.461 0.0000000000
49135  40.045  -48.677  52.669 0.0000000000
49134  40.871  -48.294  52.927 0.0000000000
50299  41.616  -47.947  53.405 0.0000000000
45281  39.569  -51.293  52.166 0.0000000000
45267  40.281  -50.645  52.008 0.0000000000
46569  40.838  -49.922  52.411 0.0000000000
45279  41.345  -50.316  51.932 0.0000000000
46590  41.191  -50.263  52.225 0.0000000000
49121  41.608  -48.551  53.845 0.0000000000
50298  41.943  -47.968  53.627 0.0000000000
50312  42.260  -47.561  52.964 0.0000000000
50311  42.790  -47.418  52.606 0.0000000000
50325  42.987  -46.931  52.124 0.0000000000
47872  42.886  -48.399  51.878 0.0000000000
50324  43.198  -46.768  51.895 0.0000000000
51516  43.492  -46.154  52.487 0.0000000000
51515  43.595  -46.079  51.896 0.0000000000
52714  43.788  -45.440  51.594 0.0000000000
52734  44.033  -45.276  50.931 0.0000000000
51544  43.624  -45.968  50.413 0.0000000000
51559  43.538  -46.302  49.634 0.0000000000
51579  44.293  -46.783  49.186 0.0000000000
49213  43.644  -47.306  48.464 0.0000000000
50386  43.671  -47.025  48.210 0.0000000000
46576  29.642  -52.231  53.233 0.0000000000
47876  36.647  -50.657  51.923 0.0000000000
47824  36.186  -51.276  53.262 0.0000000000
46553  36.905  -51.227  52.982 0.0000000000
46552  37.530  -51.189  53.064 0.0000000000
43962  38.119  -52.225  53.416 0.0000000000
43982  38.464  -52.573  52.968 0.0000000000
43949  34.959  -52.960  54.051 0.0000000000
42655  35.480  -52.970  53.661 0.0000000000
41251  36.071  -53.010  52.998 0.0000000000
42667  36.362  -52.774  53.102 0.0000000000
42666  37.525  -52.650  53.202 0.0000000000
35652  21.644  -58.071  55.752 0.0000000000
79672  52.756  -23.244  40.402 0.0000000000
79658  53.654  -23.291  40.730 0.0000000000
78484  54.109  -23.748  40.986 0.0000000000
78474  53.519  -24.207  41.552 0.0000000000
78473  53.871  -24.196  41.412 0.0000000000
77278  54.193  -23.999  40.638 0.0000000000
75993  52.772  -24.971  39.669 0.0000000000
74787  53.184  -26.537  42.117 0.0000000000
74799  53.188  -26.488  41.786 0.0000000000
74808  52.950  -26.198  41.301 0.0000000000
75979  52.237  -25.709  40.229 0.0000000000
76010  51.423  -25.058  38.747 0.0000000000
64242  45.182  -36.848  44.053 0.0000000000
51499  41.487  -46.550  52.110 0.0000000000
51518  41.389  -46.467  51.524 0.0000000000
61850  44.061  -38.741  46.924 0.0000000000
63044  45.071  -37.334  44.616 0.0000000000
63043  45.764  -37.146  45.073 0.0000000000
64225  46.413  -36.891  45.228 0.0000000000
62992  47.308  -37.667  47.330 0.0000000000
64177  47.610  -37.470  46.804 0.0000000000
62991  47.885  -37.558  47.194 0.0000000000
60666  48.530  -38.247  47.530 0.0000000000
61791  45.436  -38.920  49.898 0.0000000000
60641  46.039  -38.862  49.330 0.0000000000
60656  46.763  -38.706  48.655 0.0000000000
58512  45.862  -39.706  49.249 0.0000000000
59580  46.595  -39.220  48.715 0.0000000000
59593  47.188  -38.901  48.459 0.0000000000
60655  47.569  -38.376  48.185 0.0000000000
59615  48.660  -38.934  46.894 0.0000000000
58541  48.451  -39.438  46.713 0.0000000000
57485  48.421  -40.272  46.026 0.0000000000
56425  48.110  -40.587  45.514 0.0000000000
56387  47.379  -41.345  46.139 0.0000000000
56403  47.751  -41.033  45.670 0.0000000000
54004  43.780  -44.766  50.324 0.0000000000
55220  43.590  -44.041  50.000 0.0000000000
55231  43.529  -43.869  49.235 0.0000000000
54038  43.738  -44.696  48.881 0.0000000000
56344  43.495  -42.934  48.883 0.0000000000
57442  43.552  -42.533  48.448 0.0000000000
34304  22.335  -58.077  55.913 0.0000000000
41183  28.960  -53.337  56.167 0.0000000000
41193  30.378  -53.492  55.137 0.0000000000
41194  29.544  -53.254  55.837 0.0000000000
41195  28.932  -53.422  55.830 0.0000000000
41211  31.036  -53.484  54.457 0.0000000000
41228  35.178  -53.703  54.349 0.0000000000
41250  36.882  -52.973  52.974 0.0000000000
42610  29.604  -53.132  56.051 0.0000000000
42611  29.248  -53.193  56.252 0.0000000000
42612  28.759  -53.141  56.284 0.0000000000
42622  32.072  -53.127  54.605 0.0000000000
42627  27.068  -52.982  55.633 0.0000000000
42639  34.960  -53.295  54.323 0.0000000000
42640  34.504  -53.323  54.591 0.0000000000
42646  23.609  -54.208  55.972 0.0000000000
42653  37.363  -52.498  53.259 0.0000000000
42665  37.992  -52.767  53.182 0.0000000000
42668  35.732  -53.095  53.138 0.0000000000
43918  29.547  -52.909  56.182 0.0000000000
43921  27.974  -52.591  55.840 0.0000000000
43929  32.788  -52.762  53.997 0.0000000000
43930  32.400  -52.730  54.468 0.0000000000
43932  30.180  -52.880  55.579 0.0000000000
43933  29.667  -52.613  55.851 0.0000000000
43934  27.255  -52.558  55.686 0.0000000000
43963  37.637  -52.346  53.379 0.0000000000
43966  33.161  -52.106  54.509 0.0000000000
43973  38.569  -52.007  53.030 0.0000000000
43974  38.284  -52.326  53.227 0.0000000000
45195  28.877  -52.424  56.313 0.0000000000
45196  28.314  -52.329  56.114 0.0000000000
45213  29.365  -52.212  55.722 0.0000000000
45235  30.248  -51.971  55.144 0.0000000000
45246  38.544  -51.864  53.127 0.0000000000
45247  38.283  -51.953  53.368 0.0000000000
45252  33.411  -51.860  54.388 0.0000000000
45254  24.963  -52.343  55.164 0.0000000000
45259  40.013  -50.575  52.004 0.0000000000
45268  39.845  -51.137  52.254 0.0000000000
45282  39.706  -51.644  52.823 0.0000000000
45298  40.884  -50.926  51.677 0.0000000000
46510  31.167  -51.755  54.913 0.0000000000
46516  26.034  -52.107  55.294 0.0000000000
46527  38.193  -51.518  53.303 0.0000000000
46541  25.187  -52.162  54.574 0.0000000000
46548  39.998  -50.275  52.243 0.0000000000
46554  35.023  -51.583  53.372 0.0000000000
46588  42.855  -49.898  52.081 0.0000000000
46610  41.654  -50.161  51.859 0.0000000000
46647  42.800  -48.751  49.628 0.0000000000
47836  41.694  -48.968  54.022 0.0000000000
47853  40.857  -49.326  52.917 0.0000000000
47854  40.618  -49.382  52.783 0.0000000000
47873  42.908  -49.148  52.144 0.0000000000
49120  42.002  -48.445  53.708 0.0000000000
49132  42.768  -47.819  52.391 0.0000000000
49137  37.928  -49.903  52.475 0.0000000000
49144  42.977  -47.749  51.666 0.0000000000
49184  43.649  -46.920  49.697 0.0000000000
49200  43.698  -47.117  48.926 0.0000000000
49201  43.454  -47.798  48.593 0.0000000000
50300  41.178  -48.000  53.159 0.0000000000
50332  43.111  -47.092  51.631 0.0000000000
50342  43.591  -46.364  50.622 0.0000000000
50369  43.709  -46.846  48.906 0.0000000000
51478  41.987  -47.582  53.127 0.0000000000
51517  43.268  -46.489  52.307 0.0000000000
51532  41.331  -46.304  51.000 0.0000000000
52735  41.347  -45.710  51.185 0.0000000000
52764  43.623  -45.571  49.654 0.0000000000
53913  43.076  -43.708  52.270 0.0000000000
53934  43.460  -44.435  52.159 0.0000000000
54005  43.688  -44.611  50.033 0.0000000000
55143  43.474  -42.950  52.012 0.0000000000
55144  43.262  -43.201  52.168 0.0000000000
55145  42.930  -43.310  52.247 0.0000000000
55159  43.551  -43.819  51.721 0.0000000000
55160  43.566  -43.456  51.754 0.0000000000
55183  41.515  -43.931  51.364 0.0000000000
55242  43.405  -44.109  48.681 0.0000000000
56285  42.826  -42.579  52.172 0.0000000000
56311  42.118  -42.509  51.270 0.0000000000
56323  44.081  -42.251  50.059 0.0000000000
56345  43.485  -42.983  48.291 0.0000000000
56367  48.095  -40.422  46.241 0.0000000000
56368  47.801  -40.626  46.337 0.0000000000
56369  47.447  -41.021  46.520 0.0000000000
56370  47.035  -41.370  46.633 0.0000000000
56386  47.765  -40.896  46.104 0.0000000000
56402  48.118  -40.601  45.834 0.0000000000
57377  43.619  -41.950  52.185 0.0000000000
57378  43.397  -41.905  52.286 0.0000000000
57393  42.908  -41.636  52.349 0.0000000000
57426  46.176  -39.853  48.412 0.0000000000
57455  44.895  -40.212  47.958 0.0000000000
57484  48.734  -39.788  45.882 0.0000000000
57503  48.489  -40.047  45.578 0.0000000000
58477  42.667  -41.168  52.662 0.0000000000
58488  42.805  -40.787  52.663 0.0000000000
58525  44.679  -40.364  49.147 0.0000000000
58532  47.828  -39.384  47.511 0.0000000000
58534  44.469  -40.465  48.553 0.0000000000
58540  48.793  -39.257  46.437 0.0000000000
58553  48.541  -39.861  46.229 0.0000000000
58563  49.092  -39.354  45.672 0.0000000000
58564  48.809  -39.489  45.447 0.0000000000
59553  45.276  -39.922  50.678 0.0000000000
59555  44.154  -40.410  51.234 0.0000000000
59557  43.104  -40.581  51.628 0.0000000000
59568  45.639  -39.481  49.767 0.0000000000
59569  45.433  -39.720  50.300 0.0000000000
59592  47.806  -38.798  47.865 0.0000000000
59594  46.859  -38.974  48.585 0.0000000000
59604  48.765  -38.540  47.045 0.0000000000
60616  44.084  -39.919  51.007 0.0000000000
60629  45.460  -39.411  50.116 0.0000000000
60633  43.309  -39.837  50.717 0.0000000000
60642  45.958  -38.991  49.553 0.0000000000
60654  47.970  -38.269  47.809 0.0000000000
60668  43.416  -38.613  48.104 0.0000000000
60678  43.468  -38.575  47.859 0.0000000000
60734  50.113  -37.880  44.226 0.0000000000
60735  50.138  -37.969  43.946 0.0000000000
61792  44.905  -38.794  50.263 0.0000000000
61793  44.552  -38.877  50.348 0.0000000000
61805  44.004  -38.730  49.745 0.0000000000
61829  43.645  -38.488  48.287 0.0000000000
61861  49.910  -37.274  44.592 0.0000000000
61878  50.036  -37.510  44.260 0.0000000000
61879  50.107  -37.039  44.074 0.0000000000
62971  45.652  -38.375  48.998 0.0000000000
62983  45.311  -38.079  48.935 0.0000000000
63003  47.375  -37.542  46.824 0.0000000000
63013  49.703  -36.712  45.346 0.0000000000
63014  46.805  -37.403  46.318 0.0000000000
63024  51.024  -35.624  44.167 0.0000000000
63042  50.526  -36.444  43.980 0.0000000000
64176  47.898  -37.347  46.701 0.0000000000
64191  47.116  -37.360  46.341 0.0000000000
64208  46.445  -37.269  45.687 0.0000000000
64221  51.342  -35.220  44.220 0.0000000000
64239  51.658  -35.045  43.943 0.0000000000
65390  51.258  -34.798  44.364 0.0000000000
65395  47.969  -35.850  45.314 0.0000000000
65406  51.699  -34.652  44.172 0.0000000000
66533  52.964  -32.847  43.175 0.0000000000
66549  52.812  -33.003  42.858 0.0000000000
67630  52.619  -32.273  43.320 0.0000000000
67642  52.804  -32.542  42.984 0.0000000000
67643  53.176  -32.780  43.159 0.0000000000
67656  52.490  -32.439  42.407 0.0000000000
68775  51.913  -32.441  44.002 0.0000000000
68776  51.977  -32.506  43.638 0.0000000000
68789  52.314  -31.681  43.176 0.0000000000
68794  50.325  -32.245  43.081 0.0000000000
68818  52.406  -31.968  42.198 0.0000000000
70005  52.082  -31.021  43.135 0.0000000000
70007  51.791  -31.082  43.069 0.0000000000
70018  52.322  -31.073  42.518 0.0000000000
70044  51.973  -30.406  41.463 0.0000000000
71194  52.158  -30.047  42.522 0.0000000000
71197  51.984  -30.454  42.775 0.0000000000
71222  52.516  -30.070  41.900 0.0000000000
71223  52.615  -29.872  41.951 0.0000000000
72379  53.017  -29.136  42.810 0.0000000000
72380  52.530  -29.186  42.948 0.0000000000
72382  52.194  -28.956  43.059 0.0000000000
72394  52.877  -29.023  42.473 0.0000000000
72396  52.036  -29.387  42.867 0.0000000000
72398  51.501  -28.957  42.576 0.0000000000
72408  52.762  -28.991  42.315 0.0000000000
72420  52.750  -28.401  42.021 0.0000000000
72439  48.513  -28.243  40.583 0.0000000000
73560  52.461  -28.601  43.100 0.0000000000
73577  53.290  -28.922  42.863 0.0000000000
73590  49.243  -27.122  41.172 0.0000000000
74778  53.318  -25.798  42.244 0.0000000000
74786  53.515  -25.852  42.145 0.0000000000
74801  49.036  -26.662  41.084 0.0000000000
75940  53.417  -25.556  42.197 0.0000000000
75941  53.070  -25.596  42.388 0.0000000000
75955  51.595  -25.728  42.290 0.0000000000
75989  55.128  -24.496  38.842 0.0000000000
75990  55.001  -24.675  38.836 0.0000000000
76005  55.337  -24.307  38.564 0.0000000000
76006  55.384  -24.428  38.318 0.0000000000
76008  54.811  -24.677  38.253 0.0000000000
76009  54.540  -24.725  37.902 0.0000000000
77258  52.158  -25.485  42.547 0.0000000000
77273  49.829  -25.535  41.113 0.0000000000
77286  55.275  -23.933  39.031 0.0000000000
77289  53.907  -24.374  40.742 0.0000000000
77298  55.466  -23.922  38.832 0.0000000000
77299  55.180  -24.270  39.027 0.0000000000
77311  55.807  -24.194  38.164 0.0000000000
77312  55.908  -24.275  38.002 0.0000000000
77326  56.234  -24.063  38.029 0.0000000000
77396  55.620  -24.746  34.081 0.0000000000
78488  50.638  -24.595  40.939 0.0000000000
78489  50.197  -25.002  40.623 0.0000000000
78495  55.332  -23.766  39.011 0.0000000000
78497  54.370  -23.697  39.838 0.0000000000
78506  55.572  -23.882  38.588 0.0000000000
78529  56.293  -23.769  37.911 0.0000000000
79660  52.279  -23.347  40.879 0.0000000000
79667  55.345  -23.519  38.987 0.0000000000
79668  55.111  -23.367  39.233 0.0000000000
79680  55.525  -23.610  38.666 0.0000000000
79682  55.277  -22.951  38.890 0.0000000000
79697  55.795  -23.562  38.308 0.0000000000
80852  54.700  -22.558  38.749 0.0000000000
80866  55.130  -22.532  37.837 0.0000000000
