#!ascii label  , from subject 3131 vox2ras=TkReg
733
88425  24.463  -15.433  -15.561 0.1428571492
87363  24.050  -16.330  -15.396 0.1428571492
89480  23.971  -13.941  -16.307 0.1428571492
88424  25.520  -15.390  -15.474 0.1428571492
89479  24.603  -13.680  -16.236 0.2857142985
89465  23.803  -14.727  -15.791 0.1428571492
90451  25.697  -13.950  -15.971 0.1428571492
91513  24.654  -12.262  -16.703 0.5714285970
90464  25.963  -12.808  -16.084 0.1428571492
92609  27.077  -11.331  -16.392 0.2857142985
94921  28.058  -9.615  -16.337 0.1428571492
93730  27.570  -10.466  -16.479 0.2857142985
98153  29.157  -7.029  -17.031 0.2857142985
97077  28.439  -7.358  -16.853 0.1428571492
97059  28.074  -8.012  -16.587 0.2857142985
99235  30.444  -5.221  -16.919 0.2857142985
98152  29.783  -6.237  -16.882 0.2857142985
101525  29.435  -3.104  -18.019 0.2857142985
100355  29.720  -4.219  -17.569 0.2857142985
102688  30.605  -1.692  -18.153 0.2857142985
105960  30.355  0.557  -18.822 0.8571428657
103808  30.498  -1.186  -18.651 0.4285714328
102676  30.766  -2.776  -17.719 0.2857142985
107936  31.106  2.270  -19.049 0.7142857313
106967  30.940  1.610  -19.135 0.7142857313
106947  30.797  1.115  -18.857 0.7142857313
104909  30.298  -0.339  -19.196 0.7142857313
108970  30.808  3.260  -18.832 0.8571428657
107937  30.569  2.820  -19.140 0.8571428657
107959  30.708  1.944  -19.385 0.7142857313
106968  30.316  1.457  -19.398 0.7142857313
111055  31.373  5.404  -18.216 0.4285714328
110047  31.192  4.249  -18.605 0.7142857313
110048  30.698  3.858  -19.035 0.8571428657
112938  31.416  7.394  -17.311 0.2857142985
112956  30.641  7.322  -18.294 0.5714285970
111056  30.566  5.673  -18.315 0.8571428657
112016  30.727  6.290  -17.982 0.7142857313
110068  30.774  4.702  -19.042 0.8571428657
114894  31.289  9.593  -17.355 0.1428571492
113892  31.533  8.567  -16.965 0.1428571492
113914  30.805  8.532  -17.605 0.4285714328
112017  30.400  6.435  -18.779 0.8571428657
117000  30.851  11.560  -17.655 0.1428571492
114895  31.111  10.000  -18.135 0.1428571492
113939  30.586  9.066  -18.021 0.4285714328
112974  30.230  7.462  -19.162 0.8571428657
118075  31.439  12.901  -17.647 0.1428571492
118064  31.315  12.251  -17.573 0.1428571492
115924  30.641  10.651  -18.029 0.1428571492
115942  30.567  10.574  -18.865 0.4285714328
113940  30.511  8.506  -18.514 0.5714285970
113961  29.751  8.487  -19.319 0.7142857313
112035  29.397  7.004  -20.238 0.8571428657
118076  30.760  12.664  -17.937 0.1428571492
119024  30.683  13.569  -18.641 0.1428571492
117015  30.510  11.591  -18.399 0.1428571492
114939  30.225  9.536  -19.057 0.8571428657
112975  29.491  7.545  -19.826 0.8571428657
119909  31.403  14.090  -18.946 0.1428571492
118088  30.338  12.564  -18.825 0.1428571492
118089  29.968  12.419  -19.652 0.8571428657
115961  29.906  10.475  -19.487 0.8571428657
120827  31.465  15.538  -19.731 0.1428571492
121721  32.227  16.526  -19.838 0.1428571492
119918  30.765  14.443  -19.493 0.4285714328
119037  29.894  13.239  -20.164 0.8571428657
117034  29.580  11.400  -19.901 0.8571428657
115962  29.380  10.346  -20.287 0.8571428657
120828  30.755  15.201  -20.123 0.4285714328
118097  29.564  12.297  -20.473 0.8571428657
121722  31.365  16.480  -20.329 0.1428571492
120839  30.972  15.799  -20.419 0.5714285970
120840  30.253  15.509  -20.770 0.8571428657
119924  30.355  14.644  -20.307 0.8571428657
119925  30.137  13.945  -20.708 0.8571428657
119042  29.484  13.221  -20.910 0.8571428657
118104  29.032  12.239  -21.298 0.8571428657
122613  31.067  17.341  -20.945 0.2857142985
121735  30.769  16.383  -20.931 0.8571428657
120850  29.609  15.123  -21.047 0.8571428657
119943  29.012  14.626  -21.985 0.8571428657
122614  30.605  16.881  -21.350 0.8571428657
121750  29.856  16.838  -21.996 0.8571428657
120841  29.599  15.741  -21.211 0.8571428657
121751  29.170  16.455  -22.290 0.7142857313
120851  29.200  15.390  -21.717 0.7142857313
122624  30.770  17.865  -21.362 0.8571428657
122625  30.318  17.458  -21.879 0.8571428657
121737  29.361  16.069  -21.554 0.8571428657
122635  29.532  17.561  -22.841 0.8571428657
123513  29.910  18.455  -22.906 0.8571428657
125206  30.639  19.939  -22.465 0.7142857313
124364  30.069  19.167  -22.592 0.8571428657
125215  29.710  20.001  -22.784 0.8571428657
124374  29.643  19.238  -23.373 0.8571428657
126015  30.587  21.360  -24.303 0.7142857313
122626  29.784  17.055  -22.282 0.8571428657
127694  32.608  24.183  -23.928 0.1428571492
125214  30.532  20.599  -23.413 0.8571428657
126014  30.945  21.996  -24.997 0.7142857313
125221  29.619  20.096  -23.872 0.8571428657
129365  32.328  26.025  -25.699 0.1428571492
126840  31.094  22.798  -24.456 0.5714285970
127703  30.747  23.728  -25.569 0.5714285970
127710  30.550  24.167  -26.507 0.5714285970
128541  31.494  24.615  -25.359 0.1428571492
130216  32.876  27.464  -26.846 0.1428571492
128549  30.501  24.632  -27.104 0.5714285970
131072  31.673  27.969  -27.301 0.1428571492
131902  32.016  28.871  -26.454 0.1428571492
129379  30.800  26.392  -26.922 0.1428571492
131896  32.739  28.552  -25.603 0.1428571492
129375  30.859  25.149  -26.855 0.5714285970
132727  31.707  29.230  -26.303 0.1428571492
132723  30.638  29.154  -26.626 0.1428571492
131893  33.023  28.191  -24.468 0.1428571492
131897  31.534  28.635  -25.236 0.1428571492
90465  25.280  -13.260  -16.250 0.2857142985
90450  26.439  -13.502  -15.777 0.1428571492
91511  26.561  -12.285  -16.024 0.2857142985
97058  29.037  -7.835  -16.603 0.2857142985
95999  28.566  -8.784  -16.421 0.1428571492
102689  30.166  -2.258  -18.560 0.2857142985
104901  30.496  -0.280  -18.258 0.4285714328
105961  29.940  0.582  -19.580 0.7142857313
112002  31.394  6.330  -17.698 0.1428571492
110098  29.854  4.353  -20.119 0.8571428657
119023  31.670  13.495  -18.256 0.1428571492
117033  30.254  11.505  -19.231 0.8571428657
114940  29.452  9.448  -19.733 0.8571428657
117046  29.282  11.246  -20.898 0.8571428657
124363  30.598  19.197  -21.884 0.8571428657
125213  31.042  21.064  -23.142 0.8571428657
129374  31.482  25.701  -26.445 0.1428571492
130223  32.372  27.488  -27.115 0.1428571492
131892  34.333  29.050  -24.749 0.1428571492
86245  23.653  -17.175  -15.169 0.1428571492
91512  25.578  -12.170  -16.285 0.4285714328
93731  26.484  -10.358  -16.695 0.2857142985
92610  26.068  -11.309  -16.376 0.4285714328
92611  25.199  -11.264  -16.879 0.2857142985
96000  27.673  -8.771  -16.611 0.1428571492
98133  30.069  -7.130  -16.592 0.2857142985
98151  30.165  -5.772  -16.815 0.2857142985
99237  28.883  -5.880  -17.419 0.2857142985
98154  28.171  -6.693  -17.469 0.2857142985
99236  29.682  -5.376  -17.262 0.2857142985
103818  30.029  -1.222  -19.376 0.7142857313
116999  31.596  11.531  -17.211 0.1428571492
119009  31.915  13.065  -17.821 0.1428571492
119917  31.565  14.732  -19.240 0.1428571492
119036  30.258  13.411  -19.414 0.8571428657
113962  29.121  8.434  -20.144 1.0000000000
122595  31.726  17.248  -20.195 0.1428571492
123485  31.652  18.162  -20.314 0.1428571492
123499  31.145  18.274  -21.169 0.2857142985
124350  31.014  18.747  -21.487 0.5714285970
124362  31.084  19.717  -21.963 0.5714285970
125205  31.480  20.528  -22.257 0.5714285970
126006  30.884  21.205  -23.586 0.7142857313
127695  31.743  23.678  -24.175 0.4285714328
126004  32.034  22.175  -23.207 0.2857142985
127687  32.020  23.147  -23.354 0.2857142985
129366  32.032  25.311  -25.148 0.1428571492
131074  30.044  27.244  -27.146 0.2857142985
130217  32.344  26.997  -26.208 0.1428571492
131907  31.075  28.742  -27.230 0.1428571492
131073  30.662  27.893  -27.191 0.1428571492
131063  30.969  27.906  -26.129 0.1428571492
131071  32.567  27.887  -27.147 0.1428571492
131894  32.272  28.085  -24.677 0.1428571492
131057  32.109  27.390  -24.603 0.1428571492
131890  33.505  27.722  -23.691 0.1428571492
124349  31.639  19.169  -21.317 0.4285714328
125193  32.015  19.925  -21.532 0.4285714328
125996  31.906  21.329  -22.469 0.4285714328
126005  31.464  21.705  -23.492 0.5714285970
126831  31.684  22.716  -23.532 0.5714285970
89464  24.899  -14.327  -15.782 0.1428571492
88426  23.455  -15.540  -15.690 0.1428571492
87364  22.988  -16.426  -15.602 0.1428571492
90466  24.271  -13.163  -16.584 0.4285714328
89481  22.962  -14.426  -16.304 0.2857142985
93732  25.793  -10.751  -16.713 0.1428571492
94922  27.207  -9.581  -16.609 0.1428571492
106985  30.256  1.818  -20.197 0.7142857313
111072  30.822  5.059  -18.563 0.8571428657
110069  30.397  4.410  -19.412 0.8571428657
112955  30.967  6.971  -17.747 0.5714285970
115923  31.102  10.618  -17.457 0.1428571492
114919  30.637  9.684  -18.342 0.1428571492
119919  30.096  14.023  -19.931 0.8571428657
119931  30.012  14.682  -20.836 0.8571428657
119932  29.555  14.243  -21.433 0.8571428657
121736  29.929  16.468  -21.416 0.8571428657
123500  30.677  18.342  -21.634 0.8571428657
123512  30.284  18.432  -22.215 0.8571428657
129360  32.210  25.218  -24.464 0.1428571492
128548  31.054  24.594  -26.420 0.5714285970
127704  30.268  23.245  -25.892 0.5714285970
131904  33.373  28.100  -26.333 0.1428571492
129380  30.258  25.751  -27.227 0.4285714328
130224  31.461  26.949  -27.153 0.1428571492
131901  32.743  28.660  -26.168 0.1428571492
130218  31.816  26.478  -26.530 0.1428571492
130225  30.371  26.878  -27.267 0.1428571492
97057  30.011  -8.010  -16.419 0.1428571492
100357  28.396  -5.275  -17.785 0.5714285970
131069  29.801  27.052  -27.007 0.1428571492
99252  27.451  -5.780  -18.473 0.5714285970
99254  25.651  -6.076  -19.075 0.5714285970
98172  25.149  -6.728  -18.950 0.2857142985
100369  27.907  -4.729  -18.477 0.5714285970
99267  26.536  -5.381  -19.225 0.5714285970
97098  24.520  -7.450  -18.716 0.4285714328
100370  27.243  -5.319  -18.843 0.5714285970
98187  24.424  -6.523  -19.586 0.2857142985
99269  25.203  -5.756  -19.654 0.4285714328
102691  28.911  -3.275  -19.182 0.4285714328
101539  27.829  -3.760  -19.329 0.5714285970
101541  26.491  -4.283  -19.803 0.5714285970
100402  25.736  -4.207  -20.383 0.4285714328
102704  28.264  -2.670  -19.564 0.5714285970
101540  27.022  -3.778  -19.727 0.4285714328
103820  28.680  -1.844  -19.813 0.7142857313
102729  27.569  -2.058  -20.619 0.4285714328
103819  29.200  -1.246  -19.984 0.4285714328
100384  25.202  -4.987  -19.848 0.4285714328
99270  24.436  -5.701  -19.790 0.2857142985
98188  23.788  -6.287  -19.589 0.2857142985
101556  26.311  -3.869  -20.413 0.4285714328
102703  29.195  -2.080  -19.332 0.7142857313
104923  28.975  -0.238  -20.391 0.7142857313
104941  27.574  -0.387  -21.367 0.4285714328
105994  28.519  0.641  -21.459 0.7142857313
105995  27.767  0.595  -21.609 0.5714285970
107008  28.179  1.387  -21.912 0.7142857313
107009  27.405  1.288  -22.060 0.2857142985
104910  29.638  -0.290  -19.831 0.5714285970
105977  29.417  0.717  -20.441 0.5714285970
105978  28.829  0.374  -20.863 0.7142857313
107985  28.498  2.373  -21.047 0.7142857313
108019  28.368  2.794  -22.786 0.7142857313
109056  28.431  3.591  -22.194 0.7142857313
108028  28.334  3.213  -23.142 0.7142857313
108020  27.673  2.761  -23.007 0.4285714328
110142  28.079  3.939  -23.021 0.4285714328
107960  30.185  2.450  -19.656 0.5714285970
106987  29.203  1.900  -21.014 0.5714285970
107961  29.521  2.899  -19.847 0.5714285970
109040  28.716  3.882  -20.923 0.5714285970
109055  28.524  4.039  -21.561 0.7142857313
110130  28.623  4.640  -21.970 0.7142857313
112081  28.903  6.355  -21.502 0.7142857313
110131  28.188  4.476  -22.556 0.7142857313
111127  27.916  5.715  -22.695 0.5714285970
112090  28.135  6.558  -22.213 0.5714285970
111073  30.333  5.439  -19.104 0.7142857313
110099  29.373  4.566  -20.704 0.5714285970
111102  29.299  5.503  -21.129 0.7142857313
110117  29.012  4.670  -21.417 0.7142857313
112082  28.441  6.854  -21.372 0.8571428657
110132  27.722  4.441  -23.021 0.4285714328
113981  28.237  7.735  -21.360 0.7142857313
113032  28.121  7.461  -21.976 0.7142857313
113994  28.234  8.047  -21.644 0.7142857313
114012  28.125  8.447  -22.066 0.7142857313
111101  29.854  5.426  -20.239 0.5714285970
111119  28.880  5.501  -21.758 0.7142857313
112995  28.962  7.492  -20.508 0.8571428657
113980  28.702  8.271  -21.160 0.8571428657
113993  28.950  8.563  -22.093 0.7142857313
114011  28.763  8.839  -22.369 0.5714285970
116016  27.976  10.093  -22.617 0.2857142985
114960  29.205  9.311  -20.712 0.7142857313
117058  28.219  11.760  -22.405 0.7142857313
114977  29.208  9.238  -21.681 0.8571428657
114989  29.006  9.296  -22.338 0.8571428657
115997  28.781  9.945  -21.858 0.8571428657
117064  28.343  10.553  -22.505 0.5714285970
117057  28.435  11.044  -21.852 0.8571428657
118105  28.231  12.383  -21.920 0.8571428657
118111  28.448  12.395  -22.870 0.7142857313
115978  29.072  10.189  -21.232 0.8571428657
119048  28.453  13.332  -22.321 0.8571428657
119047  28.773  13.271  -21.555 0.8571428657
119933  28.824  13.995  -21.938 0.8571428657
119944  28.690  14.352  -22.667 0.7142857313
121763  28.996  16.806  -23.433 0.7142857313
123526  29.450  18.411  -23.731 0.5714285970
121772  28.764  16.745  -24.306 0.7142857313
122645  29.179  17.545  -24.077 0.7142857313
124381  29.968  19.861  -25.000 0.7142857313
123537  29.335  18.367  -24.817 0.7142857313
124389  29.632  20.063  -25.360 0.7142857313
125230  29.213  20.530  -25.455 0.7142857313
125220  30.156  20.653  -24.694 0.7142857313
125229  29.718  20.661  -25.359 0.7142857313
125231  28.638  20.224  -25.173 0.5714285970
126030  29.411  22.171  -26.552 0.4285714328
126025  29.263  21.266  -25.940 0.5714285970
126026  28.654  21.539  -25.553 0.5714285970
126024  30.060  21.662  -25.802 0.5714285970
125232  27.798  19.901  -25.158 0.5714285970
126856  28.991  22.656  -27.116 0.5714285970
126032  28.768  21.662  -26.384 0.5714285970
125222  28.413  20.857  -24.469 0.4285714328
125223  27.652  20.335  -24.143 0.5714285970
126016  28.287  22.168  -24.551 0.5714285970
126859  28.601  23.249  -27.088 0.5714285970
126018  26.889  21.078  -23.918 0.4285714328
124376  26.829  19.658  -23.437 0.4285714328
126844  26.858  22.053  -23.999 0.5714285970
126017  27.539  21.536  -24.162 0.5714285970
125999  26.349  22.719  -22.847 0.4285714328
105947  30.868  0.564  -18.225 0.2857142985
126009  26.671  22.748  -23.501 0.2857142985
126000  26.245  21.761  -22.390 0.2857142985
98170  27.037  -6.727  -18.481 0.5714285970
97097  25.397  -7.535  -18.539 0.5714285970
100368  28.939  -4.135  -18.253 0.2857142985
98171  26.036  -6.756  -18.740 0.5714285970
101526  29.173  -3.538  -18.685 0.2857142985
101527  28.602  -3.784  -19.066 0.5714285970
100403  25.112  -4.488  -20.315 0.4285714328
102716  26.459  -3.026  -20.626 0.4285714328
102715  27.211  -2.808  -20.194 0.5714285970
99288  24.440  -4.995  -20.096 0.2857142985
104925  27.851  -0.737  -20.895 0.5714285970
107918  31.958  2.017  -18.379 0.2857142985
105997  25.974  0.436  -21.842 0.2857142985
107026  27.918  2.043  -22.440 0.7142857313
116015  28.547  10.015  -22.334 0.7142857313
121752  28.505  16.004  -22.617 0.7142857313
121764  28.536  16.193  -23.192 0.7142857313
124390  29.203  19.476  -25.243 0.7142857313
126023  30.445  22.256  -25.554 0.5714285970
126855  29.592  22.661  -26.543 0.5714285970
126858  27.898  23.061  -26.385 0.5714285970
127706  27.407  23.626  -26.179 0.2857142985
102731  26.804  -2.341  -21.027 0.4285714328
100356  28.831  -4.854  -17.614 0.2857142985
109020  29.928  3.804  -19.715 0.7142857313
106969  30.038  1.234  -20.124 0.5714285970
112034  29.763  6.467  -19.757 0.7142857313
112059  29.634  6.122  -20.258 0.7142857313
107984  29.416  2.523  -20.475 0.5714285970
99253  26.547  -5.724  -18.810 0.5714285970
99255  25.243  -6.319  -19.385 0.5714285970
99268  26.102  -5.422  -19.330 0.4285714328
98186  24.933  -6.482  -19.450 0.4285714328
100382  26.888  -4.932  -19.409 0.5714285970
100381  27.479  -4.335  -19.313 0.5714285970
100383  25.826  -4.670  -19.795 0.4285714328
96039  24.791  -8.366  -18.438 0.5714285970
99287  24.884  -5.201  -19.955 0.4285714328
102705  27.552  -3.219  -19.653 0.5714285970
101557  25.585  -3.703  -20.736 0.4285714328
103831  28.099  -1.389  -20.471 0.5714285970
103847  27.349  -1.483  -21.245 0.4285714328
103830  28.646  -0.796  -20.459 0.5714285970
104924  28.287  -0.286  -20.896 0.7142857313
104940  28.044  0.127  -21.373 0.5714285970
105996  26.941  0.465  -21.671 0.4285714328
104942  26.629  -0.566  -21.671 0.4285714328
105993  29.137  0.882  -21.251 0.7142857313
107007  28.818  1.614  -21.578 0.7142857313
107025  28.423  2.052  -22.193 0.7142857313
109022  28.493  3.072  -20.588 0.7142857313
109042  27.684  2.777  -21.006 0.7142857313
109021  29.287  3.553  -20.161 0.5714285970
111126  28.400  5.531  -22.186 0.7142857313
112089  28.531  6.261  -21.923 0.7142857313
112060  29.283  6.497  -20.724 0.5714285970
113031  28.350  6.921  -22.030 0.7142857313
112091  27.284  7.473  -22.484 0.2857142985
114990  28.384  9.269  -22.375 0.5714285970
114991  27.540  9.047  -22.415 0.2857142985
124382  29.475  19.236  -24.398 0.7142857313
126857  28.345  22.739  -26.560 0.7142857313
126843  27.454  22.463  -24.212 0.5714285970
126010  26.298  21.792  -23.383 0.4285714328
101558  24.743  -3.511  -20.704 0.1428571492
102732  25.826  -2.603  -21.139 0.4285714328
90467  23.266  -13.187  -16.890 0.4285714328
100354  30.854  -4.311  -17.004 0.1428571492
103807  30.940  -1.179  -18.032 0.1428571492
101512  31.431  -3.429  -17.204 0.1428571492
100336  31.792  -4.501  -16.650 0.1428571492
103796  31.685  -1.319  -17.710 0.1428571492
102675  31.154  -2.215  -17.692 0.1428571492
101511  31.712  -2.818  -17.131 0.1428571492
104900  31.174  -0.325  -17.807 0.1428571492
110027  31.488  3.636  -18.101 0.1428571492
120852  28.767  15.678  -22.333 0.5714285970
129345  33.242  25.672  -22.467 0.1428571492
119052  28.509  13.435  -23.314 0.4285714328
128514  33.019  25.190  -22.386 0.1428571492
131062  31.420  27.681  -25.359 0.1428571492
120877  28.586  15.662  -24.097 0.4285714328
121773  28.786  16.297  -23.868 0.5714285970
121783  28.541  16.647  -24.998 0.4285714328
128526  30.735  24.567  -23.826 0.2857142985
128550  28.023  25.075  -26.622 0.2857142985
128555  27.725  24.522  -27.690 0.2857142985
129369  28.223  25.931  -26.762 0.2857142985
121797  26.926  15.964  -25.818 0.1428571492
122657  28.822  17.449  -25.105 0.5714285970
127697  28.703  23.525  -24.565 0.2857142985
127712  29.356  23.104  -27.065 0.4285714328
122670  27.658  16.892  -25.318 0.4285714328
123545  27.984  18.350  -25.618 0.5714285970
128544  27.796  24.081  -25.823 0.2857142985
122659  27.358  17.292  -25.088 0.4285714328
123547  26.849  18.362  -25.214 0.2857142985
126007  27.646  22.781  -23.871 0.1428571492
127705  27.612  23.456  -25.652 0.1428571492
126841  28.349  23.039  -24.703 0.1428571492
123528  27.466  18.380  -23.951 0.1428571492
124384  26.697  19.240  -24.592 0.4285714328
125998  26.971  23.158  -23.075 0.1428571492
125997  27.722  22.428  -23.283 0.1428571492
126822  28.847  22.414  -22.674 0.1428571492
126824  26.796  23.201  -22.297 0.2857142985
126795  27.090  22.947  -20.238 0.1428571492
126823  27.711  23.142  -22.208 0.1428571492
126808  26.861  23.326  -21.544 0.1428571492
151940  26.364  24.319  -21.254 0.1428571492
127676  27.085  23.307  -21.614 0.1428571492
130170  26.792  24.987  -19.775 0.1428571492
91527  23.307  -12.186  -17.340 0.4285714328
93751  23.120  -10.763  -18.036 0.2857142985
102674  31.851  -2.171  -16.941 0.1428571492
105946  31.536  0.491  -17.894 0.1428571492
119957  28.335  14.556  -23.654 0.2857142985
126848  30.578  22.787  -25.385 0.4285714328
129381  29.110  25.788  -27.977 0.2857142985
126832  29.410  22.849  -23.859 0.2857142985
129368  28.566  25.632  -26.415 0.2857142985
92627  22.825  -11.408  -17.607 0.2857142985
94920  28.966  -9.666  -16.122 0.1428571492
98132  30.794  -6.361  -16.514 0.1428571492
108969  31.236  3.014  -18.310 0.1428571492
106946  31.500  1.261  -18.748 0.1428571492
122646  27.348  17.603  -24.540 0.1428571492
121785  27.363  16.437  -25.271 0.2857142985
124391  28.226  19.250  -25.488 0.5714285970
127711  29.949  23.667  -26.824 0.4285714328
127688  29.682  23.572  -24.032 0.2857142985
128534  29.490  24.686  -25.044 0.2857142985
130227  28.817  26.195  -27.488 0.2857142985
130212  28.968  26.295  -26.396 0.2857142985
129361  30.362  25.576  -24.810 0.2857142985
129354  30.845  25.675  -23.724 0.1428571492
128516  31.709  24.508  -22.775 0.1428571492
130204  31.339  26.860  -25.003 0.1428571492
126807  27.922  23.121  -21.172 0.2857142985
126821  30.038  22.567  -23.129 0.2857142985
130198  30.937  26.162  -23.447 0.1428571492
130197  31.745  26.388  -23.598 0.1428571492
130211  30.333  26.676  -25.966 0.1428571492
110026  31.740  4.260  -17.677 0.2857142985
127674  30.646  23.533  -23.234 0.2857142985
130220  29.489  26.660  -26.902 0.2857142985
92625  24.416  -11.062  -17.418 0.4285714328
91514  23.965  -12.614  -17.129 0.4285714328
126849  30.136  22.708  -26.000 0.4285714328
128553  29.713  24.810  -27.736 0.2857142985
130226  29.633  26.477  -27.208 0.2857142985
120887  28.567  16.227  -24.564 0.4285714328
122668  28.411  17.887  -25.442 0.5714285970
128554  28.709  24.886  -27.746 0.2857142985
126835  26.946  22.729  -23.982 0.4285714328
126825  26.502  22.684  -22.041 0.2857142985
126834  27.518  22.823  -24.114 0.2857142985
120865  28.508  15.394  -22.970 0.5714285970
123544  28.696  18.453  -25.370 0.5714285970
124392  27.365  19.078  -25.598 0.5714285970
127718  27.547  23.705  -27.078 0.2857142985
128552  27.174  24.338  -26.632 0.2857142985
101492  32.007  -3.942  -16.686 0.1428571492
104885  32.051  -0.477  -17.798 0.1428571492
119971  28.110  14.811  -24.672 0.2857142985
127696  29.022  24.119  -24.523 0.2857142985
128543  28.603  24.679  -26.258 0.2857142985
129383  27.084  25.018  -27.332 0.2857142985
129382  27.911  25.708  -27.803 0.2857142985
121796  27.384  16.124  -25.696 0.2857142985
122669  28.094  17.320  -25.461 0.4285714328
126833  28.528  22.732  -23.956 0.1428571492
123546  27.298  18.041  -25.418 0.4285714328
124393  26.748  18.843  -25.305 0.4285714328
91528  22.547  -12.136  -17.342 0.2857142985
105928  32.166  0.378  -17.672 0.1428571492
119059  28.190  13.652  -24.145 0.2857142985
129367  29.375  25.772  -25.675 0.2857142985
129353  31.345  25.650  -23.263 0.1428571492
125962  30.180  22.616  -20.279 0.1428571492
126773  30.981  22.771  -19.477 0.1428571492
127631  27.755  23.705  -19.890 0.1428571492
127629  30.452  23.431  -19.163 0.1428571492
126791  29.910  22.468  -20.634 0.1428571492
126805  30.004  22.767  -21.734 0.1428571492
127646  28.503  23.497  -19.758 0.1428571492
127630  29.129  23.671  -19.426 0.1428571492
126792  28.679  23.156  -20.392 0.1428571492
127612  30.092  23.448  -18.449 0.1428571492
126755  31.297  23.106  -18.970 0.1428571492
126806  28.862  22.760  -21.490 0.1428571492
126774  29.911  23.037  -19.919 0.1428571492
129297  29.215  24.520  -18.386 0.1428571492
127611  31.057  23.186  -18.472 0.1428571492
127593  30.509  23.251  -17.720 0.1428571492
126754  31.781  22.771  -18.735 0.1428571492
102702  29.703  -1.731  -19.366 0.2857142985
126820  30.757  23.144  -22.649 0.1428571492
126790  30.919  22.431  -20.601 0.1428571492
126804  31.233  22.691  -21.935 0.1428571492
128460  29.802  23.746  -18.090 0.1428571492
102690  29.417  -2.972  -19.144 0.4285714328
96038  25.579  -8.372  -18.083 0.4285714328
96017  26.636  -8.558  -17.333 0.2857142985
96016  27.278  -8.405  -16.974 0.1428571492
97095  27.080  -7.400  -18.044 0.2857142985
97079  26.695  -7.813  -17.703 0.1428571492
98155  27.635  -7.081  -18.062 0.2857142985
94938  25.385  -9.663  -17.771 0.2857142985
124383  26.995  19.677  -25.026 0.4285714328
99238  28.161  -5.813  -18.042 0.2857142985
94955  25.495  -9.053  -17.729 0.4285714328
97078  27.434  -7.622  -17.211 0.1428571492
96001  27.008  -8.911  -16.797 0.1428571492
98169  27.779  -6.463  -18.221 0.2857142985
97096  26.325  -7.573  -18.277 0.4285714328
96037  26.228  -8.198  -17.829 0.2857142985
121784  28.243  16.641  -25.339 0.2857142985
94937  25.989  -9.405  -17.460 0.2857142985
93749  24.720  -10.123  -17.826 0.2857142985
93750  23.841  -10.534  -17.896 0.2857142985
93767  24.487  -9.581  -18.168 0.2857142985
93768  24.006  -9.798  -18.184 0.2857142985
94957  24.279  -9.136  -18.401 0.2857142985
103848  26.230  -1.544  -21.404 0.2857142985
107027  27.076  2.093  -22.363 0.1428571492
108021  26.759  2.892  -22.571 0.1428571492
109057  27.839  3.504  -23.232 0.2857142985
116018  26.594  9.124  -22.801 0.1428571492
116017  27.118  9.939  -22.648 0.1428571492
117065  28.304  11.211  -23.011 0.1428571492
116038  27.413  10.746  -23.010 0.1428571492
118118  28.186  12.440  -23.733 0.1428571492
120888  28.239  15.906  -25.155 0.1428571492
120889  27.060  15.228  -25.138 0.1428571492
119983  27.900  15.278  -25.314 0.1428571492
125224  26.955  20.087  -24.076 0.1428571492
125208  26.136  20.419  -23.053 0.1428571492
123514  26.835  18.651  -22.696 0.1428571492
125209  26.068  20.576  -22.671 0.1428571492
125194  26.549  20.726  -21.753 0.1428571492
90482  22.884  -12.609  -17.228 0.2857142985
93748  25.642  -10.309  -17.331 0.1428571492
118119  27.684  12.325  -23.858 0.1428571492
120899  27.672  15.772  -25.743 0.1428571492
90483  22.438  -12.810  -17.099 0.2857142985
102717  26.018  -3.325  -20.892 0.2857142985
109059  26.422  3.716  -22.625 0.1428571492
111128  27.213  5.764  -22.991 0.1428571492
112092  26.523  6.758  -22.865 0.1428571492
151448  26.263  8.539  -23.397 0.1428571492
116039  26.726  10.478  -22.902 0.1428571492
116053  27.115  10.852  -23.585 0.1428571492
119972  27.345  14.905  -25.018 0.1428571492
124366  26.602  19.637  -22.540 0.1428571492
103849  25.211  -1.570  -21.349 0.2857142985
109058  27.226  3.633  -22.900 0.1428571492
101572  25.325  -3.120  -21.005 0.1428571492
93769  23.314  -10.059  -18.159 0.2857142985
104943  25.573  -0.605  -21.703 0.1428571492
117073  27.742  11.305  -23.791 0.1428571492
151451  26.163  8.800  -23.439 0.1428571492
90484  21.854  -12.945  -16.890 0.1428571492
91515  21.413  -12.520  -16.693 0.1428571492
92628  22.061  -11.414  -17.342 0.1428571492
94958  23.468  -9.288  -18.493 0.1428571492
110046  31.658  4.773  -18.212 0.1428571492
111039  32.307  5.423  -17.432 0.1428571492
125192  32.480  20.235  -21.582 0.1428571492
93752  22.430  -10.527  -17.776 0.1428571492
96040  23.926  -8.337  -18.408 0.1428571492
93770  22.856  -10.282  -18.129 0.1428571492
97099  23.694  -7.535  -18.698 0.1428571492
124348  32.539  19.605  -21.181 0.1428571492
125204  32.531  20.856  -22.132 0.1428571492
97114  23.357  -6.725  -19.319 0.1428571492
124333  31.985  18.756  -20.451 0.1428571492
111040  31.842  5.721  -17.759 0.1428571492
92626  23.583  -11.320  -17.620 0.1428571492
90468  22.303  -13.557  -16.714 0.1428571492
91529  21.861  -12.277  -17.163 0.1428571492
89466  23.236  -14.939  -15.817 0.1428571492
91526  24.097  -11.885  -17.288 0.5714285970
92612  24.593  -11.636  -17.094 0.2857142985
92624  24.976  -10.676  -17.351 0.2857142985
94956  24.967  -9.218  -18.131 0.4285714328
96018  25.958  -8.702  -17.659 0.2857142985
97060  27.610  -8.196  -16.850 0.2857142985
97076  28.898  -7.399  -16.850 0.2857142985
97112  24.198  -7.140  -19.265 0.2857142985
97113  23.695  -7.026  -19.398 0.1428571492
98173  24.618  -6.850  -19.223 0.2857142985
100367  29.283  -3.677  -18.074 0.2857142985
101555  26.732  -3.348  -20.213 0.4285714328
101571  25.687  -3.193  -20.971 0.2857142985
102714  27.722  -2.174  -20.405 0.4285714328
102730  27.389  -2.147  -20.755 0.4285714328
103832  27.661  -0.981  -20.970 0.5714285970
103846  27.593  -1.821  -20.692 0.4285714328
106986  29.753  1.684  -20.625 0.5714285970
107006  29.303  1.348  -21.043 0.7142857313
107983  30.033  2.159  -20.372 0.7142857313
107986  27.993  2.526  -21.021 0.7142857313
108007  28.384  2.537  -21.883 0.7142857313
108008  28.055  2.695  -21.273 0.7142857313
108029  28.155  3.076  -23.286 0.7142857313
108994  30.343  3.413  -19.329 0.8571428657
108995  29.762  3.218  -19.634 0.5714285970
109023  28.041  2.806  -20.794 0.7142857313
109041  27.945  3.284  -21.229 0.7142857313
109067  28.322  3.558  -22.905 0.7142857313
109068  28.155  3.496  -23.217 0.4285714328
110143  27.951  3.819  -23.187 0.4285714328
111054  31.887  5.127  -17.951 0.1428571492
112061  28.705  6.701  -21.041 0.8571428657
112939  30.823  7.632  -17.733 0.5714285970
112996  28.360  7.218  -21.008 0.8571428657
113016  28.458  6.739  -21.684 0.7142857313
113017  28.210  7.282  -21.553 0.7142857313
113915  30.713  7.995  -18.048 0.5714285970
114918  30.680  9.502  -17.876 0.4285714328
116052  27.367  10.872  -23.488 0.1428571492
116054  26.934  10.938  -23.690 0.1428571492
117083  27.448  10.929  -23.928 0.1428571492
119984  27.470  15.459  -25.522 0.1428571492
120864  28.909  15.086  -22.362 0.5714285970
120876  28.712  16.212  -24.204 0.4285714328
120890  26.989  15.487  -25.271 0.1428571492
120900  27.150  15.602  -25.692 0.1428571492
120901  26.945  15.726  -25.772 0.1428571492
121786  26.973  15.992  -24.944 0.2857142985
121795  27.860  16.410  -25.533 0.2857142985
122634  30.095  17.957  -22.500 0.8571428657
122647  27.249  17.115  -23.774 0.1428571492
122658  28.431  17.004  -25.238 0.2857142985
123527  27.063  18.142  -24.714 0.2857142985
123538  26.968  17.992  -25.049 0.2857142985
123539  26.696  18.467  -24.899 0.2857142985
124365  26.422  20.185  -23.005 0.1428571492
124375  26.532  20.219  -23.237 0.1428571492
125207  30.207  19.607  -22.399 0.8571428657
125216  26.329  20.346  -23.192 0.1428571492
125217  26.431  20.538  -23.381 0.1428571492
125961  30.491  22.502  -20.173 0.1428571492
125973  30.537  22.429  -20.504 0.1428571492
125974  30.322  22.495  -20.425 0.1428571492
126008  27.166  23.008  -23.729 0.2857142985
126031  29.136  21.889  -26.580 0.5714285970
126775  29.105  23.374  -19.858 0.1428571492
126836  26.672  22.374  -23.718 0.4285714328
126842  27.898  22.868  -24.804 0.1428571492
126850  27.809  22.821  -25.778 0.5714285970
126851  27.608  23.309  -26.276 0.2857142985
126860  28.517  23.061  -26.951 0.7142857313
127628  31.030  23.266  -19.054 0.1428571492
127634  25.988  24.791  -19.817 0.1428571492
127660  26.687  24.232  -21.072 0.1428571492
127661  26.473  24.137  -20.913 0.1428571492
127662  25.911  24.611  -20.525 0.1428571492
127663  26.014  24.684  -20.887 0.1428571492
127675  27.444  23.228  -21.507 0.1428571492
127677  26.304  24.534  -20.825 0.1428571492
127678  26.008  24.680  -20.806 0.1428571492
127679  25.883  24.534  -20.854 0.1428571492
127689  29.153  23.035  -24.202 0.2857142985
127698  28.146  23.399  -25.197 0.1428571492
127713  27.906  23.463  -26.898 0.7142857313
127714  27.564  23.581  -26.712 0.2857142985
127715  29.310  24.287  -27.459 0.2857142985
127716  28.822  23.757  -27.238 0.5714285970
127717  27.997  23.570  -27.127 0.7142857313
128487  26.621  25.007  -19.577 0.1428571492
128488  26.178  24.884  -19.716 0.1428571492
128508  26.974  24.645  -20.849 0.1428571492
128525  31.385  25.117  -23.580 0.1428571492
128533  31.871  24.771  -24.334 0.1428571492
128535  28.607  24.204  -25.134 0.2857142985
128536  28.311  23.807  -25.174 0.2857142985
128542  29.082  25.136  -25.923 0.2857142985
128545  27.246  24.008  -25.987 0.2857142985
128551  27.587  24.835  -26.572 0.2857142985
128556  27.231  24.078  -27.274 0.2857142985
129324  26.851  25.858  -19.562 0.1428571492
129325  25.945  25.385  -19.753 0.1428571492
129373  32.049  26.247  -26.272 0.1428571492
129376  28.237  25.278  -26.596 0.2857142985
129377  27.687  25.585  -26.887 0.2857142985
129378  26.989  25.154  -26.782 0.2857142985
130169  27.232  25.591  -20.326 0.1428571492
130191  32.374  25.870  -23.232 0.1428571492
130205  30.792  26.310  -24.267 0.1428571492
130210  31.126  27.251  -25.754 0.1428571492
130213  28.453  26.096  -26.627 0.2857142985
130219  29.960  27.058  -26.725 0.1428571492
130221  28.430  26.101  -27.028 0.2857142985
130222  32.803  27.604  -27.134 0.1428571492
131038  26.273  24.873  -20.896 0.1428571492
131056  32.592  27.764  -24.420 0.1428571492
131068  30.195  27.681  -26.820 0.1428571492
131070  32.990  27.749  -26.806 0.1428571492
131898  30.514  28.844  -26.306 0.1428571492
131903  30.346  28.894  -27.063 0.1428571492
131905  33.034  28.078  -26.571 0.1428571492
131906  31.959  28.463  -26.778 0.1428571492
132721  31.802  29.377  -25.712 0.1428571492
132722  31.059  29.247  -26.165 0.1428571492
132726  32.311  29.414  -25.876 0.1428571492
132728  30.932  29.242  -26.829 0.1428571492
132729  31.665  28.912  -26.536 0.1428571492
132730  31.379  29.002  -26.801 0.1428571492
151443  26.201  8.525  -23.408 0.1428571492
151444  26.075  8.600  -23.508 0.1428571492
151446  26.391  8.803  -23.547 0.1428571492
151939  26.339  24.383  -21.347 0.1428571492
