#!ascii label  , from subject 3132 vox2ras=TkReg
1769
67375  -36.897  -41.124  32.972 0.0000000000
82916  -52.049  -27.740  30.254 0.0000000000
74573  -44.114  -34.502  30.317 0.0000000000
38609  -7.329  -63.296  45.263 0.0000000000
64547  -31.686  -43.989  40.730 0.0000000000
42817  -25.448  -60.079  44.393 0.0000000000
44310  -34.810  -58.675  42.038 0.0000000000
55212  -36.194  -49.666  44.145 0.0000000000
61026  -34.706  -46.688  45.467 0.0000000000
48726  -16.477  -56.378  40.695 0.0000000000
44209  -20.929  -59.485  45.477 0.0000000000
45862  -20.802  -57.425  40.460 0.0000000000
48805  -31.019  -55.797  38.160 0.0000000000
51464  -36.232  -53.613  40.370 0.0000000000
65915  -39.189  -42.402  40.021 0.0000000000
71107  -41.870  -38.792  37.708 0.0000000000
79468  -48.050  -30.883  29.856 0.0000000000
70057  -40.373  -38.965  30.628 0.0000000000
88832  -48.374  -22.803  26.087 0.0000000000
41401  -3.875  -61.360  43.114 0.0000000000
61098  -37.698  -46.359  42.197 0.0000000000
64664  -34.677  -43.729  36.532 0.0000000000
45914  -26.698  -58.473  38.681 0.0000000000
42869  -29.909  -59.944  42.007 0.0000000000
69942  -45.762  -38.859  35.292 0.0000000000
91090  -55.404  -20.539  24.266 0.0000000000
56481  -35.232  -49.509  41.654 0.0000000000
57673  -33.938  -47.524  43.438 0.0000000000
50067  -18.691  -55.918  41.153 0.0000000000
52806  -34.448  -52.135  37.960 0.0000000000
55296  -35.644  -50.574  39.665 0.0000000000
54005  -37.721  -52.020  41.888 0.0000000000
67334  -37.900  -41.296  35.970 0.0000000000
68592  -40.269  -39.717  38.352 0.0000000000
68678  -39.307  -39.702  34.608 0.0000000000
80656  -50.503  -29.840  29.544 0.0000000000
78151  -50.758  -31.432  33.043 0.0000000000
85279  -53.669  -25.696  30.585 0.0000000000
44241  -6.415  -58.630  42.422 0.0000000000
38582  -4.910  -63.537  45.308 0.0000000000
62120  -32.802  -44.755  43.050 0.0000000000
61063  -35.506  -45.757  44.333 0.0000000000
63271  -34.288  -44.472  42.048 0.0000000000
63333  -35.827  -44.470  39.375 0.0000000000
64611  -32.542  -43.532  38.682 0.0000000000
42790  -23.528  -59.564  44.958 0.0000000000
41354  -23.435  -60.552  47.971 0.0000000000
41365  -26.349  -61.213  46.871 0.0000000000
41368  -28.385  -61.873  45.970 0.0000000000
47437  -23.223  -56.876  36.344 0.0000000000
48839  -26.391  -56.185  35.992 0.0000000000
47344  -32.861  -57.208  40.275 0.0000000000
45892  -30.738  -58.111  40.308 0.0000000000
41446  -32.523  -60.700  41.358 0.0000000000
38697  -31.611  -62.786  42.499 0.0000000000
42837  -11.873  -60.057  42.792 0.0000000000
42761  -13.841  -59.916  46.857 0.0000000000
41302  -13.595  -60.578  50.168 0.0000000000
71243  -42.796  -37.669  29.523 0.0000000000
69980  -43.776  -38.984  33.265 0.0000000000
71178  -45.189  -37.334  32.423 0.0000000000
93456  -56.787  -18.778  23.243 0.0000000000
37118  -6.649  -63.578  49.608 0.0000000000
53932  -37.031  -51.164  46.797 0.0000000000
57609  -35.726  -48.619  47.191 0.0000000000
57641  -34.832  -48.142  45.211 0.0000000000
60018  -32.992  -46.375  43.800 0.0000000000
45799  -16.077  -57.887  44.323 0.0000000000
44206  -17.962  -59.162  45.649 0.0000000000
47290  -18.349  -57.670  43.471 0.0000000000
45828  -20.725  -58.210  42.635 0.0000000000
44300  -23.065  -58.871  42.341 0.0000000000
50213  -29.081  -54.981  36.360 0.0000000000
51550  -31.706  -53.342  36.941 0.0000000000
50150  -33.594  -54.562  39.337 0.0000000000
48741  -34.816  -55.585  41.115 0.0000000000
48715  -37.194  -55.004  42.373 0.0000000000
51393  -37.850  -52.853  44.863 0.0000000000
45907  -14.566  -57.621  39.306 0.0000000000
64517  -40.376  -42.922  43.188 0.0000000000
65857  -42.131  -41.676  45.525 0.0000000000
67237  -40.832  -40.846  42.104 0.0000000000
69826  -42.709  -39.019  40.538 0.0000000000
78197  -45.677  -32.088  30.409 0.0000000000
74529  -46.755  -34.951  32.490 0.0000000000
76885  -48.472  -32.721  31.967 0.0000000000
32944  1.398  -66.323  44.083 0.0000000000
70020  -37.996  -39.503  31.546 0.0000000000
72364  -39.638  -36.607  27.650 0.0000000000
76954  -42.929  -32.632  29.003 0.0000000000
79495  -45.084  -30.661  28.232 0.0000000000
80682  -47.232  -29.476  27.622 0.0000000000
84085  -48.471  -26.716  28.379 0.0000000000
86550  -49.805  -24.910  28.422 0.0000000000
86588  -46.540  -24.457  26.568 0.0000000000
35635  -3.590  -64.769  48.663 0.0000000000
38532  -1.296  -63.927  47.415 0.0000000000
37163  0.886  -64.372  45.505 0.0000000000
59958  -40.690  -46.317  47.499 0.0000000000
59953  -36.394  -47.599  47.420 0.0000000000
59989  -38.729  -47.580  46.052 0.0000000000
61067  -40.182  -45.828  44.429 0.0000000000
63293  -38.667  -44.134  40.687 0.0000000000
63367  -37.455  -43.216  37.864 0.0000000000
63437  -35.669  -43.380  34.524 0.0000000000
42727  -20.782  -60.395  48.453 0.0000000000
45911  -23.347  -58.136  39.223 0.0000000000
44328  -25.372  -59.445  41.239 0.0000000000
47404  -29.282  -57.041  38.052 0.0000000000
44357  -28.426  -59.137  40.231 0.0000000000
42844  -28.204  -60.643  43.100 0.0000000000
39989  -29.812  -62.264  43.982 0.0000000000
40025  -7.819  -61.683  42.131 0.0000000000
40027  -9.665  -61.590  42.265 0.0000000000
41359  -9.637  -61.624  46.432 0.0000000000
69977  -40.807  -39.421  33.697 0.0000000000
69922  -43.664  -39.244  36.880 0.0000000000
68594  -46.513  -39.414  38.977 0.0000000000
73312  -46.250  -36.265  35.046 0.0000000000
88806  -51.580  -23.293  28.108 0.0000000000
89871  -52.692  -21.754  27.745 0.0000000000
91048  -53.760  -20.960  27.783 0.0000000000
89918  -53.315  -21.890  24.486 0.0000000000
92257  -55.862  -19.515  27.151 0.0000000000
56500  -34.750  -49.230  40.840 0.0000000000
57712  -34.323  -48.210  41.457 0.0000000000
58915  -33.877  -47.525  40.909 0.0000000000
56536  -34.903  -49.848  38.553 0.0000000000
56518  -35.073  -49.509  39.728 0.0000000000
56501  -35.578  -49.696  40.677 0.0000000000
67350  -37.593  -41.222  34.577 0.0000000000
68658  -38.707  -40.489  35.714 0.0000000000
68691  -38.230  -40.630  33.237 0.0000000000
80657  -51.259  -29.012  29.830 0.0000000000
80635  -51.891  -30.137  31.622 0.0000000000
81758  -52.930  -28.730  31.066 0.0000000000
82907  -53.227  -27.859  30.748 0.0000000000
84075  -52.215  -26.396  29.875 0.0000000000
39976  -6.324  -61.789  43.142 0.0000000000
39975  -5.542  -61.943  43.791 0.0000000000
38608  -6.304  -63.391  44.766 0.0000000000
63250  -32.433  -44.592  42.256 0.0000000000
63252  -33.910  -44.960  42.725 0.0000000000
64532  -33.171  -44.008  41.247 0.0000000000
64550  -33.620  -43.844  40.498 0.0000000000
64567  -32.424  -43.642  40.126 0.0000000000
42723  -16.455  -59.289  48.214 0.0000000000
42816  -24.420  -59.617  44.172 0.0000000000
42770  -24.828  -60.454  46.524 0.0000000000
42792  -25.649  -60.483  45.373 0.0000000000
39963  -27.423  -61.628  46.441 0.0000000000
42793  -26.759  -61.022  45.414 0.0000000000
45870  -33.936  -57.655  40.790 0.0000000000
44362  -32.837  -58.373  40.492 0.0000000000
42891  -34.141  -59.030  41.397 0.0000000000
41447  -33.462  -60.778  41.860 0.0000000000
45769  -15.225  -58.614  45.327 0.0000000000
44203  -15.273  -59.482  46.903 0.0000000000
42721  -14.648  -59.615  48.511 0.0000000000
63197  -41.982  -44.145  47.458 0.0000000000
72332  -43.960  -36.199  30.089 0.0000000000
71201  -44.576  -37.346  31.065 0.0000000000
72333  -44.984  -36.030  30.483 0.0000000000
55196  -36.951  -50.647  45.461 0.0000000000
55176  -35.847  -49.470  45.502 0.0000000000
55194  -35.756  -49.363  44.733 0.0000000000
57672  -33.447  -47.118  43.748 0.0000000000
58870  -31.417  -46.581  43.042 0.0000000000
60016  -31.366  -46.377  43.117 0.0000000000
47312  -16.222  -56.856  42.742 0.0000000000
47262  -17.293  -57.424  43.974 0.0000000000
47314  -17.370  -56.513  42.559 0.0000000000
48729  -19.277  -55.838  40.553 0.0000000000
47315  -19.256  -57.420  42.169 0.0000000000
45843  -20.784  -57.690  41.425 0.0000000000
45829  -21.860  -58.466  42.692 0.0000000000
45863  -21.594  -57.767  40.823 0.0000000000
52823  -30.844  -53.216  36.127 0.0000000000
52765  -35.095  -53.125  39.300 0.0000000000
51510  -34.080  -53.403  38.805 0.0000000000
51485  -34.514  -53.790  39.453 0.0000000000
48769  -34.362  -55.416  40.552 0.0000000000
50096  -35.324  -54.932  40.885 0.0000000000
48714  -36.379  -55.720  42.085 0.0000000000
50098  -36.693  -54.322  41.691 0.0000000000
53987  -37.151  -51.169  42.893 0.0000000000
52701  -37.667  -52.357  43.188 0.0000000000
53975  -37.105  -51.407  43.850 0.0000000000
52676  -37.365  -52.163  45.575 0.0000000000
47359  -15.808  -56.611  40.306 0.0000000000
65908  -39.513  -42.195  41.196 0.0000000000
65900  -40.467  -41.939  42.459 0.0000000000
67258  -40.029  -41.163  40.596 0.0000000000
69895  -40.912  -38.760  37.561 0.0000000000
68572  -41.526  -39.538  39.667 0.0000000000
71089  -42.402  -38.009  38.764 0.0000000000
72187  -43.270  -38.333  39.750 0.0000000000
71090  -43.106  -37.909  38.483 0.0000000000
78198  -46.319  -31.670  30.363 0.0000000000
76909  -47.365  -32.668  31.315 0.0000000000
78187  -48.065  -31.459  31.108 0.0000000000
78134  -51.962  -31.955  33.831 0.0000000000
78226  -43.641  -31.895  28.801 0.0000000000
79508  -43.449  -30.160  27.597 0.0000000000
81804  -45.452  -28.398  27.246 0.0000000000
82960  -46.926  -27.513  27.594 0.0000000000
81791  -47.897  -28.095  28.012 0.0000000000
84101  -47.622  -26.642  27.845 0.0000000000
85324  -47.746  -25.293  27.578 0.0000000000
42858  -4.468  -60.004  42.217 0.0000000000
39997  -2.988  -61.846  43.393 0.0000000000
37080  -5.966  -63.795  51.374 0.0000000000
35628  -4.933  -64.485  49.284 0.0000000000
37079  -4.854  -64.199  51.585 0.0000000000
37094  -1.286  -64.995  49.824 0.0000000000
37093  -0.449  -64.543  49.247 0.0000000000
37145  0.210  -64.174  46.686 0.0000000000
35624  0.416  -65.008  48.334 0.0000000000
32912  0.455  -65.758  47.402 0.0000000000
58826  -35.181  -48.125  46.699 0.0000000000
58813  -35.530  -47.859  47.417 0.0000000000
61016  -35.157  -47.003  46.278 0.0000000000
61080  -35.878  -45.577  43.617 0.0000000000
61046  -37.022  -46.703  44.922 0.0000000000
60020  -37.802  -46.714  43.830 0.0000000000
60004  -39.675  -47.186  45.138 0.0000000000
60041  -39.112  -46.811  43.274 0.0000000000
61100  -39.273  -45.660  42.320 0.0000000000
61111  -38.383  -45.824  41.528 0.0000000000
64614  -35.174  -44.011  37.970 0.0000000000
63351  -36.266  -43.987  38.368 0.0000000000
64615  -36.075  -43.809  37.537 0.0000000000
64666  -36.901  -42.622  36.011 0.0000000000
63406  -35.362  -43.707  35.135 0.0000000000
44207  -19.577  -59.442  45.439 0.0000000000
42743  -19.743  -60.158  47.478 0.0000000000
42744  -21.045  -59.970  47.312 0.0000000000
45952  -24.974  -57.693  37.332 0.0000000000
45933  -23.117  -57.812  37.915 0.0000000000
45912  -24.548  -58.371  38.837 0.0000000000
44353  -24.291  -58.884  40.448 0.0000000000
44382  -25.903  -59.082  39.428 0.0000000000
50198  -30.217  -54.788  37.241 0.0000000000
48823  -28.863  -55.921  36.987 0.0000000000
47427  -30.162  -56.298  38.153 0.0000000000
44333  -30.249  -58.990  40.937 0.0000000000
45891  -29.815  -58.196  40.388 0.0000000000
44307  -29.535  -59.492  41.844 0.0000000000
44306  -28.742  -60.008  42.006 0.0000000000
44278  -28.984  -60.274  42.313 0.0000000000
41409  -29.083  -61.280  43.678 0.0000000000
40015  -29.813  -61.847  43.163 0.0000000000
47275  -36.301  -57.025  44.502 0.0000000000
41422  -10.863  -60.776  42.962 0.0000000000
41390  -10.885  -61.004  44.376 0.0000000000
39955  -9.780  -61.466  45.110 0.0000000000
39887  -13.857  -61.320  51.703 0.0000000000
70056  -39.237  -39.211  30.624 0.0000000000
69995  -39.813  -39.598  32.834 0.0000000000
69996  -40.890  -39.245  32.624 0.0000000000
69961  -44.694  -38.999  34.232 0.0000000000
69960  -43.594  -39.402  34.378 0.0000000000
68662  -45.092  -39.316  36.103 0.0000000000
69897  -45.263  -39.345  37.506 0.0000000000
69898  -46.431  -38.899  37.372 0.0000000000
74511  -47.878  -34.408  33.529 0.0000000000
73346  -46.531  -35.594  33.387 0.0000000000
74498  -47.149  -35.075  35.181 0.0000000000
87747  -48.844  -23.690  27.475 0.0000000000
87732  -50.420  -24.315  28.044 0.0000000000
88820  -49.488  -23.128  27.191 0.0000000000
88835  -51.385  -22.135  26.827 0.0000000000
89894  -51.697  -21.684  26.579 0.0000000000
91047  -52.926  -21.255  27.653 0.0000000000
91068  -52.501  -21.325  26.301 0.0000000000
89938  -53.892  -21.884  22.631 0.0000000000
89937  -52.739  -22.182  22.661 0.0000000000
91097  -54.239  -21.478  24.064 0.0000000000
91070  -54.654  -20.139  26.449 0.0000000000
92274  -55.743  -19.404  25.586 0.0000000000
92275  -56.654  -18.686  25.574 0.0000000000
93441  -58.061  -18.741  24.635 0.0000000000
55229  -36.179  -49.810  43.077 0.0000000000
56441  -35.257  -48.712  43.104 0.0000000000
56462  -34.775  -48.856  42.301 0.0000000000
58897  -33.130  -46.833  42.031 0.0000000000
50087  -17.422  -55.577  40.765 0.0000000000
55327  -34.228  -50.908  37.275 0.0000000000
54053  -35.317  -51.639  38.648 0.0000000000
52746  -36.403  -52.328  40.381 0.0000000000
51465  -36.713  -52.786  40.964 0.0000000000
54024  -36.540  -51.368  40.789 0.0000000000
55265  -36.379  -50.574  41.810 0.0000000000
65934  -38.819  -41.561  37.833 0.0000000000
67287  -39.490  -40.701  38.935 0.0000000000
67319  -39.033  -40.516  37.423 0.0000000000
69917  -39.986  -39.617  36.880 0.0000000000
69937  -40.464  -39.216  35.580 0.0000000000
79483  -49.638  -30.560  29.413 0.0000000000
79458  -49.601  -31.388  31.363 0.0000000000
79459  -50.430  -31.246  31.349 0.0000000000
79423  -52.053  -30.856  33.043 0.0000000000
86532  -53.991  -24.667  30.151 0.0000000000
41403  -5.070  -60.052  43.160 0.0000000000
39951  -4.138  -62.274  44.536 0.0000000000
62097  -33.584  -45.705  44.133 0.0000000000
61043  -34.804  -46.397  45.109 0.0000000000
62108  -33.975  -44.985  44.071 0.0000000000
63253  -34.707  -44.659  42.961 0.0000000000
63273  -35.590  -45.268  41.808 0.0000000000
62171  -36.147  -45.383  40.521 0.0000000000
63311  -34.864  -44.298  40.260 0.0000000000
64589  -34.074  -43.659  39.162 0.0000000000
64635  -33.581  -43.531  37.699 0.0000000000
44227  -22.267  -59.011  44.902 0.0000000000
42745  -22.060  -60.040  47.055 0.0000000000
42769  -23.739  -59.972  46.192 0.0000000000
41363  -24.845  -60.711  47.391 0.0000000000
39923  -28.106  -62.588  47.674 0.0000000000
47454  -24.917  -56.638  35.889 0.0000000000
47423  -26.820  -57.264  37.185 0.0000000000
47380  -32.131  -56.518  39.427 0.0000000000
47379  -31.374  -57.056  39.050 0.0000000000
45893  -31.924  -57.787  39.978 0.0000000000
44335  -31.788  -59.196  40.836 0.0000000000
41445  -31.403  -60.824  41.383 0.0000000000
41429  -30.815  -61.154  41.885 0.0000000000
40064  -32.194  -61.473  41.626 0.0000000000
44324  -13.514  -58.817  40.858 0.0000000000
42839  -13.326  -59.380  43.206 0.0000000000
42760  -12.938  -60.275  46.504 0.0000000000
41335  -12.676  -60.525  48.379 0.0000000000
42720  -13.836  -60.192  48.649 0.0000000000
70089  -41.912  -38.454  29.783 0.0000000000
70024  -42.198  -39.237  31.384 0.0000000000
71199  -43.451  -38.251  30.897 0.0000000000
70000  -44.577  -38.325  32.050 0.0000000000
69982  -45.400  -37.977  33.283 0.0000000000
89902  -46.756  -21.543  25.250 0.0000000000
88843  -48.530  -22.169  25.629 0.0000000000
89903  -47.719  -21.536  25.128 0.0000000000
89940  -55.468  -20.914  22.495 0.0000000000
92290  -55.900  -19.780  23.619 0.0000000000
91105  -55.970  -20.069  22.400 0.0000000000
92308  -56.666  -19.252  21.868 0.0000000000
39936  -8.459  -62.598  47.487 0.0000000000
38558  -7.049  -63.346  48.236 0.0000000000
55149  -36.579  -50.307  47.971 0.0000000000
55164  -36.500  -50.039  47.004 0.0000000000
56358  -35.463  -48.858  46.329 0.0000000000
58856  -34.446  -47.425  45.147 0.0000000000
57658  -34.674  -47.984  44.311 0.0000000000
57639  -33.872  -47.434  44.333 0.0000000000
60000  -33.571  -46.685  44.342 0.0000000000
61059  -32.310  -45.946  43.643 0.0000000000
62118  -31.308  -45.073  42.499 0.0000000000
45770  -15.797  -58.248  45.187 0.0000000000
44190  -17.131  -59.033  46.919 0.0000000000
45772  -17.254  -58.074  44.731 0.0000000000
45773  -18.003  -58.308  44.747 0.0000000000
45803  -19.218  -58.157  43.981 0.0000000000
48683  -18.234  -57.120  42.670 0.0000000000
47265  -19.437  -57.886  43.376 0.0000000000
44250  -20.808  -58.642  43.892 0.0000000000
44251  -21.753  -58.883  44.028 0.0000000000
44253  -23.543  -59.390  43.920 0.0000000000
42840  -24.741  -59.462  43.514 0.0000000000
50215  -30.722  -54.452  36.916 0.0000000000
50199  -31.295  -54.662  37.572 0.0000000000
52804  -32.865  -53.076  37.443 0.0000000000
51508  -32.700  -53.797  38.140 0.0000000000
48807  -32.276  -55.285  38.773 0.0000000000
47363  -33.597  -56.191  40.079 0.0000000000
48740  -34.137  -56.016  40.670 0.0000000000
45847  -35.267  -57.750  42.296 0.0000000000
44281  -35.452  -58.647  42.888 0.0000000000
47323  -35.542  -57.030  42.718 0.0000000000
47302  -36.793  -56.281  43.567 0.0000000000
48670  -37.272  -55.740  44.367 0.0000000000
51424  -37.345  -53.382  42.224 0.0000000000
50039  -37.948  -54.124  44.084 0.0000000000
50026  -37.858  -54.284  44.915 0.0000000000
51363  -37.363  -53.551  46.499 0.0000000000
45859  -14.236  -58.031  40.922 0.0000000000
63228  -40.648  -43.721  45.248 0.0000000000
65873  -41.096  -42.049  44.484 0.0000000000
65889  -41.659  -41.002  44.089 0.0000000000
68483  -42.419  -39.640  43.023 0.0000000000
67274  -40.338  -40.404  40.062 0.0000000000
68524  -42.018  -39.596  41.394 0.0000000000
75739  -44.776  -33.584  30.738 0.0000000000
74575  -45.517  -35.035  30.870 0.0000000000
75720  -46.014  -33.609  30.834 0.0000000000
74530  -47.539  -34.058  32.304 0.0000000000
74512  -48.597  -33.881  33.593 0.0000000000
78149  -49.447  -32.298  32.104 0.0000000000
75680  -49.484  -33.472  33.552 0.0000000000
67414  -35.874  -40.963  31.328 0.0000000000
68705  -37.615  -40.151  31.986 0.0000000000
68753  -36.869  -39.687  31.305 0.0000000000
70055  -38.111  -38.859  30.832 0.0000000000
70086  -38.488  -38.671  29.777 0.0000000000
71241  -40.054  -38.059  28.854 0.0000000000
71265  -41.274  -37.017  28.152 0.0000000000
72367  -42.159  -36.184  28.555 0.0000000000
74583  -42.598  -34.468  28.946 0.0000000000
75751  -43.412  -33.766  29.910 0.0000000000
76940  -44.393  -32.681  30.069 0.0000000000
78212  -45.507  -31.667  29.698 0.0000000000
78229  -46.419  -30.885  28.654 0.0000000000
80680  -44.972  -29.282  27.281 0.0000000000
79511  -46.463  -30.147  27.590 0.0000000000
79498  -47.610  -30.317  28.060 0.0000000000
80668  -49.509  -29.750  28.538 0.0000000000
81793  -49.592  -28.443  28.467 0.0000000000
82930  -50.169  -27.116  29.038 0.0000000000
85290  -50.727  -25.980  29.321 0.0000000000
85303  -48.934  -25.839  28.465 0.0000000000
86571  -48.306  -24.455  27.807 0.0000000000
87757  -47.268  -23.892  26.453 0.0000000000
88841  -46.597  -22.462  25.537 0.0000000000
37151  -5.535  -64.413  47.104 0.0000000000
37150  -4.418  -64.378  47.031 0.0000000000
37166  -2.921  -63.679  46.379 0.0000000000
37096  -3.180  -64.702  50.719 0.0000000000
37148  -2.247  -63.992  47.095 0.0000000000
39934  -2.229  -62.761  45.520 0.0000000000
39947  -1.390  -63.073  45.084 0.0000000000
38635  -0.769  -63.709  44.543 0.0000000000
37215  0.060  -64.519  43.849 0.0000000000
34263  1.342  -65.311  45.491 0.0000000000
62078  -41.041  -44.773  46.624 0.0000000000
59943  -37.974  -47.585  48.082 0.0000000000
61029  -35.920  -46.855  45.773 0.0000000000
59972  -37.512  -47.476  46.776 0.0000000000
59974  -39.910  -47.048  47.114 0.0000000000
59991  -40.357  -46.496  46.313 0.0000000000
62088  -40.667  -44.661  45.878 0.0000000000
63256  -40.192  -44.144  43.676 0.0000000000
63274  -39.826  -43.996  41.917 0.0000000000
64570  -38.963  -43.272  40.165 0.0000000000
62172  -37.089  -45.121  40.064 0.0000000000
63335  -37.814  -43.767  39.274 0.0000000000
64592  -38.334  -42.940  39.236 0.0000000000
64639  -37.680  -42.657  37.209 0.0000000000
65979  -37.272  -42.187  35.341 0.0000000000
66030  -36.077  -41.882  33.437 0.0000000000
64585  -30.982  -43.659  39.402 0.0000000000
65932  -31.702  -43.480  38.318 0.0000000000
65977  -32.321  -43.422  37.342 0.0000000000
64692  -32.936  -43.655  36.079 0.0000000000
63435  -33.487  -44.205  34.686 0.0000000000
63436  -34.823  -43.529  34.162 0.0000000000
64739  -34.875  -42.676  32.867 0.0000000000
66063  -35.433  -41.365  31.916 0.0000000000
42729  -22.487  -60.394  47.751 0.0000000000
47376  -20.557  -56.515  38.686 0.0000000000
47378  -21.932  -57.277  38.316 0.0000000000
45888  -22.312  -57.962  40.047 0.0000000000
45865  -23.102  -58.592  41.135 0.0000000000
44302  -24.598  -59.385  42.102 0.0000000000
42865  -25.520  -59.822  42.801 0.0000000000
50212  -27.911  -55.133  36.042 0.0000000000
47442  -28.058  -56.525  37.053 0.0000000000
45937  -27.430  -57.629  38.115 0.0000000000
45940  -30.003  -57.304  38.859 0.0000000000
45916  -28.611  -58.130  39.400 0.0000000000
44384  -27.857  -58.905  39.571 0.0000000000
44330  -27.592  -59.747  41.086 0.0000000000
44304  -26.726  -59.898  41.993 0.0000000000
42843  -27.229  -60.381  43.522 0.0000000000
42795  -28.183  -61.391  44.824 0.0000000000
39965  -28.899  -62.551  45.034 0.0000000000
41404  -6.755  -60.972  42.502 0.0000000000
38665  -7.462  -62.717  43.197 0.0000000000
41456  -9.768  -60.717  40.502 0.0000000000
41436  -8.445  -60.685  41.016 0.0000000000
38689  -9.230  -61.980  42.652 0.0000000000
38642  -8.677  -62.497  44.302 0.0000000000
38584  -8.612  -62.577  46.234 0.0000000000
39914  -9.129  -62.179  48.408 0.0000000000
39898  -12.445  -61.361  50.042 0.0000000000
68692  -38.851  -40.009  33.568 0.0000000000
69956  -39.941  -39.365  34.660 0.0000000000
69938  -41.305  -39.050  35.549 0.0000000000
69979  -42.793  -39.553  33.363 0.0000000000
69959  -42.497  -39.376  34.477 0.0000000000
69921  -42.760  -39.037  36.459 0.0000000000
71110  -43.705  -38.705  37.831 0.0000000000
73368  -45.920  -35.464  32.030 0.0000000000
72282  -45.934  -36.640  33.465 0.0000000000
71141  -46.614  -37.526  35.463 0.0000000000
85291  -51.419  -25.623  29.460 0.0000000000
86542  -52.560  -24.546  29.368 0.0000000000
87723  -52.700  -23.923  29.160 0.0000000000
88821  -50.338  -22.886  27.227 0.0000000000
88807  -52.422  -22.668  28.299 0.0000000000
88796  -53.586  -22.938  28.845 0.0000000000
88797  -54.638  -22.594  29.308 0.0000000000
88810  -55.454  -21.663  28.806 0.0000000000
89916  -51.348  -21.923  24.401 0.0000000000
91069  -53.590  -20.948  26.118 0.0000000000
91059  -55.128  -20.022  27.383 0.0000000000
93439  -57.086  -18.414  24.679 0.0000000000
56517  -34.339  -48.957  40.359 0.0000000000
57731  -34.328  -48.240  40.560 0.0000000000
57749  -34.536  -49.115  38.893 0.0000000000
57748  -34.227  -48.547  39.570 0.0000000000
67360  -36.791  -41.329  33.797 0.0000000000
67361  -37.528  -41.028  33.572 0.0000000000
81780  -51.531  -28.110  29.672 0.0000000000
80646  -52.265  -29.033  30.747 0.0000000000
81768  -52.375  -28.153  30.731 0.0000000000
82918  -53.346  -27.215  30.619 0.0000000000
82933  -52.256  -27.177  30.030 0.0000000000
38640  -6.958  -63.167  44.049 0.0000000000
38639  -6.147  -62.533  44.098 0.0000000000
37184  -6.495  -63.666  45.578 0.0000000000
64530  -32.418  -44.150  41.139 0.0000000000
63269  -32.772  -44.343  41.706 0.0000000000
64548  -32.442  -43.895  40.658 0.0000000000
64566  -31.675  -43.545  40.166 0.0000000000
44179  -16.683  -59.064  47.518 0.0000000000
42818  -26.483  -60.465  44.458 0.0000000000
44337  -34.277  -58.359  41.253 0.0000000000
42872  -34.472  -59.663  42.064 0.0000000000
42873  -34.883  -59.187  42.397 0.0000000000
42740  -15.400  -59.372  47.391 0.0000000000
73426  -43.716  -35.483  29.589 0.0000000000
73408  -44.445  -35.193  30.025 0.0000000000
55213  -36.735  -50.597  44.509 0.0000000000
55195  -36.312  -50.010  45.101 0.0000000000
58881  -31.530  -46.552  42.866 0.0000000000
47313  -16.867  -56.569  42.609 0.0000000000
48727  -16.989  -56.013  40.821 0.0000000000
47338  -20.110  -57.201  40.861 0.0000000000
48705  -19.607  -57.023  41.060 0.0000000000
45844  -21.612  -58.327  41.750 0.0000000000
51486  -35.380  -53.451  39.688 0.0000000000
51463  -35.258  -54.030  40.027 0.0000000000
50124  -35.493  -54.393  40.520 0.0000000000
50097  -36.013  -54.501  41.144 0.0000000000
51442  -36.478  -53.994  41.168 0.0000000000
55230  -36.634  -50.551  43.503 0.0000000000
47337  -15.887  -57.147  41.511 0.0000000000
65907  -39.232  -42.743  40.626 0.0000000000
65916  -39.403  -41.520  40.045 0.0000000000
69872  -41.606  -38.772  38.423 0.0000000000
71108  -42.767  -38.597  37.992 0.0000000000
78199  -47.389  -31.425  30.333 0.0000000000
78186  -47.504  -31.858  31.078 0.0000000000
78121  -52.160  -32.408  34.628 0.0000000000
79493  -42.975  -31.012  28.087 0.0000000000
84100  -46.422  -26.538  27.464 0.0000000000
85323  -46.921  -25.720  27.334 0.0000000000
42831  -4.278  -60.725  42.678 0.0000000000
42857  -4.114  -60.585  42.184 0.0000000000
41434  -3.914  -60.969  41.833 0.0000000000
41417  -3.403  -61.537  43.040 0.0000000000
37098  -5.163  -64.365  50.730 0.0000000000
37063  -5.520  -63.924  52.401 0.0000000000
35625  -0.039  -64.847  48.730 0.0000000000
32901  0.039  -65.535  48.779 0.0000000000
58825  -34.921  -47.447  46.131 0.0000000000
59968  -35.028  -47.272  46.292 0.0000000000
59987  -34.949  -47.011  46.209 0.0000000000
61081  -36.736  -46.110  42.986 0.0000000000
60019  -37.122  -46.412  43.620 0.0000000000
60039  -37.506  -46.487  43.206 0.0000000000
60040  -38.306  -46.797  43.262 0.0000000000
60056  -38.522  -46.638  42.697 0.0000000000
61099  -38.656  -46.113  42.201 0.0000000000
61110  -37.429  -45.863  41.360 0.0000000000
64636  -34.423  -43.694  37.389 0.0000000000
64637  -35.429  -43.735  37.072 0.0000000000
64665  -35.788  -43.564  36.104 0.0000000000
63384  -34.888  -43.732  35.812 0.0000000000
44208  -20.015  -59.569  45.429 0.0000000000
42766  -20.449  -59.780  46.320 0.0000000000
42767  -21.470  -59.589  46.294 0.0000000000
45935  -25.291  -58.032  38.008 0.0000000000
45913  -25.619  -58.591  38.633 0.0000000000
44381  -24.890  -58.885  39.546 0.0000000000
48826  -31.101  -55.407  38.009 0.0000000000
48825  -30.462  -55.659  37.808 0.0000000000
47406  -30.814  -56.639  38.376 0.0000000000
44308  -29.996  -59.477  41.692 0.0000000000
44280  -29.676  -59.827  42.003 0.0000000000
44279  -29.370  -60.007  42.057 0.0000000000
42846  -29.424  -60.340  42.281 0.0000000000
41410  -29.406  -61.027  42.996 0.0000000000
41428  -30.000  -60.863  42.174 0.0000000000
47246  -36.570  -56.817  45.069 0.0000000000
41349  -11.488  -60.941  47.223 0.0000000000
70022  -40.066  -39.364  31.627 0.0000000000
70023  -41.128  -39.077  31.563 0.0000000000
69923  -45.698  -39.062  36.553 0.0000000000
69924  -46.508  -38.417  36.243 0.0000000000
74499  -47.827  -34.641  34.868 0.0000000000
74510  -47.202  -35.156  34.013 0.0000000000
87758  -48.150  -23.446  26.613 0.0000000000
87759  -48.850  -23.087  26.781 0.0000000000
91066  -51.238  -21.553  26.017 0.0000000000
91067  -51.875  -21.397  26.311 0.0000000000
91078  -51.528  -21.420  25.885 0.0000000000
89930  -55.239  -21.183  23.423 0.0000000000
89929  -54.477  -21.587  23.675 0.0000000000
89920  -54.999  -21.371  24.075 0.0000000000
91081  -54.741  -20.308  25.370 0.0000000000
91082  -55.484  -19.935  24.994 0.0000000000
92282  -55.959  -19.574  24.553 0.0000000000
56463  -35.538  -49.319  42.624 0.0000000000
58914  -33.199  -46.929  41.231 0.0000000000
58898  -33.717  -47.498  41.804 0.0000000000
56554  -34.123  -49.981  37.389 0.0000000000
55295  -35.365  -50.276  39.048 0.0000000000
55309  -35.076  -50.823  38.551 0.0000000000
54037  -35.651  -51.570  39.256 0.0000000000
54023  -35.935  -51.492  40.056 0.0000000000
55264  -36.102  -50.023  41.327 0.0000000000
55246  -35.937  -50.011  42.173 0.0000000000
65954  -38.135  -41.600  37.091 0.0000000000
67299  -38.893  -40.850  37.832 0.0000000000
67335  -38.281  -40.924  36.461 0.0000000000
68677  -38.556  -40.121  34.568 0.0000000000
68642  -39.423  -40.224  36.654 0.0000000000
68659  -39.322  -39.770  35.560 0.0000000000
68660  -40.000  -39.510  35.838 0.0000000000
69936  -39.756  -39.399  35.237 0.0000000000
79484  -50.178  -30.614  29.922 0.0000000000
78202  -50.146  -31.316  30.806 0.0000000000
79471  -50.586  -30.631  30.440 0.0000000000
79443  -52.679  -30.557  32.552 0.0000000000
78154  -53.081  -31.348  33.878 0.0000000000
79425  -53.601  -30.706  33.938 0.0000000000
85258  -54.062  -25.888  30.724 0.0000000000
85280  -54.737  -25.214  30.681 0.0000000000
38607  -5.291  -62.921  44.764 0.0000000000
41387  -5.089  -60.836  43.654 0.0000000000
39952  -4.790  -62.014  44.322 0.0000000000
41402  -4.718  -60.527  43.390 0.0000000000
41372  -4.459  -61.534  44.133 0.0000000000
62107  -33.226  -45.248  43.590 0.0000000000
62098  -34.031  -45.787  44.350 0.0000000000
62121  -33.444  -44.995  43.134 0.0000000000
62136  -35.565  -44.903  42.760 0.0000000000
63272  -35.135  -44.896  42.181 0.0000000000
63292  -35.470  -45.091  41.261 0.0000000000
63291  -34.590  -44.610  41.132 0.0000000000
64588  -33.210  -43.722  39.280 0.0000000000
63331  -34.216  -43.792  39.729 0.0000000000
64613  -34.216  -43.702  38.259 0.0000000000
64612  -33.422  -43.586  38.510 0.0000000000
42789  -22.820  -59.213  45.141 0.0000000000
42768  -22.592  -59.470  45.933 0.0000000000
41364  -25.509  -60.853  47.118 0.0000000000
41366  -27.878  -61.684  46.279 0.0000000000
39944  -27.702  -61.896  46.729 0.0000000000
39945  -28.099  -62.205  46.594 0.0000000000
48838  -25.879  -56.309  35.790 0.0000000000
45966  -26.107  -57.325  36.707 0.0000000000
47440  -26.631  -56.728  36.426 0.0000000000
47361  -32.606  -57.263  40.057 0.0000000000
45868  -32.540  -57.483  40.242 0.0000000000
42908  -32.840  -58.978  40.541 0.0000000000
44361  -32.029  -58.631  40.537 0.0000000000
42907  -32.348  -59.290  40.753 0.0000000000
42889  -31.811  -59.929  40.725 0.0000000000
40043  -33.169  -61.692  42.289 0.0000000000
44298  -13.637  -58.923  42.245 0.0000000000
44297  -12.837  -59.124  41.622 0.0000000000
42785  -13.742  -59.866  45.962 0.0000000000
42737  -13.298  -60.217  47.708 0.0000000000
42738  -14.139  -59.673  47.732 0.0000000000
42707  -15.208  -59.743  49.182 0.0000000000
70060  -42.964  -38.307  30.445 0.0000000000
71219  -43.384  -37.865  30.420 0.0000000000
72300  -44.914  -37.020  31.612 0.0000000000
70027  -44.438  -37.962  31.419 0.0000000000
71177  -44.824  -37.477  31.935 0.0000000000
71163  -45.516  -37.349  32.952 0.0000000000
89947  -54.296  -21.673  21.610 0.0000000000
89966  -54.792  -21.314  20.802 0.0000000000
89949  -55.670  -20.637  21.710 0.0000000000
89967  -55.377  -20.929  21.101 0.0000000000
38535  -7.956  -62.355  48.812 0.0000000000
37065  -7.557  -63.510  52.456 0.0000000000
56376  -35.448  -48.822  45.733 0.0000000000
58857  -34.858  -47.940  45.585 0.0000000000
57674  -34.739  -48.234  43.396 0.0000000000
58871  -33.041  -46.514  43.532 0.0000000000
57656  -33.576  -47.258  44.090 0.0000000000
58855  -33.735  -47.265  44.317 0.0000000000
61040  -32.736  -46.028  43.906 0.0000000000
59999  -32.879  -46.220  43.916 0.0000000000
62105  -31.789  -45.448  43.045 0.0000000000
45771  -16.483  -58.214  44.937 0.0000000000
45800  -16.785  -57.571  44.239 0.0000000000
48663  -17.575  -57.341  43.465 0.0000000000
47236  -17.663  -57.792  44.441 0.0000000000
45802  -18.503  -57.941  44.146 0.0000000000
45774  -18.725  -58.441  44.625 0.0000000000
50065  -17.726  -55.769  41.351 0.0000000000
48703  -18.430  -56.483  41.775 0.0000000000
47292  -19.729  -57.731  42.793 0.0000000000
45804  -19.945  -58.273  43.449 0.0000000000
44272  -21.481  -58.525  43.346 0.0000000000
45830  -22.401  -58.692  42.763 0.0000000000
44274  -22.917  -59.152  42.869 0.0000000000
44254  -24.337  -59.366  43.508 0.0000000000
44275  -23.997  -59.215  42.925 0.0000000000
52824  -31.356  -52.892  36.358 0.0000000000
51549  -31.113  -53.894  36.569 0.0000000000
51531  -31.617  -53.934  37.128 0.0000000000
54072  -33.866  -51.611  37.043 0.0000000000
52826  -33.361  -52.082  36.953 0.0000000000
52805  -33.643  -52.582  37.711 0.0000000000
51484  -33.883  -53.873  39.028 0.0000000000
51509  -33.332  -53.690  38.542 0.0000000000
50178  -33.100  -54.374  38.811 0.0000000000
50177  -32.481  -54.571  38.431 0.0000000000
50149  -33.005  -54.731  38.907 0.0000000000
48788  -32.756  -55.341  39.150 0.0000000000
48789  -33.391  -55.402  39.566 0.0000000000
47346  -34.695  -56.849  41.420 0.0000000000
48713  -35.602  -56.249  41.831 0.0000000000
47325  -36.868  -55.888  42.780 0.0000000000
47324  -36.266  -56.498  42.716 0.0000000000
48690  -37.400  -55.524  43.403 0.0000000000
52727  -37.209  -52.425  41.527 0.0000000000
51443  -36.906  -53.438  41.524 0.0000000000
52715  -37.384  -52.862  42.022 0.0000000000
52686  -37.754  -52.736  43.679 0.0000000000
51410  -37.862  -53.122  43.241 0.0000000000
51394  -37.825  -53.220  44.026 0.0000000000
51380  -37.974  -53.565  44.717 0.0000000000
50025  -37.591  -54.430  45.744 0.0000000000
51379  -37.673  -53.346  45.576 0.0000000000
53950  -37.138  -51.527  46.332 0.0000000000
52659  -37.035  -51.944  46.381 0.0000000000
45885  -14.789  -57.689  40.352 0.0000000000
45823  -15.761  -58.013  43.485 0.0000000000
64504  -40.362  -43.041  43.898 0.0000000000
64505  -40.769  -42.744  44.470 0.0000000000
64518  -40.559  -42.505  43.735 0.0000000000
65901  -40.967  -41.388  42.716 0.0000000000
67212  -41.384  -40.975  42.777 0.0000000000
67213  -41.975  -40.316  43.368 0.0000000000
67238  -41.709  -40.333  42.240 0.0000000000
68570  -40.016  -40.092  38.859 0.0000000000
67288  -40.007  -40.311  39.402 0.0000000000
68571  -40.666  -39.788  39.232 0.0000000000
68573  -42.096  -39.432  39.951 0.0000000000
68550  -41.646  -39.596  40.506 0.0000000000
68525  -42.534  -39.316  40.960 0.0000000000
69798  -42.555  -39.498  41.777 0.0000000000
69799  -43.036  -39.150  41.345 0.0000000000
71022  -43.434  -38.622  41.005 0.0000000000
72172  -44.362  -38.320  40.573 0.0000000000
76926  -45.326  -32.892  30.672 0.0000000000
75740  -45.311  -33.504  30.760 0.0000000000
76907  -45.848  -33.119  30.755 0.0000000000
76884  -47.891  -32.879  31.756 0.0000000000
75722  -47.358  -33.221  31.555 0.0000000000
75697  -48.372  -33.241  32.456 0.0000000000
75678  -48.221  -33.708  32.810 0.0000000000
75679  -48.903  -33.280  33.041 0.0000000000
79440  -50.009  -31.647  31.980 0.0000000000
79439  -49.391  -31.644  31.702 0.0000000000
78150  -50.071  -31.947  32.574 0.0000000000
76850  -50.197  -33.403  33.805 0.0000000000
34285  1.247  -65.448  43.703 0.0000000000
34301  0.800  -65.375  42.937 0.0000000000
32960  1.144  -66.337  42.842 0.0000000000
70085  -37.409  -38.569  29.815 0.0000000000
71239  -37.837  -38.255  28.954 0.0000000000
71263  -39.277  -37.554  28.089 0.0000000000
71264  -40.413  -37.323  28.092 0.0000000000
71242  -41.344  -37.766  28.896 0.0000000000
72366  -41.522  -36.257  28.249 0.0000000000
73444  -41.895  -35.546  28.415 0.0000000000
73425  -43.001  -35.406  29.106 0.0000000000
74582  -42.245  -34.225  28.660 0.0000000000
76938  -42.562  -33.222  29.201 0.0000000000
76939  -43.471  -33.085  29.891 0.0000000000
76955  -43.463  -32.507  29.335 0.0000000000
79494  -44.079  -30.916  28.127 0.0000000000
78227  -44.779  -31.438  28.817 0.0000000000
78228  -45.717  -31.150  28.803 0.0000000000
81805  -46.503  -28.434  27.466 0.0000000000
80681  -46.039  -29.348  27.337 0.0000000000
79512  -47.034  -30.138  27.809 0.0000000000
80666  -47.693  -29.831  27.820 0.0000000000
79499  -48.574  -30.431  28.477 0.0000000000
80667  -48.210  -29.636  27.905 0.0000000000
82945  -48.136  -27.450  28.185 0.0000000000
82946  -48.949  -27.581  28.618 0.0000000000
82948  -50.397  -27.757  28.954 0.0000000000
84086  -49.566  -26.609  28.910 0.0000000000
86589  -47.297  -24.723  26.879 0.0000000000
86570  -47.744  -24.492  27.353 0.0000000000
87746  -47.929  -23.956  27.226 0.0000000000
40050  -3.602  -61.675  41.615 0.0000000000
37134  -6.597  -63.731  48.612 0.0000000000
37152  -6.679  -63.765  47.464 0.0000000000
37133  -5.822  -64.260  48.179 0.0000000000
35636  -4.313  -64.602  48.684 0.0000000000
37132  -4.854  -64.524  48.033 0.0000000000
37131  -3.856  -64.643  47.942 0.0000000000
37167  -3.968  -63.661  46.320 0.0000000000
37149  -3.327  -64.250  47.130 0.0000000000
37078  -3.841  -64.534  51.569 0.0000000000
37112  -0.909  -64.151  48.903 0.0000000000
37113  -1.874  -64.488  49.174 0.0000000000
38533  -1.490  -63.935  47.404 0.0000000000
38557  -2.114  -63.601  46.607 0.0000000000
38578  -1.775  -63.321  45.890 0.0000000000
39948  -1.756  -62.867  45.259 0.0000000000
38604  -1.459  -63.292  45.596 0.0000000000
37164  0.278  -64.175  45.785 0.0000000000
38602  -0.484  -64.144  45.169 0.0000000000
37181  0.176  -64.419  44.977 0.0000000000
38661  -0.503  -64.125  43.999 0.0000000000
37180  0.878  -64.430  44.690 0.0000000000
35672  1.197  -64.826  44.271 0.0000000000
35654  1.066  -64.699  45.980 0.0000000000
31615  0.124  -66.350  47.488 0.0000000000
61006  -40.991  -46.118  47.786 0.0000000000
62067  -41.456  -44.938  47.303 0.0000000000
61020  -40.867  -45.659  47.177 0.0000000000
56342  -36.278  -49.261  47.316 0.0000000000
56343  -36.716  -49.354  47.676 0.0000000000
57594  -36.007  -48.419  47.581 0.0000000000
59952  -35.828  -47.762  47.314 0.0000000000
58814  -36.146  -47.842  47.770 0.0000000000
58815  -36.863  -47.742  47.508 0.0000000000
58803  -37.629  -48.120  47.906 0.0000000000
59954  -37.231  -47.311  47.733 0.0000000000
61062  -34.754  -45.736  44.522 0.0000000000
61028  -35.300  -46.723  45.851 0.0000000000
61044  -35.345  -46.351  45.119 0.0000000000
59988  -37.757  -47.209  45.550 0.0000000000
61030  -36.777  -46.965  45.764 0.0000000000
59973  -39.021  -47.440  47.179 0.0000000000
58843  -39.177  -47.523  45.880 0.0000000000
60023  -39.966  -46.642  44.758 0.0000000000
60005  -40.211  -46.631  45.363 0.0000000000
61047  -40.517  -45.660  45.571 0.0000000000
62099  -40.640  -44.742  44.885 0.0000000000
62111  -40.538  -44.789  43.987 0.0000000000
61084  -40.182  -45.312  43.795 0.0000000000
62153  -39.173  -44.975  41.487 0.0000000000
62138  -39.651  -44.884  42.535 0.0000000000
63294  -39.259  -43.867  41.303 0.0000000000
62188  -36.194  -45.148  39.759 0.0000000000
62189  -36.769  -44.714  39.478 0.0000000000
63352  -37.232  -43.568  38.329 0.0000000000
63334  -37.072  -44.117  38.970 0.0000000000
64591  -37.689  -43.498  38.814 0.0000000000
64616  -37.830  -43.039  38.280 0.0000000000
64617  -38.554  -42.460  38.118 0.0000000000
64693  -36.163  -43.010  35.036 0.0000000000
64719  -36.487  -42.596  34.520 0.0000000000
66013  -36.727  -42.008  34.247 0.0000000000
64718  -36.149  -42.908  33.848 0.0000000000
64609  -31.365  -43.580  38.712 0.0000000000
65931  -31.099  -43.489  38.013 0.0000000000
66000  -32.043  -43.488  36.567 0.0000000000
66001  -32.754  -43.412  36.765 0.0000000000
64691  -31.821  -43.716  35.679 0.0000000000
64715  -32.713  -44.129  35.388 0.0000000000
63460  -33.842  -43.944  33.336 0.0000000000
64760  -35.119  -42.203  32.646 0.0000000000
44191  -17.665  -59.273  46.515 0.0000000000
42741  -17.653  -59.461  47.134 0.0000000000
42742  -18.433  -59.710  46.789 0.0000000000
42746  -23.043  -60.031  47.201 0.0000000000
41353  -22.904  -60.468  47.884 0.0000000000
45932  -22.254  -57.520  37.934 0.0000000000
45910  -22.157  -57.533  38.900 0.0000000000
45889  -22.998  -58.405  40.323 0.0000000000
44354  -25.118  -59.309  40.343 0.0000000000
44327  -24.442  -59.111  41.233 0.0000000000
44303  -25.552  -59.734  42.206 0.0000000000
47425  -28.674  -56.608  37.410 0.0000000000
47424  -27.656  -56.984  37.458 0.0000000000
45938  -28.493  -57.618  38.247 0.0000000000
45919  -31.385  -57.508  39.585 0.0000000000
45918  -30.537  -57.593  39.427 0.0000000000
44358  -29.166  -58.870  40.615 0.0000000000
45890  -29.137  -58.390  40.052 0.0000000000
45915  -27.692  -58.316  38.888 0.0000000000
44356  -27.274  -59.390  40.273 0.0000000000
42868  -27.812  -60.372  42.645 0.0000000000
44305  -27.780  -60.046  41.933 0.0000000000
42867  -26.994  -60.051  42.789 0.0000000000
42819  -27.498  -60.710  44.322 0.0000000000
42820  -28.279  -61.154  44.162 0.0000000000
39988  -29.502  -61.804  44.148 0.0000000000
41393  -28.849  -61.526  44.486 0.0000000000
39966  -29.517  -62.489  44.488 0.0000000000
40041  -30.627  -61.871  42.333 0.0000000000
37237  -31.595  -63.346  42.987 0.0000000000
45831  -35.805  -57.700  43.409 0.0000000000
39998  -7.077  -61.858  42.575 0.0000000000
39999  -7.536  -62.251  42.581 0.0000000000
42863  -12.215  -59.626  42.062 0.0000000000
42884  -11.745  -60.105  41.361 0.0000000000
42862  -11.725  -60.198  42.071 0.0000000000
40028  -10.317  -61.270  42.651 0.0000000000
41437  -10.816  -60.913  42.076 0.0000000000
40053  -10.197  -61.303  41.718 0.0000000000
40076  -9.364  -61.151  40.820 0.0000000000
40052  -9.490  -61.369  41.441 0.0000000000
40026  -8.768  -61.520  41.780 0.0000000000
39977  -9.414  -61.976  44.448 0.0000000000
39954  -9.325  -61.958  45.577 0.0000000000
38610  -8.482  -62.633  45.405 0.0000000000
39953  -8.985  -62.368  46.088 0.0000000000
39937  -8.972  -62.369  46.827 0.0000000000
41346  -9.491  -61.910  47.164 0.0000000000
41317  -13.486  -60.467  49.381 0.0000000000
39906  -12.426  -60.974  49.487 0.0000000000
41301  -13.019  -60.934  49.776 0.0000000000
65858  -42.593  -41.652  46.194 0.0000000000
69993  -37.952  -39.975  32.116 0.0000000000
69975  -38.452  -40.256  32.731 0.0000000000
69994  -38.775  -39.931  32.477 0.0000000000
68708  -39.679  -39.752  33.477 0.0000000000
69957  -40.636  -38.982  34.620 0.0000000000
69958  -41.517  -39.067  34.546 0.0000000000
69998  -42.959  -39.098  32.322 0.0000000000
69997  -41.951  -39.436  32.434 0.0000000000
69941  -44.377  -39.287  35.523 0.0000000000
69940  -43.196  -39.156  35.523 0.0000000000
71129  -43.285  -38.937  37.696 0.0000000000
69874  -45.694  -39.435  38.600 0.0000000000
69873  -44.865  -39.006  38.185 0.0000000000
68593  -46.085  -39.410  39.115 0.0000000000
74553  -45.941  -34.672  31.257 0.0000000000
73392  -45.703  -35.325  31.246 0.0000000000
74528  -46.175  -35.019  31.934 0.0000000000
73330  -46.574  -35.779  34.484 0.0000000000
72283  -46.251  -36.033  33.701 0.0000000000
73329  -46.251  -36.241  34.603 0.0000000000
72268  -46.204  -36.764  34.448 0.0000000000
72250  -46.284  -36.801  35.007 0.0000000000
84087  -50.120  -25.931  29.188 0.0000000000
85305  -50.616  -25.264  29.094 0.0000000000
87733  -50.785  -23.839  28.487 0.0000000000
86552  -51.006  -24.377  29.255 0.0000000000
87734  -51.909  -23.791  28.896 0.0000000000
88833  -49.432  -22.553  26.397 0.0000000000
89892  -49.926  -22.026  26.076 0.0000000000
88823  -52.355  -22.057  27.575 0.0000000000
88822  -51.531  -22.569  27.415 0.0000000000
88808  -53.221  -22.180  28.337 0.0000000000
89858  -53.835  -22.153  28.736 0.0000000000
89859  -54.270  -21.894  28.740 0.0000000000
89873  -54.739  -21.439  28.194 0.0000000000
89885  -55.278  -20.740  27.877 0.0000000000
89927  -52.737  -22.346  23.789 0.0000000000
88854  -52.030  -22.409  23.888 0.0000000000
88848  -51.559  -22.044  24.174 0.0000000000
89917  -52.349  -22.023  24.563 0.0000000000
89896  -52.705  -21.394  25.933 0.0000000000
89909  -53.015  -21.559  25.334 0.0000000000
92265  -55.316  -19.457  26.553 0.0000000000
89886  -55.691  -20.199  28.056 0.0000000000
91060  -55.951  -19.723  27.744 0.0000000000
92291  -56.489  -19.161  23.845 0.0000000000
92283  -56.457  -18.775  24.736 0.0000000000
93447  -56.992  -18.549  23.874 0.0000000000
56480  -34.369  -49.078  41.552 0.0000000000
56499  -33.945  -48.968  41.045 0.0000000000
56555  -34.523  -49.792  37.904 0.0000000000
56519  -35.701  -49.974  40.109 0.0000000000
67342  -37.726  -41.387  35.420 0.0000000000
67343  -38.056  -40.964  35.517 0.0000000000
67351  -38.164  -40.638  34.919 0.0000000000
80645  -51.465  -29.871  30.584 0.0000000000
80636  -52.535  -29.613  31.333 0.0000000000
81759  -53.839  -28.361  31.492 0.0000000000
81750  -54.789  -28.509  32.327 0.0000000000
82893  -55.149  -27.563  32.251 0.0000000000
82908  -54.051  -27.215  31.059 0.0000000000
84061  -53.445  -26.621  30.590 0.0000000000
84060  -52.926  -26.301  30.389 0.0000000000
41388  -6.003  -60.738  42.767 0.0000000000
42807  -5.732  -59.678  42.698 0.0000000000
38638  -5.659  -62.435  44.256 0.0000000000
63251  -33.158  -44.543  42.491 0.0000000000
63270  -33.453  -44.306  41.721 0.0000000000
63289  -33.411  -43.988  41.226 0.0000000000
63290  -33.867  -43.967  41.145 0.0000000000
64549  -33.152  -43.845  40.814 0.0000000000
64568  -33.064  -43.934  40.034 0.0000000000
64587  -32.472  -43.578  39.440 0.0000000000
42708  -16.153  -59.960  49.086 0.0000000000
42815  -23.825  -59.521  44.367 0.0000000000
42791  -24.615  -59.964  45.291 0.0000000000
42771  -25.826  -61.003  46.199 0.0000000000
42772  -26.370  -61.330  46.128 0.0000000000
42794  -27.763  -61.223  44.989 0.0000000000
45895  -33.180  -57.921  40.552 0.0000000000
44336  -33.547  -58.587  40.787 0.0000000000
42890  -33.280  -59.731  41.158 0.0000000000
42871  -33.934  -60.238  41.862 0.0000000000
41430  -34.289  -60.606  42.596 0.0000000000
44222  -14.565  -59.388  45.657 0.0000000000
42762  -14.693  -59.649  46.832 0.0000000000
42739  -14.900  -59.452  47.670 0.0000000000
42722  -15.551  -59.292  48.195 0.0000000000
71244  -43.470  -36.782  29.528 0.0000000000
71220  -43.832  -37.240  30.266 0.0000000000
71221  -44.531  -36.746  30.547 0.0000000000
72317  -45.112  -36.701  31.117 0.0000000000
55178  -37.091  -50.737  46.011 0.0000000000
55177  -36.639  -50.260  46.100 0.0000000000
56396  -35.378  -48.721  44.965 0.0000000000
58882  -33.033  -46.594  42.842 0.0000000000
60017  -32.381  -46.261  43.390 0.0000000000
58869  -30.980  -46.556  43.087 0.0000000000
45824  -16.359  -57.461  43.452 0.0000000000
45825  -16.699  -57.378  43.725 0.0000000000
47288  -16.753  -57.093  43.382 0.0000000000
47289  -17.255  -56.956  43.178 0.0000000000
48682  -17.669  -56.953  42.887 0.0000000000
50068  -19.030  -55.968  40.979 0.0000000000
48704  -19.121  -56.687  41.282 0.0000000000
47316  -19.894  -57.423  41.773 0.0000000000
45845  -22.692  -58.636  42.049 0.0000000000
52785  -34.764  -52.640  38.623 0.0000000000
52784  -33.894  -53.006  38.488 0.0000000000
50151  -34.223  -54.474  39.705 0.0000000000
48768  -33.933  -55.365  40.014 0.0000000000
50123  -34.622  -54.735  40.277 0.0000000000
48742  -35.738  -55.343  41.454 0.0000000000
48743  -36.466  -55.028  41.660 0.0000000000
53988  -37.566  -51.792  42.532 0.0000000000
52716  -37.664  -52.415  42.351 0.0000000000
53976  -37.467  -51.701  43.220 0.0000000000
52700  -37.515  -51.900  43.637 0.0000000000
52685  -37.597  -52.224  44.235 0.0000000000
53963  -37.299  -51.330  44.953 0.0000000000
53951  -37.240  -51.306  45.878 0.0000000000
47358  -15.384  -57.279  40.764 0.0000000000
64533  -39.969  -43.022  42.210 0.0000000000
65887  -40.676  -42.279  43.256 0.0000000000
67236  -40.266  -41.305  41.507 0.0000000000
69894  -40.346  -39.412  37.546 0.0000000000
69871  -40.839  -39.177  38.333 0.0000000000
69850  -42.136  -38.833  39.349 0.0000000000
69825  -42.683  -38.688  39.946 0.0000000000
71066  -43.088  -38.403  40.083 0.0000000000
72204  -42.864  -37.996  39.282 0.0000000000
72205  -43.122  -37.913  39.177 0.0000000000
72206  -43.497  -38.081  38.969 0.0000000000
76927  -46.289  -32.346  30.724 0.0000000000
76928  -46.995  -32.059  30.694 0.0000000000
76910  -47.978  -32.035  31.483 0.0000000000
76868  -51.326  -31.966  33.425 0.0000000000
76867  -50.715  -32.382  33.350 0.0000000000
76852  -51.498  -32.673  33.957 0.0000000000
88786  -55.616  -22.890  30.236 0.0000000000
72365  -40.673  -36.389  27.886 0.0000000000
78225  -42.436  -31.867  28.463 0.0000000000
79509  -44.498  -30.067  27.646 0.0000000000
81806  -47.431  -28.360  27.718 0.0000000000
81807  -47.946  -28.462  27.869 0.0000000000
82961  -47.578  -27.620  27.921 0.0000000000
84084  -48.047  -26.936  28.180 0.0000000000
84102  -48.296  -25.952  28.041 0.0000000000
85340  -47.185  -25.245  27.092 0.0000000000
39996  -2.355  -62.639  43.333 0.0000000000
37099  -6.004  -64.187  50.196 0.0000000000
35619  -4.706  -65.036  50.095 0.0000000000
35618  -4.058  -65.178  50.171 0.0000000000
37076  -1.923  -64.504  50.909 0.0000000000
37128  -0.742  -64.017  47.885 0.0000000000
37146  -0.436  -64.181  47.147 0.0000000000
37111  -0.256  -64.292  48.576 0.0000000000
37126  0.936  -64.001  47.237 0.0000000000
35645  1.179  -64.515  46.933 0.0000000000
34247  0.968  -65.254  47.301 0.0000000000
34243  0.559  -65.279  48.036 0.0000000000
32907  0.086  -65.721  48.179 0.0000000000
57608  -35.391  -48.408  46.669 0.0000000000
57593  -35.461  -48.183  47.272 0.0000000000
59969  -35.392  -47.412  46.510 0.0000000000
59970  -35.945  -47.506  46.818 0.0000000000
61045  -36.152  -46.395  45.065 0.0000000000
61064  -36.441  -46.303  44.103 0.0000000000
61065  -37.249  -46.582  44.243 0.0000000000
60002  -37.876  -46.978  44.610 0.0000000000
60003  -38.832  -47.517  45.036 0.0000000000
60021  -38.608  -47.099  43.998 0.0000000000
60022  -39.503  -46.660  44.244 0.0000000000
61066  -39.760  -46.063  44.035 0.0000000000
61083  -39.711  -45.761  43.377 0.0000000000
60057  -39.171  -46.352  42.690 0.0000000000
61112  -38.909  -45.653  41.862 0.0000000000
62152  -38.021  -45.260  40.751 0.0000000000
63350  -35.308  -44.246  38.758 0.0000000000
63366  -36.917  -43.486  37.664 0.0000000000
64638  -36.450  -43.227  36.951 0.0000000000
42764  -18.738  -59.332  45.702 0.0000000000
42765  -19.419  -59.626  45.937 0.0000000000
41355  -24.310  -60.698  47.969 0.0000000000
47421  -24.418  -57.400  36.992 0.0000000000
47420  -23.445  -57.135  37.112 0.0000000000
45934  -24.247  -57.762  38.023 0.0000000000
44380  -24.001  -58.651  39.735 0.0000000000
44355  -26.164  -59.502  40.282 0.0000000000
50197  -29.669  -54.807  36.894 0.0000000000
48824  -29.468  -55.571  37.144 0.0000000000
47426  -29.700  -56.344  37.792 0.0000000000
47405  -29.859  -56.799  38.375 0.0000000000
44359  -30.684  -58.554  40.597 0.0000000000
45866  -30.162  -58.575  40.701 0.0000000000
44332  -29.514  -59.017  41.153 0.0000000000
44331  -28.583  -59.423  41.235 0.0000000000
42845  -28.858  -60.701  43.052 0.0000000000
42821  -28.690  -61.202  43.830 0.0000000000
40014  -29.440  -61.463  43.522 0.0000000000
42812  -12.126  -60.142  43.695 0.0000000000
41423  -11.332  -60.480  42.479 0.0000000000
41408  -11.483  -60.499  43.292 0.0000000000
41407  -11.074  -60.836  43.667 0.0000000000
40001  -10.516  -61.172  43.564 0.0000000000
40000  -9.782  -61.700  43.340 0.0000000000
39978  -10.141  -61.398  44.373 0.0000000000
41373  -9.770  -61.284  45.767 0.0000000000
41347  -9.929  -61.563  47.101 0.0000000000
41291  -14.714  -60.812  51.053 0.0000000000
41290  -13.797  -60.929  51.053 0.0000000000
70021  -38.961  -39.589  31.598 0.0000000000
68661  -44.483  -39.352  36.459 0.0000000000
68644  -44.388  -39.417  37.086 0.0000000000
68645  -44.954  -39.488  36.824 0.0000000000
73313  -46.965  -35.761  35.463 0.0000000000
86572  -49.466  -24.711  28.040 0.0000000000
86551  -50.231  -24.650  28.536 0.0000000000
86573  -50.143  -24.497  27.934 0.0000000000
87748  -50.114  -23.867  27.652 0.0000000000
87749  -50.994  -23.425  27.622 0.0000000000
89870  -52.487  -21.751  27.499 0.0000000000
91046  -52.559  -21.553  27.458 0.0000000000
91056  -52.404  -21.400  27.008 0.0000000000
91057  -53.146  -20.997  27.069 0.0000000000
89946  -53.208  -21.707  21.586 0.0000000000
89928  -53.624  -21.934  23.652 0.0000000000
91088  -53.929  -21.541  24.255 0.0000000000
91080  -53.947  -21.372  25.073 0.0000000000
92273  -55.043  -19.678  26.025 0.0000000000
92266  -56.252  -19.254  26.455 0.0000000000
93457  -57.183  -18.253  23.020 0.0000000000
93448  -57.656  -18.203  23.566 0.0000000000
56442  -35.701  -49.264  43.540 0.0000000000
57693  -34.390  -48.018  42.452 0.0000000000
56461  -34.282  -48.685  41.866 0.0000000000
58883  -33.634  -47.290  42.553 0.0000000000
50089  -18.428  -55.258  40.546 0.0000000000
48730  -19.748  -56.450  40.615 0.0000000000
47360  -20.289  -56.817  39.930 0.0000000000
55340  -33.826  -50.711  36.770 0.0000000000
54073  -34.377  -51.613  37.568 0.0000000000
55328  -34.678  -50.636  37.843 0.0000000000
54052  -34.881  -51.605  38.107 0.0000000000
52786  -35.502  -52.156  38.878 0.0000000000
52766  -35.706  -52.589  39.490 0.0000000000
52747  -36.821  -52.040  41.056 0.0000000000
54004  -37.091  -51.317  41.742 0.0000000000
55283  -36.086  -50.476  40.522 0.0000000000
55284  -36.510  -50.703  41.220 0.0000000000
55247  -36.569  -50.557  42.521 0.0000000000
65923  -38.886  -41.631  39.071 0.0000000000
65924  -39.291  -41.128  39.499 0.0000000000
67286  -39.035  -41.017  38.376 0.0000000000
67300  -39.294  -40.565  38.081 0.0000000000
68616  -39.581  -40.207  37.604 0.0000000000
68641  -38.796  -40.555  36.437 0.0000000000
69893  -39.925  -39.877  37.290 0.0000000000
69918  -40.404  -39.257  36.629 0.0000000000
69919  -41.199  -38.914  36.644 0.0000000000
79469  -48.808  -30.786  30.206 0.0000000000
79457  -48.849  -31.081  31.155 0.0000000000
79470  -49.648  -31.000  30.543 0.0000000000
78188  -49.883  -31.501  31.399 0.0000000000
79441  -50.791  -31.081  32.289 0.0000000000
79460  -51.301  -30.677  31.476 0.0000000000
79442  -51.809  -30.621  32.206 0.0000000000
79422  -51.352  -30.979  32.846 0.0000000000
78153  -52.379  -31.405  33.563 0.0000000000
78135  -52.677  -31.782  34.297 0.0000000000
82910  -55.349  -27.074  32.130 0.0000000000
86533  -55.016  -24.466  30.536 0.0000000000
42859  -5.048  -59.577  42.289 0.0000000000
42832  -4.602  -60.072  43.007 0.0000000000
42805  -4.376  -60.974  43.284 0.0000000000
41385  -3.730  -61.464  43.726 0.0000000000
61042  -34.250  -46.437  44.796 0.0000000000
61061  -34.338  -45.890  44.567 0.0000000000
63237  -34.351  -44.991  43.337 0.0000000000
62110  -35.363  -45.282  43.797 0.0000000000
62124  -35.985  -45.225  43.041 0.0000000000
62137  -35.945  -45.392  42.296 0.0000000000
61109  -36.796  -45.783  41.321 0.0000000000
62150  -36.171  -45.525  41.399 0.0000000000
63312  -35.496  -44.818  40.389 0.0000000000
63310  -34.177  -43.904  40.338 0.0000000000
63332  -34.725  -43.997  39.504 0.0000000000
64590  -34.661  -43.954  38.734 0.0000000000
44210  -21.746  -59.294  45.479 0.0000000000
42747  -23.968  -60.350  47.210 0.0000000000
41356  -25.040  -61.166  47.914 0.0000000000
39943  -27.113  -61.598  46.954 0.0000000000
47438  -24.232  -56.855  36.176 0.0000000000
47422  -25.070  -57.415  36.800 0.0000000000
45953  -25.884  -57.673  37.326 0.0000000000
45936  -26.423  -57.781  38.007 0.0000000000
47407  -31.561  -56.480  38.797 0.0000000000
45894  -32.599  -57.864  40.331 0.0000000000
44360  -31.064  -58.507  40.538 0.0000000000
44334  -30.906  -59.272  40.814 0.0000000000
44309  -30.317  -59.520  41.336 0.0000000000
41444  -30.583  -60.587  41.648 0.0000000000
40042  -31.458  -61.764  41.838 0.0000000000
38709  -32.171  -62.180  41.921 0.0000000000
40065  -32.907  -61.311  41.831 0.0000000000
38710  -32.673  -61.845  41.983 0.0000000000
38698  -32.804  -62.405  42.558 0.0000000000
44323  -12.973  -59.309  41.004 0.0000000000
42864  -12.847  -59.243  42.461 0.0000000000
42838  -12.562  -59.688  43.070 0.0000000000
42813  -13.053  -59.791  44.151 0.0000000000
41362  -12.038  -60.746  46.584 0.0000000000
41350  -12.404  -60.683  47.421 0.0000000000
42719  -13.245  -60.322  48.390 0.0000000000
42705  -13.957  -60.282  49.310 0.0000000000
42706  -14.453  -60.063  49.440 0.0000000000
41303  -14.373  -60.262  50.255 0.0000000000
70088  -40.787  -38.528  29.703 0.0000000000
70058  -41.456  -38.928  30.564 0.0000000000
70059  -42.410  -38.846  30.505 0.0000000000
70025  -43.158  -38.845  31.258 0.0000000000
69999  -43.998  -39.044  32.135 0.0000000000
71200  -43.907  -37.837  30.936 0.0000000000
70026  -43.990  -38.505  31.371 0.0000000000
69981  -44.821  -38.660  33.040 0.0000000000
69962  -45.509  -38.318  34.075 0.0000000000
88842  -47.607  -22.274  25.547 0.0000000000
89904  -48.635  -21.652  25.235 0.0000000000
89939  -54.812  -21.554  22.586 0.0000000000
91098  -55.656  -20.397  23.206 0.0000000000
92298  -55.879  -19.848  23.008 0.0000000000
92299  -56.262  -19.336  22.853 0.0000000000
91123  -55.674  -20.414  21.107 0.0000000000
91114  -56.336  -19.785  22.041 0.0000000000
93470  -56.834  -18.749  22.632 0.0000000000
38583  -8.107  -63.102  46.595 0.0000000000
37170  -6.990  -63.504  46.371 0.0000000000
38559  -7.686  -62.994  47.895 0.0000000000
38534  -7.330  -63.069  48.972 0.0000000000
37081  -7.089  -63.698  51.620 0.0000000000
56359  -35.795  -49.106  46.811 0.0000000000
56377  -35.925  -49.399  46.256 0.0000000000
57624  -35.185  -48.336  45.947 0.0000000000
58841  -34.991  -47.855  45.992 0.0000000000
58840  -34.764  -47.401  45.776 0.0000000000
56418  -35.388  -48.832  44.094 0.0000000000
57657  -33.854  -47.519  44.163 0.0000000000
57640  -34.214  -47.599  44.572 0.0000000000
60001  -34.289  -46.895  44.964 0.0000000000
61041  -33.128  -46.115  44.130 0.0000000000
61060  -32.931  -45.667  43.818 0.0000000000
62106  -32.514  -45.312  43.360 0.0000000000
61058  -31.612  -45.908  43.150 0.0000000000
62119  -32.081  -44.946  42.743 0.0000000000
63249  -31.602  -44.704  42.109 0.0000000000
63268  -31.937  -44.357  41.481 0.0000000000
44189  -16.379  -58.945  46.735 0.0000000000
45754  -16.863  -58.642  45.452 0.0000000000
45755  -17.442  -58.720  45.234 0.0000000000
45801  -17.215  -57.639  44.398 0.0000000000
44223  -18.607  -58.911  45.148 0.0000000000
42787  -18.944  -59.142  45.330 0.0000000000
44224  -19.365  -59.079  44.998 0.0000000000
44225  -20.391  -59.259  44.685 0.0000000000
48701  -17.258  -56.114  41.752 0.0000000000
48702  -17.837  -56.309  42.109 0.0000000000
48684  -18.723  -57.190  42.114 0.0000000000
47291  -18.991  -57.556  43.087 0.0000000000
45826  -18.783  -57.802  43.701 0.0000000000
44249  -19.932  -58.698  44.178 0.0000000000
44226  -21.342  -59.155  44.723 0.0000000000
44228  -22.908  -59.281  44.618 0.0000000000
44273  -22.183  -58.690  43.322 0.0000000000
44252  -22.523  -59.222  43.932 0.0000000000
42841  -25.317  -59.750  43.393 0.0000000000
51568  -30.006  -53.481  35.526 0.0000000000
50234  -30.132  -53.977  35.799 0.0000000000
50214  -30.173  -54.382  36.380 0.0000000000
52825  -32.557  -52.535  36.701 0.0000000000
51533  -32.892  -53.318  37.936 0.0000000000
51532  -32.255  -53.764  37.539 0.0000000000
50200  -31.965  -54.442  37.901 0.0000000000
50176  -31.831  -54.784  38.110 0.0000000000
48806  -31.672  -55.565  38.474 0.0000000000
48787  -32.228  -55.694  38.952 0.0000000000
47362  -33.035  -56.806  39.935 0.0000000000
47345  -33.596  -56.860  40.541 0.0000000000
45871  -34.681  -57.847  41.497 0.0000000000
47300  -35.860  -57.283  43.234 0.0000000000
47301  -36.105  -57.059  43.692 0.0000000000
47276  -36.654  -56.464  44.471 0.0000000000
48651  -37.201  -55.674  45.500 0.0000000000
50073  -37.177  -53.993  42.242 0.0000000000
48716  -37.538  -54.234  42.785 0.0000000000
51425  -37.686  -52.969  42.594 0.0000000000
50054  -37.880  -53.849  43.334 0.0000000000
48691  -37.735  -54.668  43.329 0.0000000000
48671  -37.852  -55.013  44.190 0.0000000000
48652  -37.516  -55.040  44.965 0.0000000000
52660  -37.309  -52.670  46.416 0.0000000000
44351  -13.402  -58.590  39.693 0.0000000000
44325  -14.281  -58.510  41.559 0.0000000000
44299  -14.665  -58.560  42.456 0.0000000000
45860  -15.254  -58.044  41.396 0.0000000000
45752  -15.602  -58.458  45.901 0.0000000000
64491  -40.848  -42.908  45.529 0.0000000000
65888  -41.101  -41.672  43.623 0.0000000000
67174  -42.217  -41.240  45.019 0.0000000000
67192  -42.239  -40.714  44.458 0.0000000000
67273  -39.712  -40.841  39.779 0.0000000000
67259  -40.678  -40.486  41.033 0.0000000000
68549  -41.022  -39.959  40.268 0.0000000000
68523  -41.190  -39.771  41.017 0.0000000000
67260  -41.300  -40.232  41.529 0.0000000000
68502  -42.384  -39.669  42.399 0.0000000000
68503  -42.670  -39.497  42.815 0.0000000000
72171  -43.819  -38.258  40.605 0.0000000000
75738  -43.950  -33.753  30.369 0.0000000000
74574  -44.965  -34.464  30.628 0.0000000000
75719  -45.396  -34.030  30.811 0.0000000000
74554  -46.783  -34.074  31.594 0.0000000000
75721  -46.846  -33.346  31.326 0.0000000000
74555  -47.310  -33.611  31.715 0.0000000000
74500  -48.711  -34.219  34.542 0.0000000000
78168  -48.707  -31.827  31.584 0.0000000000
76865  -49.141  -32.753  32.616 0.0000000000
76866  -49.953  -33.092  33.089 0.0000000000
75665  -49.175  -33.742  33.952 0.0000000000
35693  -0.180  -64.628  42.760 0.0000000000
67394  -36.305  -40.991  32.237 0.0000000000
67395  -36.938  -40.709  32.428 0.0000000000
68727  -37.071  -40.305  31.781 0.0000000000
70019  -37.435  -39.752  31.501 0.0000000000
70054  -36.921  -39.048  30.849 0.0000000000
70087  -39.627  -38.700  29.696 0.0000000000
71240  -38.893  -38.333  28.803 0.0000000000
72350  -42.013  -36.907  28.667 0.0000000000
72351  -42.834  -36.433  28.952 0.0000000000
72352  -43.407  -36.067  29.429 0.0000000000
74584  -43.536  -34.519  29.685 0.0000000000
75749  -42.275  -33.734  28.807 0.0000000000
75750  -42.926  -33.786  29.451 0.0000000000
76924  -43.850  -33.286  30.294 0.0000000000
76925  -44.175  -33.171  30.512 0.0000000000
76941  -45.113  -32.305  30.063 0.0000000000
78211  -44.575  -32.127  29.456 0.0000000000
78213  -46.540  -31.264  29.466 0.0000000000
78214  -47.393  -31.014  29.503 0.0000000000
79510  -45.510  -30.096  27.579 0.0000000000
79496  -46.004  -30.693  28.047 0.0000000000
79497  -46.780  -30.536  28.128 0.0000000000
79480  -47.109  -30.819  28.792 0.0000000000
79481  -47.894  -30.678  29.014 0.0000000000
79482  -48.692  -30.688  29.303 0.0000000000
79500  -49.179  -30.512  28.836 0.0000000000
80655  -49.951  -30.095  29.102 0.0000000000
81792  -48.561  -28.525  28.049 0.0000000000
80669  -50.178  -28.982  28.831 0.0000000000
81779  -50.726  -28.482  29.254 0.0000000000
82931  -50.891  -27.386  29.298 0.0000000000
82932  -51.748  -27.230  29.711 0.0000000000
84073  -50.357  -26.600  29.227 0.0000000000
85304  -49.690  -25.364  28.704 0.0000000000
85325  -48.625  -25.232  28.099 0.0000000000
85326  -49.147  -25.257  28.380 0.0000000000
88830  -46.721  -23.225  25.929 0.0000000000
88831  -47.485  -23.067  25.934 0.0000000000
37169  -6.101  -63.959  46.286 0.0000000000
37182  -5.169  -63.700  45.239 0.0000000000
37116  -5.227  -64.330  48.679 0.0000000000
37168  -5.037  -63.841  46.035 0.0000000000
38581  -4.527  -63.157  45.590 0.0000000000
38606  -4.308  -62.583  45.031 0.0000000000
38605  -3.871  -62.605  45.255 0.0000000000
41370  -3.284  -62.091  44.202 0.0000000000
37062  -4.535  -64.179  52.332 0.0000000000
37115  -3.547  -64.968  50.205 0.0000000000
37095  -2.274  -64.550  50.327 0.0000000000
37114  -2.857  -64.823  49.644 0.0000000000
37130  -2.735  -64.642  48.292 0.0000000000
37165  -2.351  -63.626  46.499 0.0000000000
39935  -2.773  -62.735  45.375 0.0000000000
41369  -2.924  -62.207  44.166 0.0000000000
39972  -2.667  -62.267  43.983 0.0000000000
39971  -2.007  -62.648  44.330 0.0000000000
38603  -1.082  -63.417  45.273 0.0000000000
39970  -1.364  -63.132  44.617 0.0000000000
35681  0.952  -64.806  43.571 0.0000000000
34274  1.399  -65.423  44.615 0.0000000000
32928  1.367  -66.186  45.070 0.0000000000
34255  1.100  -65.243  46.375 0.0000000000
32920  1.051  -65.910  45.821 0.0000000000
62068  -41.673  -44.860  47.638 0.0000000000
55150  -36.840  -49.827  48.174 0.0000000000
61027  -34.909  -46.755  45.927 0.0000000000
61018  -36.093  -47.011  46.187 0.0000000000
61019  -36.460  -47.224  46.354 0.0000000000
59971  -36.508  -47.433  46.853 0.0000000000
59955  -38.207  -47.341  47.806 0.0000000000
58817  -39.837  -47.152  47.554 0.0000000000
59975  -40.503  -46.375  47.094 0.0000000000
59990  -39.667  -47.349  46.099 0.0000000000
61031  -40.664  -45.586  46.475 0.0000000000
63240  -40.550  -43.795  44.235 0.0000000000
63239  -40.235  -43.562  43.623 0.0000000000
62125  -39.821  -44.855  43.112 0.0000000000
63255  -39.788  -43.984  43.077 0.0000000000
64552  -39.544  -43.211  41.515 0.0000000000
64551  -39.212  -43.218  40.942 0.0000000000
62151  -36.938  -45.598  40.820 0.0000000000
62173  -37.921  -44.566  40.183 0.0000000000
63313  -37.559  -44.417  39.575 0.0000000000
63314  -38.302  -43.894  39.804 0.0000000000
64640  -38.400  -42.116  37.513 0.0000000000
65953  -37.798  -41.984  36.611 0.0000000000
64667  -37.526  -42.291  36.420 0.0000000000
65980  -37.572  -41.853  35.920 0.0000000000
66014  -37.233  -41.693  34.573 0.0000000000
67374  -36.236  -41.255  33.196 0.0000000000
64565  -30.722  -43.741  40.202 0.0000000000
64586  -31.834  -43.443  39.486 0.0000000000
64610  -31.988  -43.476  38.866 0.0000000000
65933  -32.038  -43.461  38.504 0.0000000000
65951  -31.592  -43.448  37.736 0.0000000000
64634  -32.817  -43.474  37.951 0.0000000000
64662  -33.033  -43.416  37.340 0.0000000000
64663  -33.555  -43.473  36.755 0.0000000000
63382  -33.593  -43.497  36.096 0.0000000000
63404  -33.669  -43.768  35.639 0.0000000000
63383  -34.125  -43.502  35.977 0.0000000000
63405  -34.421  -43.854  35.237 0.0000000000
63461  -34.526  -43.243  33.122 0.0000000000
64717  -35.152  -42.912  33.441 0.0000000000
64740  -35.533  -42.401  33.136 0.0000000000
66047  -35.624  -41.653  32.722 0.0000000000
42725  -17.864  -59.843  47.504 0.0000000000
48759  -19.734  -55.735  39.699 0.0000000000
45886  -20.821  -57.268  39.751 0.0000000000
45864  -22.407  -58.207  41.059 0.0000000000
45846  -23.266  -58.745  41.599 0.0000000000
44352  -23.598  -58.644  40.491 0.0000000000
44326  -23.730  -58.753  41.182 0.0000000000
44301  -23.574  -58.996  42.036 0.0000000000
44277  -25.280  -59.637  42.848 0.0000000000
48840  -27.281  -55.809  36.096 0.0000000000
48842  -28.947  -55.591  36.771 0.0000000000
48841  -28.374  -55.983  36.542 0.0000000000
47441  -27.516  -56.612  36.727 0.0000000000
47402  -27.131  -57.259  37.804 0.0000000000
45939  -29.292  -57.423  38.790 0.0000000000
45917  -29.548  -57.790  39.537 0.0000000000
44383  -26.955  -59.021  39.465 0.0000000000
44329  -26.451  -59.569  41.205 0.0000000000
42866  -25.952  -60.235  42.715 0.0000000000
42842  -26.203  -60.299  43.545 0.0000000000
41378  -28.183  -61.557  45.418 0.0000000000
41392  -28.449  -61.486  44.836 0.0000000000
41379  -28.587  -61.857  45.323 0.0000000000
38677  -29.756  -62.788  43.411 0.0000000000
42808  -6.549  -59.408  42.406 0.0000000000
38664  -6.755  -62.466  43.389 0.0000000000
38641  -7.903  -62.982  44.240 0.0000000000
41438  -11.262  -60.474  41.682 0.0000000000
41421  -8.042  -60.257  41.619 0.0000000000
38688  -8.573  -62.285  42.572 0.0000000000
38667  -9.053  -62.302  43.433 0.0000000000
38687  -7.931  -62.518  42.632 0.0000000000
38666  -8.300  -62.683  43.373 0.0000000000
39924  -8.441  -62.398  48.226 0.0000000000
41278  -13.490  -61.225  51.591 0.0000000000
68707  -39.314  -39.848  33.261 0.0000000000
68693  -39.534  -39.795  33.944 0.0000000000
69920  -41.927  -39.167  36.441 0.0000000000
69978  -41.723  -39.383  33.534 0.0000000000
69939  -42.199  -39.274  35.514 0.0000000000
71127  -42.382  -38.907  37.172 0.0000000000
71091  -43.629  -38.256  38.404 0.0000000000
71067  -44.090  -38.620  38.951 0.0000000000
69896  -44.352  -39.154  37.620 0.0000000000
71092  -44.195  -38.752  38.464 0.0000000000
73410  -45.556  -35.479  30.858 0.0000000000
72318  -45.618  -35.981  31.156 0.0000000000
72301  -45.371  -36.616  32.216 0.0000000000
73369  -46.246  -35.467  32.736 0.0000000000
73345  -45.865  -35.865  33.003 0.0000000000
71151  -45.808  -37.461  33.852 0.0000000000
71140  -46.160  -37.576  34.905 0.0000000000
69943  -46.505  -38.078  35.515 0.0000000000
71130  -46.919  -37.608  35.943 0.0000000000
85292  -52.298  -25.381  29.720 0.0000000000
85306  -51.217  -25.028  29.196 0.0000000000
86541  -51.696  -24.862  29.371 0.0000000000
86531  -53.121  -25.156  29.944 0.0000000000
86543  -53.353  -24.647  29.670 0.0000000000
87714  -54.065  -24.234  29.899 0.0000000000
88834  -50.603  -22.364  26.624 0.0000000000
88795  -52.801  -23.424  28.967 0.0000000000
87725  -54.283  -23.367  29.518 0.0000000000
88785  -54.881  -23.248  30.102 0.0000000000
89872  -53.566  -21.572  28.234 0.0000000000
88809  -54.988  -22.129  28.752 0.0000000000
88798  -55.682  -22.174  29.535 0.0000000000
88799  -56.380  -21.906  29.845 0.0000000000
89907  -51.153  -21.771  25.359 0.0000000000
89908  -52.086  -21.537  25.583 0.0000000000
91058  -54.130  -20.623  27.112 0.0000000000
91049  -54.630  -20.809  27.624 0.0000000000
93440  -57.674  -18.487  24.589 0.0000000000
34238  0.208  -65.275  48.571 0.0000000000
35620  -5.366  -64.685  50.007 0.0000000000
35626  -3.215  -64.990  48.997 0.0000000000
35627  -3.889  -64.870  49.456 0.0000000000
35629  -5.553  -64.407  49.647 0.0000000000
35633  0.653  -64.701  47.848 0.0000000000
35634  0.082  -64.684  48.231 0.0000000000
35637  -4.811  -64.423  48.677 0.0000000000
35662  1.315  -64.735  45.096 0.0000000000
35692  0.365  -64.744  43.162 0.0000000000
37097  -4.209  -64.904  50.848 0.0000000000
37127  0.094  -64.411  47.677 0.0000000000
37129  -1.580  -64.042  47.984 0.0000000000
37144  0.963  -64.111  46.400 0.0000000000
37147  -1.724  -63.942  47.325 0.0000000000
37153  -7.363  -63.344  47.087 0.0000000000
37183  -5.718  -63.736  45.366 0.0000000000
37198  0.685  -64.540  44.039 0.0000000000
37199  0.123  -64.472  44.328 0.0000000000
37214  0.476  -64.628  43.630 0.0000000000
37228  0.131  -64.601  43.524 0.0000000000
37236  -31.101  -63.388  42.959 0.0000000000
38476  -7.765  -63.235  52.939 0.0000000000
38554  -0.550  -63.956  46.518 0.0000000000
38555  -1.130  -63.865  46.839 0.0000000000
38556  -1.757  -63.716  46.826 0.0000000000
38576  -0.388  -63.826  45.919 0.0000000000
38577  -1.072  -63.604  46.007 0.0000000000
38579  -2.380  -63.331  46.003 0.0000000000
38580  -3.528  -62.917  45.664 0.0000000000
38611  -8.949  -62.240  44.939 0.0000000000
38634  -0.393  -64.289  44.546 0.0000000000
38636  -3.812  -62.519  45.040 0.0000000000
38637  -4.055  -62.547  45.075 0.0000000000
39878  -14.247  -61.424  52.206 0.0000000000
39925  -9.082  -62.236  47.686 0.0000000000
39930  -27.493  -61.888  47.578 0.0000000000
39931  -27.871  -62.319  47.360 0.0000000000
39933  -2.022  -62.843  45.607 0.0000000000
39938  -9.345  -62.087  46.348 0.0000000000
39949  -2.611  -62.502  44.735 0.0000000000
39950  -3.485  -62.470  44.824 0.0000000000
39964  -27.671  -61.663  46.349 0.0000000000
39973  -3.912  -62.475  44.848 0.0000000000
39974  -4.141  -62.477  44.860 0.0000000000
40022  -3.197  -61.924  42.484 0.0000000000
40023  -3.608  -61.419  42.082 0.0000000000
40051  -8.954  -61.222  40.979 0.0000000000
40066  -33.309  -61.274  42.115 0.0000000000
40075  -9.081  -61.075  40.761 0.0000000000
40077  -9.943  -61.222  41.027 0.0000000000
41289  -13.066  -61.096  50.577 0.0000000000
41316  -12.783  -60.598  49.163 0.0000000000
41318  -13.940  -60.228  49.754 0.0000000000
41336  -13.197  -60.401  48.805 0.0000000000
41358  -9.457  -62.003  46.732 0.0000000000
41367  -28.095  -61.705  46.174 0.0000000000
41371  -3.900  -61.787  44.181 0.0000000000
41376  -26.900  -61.497  46.248 0.0000000000
41377  -27.608  -61.506  45.899 0.0000000000
41384  -3.126  -61.822  43.832 0.0000000000
41386  -4.393  -61.035  43.768 0.0000000000
41389  -6.840  -60.051  42.471 0.0000000000
41391  -11.633  -60.734  44.134 0.0000000000
41400  -3.390  -61.575  43.458 0.0000000000
41418  -3.828  -61.260  42.468 0.0000000000
41455  -9.014  -60.710  40.613 0.0000000000
42695  -14.569  -60.029  49.901 0.0000000000
42709  -16.831  -59.815  48.578 0.0000000000
42748  -24.486  -60.538  47.293 0.0000000000
42763  -15.091  -59.545  47.207 0.0000000000
42786  -14.228  -59.750  46.320 0.0000000000
42788  -19.109  -59.301  45.475 0.0000000000
42806  -4.541  -60.665  43.386 0.0000000000
42870  -30.151  -59.712  41.633 0.0000000000
42886  -12.810  -59.207  40.587 0.0000000000
42887  -30.221  -60.138  41.752 0.0000000000
42888  -30.622  -60.019  41.142 0.0000000000
44177  -15.721  -59.223  47.511 0.0000000000
44205  -17.272  -58.976  45.999 0.0000000000
44276  -24.875  -59.364  42.973 0.0000000000
44379  -23.442  -58.562  39.930 0.0000000000
45827  -19.018  -57.800  43.621 0.0000000000
45867  -30.453  -58.568  40.640 0.0000000000
45869  -33.065  -57.384  40.458 0.0000000000
45908  -20.691  -56.955  39.394 0.0000000000
45951  -24.413  -57.633  37.461 0.0000000000
45954  -27.634  -57.287  37.770 0.0000000000
45955  -27.999  -57.287  37.734 0.0000000000
45965  -25.508  -57.460  36.841 0.0000000000
47235  -17.441  -57.721  44.435 0.0000000000
47261  -16.906  -57.338  43.861 0.0000000000
47263  -17.905  -57.635  44.003 0.0000000000
47264  -19.224  -57.835  43.507 0.0000000000
47287  -16.406  -57.080  43.231 0.0000000000
47343  -32.715  -57.284  40.242 0.0000000000
47381  -33.141  -56.086  39.549 0.0000000000
47382  -33.535  -55.770  39.786 0.0000000000
47400  -23.909  -57.471  37.543 0.0000000000
47401  -24.169  -57.567  37.518 0.0000000000
47403  -27.389  -57.263  37.777 0.0000000000
47439  -25.450  -56.843  36.295 0.0000000000
48664  -17.884  -57.466  43.266 0.0000000000
48756  -16.657  -55.818  40.344 0.0000000000
50066  -18.166  -55.768  41.317 0.0000000000
50074  -37.632  -53.608  42.714 0.0000000000
50090  -18.865  -55.706  40.718 0.0000000000
50122  -34.124  -54.807  39.794 0.0000000000
51437  -18.219  -54.608  40.165 0.0000000000
51548  -30.521  -53.630  35.923 0.0000000000
52646  -37.253  -52.955  46.979 0.0000000000
52675  -37.124  -51.795  46.083 0.0000000000
52728  -37.540  -52.451  41.922 0.0000000000
53933  -37.198  -50.945  46.338 0.0000000000
55211  -35.720  -49.296  44.325 0.0000000000
55310  -35.323  -50.982  39.081 0.0000000000
56419  -35.712  -49.278  44.075 0.0000000000
56479  -34.085  -48.835  41.497 0.0000000000
57694  -34.780  -48.452  42.823 0.0000000000
58816  -39.652  -47.255  47.695 0.0000000000
58828  -39.544  -47.232  47.457 0.0000000000
58842  -38.941  -47.559  45.927 0.0000000000
58858  -39.002  -47.559  45.692 0.0000000000
58859  -39.295  -47.471  45.568 0.0000000000
59986  -34.681  -46.979  45.708 0.0000000000
60038  -37.111  -46.326  43.278 0.0000000000
60055  -37.918  -46.617  42.785 0.0000000000
61017  -35.408  -47.075  46.285 0.0000000000
61082  -37.478  -46.405  42.770 0.0000000000
61097  -36.743  -45.910  41.889 0.0000000000
62109  -34.805  -45.079  43.810 0.0000000000
62122  -34.841  -44.788  43.394 0.0000000000
62123  -35.340  -44.900  43.338 0.0000000000
62126  -40.047  -44.803  43.489 0.0000000000
62148  -34.064  -43.884  41.018 0.0000000000
62149  -34.148  -44.122  41.005 0.0000000000
62169  -34.080  -43.948  40.851 0.0000000000
62170  -34.313  -44.211  40.725 0.0000000000
63238  -34.577  -44.868  43.370 0.0000000000
63254  -35.248  -44.650  42.844 0.0000000000
64531  -32.951  -44.036  41.222 0.0000000000
64569  -33.763  -43.819  39.862 0.0000000000
64694  -36.852  -42.471  34.958 0.0000000000
64716  -33.256  -44.043  35.517 0.0000000000
65952  -32.130  -43.453  38.105 0.0000000000
65978  -32.914  -43.368  37.041 0.0000000000
65981  -37.899  -41.488  36.438 0.0000000000
66002  -37.211  -42.074  34.779 0.0000000000
66003  -37.466  -41.725  35.090 0.0000000000
66012  -36.344  -42.102  33.817 0.0000000000
66031  -36.447  -41.713  33.760 0.0000000000
66046  -34.995  -41.789  32.290 0.0000000000
67318  -38.516  -40.894  37.325 0.0000000000
67336  -38.760  -40.578  36.889 0.0000000000
67349  -37.062  -41.506  34.289 0.0000000000
67359  -36.385  -41.500  33.528 0.0000000000
67376  -37.501  -40.872  32.770 0.0000000000
67396  -37.357  -40.621  32.438 0.0000000000
68551  -42.261  -39.366  40.557 0.0000000000
68591  -39.770  -40.169  38.285 0.0000000000
68617  -40.005  -39.874  37.820 0.0000000000
68618  -44.417  -39.338  37.366 0.0000000000
68619  -44.662  -39.412  37.306 0.0000000000
68643  -39.850  -39.663  36.306 0.0000000000
68676  -38.036  -40.724  34.176 0.0000000000
68706  -37.683  -40.412  32.364 0.0000000000
68726  -36.384  -40.590  31.547 0.0000000000
68728  -37.271  -40.501  32.236 0.0000000000
69784  -42.783  -39.432  41.971 0.0000000000
69849  -41.369  -39.203  38.956 0.0000000000
69851  -42.409  -39.073  40.045 0.0000000000
69852  -45.851  -39.280  39.519 0.0000000000
69974  -38.183  -40.307  32.538 0.0000000000
69976  -40.115  -39.696  33.922 0.0000000000
69992  -37.587  -40.050  31.760 0.0000000000
70090  -42.551  -38.374  30.021 0.0000000000
71023  -43.806  -38.491  41.412 0.0000000000
71041  -42.930  -38.498  39.910 0.0000000000
71042  -43.208  -38.569  40.410 0.0000000000
71043  -43.585  -38.434  40.863 0.0000000000
71065  -42.765  -38.303  39.524 0.0000000000
71093  -44.665  -39.256  38.904 0.0000000000
71109  -43.305  -38.307  37.855 0.0000000000
71126  -41.822  -38.774  36.967 0.0000000000
71128  -43.009  -38.935  37.390 0.0000000000
71162  -45.099  -37.890  32.590 0.0000000000
72157  -44.218  -38.280  41.179 0.0000000000
72170  -43.480  -38.400  40.232 0.0000000000
72186  -42.963  -38.158  39.468 0.0000000000
72269  -46.341  -36.328  34.141 0.0000000000
72334  -45.421  -35.724  30.685 0.0000000000
73409  -45.241  -35.308  30.477 0.0000000000
73445  -42.469  -35.746  28.697 0.0000000000
74552  -45.457  -34.399  30.858 0.0000000000
74599  -42.357  -35.128  28.679 0.0000000000
75696  -47.844  -33.273  31.968 0.0000000000
76908  -46.304  -32.987  30.841 0.0000000000
78152  -51.617  -31.396  33.260 0.0000000000
78169  -50.033  -31.738  32.324 0.0000000000
78170  -50.291  -31.549  32.463 0.0000000000
78189  -50.073  -31.476  31.154 0.0000000000
78200  -48.239  -31.117  30.556 0.0000000000
78201  -49.780  -31.368  31.051 0.0000000000
78210  -43.866  -32.436  29.549 0.0000000000
79420  -49.736  -31.897  32.027 0.0000000000
79421  -49.866  -31.852  32.224 0.0000000000
79424  -52.905  -30.935  33.294 0.0000000000
79472  -50.998  -30.653  30.929 0.0000000000
80644  -50.913  -30.159  30.131 0.0000000000
80683  -47.909  -28.889  27.718 0.0000000000
81760  -54.468  -27.723  31.831 0.0000000000
81767  -51.829  -28.653  30.340 0.0000000000
81794  -50.179  -28.259  28.799 0.0000000000
82909  -54.943  -27.135  31.665 0.0000000000
82917  -52.674  -27.180  30.429 0.0000000000
82947  -49.808  -27.623  28.784 0.0000000000
84072  -50.018  -26.768  29.071 0.0000000000
84074  -51.218  -26.527  29.494 0.0000000000
85259  -54.529  -25.868  30.829 0.0000000000
85278  -52.821  -25.762  30.168 0.0000000000
86553  -51.736  -24.368  29.235 0.0000000000
87724  -53.561  -23.983  29.487 0.0000000000
87745  -47.601  -24.268  26.957 0.0000000000
88849  -51.775  -22.156  24.216 0.0000000000
88853  -51.570  -22.158  23.910 0.0000000000
89883  -52.205  -21.782  27.297 0.0000000000
89884  -52.478  -21.752  27.494 0.0000000000
89895  -52.389  -21.335  25.970 0.0000000000
89919  -54.675  -21.424  24.074 0.0000000000
89948  -55.166  -21.331  21.667 0.0000000000
91077  -51.110  -21.670  25.762 0.0000000000
91079  -51.983  -21.262  26.001 0.0000000000
91089  -54.519  -21.173  24.359 0.0000000000
91096  -54.038  -21.577  23.899 0.0000000000
91106  -56.302  -19.598  22.302 0.0000000000
91113  -56.155  -20.021  21.554 0.0000000000
