#!ascii label  , from subject 3132 vox2ras=TkReg
1804
23292  -34.804  -74.823  -33.529 0.1000000015
20586  -33.682  -76.586  -33.982 0.1000000015
21937  -34.696  -75.497  -34.235 0.1000000015
20602  -34.835  -76.545  -34.953 0.1000000015
21953  -35.987  -75.565  -35.596 0.1000000015
20619  -35.422  -76.936  -35.387 0.1000000015
20643  -36.447  -76.062  -36.405 0.1000000015
20662  -36.510  -76.016  -37.103 0.1000000015
20642  -36.042  -76.790  -36.623 0.1000000015
21992  -36.464  -75.273  -37.942 0.1000000015
20661  -35.885  -76.239  -37.520 0.1000000015
20641  -35.345  -76.879  -36.996 0.1000000015
20678  -35.454  -76.006  -38.169 0.1000000015
23399  -34.813  -74.699  -39.930 0.1000000015
20660  -35.085  -76.506  -37.821 0.1000000015
22011  -35.120  -75.830  -38.863 0.1000000015
20677  -35.113  -76.231  -38.347 0.1000000015
24628  -37.353  -72.605  -33.955 0.1000000015
23293  -35.565  -73.975  -33.864 0.1000000015
24627  -36.458  -73.251  -33.883 0.1000000015
23308  -35.246  -74.780  -34.338 0.1000000015
24648  -37.178  -73.103  -34.994 0.1000000015
23309  -36.123  -74.372  -35.091 0.1000000015
23310  -36.803  -73.823  -35.568 0.1000000015
21954  -36.537  -75.392  -36.112 0.1000000015
23343  -37.296  -74.005  -36.950 0.1000000015
21972  -36.911  -75.111  -36.928 0.1000000015
24715  -31.735  -72.757  -38.357 0.1000000015
24738  -32.427  -73.247  -39.494 0.1000000015
24717  -33.159  -73.677  -38.623 0.1000000015
24739  -33.481  -73.572  -39.763 0.1000000015
24740  -34.623  -73.503  -39.837 0.1000000015
24764  -34.913  -73.827  -40.211 0.1000000015
23400  -35.168  -74.475  -39.734 0.1000000015
23401  -36.033  -74.310  -39.223 0.1000000015
22032  -35.529  -75.074  -39.266 0.1000000015
26050  -37.870  -71.895  -32.855 0.1000000015
28862  -37.621  -70.835  -33.861 0.2000000030
27458  -37.908  -71.279  -33.452 0.2000000030
24609  -37.482  -72.452  -33.240 0.1000000015
27473  -37.830  -71.318  -34.508 0.1000000015
24629  -37.560  -72.342  -33.699 0.1000000015
26089  -38.003  -72.100  -34.980 0.1000000015
32825  -33.659  -67.110  -33.598 0.1000000015
30237  -33.256  -68.656  -34.347 0.1000000015
27491  -37.693  -71.674  -35.687 0.1000000015
24668  -37.678  -72.813  -35.944 0.1000000015
24667  -37.266  -73.565  -35.946 0.1000000015
31534  -33.674  -67.738  -34.547 0.1000000015
30236  -32.808  -69.299  -34.414 0.1000000015
28875  -32.083  -70.578  -35.340 0.1000000015
27469  -31.804  -71.397  -34.740 0.1000000015
26107  -31.866  -72.444  -35.667 0.1000000015
26133  -37.709  -72.323  -36.637 0.1000000015
24706  -37.427  -73.068  -37.491 0.1000000015
23364  -36.991  -73.977  -37.790 0.1000000015
28876  -32.443  -69.820  -34.875 0.1000000015
27488  -31.788  -71.532  -35.834 0.1000000015
26129  -31.949  -72.332  -36.521 0.1000000015
26108  -32.147  -73.110  -35.977 0.1000000015
24664  -33.688  -73.527  -36.054 0.1000000015
24703  -34.248  -73.652  -37.955 0.1000000015
24705  -37.145  -73.230  -38.104 0.1000000015
23382  -36.531  -74.346  -38.568 0.1000000015
27506  -31.839  -71.384  -36.985 0.1000000015
26147  -32.020  -73.079  -37.557 0.1000000015
26130  -32.277  -73.073  -36.999 0.1000000015
24682  -33.590  -73.556  -37.022 0.1000000015
24719  -35.293  -73.390  -38.760 0.1000000015
24741  -35.437  -73.818  -39.557 0.1000000015
24701  -32.464  -73.428  -37.781 0.1000000015
23363  -33.918  -73.780  -38.423 0.1000000015
24742  -36.039  -73.774  -39.231 0.1000000015
22013  -36.243  -74.874  -38.729 0.1000000015
28848  -37.851  -70.860  -33.171 0.1000000015
26051  -38.045  -71.762  -32.362 0.1000000015
27426  -38.462  -71.118  -31.557 0.2000000030
26031  -38.147  -71.759  -31.805 0.2000000030
28847  -37.372  -70.603  -33.147 0.1000000015
28861  -37.264  -70.630  -33.858 0.1000000015
34150  -33.324  -66.371  -32.721 0.1000000015
27472  -37.160  -70.885  -34.648 0.1000000015
27508  -37.304  -71.771  -36.858 0.1000000015
27490  -36.875  -71.585  -35.992 0.1000000015
30222  -33.192  -68.644  -33.638 0.1000000015
28860  -32.464  -69.734  -34.052 0.1000000015
28859  -31.995  -70.500  -34.171 0.1000000015
27522  -37.294  -71.878  -37.275 0.1000000015
27454  -31.941  -71.585  -33.729 0.1000000015
26084  -31.756  -72.128  -35.069 0.1000000015
24644  -32.800  -73.478  -35.441 0.1000000015
24645  -33.650  -73.353  -35.098 0.1000000015
24684  -35.459  -73.003  -36.621 0.1000000015
26163  -36.204  -72.634  -38.072 0.1000000015
26165  -37.171  -72.388  -37.887 0.1000000015
24720  -36.464  -73.365  -38.668 0.1000000015
28785  -37.211  -70.390  -30.487 0.1000000015
27425  -36.629  -70.941  -31.439 0.1000000015
28810  -37.293  -70.543  -31.234 0.1000000015
28811  -37.881  -70.560  -31.705 0.1000000015
28812  -38.190  -70.809  -32.096 0.2000000030
28834  -37.811  -70.736  -32.554 0.2000000030
27457  -36.778  -70.708  -33.517 0.1000000015
27442  -36.677  -70.904  -32.465 0.1000000015
27441  -36.145  -71.461  -32.716 0.1000000015
27456  -36.199  -71.438  -33.749 0.1000000015
32805  -33.137  -67.909  -32.363 0.1000000015
31498  -32.992  -68.467  -32.622 0.1000000015
31480  -32.736  -68.833  -31.558 0.1000000015
27471  -36.105  -71.732  -34.873 0.1000000015
35523  -33.356  -65.329  -32.976 0.1000000015
36959  -33.507  -64.484  -32.060 0.1000000015
31518  -33.316  -68.081  -33.404 0.1000000015
28845  -31.950  -70.757  -33.140 0.1000000015
26064  -32.463  -72.563  -33.860 0.1000000015
26065  -33.176  -73.060  -33.617 0.1000000015
26086  -34.507  -72.884  -34.462 0.1000000015
26087  -35.125  -72.523  -34.540 0.1000000015
26111  -36.326  -72.054  -36.056 0.1000000015
36976  -33.395  -64.174  -33.219 0.1000000015
26085  -32.148  -72.882  -34.919 0.1000000015
24624  -32.922  -73.266  -34.476 0.1000000015
24665  -34.715  -73.138  -35.710 0.1000000015
24666  -35.454  -72.744  -36.046 0.1000000015
26148  -36.065  -72.384  -37.249 0.1000000015
38440  -33.412  -63.253  -33.739 0.1000000015
39833  -33.570  -62.230  -33.941 0.1000000015
28726  -35.545  -71.005  -28.864 0.1000000015
27408  -36.621  -70.759  -30.591 0.1000000015
27353  -34.985  -71.500  -29.039 0.1000000015
27384  -35.473  -71.332  -29.701 0.1000000015
28757  -37.693  -70.192  -29.782 0.1000000015
28786  -37.941  -70.173  -30.873 0.1000000015
30173  -38.463  -70.123  -30.688 0.2000000030
27383  -34.653  -71.687  -29.542 0.1000000015
27424  -35.754  -71.578  -31.559 0.1000000015
27407  -35.986  -71.277  -30.600 0.1000000015
28787  -38.491  -70.452  -31.004 0.2000000030
27382  -33.826  -71.850  -29.451 0.1000000015
27423  -35.002  -71.947  -31.060 0.1000000015
38393  -33.683  -63.686  -31.304 0.1000000015
36945  -33.389  -64.573  -30.916 0.1000000015
35512  -33.297  -65.519  -31.776 0.1000000015
34131  -33.000  -66.601  -31.515 0.1000000015
32787  -33.032  -67.235  -31.782 0.1000000015
32786  -32.878  -67.775  -31.707 0.1000000015
25990  -33.247  -72.283  -30.341 0.1000000015
26008  -33.753  -72.468  -30.854 0.1000000015
26029  -35.513  -71.825  -32.178 0.1000000015
30193  -32.237  -69.908  -31.387 0.1000000015
28808  -31.889  -71.175  -32.284 0.1000000015
26048  -34.474  -72.531  -32.730 0.1000000015
39786  -34.737  -62.562  -31.364 0.1000000015
30208  -32.540  -69.425  -32.457 0.1000000015
28832  -32.100  -70.287  -32.422 0.1000000015
27421  -32.079  -71.448  -32.137 0.1000000015
26046  -32.690  -72.550  -32.946 0.1000000015
26047  -33.465  -72.785  -32.772 0.1000000015
26066  -34.239  -72.870  -33.772 0.1000000015
26067  -35.306  -72.244  -33.731 0.1000000015
38410  -34.039  -62.924  -31.642 0.1000000015
38409  -33.542  -63.512  -32.241 0.1000000015
38427  -33.519  -63.239  -32.959 0.1000000015
39820  -33.666  -62.544  -33.158 0.1000000015
41240  -33.651  -61.617  -34.181 0.1000000015
28756  -36.504  -70.637  -29.737 0.1000000015
27352  -34.238  -71.521  -28.781 0.1000000015
28711  -34.469  -71.138  -27.906 0.1000000015
28727  -36.634  -70.568  -28.717 0.1000000015
27351  -33.362  -71.531  -28.872 0.1000000015
28710  -33.335  -70.994  -27.714 0.1000000015
28728  -37.728  -70.229  -28.475 0.1000000015
30146  -38.401  -70.001  -30.444 0.1000000015
28724  -32.494  -70.961  -28.968 0.1000000015
27350  -32.855  -71.347  -28.850 0.1000000015
30174  -38.931  -69.912  -30.518 0.2000000030
38376  -33.823  -63.847  -30.437 0.1000000015
34117  -32.853  -66.416  -30.754 0.1000000015
28754  -32.260  -71.045  -29.881 0.1000000015
26007  -32.949  -72.255  -30.901 0.1000000015
30147  -38.752  -69.674  -29.848 0.1000000015
30175  -39.735  -69.529  -30.171 0.2000000030
32770  -32.653  -68.192  -30.775 0.1000000015
31460  -32.657  -69.143  -30.473 0.1000000015
28784  -32.154  -70.874  -30.868 0.1000000015
27422  -32.349  -71.681  -31.502 0.1000000015
26026  -32.828  -72.426  -32.010 0.1000000015
39805  -35.350  -62.068  -31.627 0.1000000015
41210  -34.487  -61.880  -32.452 0.1000000015
41225  -34.485  -61.590  -32.897 0.1000000015
41226  -35.207  -61.152  -33.038 0.1000000015
39834  -33.939  -61.853  -33.254 0.1000000015
41241  -34.369  -61.231  -33.710 0.1000000015
41255  -33.898  -61.201  -34.145 0.1000000015
30102  -33.255  -70.113  -26.434 0.1000000015
28697  -33.741  -70.649  -26.972 0.1000000015
28698  -34.757  -70.650  -26.864 0.1000000015
28696  -32.884  -70.341  -27.174 0.1000000015
28712  -35.622  -70.673  -27.782 0.1000000015
28709  -32.646  -70.650  -28.108 0.1000000015
28758  -38.278  -70.084  -29.121 0.1000000015
30145  -32.379  -70.331  -29.415 0.1000000015
38394  -34.477  -63.204  -30.820 0.1000000015
38377  -34.493  -63.734  -29.880 0.1000000015
36928  -33.642  -64.609  -29.727 0.1000000015
35501  -33.026  -65.709  -30.487 0.1000000015
35481  -32.817  -66.294  -29.894 0.1000000015
31437  -32.456  -69.455  -29.452 0.1000000015
28729  -38.238  -70.049  -28.730 0.1000000015
39787  -35.452  -62.623  -30.953 0.1000000015
34116  -32.690  -67.060  -30.566 0.1000000015
30148  -39.709  -69.337  -29.529 0.1000000015
41212  -35.749  -61.607  -32.201 0.1000000015
41227  -36.358  -61.179  -32.818 0.1000000015
42628  -36.065  -60.381  -33.622 0.1000000015
42627  -35.098  -60.716  -33.631 0.1000000015
44106  -35.459  -59.531  -33.774 0.1000000015
30082  -33.343  -69.368  -25.770 0.1000000015
28683  -34.008  -70.293  -26.092 0.1000000015
28684  -35.018  -70.317  -25.931 0.1000000015
30081  -32.935  -69.054  -26.160 0.1000000015
30114  -32.400  -69.688  -27.690 0.1000000015
31387  -32.888  -68.538  -26.438 0.1000000015
28699  -35.791  -70.527  -26.737 0.1000000015
28713  -36.640  -70.401  -27.614 0.1000000015
31419  -32.359  -68.935  -28.468 0.1000000015
31405  -32.572  -68.680  -27.383 0.1000000015
28700  -36.705  -70.339  -26.601 0.1000000015
39788  -35.981  -62.979  -30.794 0.1000000015
35500  -32.824  -66.355  -30.421 0.1000000015
32748  -32.599  -68.181  -29.552 0.1000000015
32727  -32.805  -67.745  -28.165 0.1000000015
28714  -37.446  -70.178  -27.356 0.1000000015
30128  -38.643  -69.718  -28.554 0.1000000015
38395  -35.373  -63.305  -30.381 0.1000000015
38378  -35.481  -63.875  -29.693 0.1000000015
35482  -33.304  -65.801  -29.132 0.1000000015
34096  -32.828  -66.816  -29.016 0.1000000015
39806  -36.644  -62.490  -31.581 0.1000000015
41228  -37.338  -61.534  -32.900 0.1000000015
39822  -37.094  -61.914  -32.518 0.1000000015
41243  -37.021  -60.992  -33.396 0.1000000015
42635  -35.540  -59.794  -33.865 0.1000000015
34059  -33.777  -66.864  -27.060 0.1000000015
32689  -33.433  -67.543  -26.378 0.1000000015
31369  -33.272  -68.431  -25.781 0.1000000015
30083  -34.342  -69.679  -25.420 0.1000000015
32711  -33.270  -67.285  -27.489 0.1000000015
30084  -35.323  -69.701  -25.250 0.1000000015
35460  -34.098  -65.541  -28.516 0.1000000015
34097  -33.198  -66.371  -28.751 0.1000000015
34078  -33.088  -67.062  -28.330 0.1000000015
32710  -32.867  -67.897  -27.023 0.1000000015
28685  -36.006  -70.242  -25.823 0.1000000015
38411  -36.817  -63.729  -31.223 0.1000000015
38396  -36.258  -63.659  -30.461 0.1000000015
36929  -34.759  -64.636  -29.235 0.1000000015
28701  -37.427  -70.090  -26.434 0.1000000015
39807  -37.468  -62.991  -32.026 0.1000000015
30115  -38.193  -69.866  -27.128 0.1000000015
30129  -39.854  -69.299  -28.523 0.1000000015
39823  -37.780  -62.674  -32.862 0.1000000015
39835  -38.212  -62.249  -33.379 0.1000000015
41244  -37.801  -61.538  -33.218 0.1000000015
42630  -38.056  -61.175  -33.192 0.1000000015
42629  -37.305  -60.346  -33.381 0.1000000015
42614  -37.617  -60.189  -32.867 0.1000000015
44092  -37.430  -59.622  -32.643 0.1000000015
44102  -36.920  -59.540  -33.217 0.1000000015
30061  -33.503  -68.852  -25.359 0.1000000015
30062  -33.873  -69.068  -25.024 0.1000000015
30063  -34.684  -69.134  -24.747 0.1000000015
30064  -35.625  -69.098  -24.541 0.1000000015
36946  -36.948  -64.277  -30.844 0.1000000015
35483  -35.428  -65.041  -29.147 0.1000000015
36914  -34.453  -65.151  -28.839 0.1000000015
34079  -33.582  -66.537  -28.182 0.1000000015
38428  -37.763  -63.472  -32.228 0.1000000015
36960  -37.099  -64.078  -31.320 0.1000000015
36930  -35.764  -64.589  -29.421 0.1000000015
36913  -33.951  -65.037  -28.972 0.1000000015
28686  -36.860  -70.072  -25.794 0.1000000015
41245  -38.430  -61.899  -33.381 0.1000000015
41246  -39.175  -61.966  -33.306 0.1000000015
41229  -38.630  -61.432  -33.003 0.1000000015
42616  -39.237  -60.690  -32.153 0.1000000015
42615  -38.271  -60.473  -32.504 0.1000000015
42599  -39.050  -60.190  -31.830 0.1000000015
44093  -37.945  -59.685  -32.057 0.1000000015
44075  -37.677  -59.049  -31.639 0.1000000015
32670  -33.983  -67.218  -25.744 0.1000000015
32649  -33.948  -68.068  -24.979 0.1000000015
31348  -34.224  -68.455  -24.781 0.1000000015
34005  -34.791  -66.985  -24.813 0.1000000015
34060  -34.483  -66.402  -27.451 0.1000000015
39824  -38.493  -63.284  -33.119 0.1000000015
38429  -38.481  -63.846  -32.396 0.1000000015
39836  -38.808  -62.746  -33.457 0.1000000015
41230  -39.418  -61.311  -32.584 0.1000000015
44076  -38.564  -59.462  -31.513 0.1000000015
45567  -38.591  -58.100  -31.149 0.1000000015
34041  -33.818  -67.011  -26.511 0.1000000015
34025  -34.538  -66.803  -25.412 0.1000000015
34080  -34.658  -65.945  -28.126 0.1000000015
36977  -38.607  -64.216  -31.914 0.1000000015
36962  -38.337  -64.315  -31.429 0.1000000015
36931  -36.654  -64.563  -29.807 0.1000000015
34081  -35.273  -65.754  -28.245 0.1000000015
39837  -39.742  -62.541  -33.254 0.1000000015
41247  -39.888  -61.930  -33.051 0.1000000015
42600  -39.830  -60.474  -31.720 0.1000000015
44077  -39.486  -59.677  -31.417 0.1000000015
45551  -39.300  -58.723  -30.847 0.1000000015
47005  -39.535  -57.325  -30.636 0.1000000015
34043  -35.120  -66.170  -26.976 0.1000000015
35485  -36.723  -65.228  -29.076 0.1000000015
35462  -35.931  -65.606  -28.413 0.1000000015
34061  -35.229  -65.959  -27.811 0.1000000015
36978  -38.969  -64.284  -31.836 0.1000000015
36947  -37.556  -64.452  -30.560 0.1000000015
38442  -39.734  -63.221  -33.092 0.1000000015
44078  -40.496  -59.466  -31.510 0.1000000015
44064  -40.224  -58.902  -31.110 0.1000000015
45569  -40.517  -58.316  -31.210 0.1000000015
45568  -39.740  -58.019  -31.020 0.1000000015
35486  -37.098  -64.993  -28.800 0.1000000015
36948  -38.409  -64.305  -30.347 0.1000000015
36932  -37.504  -64.511  -29.428 0.1000000015
38443  -40.336  -62.869  -32.960 0.1000000015
41231  -40.551  -61.625  -32.495 0.1000000015
41214  -40.060  -61.049  -32.119 0.1000000015
45570  -41.407  -58.580  -31.620 0.1000000015
38430  -39.618  -63.836  -32.397 0.1000000015
39838  -40.320  -62.343  -32.905 0.1000000015
41232  -41.528  -61.721  -32.285 0.1000000015
42617  -41.131  -61.204  -32.279 0.1000000015
42601  -40.823  -60.636  -32.064 0.1000000015
44079  -41.628  -59.927  -32.174 0.1000000015
39825  -41.024  -62.578  -32.614 0.1000000015
42602  -41.336  -60.449  -32.182 0.1000000015
44095  -42.119  -60.382  -32.236 0.1000000015
20587  -34.240  -76.011  -34.177 0.1000000015
21938  -35.330  -75.447  -34.974 0.1000000015
20603  -35.491  -76.062  -35.342 0.1000000015
23326  -36.347  -74.938  -35.747 0.1000000015
20621  -36.309  -75.985  -35.925 0.1000000015
19324  -35.648  -77.440  -36.092 0.1000000015
24647  -36.306  -73.645  -34.447 0.1000000015
26088  -37.607  -72.472  -34.603 0.1000000015
24649  -37.803  -72.491  -35.471 0.1000000015
23327  -36.852  -74.405  -36.095 0.1000000015
24686  -37.471  -73.285  -36.677 0.1000000015
23365  -37.329  -73.629  -37.385 0.1000000015
24700  -31.902  -73.093  -37.943 0.1000000015
24718  -34.088  -73.734  -38.894 0.1000000015
24763  -33.921  -73.800  -40.772 0.1000000015
26068  -37.711  -72.240  -34.391 0.1000000015
27459  -38.014  -71.317  -33.018 0.2000000030
26112  -38.001  -72.212  -35.800 0.1000000015
32806  -33.255  -67.398  -32.463 0.1000000015
30221  -32.875  -69.120  -33.510 0.1000000015
24663  -32.813  -73.504  -36.428 0.1000000015
24681  -32.884  -73.461  -37.188 0.1000000015
24683  -34.586  -73.510  -36.801 0.1000000015
24704  -35.377  -73.096  -37.630 0.1000000015
28833  -37.308  -70.665  -32.134 0.1000000015
28835  -38.076  -70.915  -32.734 0.2000000030
27444  -38.137  -71.333  -32.536 0.2000000030
26149  -36.757  -71.999  -37.480 0.1000000015
28846  -32.286  -69.954  -33.288 0.1000000015
27455  -32.206  -72.085  -33.899 0.1000000015
24625  -33.709  -73.240  -34.294 0.1000000015
26164  -36.909  -72.424  -38.043 0.1000000015
27489  -36.272  -71.905  -35.618 0.1000000015
27439  -31.954  -71.453  -32.753 0.1000000015
27440  -32.291  -72.017  -32.393 0.1000000015
26131  -35.955  -72.416  -36.383 0.1000000015
36990  -33.432  -64.182  -34.368 0.1000000015
26009  -34.461  -72.199  -30.641 0.1000000015
26028  -34.761  -72.241  -31.671 0.1000000015
27381  -32.868  -71.849  -29.675 0.1000000015
26027  -33.656  -72.655  -31.770 0.1000000015
26049  -35.436  -72.019  -32.786 0.1000000015
30172  -32.302  -70.123  -30.224 0.1000000015
27405  -32.474  -71.587  -30.535 0.1000000015
42613  -35.810  -60.723  -33.365 0.1000000015
42626  -34.616  -60.882  -33.872 0.1000000015
30126  -32.359  -70.012  -28.658 0.1000000015
42634  -35.096  -60.183  -33.998 0.1000000015
44074  -37.044  -58.829  -31.971 0.1000000015
35484  -35.994  -65.270  -29.181 0.1000000015
24429  -42.836  -73.642  -19.902 0.5000000000
23110  -37.433  -74.660  -22.851 0.5000000000
23097  -37.265  -74.505  -21.715 0.5000000000
24430  -43.251  -73.175  -19.953 0.5000000000
24444  -42.989  -73.215  -20.598 0.5000000000
24443  -42.270  -73.463  -20.641 0.5000000000
24468  -37.653  -73.374  -22.599 0.5000000000
25838  -42.837  -72.493  -18.616 0.5000000000
25848  -43.181  -72.582  -19.529 0.5000000000
24445  -43.234  -73.027  -20.416 0.5000000000
24469  -37.984  -73.001  -22.116 0.5000000000
25847  -42.716  -72.299  -19.375 0.5000000000
25859  -43.171  -72.608  -20.593 0.5000000000
27229  -42.981  -72.129  -19.832 0.4000000060
27241  -43.080  -71.742  -20.513 0.4000000060
28667  -38.808  -71.306  -24.129 0.5000000000
27296  -39.189  -71.422  -24.860 0.5000000000
28668  -39.260  -71.001  -24.457 0.5000000000
28669  -40.065  -70.383  -24.141 0.5000000000
31373  -42.177  -68.772  -24.728 0.5000000000
30068  -41.650  -69.178  -24.368 0.5000000000
31356  -43.687  -68.278  -24.614 0.4000000060
32656  -44.419  -67.319  -24.585 0.4000000060
16607  -36.488  -79.540  -21.522 0.1000000015
21750  -36.948  -75.834  -22.114 0.5000000000
24421  -43.270  -73.247  -18.905 0.5000000000
23073  -42.959  -73.681  -19.340 0.5000000000
23087  -41.852  -74.124  -20.205 0.5000000000
24442  -41.432  -73.422  -20.737 0.4000000060
25826  -42.308  -72.278  -17.948 0.5000000000
27215  -42.594  -71.877  -17.152 0.5000000000
27214  -41.748  -71.686  -17.363 0.5000000000
28568  -41.179  -71.283  -17.346 0.4000000060
27221  -41.573  -72.060  -18.326 0.3000000119
25837  -42.217  -72.305  -18.866 0.5000000000
25846  -42.326  -72.079  -19.393 0.4000000060
25886  -42.922  -72.348  -21.495 0.6999999881
25885  -42.610  -72.314  -21.720 0.5000000000
27213  -41.119  -71.590  -17.851 0.3000000119
27227  -41.678  -71.807  -19.487 0.3000000119
27228  -42.565  -71.897  -19.852 0.4000000060
27249  -43.281  -71.769  -21.324 0.5000000000
27262  -43.152  -71.969  -21.782 0.6000000238
25883  -40.934  -71.990  -21.844 0.6000000238
25866  -39.205  -72.458  -21.433 0.6000000238
25880  -37.938  -72.803  -22.994 0.5000000000
25902  -38.190  -72.669  -23.596 0.3000000119
27220  -40.755  -71.612  -18.645 0.3000000119
27240  -42.267  -71.316  -20.475 0.4000000060
28617  -43.374  -70.795  -21.419 0.5000000000
27261  -42.657  -71.693  -22.261 0.6000000238
28630  -41.119  -70.687  -22.731 0.6000000238
27280  -39.047  -71.250  -23.156 0.5000000000
28649  -39.467  -70.889  -23.448 0.5000000000
27226  -40.591  -71.373  -19.639 0.4000000060
27239  -41.268  -70.984  -20.352 0.4000000060
28632  -43.504  -70.811  -22.195 0.5000000000
28631  -42.332  -70.579  -22.715 0.5000000000
28651  -41.106  -70.243  -23.096 0.5000000000
30045  -40.592  -70.031  -23.822 0.5000000000
27237  -39.482  -70.502  -20.183 0.4000000060
28606  -40.889  -69.907  -20.668 0.4000000060
28616  -42.231  -69.413  -21.136 0.5000000000
31300  -43.870  -69.505  -21.592 0.5000000000
30028  -43.925  -69.641  -22.412 0.4000000060
30027  -41.910  -69.969  -23.090 0.5000000000
30046  -41.248  -69.785  -23.492 0.5000000000
30016  -44.301  -69.223  -22.251 0.5000000000
30029  -44.346  -68.898  -22.877 0.4000000060
31334  -43.177  -69.021  -23.567 0.4000000060
30069  -42.281  -69.059  -24.068 0.5000000000
31304  -42.214  -68.262  -21.196 0.5000000000
32597  -43.756  -67.955  -21.923 0.4000000060
31336  -44.439  -68.165  -23.756 0.4000000060
32615  -44.196  -67.516  -22.752 0.4000000060
32636  -44.313  -67.233  -23.824 0.3000000119
32635  -43.618  -66.930  -23.379 0.3000000119
34010  -44.138  -66.168  -24.792 0.3000000119
15290  -36.431  -80.408  -21.642 0.1000000015
16622  -36.145  -80.235  -22.071 0.1000000015
16590  -37.168  -79.857  -20.858 0.1000000015
19082  -37.402  -77.739  -20.446 0.4000000060
19081  -36.820  -77.355  -20.772 0.4000000060
19097  -36.522  -77.475  -21.430 0.4000000060
21734  -36.913  -75.662  -21.462 0.5000000000
20375  -36.712  -76.562  -21.020 0.4000000060
21735  -37.219  -75.176  -20.972 0.5000000000
23072  -42.398  -74.498  -19.351 0.5000000000
23083  -37.576  -74.582  -20.786 0.5000000000
25827  -43.062  -72.341  -17.691 0.5000000000
25839  -43.331  -72.788  -18.300 0.5000000000
27216  -43.295  -72.062  -16.856 0.5000000000
24440  -39.123  -73.252  -20.630 0.6000000238
27208  -42.175  -71.423  -16.732 0.4000000060
28555  -41.379  -70.848  -16.487 0.2000000030
28554  -40.140  -70.231  -16.781 0.2000000030
28581  -40.136  -71.255  -18.507 0.3000000119
27219  -40.086  -71.313  -19.039 0.4000000060
28566  -39.204  -70.312  -17.394 0.3000000119
28553  -39.536  -69.984  -16.784 0.3000000119
28579  -38.309  -70.557  -18.159 0.4000000060
28593  -38.897  -70.583  -19.737 0.4000000060
28592  -38.129  -70.662  -19.165 0.3000000119
28605  -39.773  -69.925  -20.530 0.4000000060
30006  -40.135  -69.037  -20.714 0.4000000060
28602  -37.392  -70.124  -19.346 0.3000000119
30004  -38.050  -69.261  -20.356 0.3000000119
31296  -39.516  -68.160  -20.495 0.3000000119
30013  -41.841  -68.842  -21.163 0.4000000060
32587  -41.647  -67.637  -21.184 0.3000000119
32614  -43.230  -67.348  -22.525 0.4000000060
32585  -39.884  -67.326  -20.677 0.2000000030
33945  -40.240  -66.846  -21.248 0.2000000030
33958  -41.606  -67.138  -21.900 0.3000000119
32634  -42.704  -66.850  -23.231 0.3000000119
33944  -39.128  -66.341  -21.095 0.1000000015
33956  -39.598  -66.226  -22.143 0.2000000030
32633  -42.028  -66.862  -23.148 0.4000000060
36798  -37.037  -64.126  -21.504 0.1000000015
17850  -36.758  -78.448  -20.975 0.1000000015
17851  -37.684  -78.806  -20.452 0.2000000030
20376  -37.371  -76.649  -20.330 0.4000000060
21716  -37.061  -75.865  -20.750 0.4000000060
21704  -42.222  -75.324  -18.657 0.5000000000
23071  -41.411  -75.004  -19.694 0.4000000060
23069  -39.897  -75.255  -19.747 0.4000000060
21718  -38.745  -75.275  -19.952 0.5000000000
21717  -37.740  -75.473  -20.295 0.5000000000
24414  -43.621  -73.377  -17.764 0.5000000000
23061  -43.024  -74.006  -18.473 0.4000000060
23084  -38.371  -74.398  -20.339 0.4000000060
27209  -42.831  -71.496  -16.402 0.4000000060
25828  -43.747  -72.623  -17.291 0.5000000000
27195  -43.143  -71.479  -15.848 0.4000000060
28556  -42.210  -71.271  -16.277 0.4000000060
28538  -42.510  -71.087  -15.572 0.3000000119
28537  -41.635  -70.580  -15.477 0.3000000119
29967  -41.079  -70.250  -15.599 0.3000000119
29965  -39.570  -69.728  -16.180 0.2000000030
29945  -40.579  -69.803  -15.106 0.1000000015
29943  -39.051  -69.336  -15.563 0.1000000015
29964  -38.779  -69.578  -16.178 0.3000000119
28564  -37.865  -70.077  -17.518 0.3000000119
29942  -38.480  -69.215  -15.689 0.2000000030
29963  -38.007  -69.349  -16.258 0.2000000030
29991  -37.071  -69.864  -17.977 0.2000000030
30003  -36.915  -69.314  -19.785 0.2000000030
31294  -37.369  -68.324  -20.244 0.2000000030
29989  -35.814  -68.748  -18.376 0.2000000030
31293  -36.532  -68.233  -19.746 0.2000000030
31295  -38.439  -68.242  -20.476 0.2000000030
31289  -35.442  -68.156  -18.763 0.2000000030
32575  -35.973  -67.330  -19.572 0.1000000015
32584  -38.855  -67.233  -20.453 0.2000000030
33934  -35.192  -66.318  -19.320 0.1000000015
33942  -37.123  -66.403  -20.306 0.1000000015
33943  -38.085  -66.353  -20.651 0.1000000015
35335  -38.773  -65.818  -21.640 0.1000000015
35326  -35.757  -65.392  -19.763 0.1000000015
35327  -36.506  -65.510  -20.277 0.1000000015
35334  -38.159  -65.473  -21.479 0.1000000015
36790  -36.526  -64.553  -20.855 0.1000000015
38256  -36.418  -63.436  -21.380 0.1000000015
41044  -35.835  -61.943  -21.017 0.1000000015
19083  -38.250  -77.994  -20.046 0.3000000119
17841  -40.582  -79.021  -19.159 0.3000000119
17840  -39.548  -78.881  -19.835 0.3000000119
19066  -39.066  -77.850  -19.669 0.3000000119
20359  -38.350  -76.862  -19.782 0.3000000119
20358  -37.866  -76.211  -19.954 0.4000000060
19068  -40.807  -77.937  -19.179 0.3000000119
19067  -40.056  -77.941  -19.580 0.3000000119
21700  -39.043  -76.049  -19.665 0.5000000000
21699  -38.302  -75.940  -19.823 0.5000000000
20342  -42.130  -76.066  -17.921 0.4000000060
21703  -41.706  -75.783  -18.988 0.5000000000
21702  -40.934  -76.006  -19.420 0.4000000060
21701  -40.001  -75.980  -19.650 0.4000000060
21719  -39.458  -75.397  -19.753 0.5000000000
25818  -44.322  -72.568  -16.111 0.4000000060
24415  -44.192  -73.065  -17.066 0.4000000060
23060  -42.610  -74.861  -18.158 0.5000000000
27180  -44.330  -72.059  -14.652 0.4000000060
27197  -44.240  -72.057  -15.254 0.4000000060
25817  -43.867  -72.336  -16.462 0.4000000060
25829  -44.210  -72.726  -16.673 0.5000000000
27196  -43.600  -71.626  -15.210 0.4000000060
27179  -43.875  -71.746  -14.182 0.3000000119
28539  -43.021  -71.226  -14.949 0.3000000119
28523  -42.626  -70.922  -14.582 0.3000000119
28522  -41.963  -70.517  -14.792 0.3000000119
28503  -42.108  -70.580  -13.982 0.3000000119
29927  -41.368  -70.293  -14.102 0.2000000030
29907  -40.228  -69.539  -13.793 0.1000000015
29925  -40.023  -69.453  -14.475 0.1000000015
31240  -38.966  -68.556  -14.844 0.1000000015
31253  -38.060  -68.753  -15.568 0.1000000015
29962  -37.306  -69.207  -16.618 0.2000000030
32524  -38.221  -68.362  -15.241 0.1000000015
32523  -37.662  -68.005  -15.314 0.1000000015
31279  -36.225  -68.743  -17.290 0.2000000030
32540  -37.023  -68.161  -15.863 0.2000000030
31278  -35.636  -68.237  -17.260 0.2000000030
32557  -34.658  -66.894  -17.351 0.1000000015
33927  -34.863  -66.858  -18.822 0.1000000015
33926  -34.595  -66.196  -18.375 0.1000000015
36783  -36.092  -64.775  -20.135 0.1000000015
36781  -34.905  -64.154  -19.417 0.1000000015
36782  -35.428  -64.387  -19.855 0.1000000015
39629  -35.007  -62.357  -19.943 0.1000000015
39640  -35.544  -62.465  -20.726 0.1000000015
42413  -35.778  -60.980  -19.739 0.1000000015
42414  -36.215  -60.469  -20.238 0.1000000015
43881  -36.674  -59.760  -20.399 0.1000000015
43859  -37.771  -59.410  -19.469 0.1000000015
15259  -40.027  -80.558  -18.851 0.3000000119
15258  -39.590  -81.084  -19.092 0.2000000030
17823  -41.035  -78.993  -18.021 0.3000000119
19046  -41.430  -77.728  -18.362 0.4000000060
19028  -41.687  -77.720  -17.417 0.3000000119
23033  -44.201  -74.212  -16.166 0.3000000119
24405  -44.492  -73.182  -16.278 0.3000000119
23048  -44.055  -73.641  -16.946 0.4000000060
21677  -42.792  -75.218  -16.951 0.4000000060
19029  -41.858  -77.302  -17.080 0.3000000119
25808  -44.889  -72.805  -14.717 0.3000000119
24392  -44.707  -73.634  -15.257 0.3000000119
21664  -43.116  -75.302  -16.412 0.4000000060
21663  -42.509  -75.805  -16.681 0.4000000060
19019  -41.963  -77.537  -16.508 0.3000000119
25766  -44.803  -72.935  -13.210 0.3000000119
25787  -44.787  -72.621  -14.264 0.3000000119
27163  -44.260  -72.144  -13.589 0.3000000119
28506  -44.095  -71.935  -12.798 0.3000000119
28504  -42.772  -70.964  -13.743 0.3000000119
29909  -41.627  -70.224  -13.336 0.2000000030
29908  -40.811  -69.863  -13.389 0.1000000015
29889  -40.683  -69.476  -12.802 0.1000000015
31206  -40.624  -68.862  -12.389 0.1000000015
31227  -39.538  -69.049  -13.735 0.1000000015
31205  -39.758  -68.529  -12.871 0.1000000015
31226  -38.865  -68.495  -14.149 0.1000000015
32491  -38.323  -67.564  -13.657 0.1000000015
32539  -36.441  -67.880  -16.121 0.2000000030
32521  -36.275  -67.218  -15.746 0.2000000030
33887  -35.795  -66.529  -15.640 0.2000000030
33886  -35.145  -66.125  -15.848 0.1000000015
35301  -34.439  -65.310  -16.685 0.1000000015
35319  -34.442  -65.111  -18.540 0.1000000015
36756  -33.964  -64.282  -16.834 0.1000000015
36769  -34.059  -64.207  -17.869 0.1000000015
38229  -34.378  -63.188  -18.353 0.1000000015
38222  -34.039  -63.380  -17.379 0.1000000015
39621  -34.659  -62.408  -19.132 0.1000000015
41011  -35.426  -61.423  -19.379 0.1000000015
42391  -36.169  -60.747  -19.181 0.1000000015
40991  -35.863  -60.945  -18.817 0.1000000015
43858  -36.740  -59.824  -19.684 0.1000000015
42392  -37.280  -60.162  -18.924 0.1000000015
43860  -38.887  -59.749  -19.325 0.1000000015
13925  -39.174  -81.875  -18.657 0.2000000030
15257  -38.931  -81.750  -19.256 0.2000000030
13906  -39.910  -81.836  -17.517 0.2000000030
16560  -40.723  -80.258  -17.789 0.3000000119
13868  -40.108  -81.623  -16.617 0.2000000030
16543  -40.915  -80.689  -17.307 0.3000000119
16561  -40.943  -79.857  -17.597 0.3000000119
23032  -43.621  -74.834  -16.178 0.3000000119
19018  -41.802  -78.397  -16.580 0.3000000119
24377  -45.133  -73.746  -14.259 0.3000000119
21654  -43.557  -75.481  -15.335 0.3000000119
21653  -42.845  -75.914  -15.976 0.3000000119
20314  -42.398  -76.645  -16.175 0.3000000119
24357  -45.343  -73.625  -13.219 0.3000000119
22986  -45.218  -74.330  -13.479 0.3000000119
20302  -43.535  -76.590  -14.923 0.3000000119
20301  -43.036  -76.562  -15.488 0.3000000119
19004  -42.591  -77.590  -15.374 0.2000000030
17791  -42.210  -78.607  -15.914 0.2000000030
24334  -45.387  -73.025  -12.426 0.2000000030
24356  -45.235  -73.205  -12.727 0.2000000030
25747  -45.128  -72.825  -12.590 0.3000000119
28486  -44.325  -71.835  -12.405 0.3000000119
28485  -43.827  -71.381  -12.322 0.3000000119
28484  -42.856  -70.632  -12.778 0.3000000119
29891  -42.027  -70.137  -12.788 0.1000000015
28462  -43.092  -70.499  -11.744 0.2000000030
29870  -42.022  -69.745  -11.926 0.1000000015
29869  -41.384  -69.301  -11.998 0.1000000015
31178  -40.600  -68.211  -11.928 0.1000000015
31158  -41.436  -68.012  -11.126 0.1000000015
32412  -42.131  -67.122  -10.320 0.1000000015
32468  -40.087  -68.100  -12.215 0.1000000015
32436  -40.344  -67.343  -11.473 0.1000000015
32410  -40.749  -67.086  -11.001 0.1000000015
35145  -41.223  -65.577  -10.573 0.1000000015
35146  -41.928  -65.596  -10.507 0.1000000015
35176  -43.383  -65.092  -10.935 0.1000000015
32467  -39.170  -67.475  -12.525 0.1000000015
33792  -39.589  -66.275  -11.549 0.1000000015
35175  -40.501  -65.419  -10.811 0.1000000015
36627  -41.345  -64.626  -11.161 0.1000000015
36628  -42.403  -64.582  -11.690 0.1000000015
32490  -37.698  -67.287  -13.969 0.1000000015
33846  -37.655  -66.802  -13.624 0.1000000015
33889  -37.247  -67.183  -14.892 0.1000000015
35280  -36.193  -65.922  -15.011 0.2000000030
35279  -35.565  -65.478  -15.262 0.1000000015
36734  -34.442  -64.460  -15.963 0.1000000015
38184  -34.135  -63.678  -16.078 0.1000000015
38221  -33.846  -63.731  -16.999 0.1000000015
39582  -34.221  -62.719  -16.877 0.1000000015
39610  -34.535  -62.259  -18.337 0.1000000015
40989  -34.919  -61.664  -18.689 0.1000000015
40973  -35.095  -61.135  -18.155 0.1000000015
40990  -35.518  -61.138  -18.672 0.1000000015
42374  -36.811  -60.418  -18.331 0.1000000015
19017  -40.344  -78.459  -15.743 0.2000000030
15205  -40.641  -81.025  -16.267 0.2000000030
16544  -41.208  -80.282  -17.054 0.3000000119
17803  -41.562  -79.063  -16.890 0.3000000119
19003  -40.463  -78.186  -15.233 0.2000000030
17789  -40.463  -79.140  -15.759 0.2000000030
15192  -41.600  -80.231  -15.386 0.2000000030
15206  -41.269  -80.595  -16.055 0.3000000119
17790  -41.995  -79.079  -16.309 0.3000000119
23001  -44.694  -74.518  -14.229 0.3000000119
21642  -44.166  -75.458  -14.465 0.3000000119
20290  -43.927  -76.623  -14.249 0.3000000119
21611  -44.968  -74.760  -13.174 0.3000000119
21627  -44.550  -75.105  -13.591 0.3000000119
20291  -44.346  -76.060  -13.826 0.3000000119
18977  -43.496  -77.494  -13.665 0.3000000119
18990  -43.296  -77.467  -14.538 0.3000000119
22942  -45.151  -74.469  -11.557 0.2000000030
22965  -45.261  -74.433  -12.570 0.3000000119
18989  -42.728  -78.183  -14.576 0.2000000030
17779  -42.417  -78.705  -15.072 0.2000000030
22943  -45.505  -74.098  -11.692 0.2000000030
25748  -45.394  -72.666  -12.189 0.2000000030
24314  -45.655  -73.796  -11.355 0.2000000030
27142  -45.228  -72.381  -12.190 0.3000000119
27117  -45.281  -72.320  -11.952 0.3000000119
27140  -44.454  -71.739  -12.141 0.3000000119
27116  -44.573  -72.051  -11.500 0.3000000119
28463  -43.829  -71.179  -11.402 0.2000000030
28446  -43.165  -70.585  -10.961 0.2000000030
29853  -42.513  -69.812  -10.799 0.1000000015
35203  -38.489  -65.579  -12.492 0.1000000015
35204  -39.251  -65.370  -11.894 0.1000000015
36651  -39.946  -64.420  -11.993 0.1000000015
35255  -37.208  -66.272  -13.895 0.1000000015
35230  -37.660  -65.773  -13.101 0.1000000015
35202  -38.035  -65.156  -12.675 0.1000000015
38118  -39.087  -63.753  -12.828 0.1000000015
35229  -37.116  -65.679  -13.670 0.1000000015
36682  -37.141  -64.869  -13.540 0.1000000015
38141  -37.701  -63.776  -13.387 0.1000000015
39511  -38.240  -62.909  -13.510 0.1000000015
35254  -36.705  -65.751  -14.294 0.1000000015
36711  -36.498  -64.670  -14.175 0.1000000015
39509  -36.731  -63.039  -13.761 0.1000000015
39530  -36.158  -62.505  -14.231 0.1000000015
36710  -35.810  -64.543  -14.660 0.1000000015
36735  -35.111  -64.488  -15.280 0.1000000015
38185  -34.711  -63.426  -15.407 0.1000000015
39528  -34.815  -62.125  -15.417 0.1000000015
39558  -34.772  -62.660  -15.410 0.1000000015
40959  -34.777  -61.747  -16.817 0.1000000015
40972  -34.703  -61.694  -17.854 0.1000000015
42373  -35.875  -60.640  -18.409 0.1000000015
21652  -39.525  -76.026  -15.516 0.3000000119
20289  -40.447  -77.249  -14.465 0.3000000119
18987  -41.306  -78.199  -14.176 0.3000000119
17767  -41.818  -78.942  -14.365 0.2000000030
16495  -41.570  -79.696  -14.779 0.2000000030
15181  -41.799  -80.106  -15.030 0.2000000030
18976  -41.782  -78.267  -13.180 0.3000000119
18988  -41.774  -78.575  -13.743 0.3000000119
17768  -42.308  -78.759  -14.267 0.3000000119
16513  -42.190  -79.349  -15.501 0.2000000030
21610  -44.628  -75.238  -12.942 0.3000000119
20266  -43.585  -76.421  -13.017 0.3000000119
17740  -42.847  -78.193  -12.666 0.3000000119
17755  -42.734  -78.546  -13.261 0.3000000119
16497  -42.184  -79.358  -14.931 0.2000000030
22964  -44.590  -74.755  -12.377 0.2000000030
21609  -44.050  -75.492  -12.800 0.3000000119
21608  -43.119  -75.560  -12.932 0.3000000119
22941  -44.297  -74.329  -11.538 0.2000000030
22927  -45.558  -74.192  -10.881 0.2000000030
25724  -45.327  -73.030  -11.403 0.2000000030
25723  -44.830  -72.687  -10.794 0.3000000119
28464  -44.114  -71.430  -10.778 0.2000000030
40911  -35.754  -61.418  -14.572 0.1000000015
40939  -35.128  -61.121  -15.662 0.1000000015
42314  -34.996  -61.149  -16.287 0.1000000015
23016  -38.239  -74.472  -15.332 0.1000000015
23000  -38.258  -74.590  -14.419 0.2000000030
21651  -38.994  -75.003  -15.190 0.3000000119
21640  -39.391  -75.823  -14.447 0.3000000119
21626  -39.189  -75.783  -13.407 0.3000000119
20262  -39.875  -76.259  -13.104 0.3000000119
20265  -42.532  -76.591  -12.688 0.3000000119
20264  -41.454  -76.551  -12.622 0.3000000119
22962  -42.632  -74.568  -12.761 0.3000000119
21607  -41.941  -75.526  -12.861 0.3000000119
24333  -43.204  -74.047  -12.016 0.2000000030
22925  -44.230  -74.145  -10.658 0.1000000015
24298  -45.704  -73.782  -10.583 0.2000000030
24297  -44.363  -74.232  -10.043 0.1000000015
22911  -45.484  -74.101  -9.689 0.2000000030
25709  -45.337  -73.188  -10.370 0.2000000030
24282  -45.549  -73.657  -9.734 0.3000000119
21605  -39.218  -75.565  -12.549 0.3000000119
22961  -41.343  -74.309  -12.992 0.3000000119
21606  -40.590  -75.428  -12.644 0.3000000119
24332  -42.186  -73.487  -12.373 0.2000000030
25746  -42.179  -73.028  -11.721 0.2000000030
25722  -42.261  -72.796  -11.125 0.1000000015
24279  -43.114  -73.355  -9.744 0.1000000015
24280  -44.092  -74.037  -9.327 0.1000000015
22910  -44.929  -74.368  -9.180 0.1000000015
21604  -38.192  -74.891  -12.603 0.3000000119
22957  -37.641  -74.353  -12.603 0.2000000030
22959  -39.598  -74.574  -12.568 0.3000000119
24331  -41.158  -73.258  -12.762 0.2000000030
24330  -40.188  -73.549  -12.768 0.3000000119
25744  -40.634  -72.387  -12.497 0.2000000030
27112  -40.122  -70.790  -11.456 0.1000000015
27113  -40.594  -71.127  -11.084 0.1000000015
28443  -39.756  -70.182  -10.804 0.1000000015
27101  -41.198  -71.477  -10.453 0.1000000015
25706  -41.762  -71.941  -10.140 0.1000000015
25707  -42.315  -72.638  -10.188 0.1000000015
25686  -42.137  -72.047  -9.691 0.1000000015
25687  -42.641  -72.620  -9.343 0.1000000015
25688  -43.385  -73.259  -8.900 0.1000000015
24328  -37.934  -73.619  -12.427 0.2000000030
24329  -38.998  -73.610  -12.616 0.2000000030
25743  -39.560  -72.501  -12.664 0.2000000030
28483  -39.271  -70.803  -12.281 0.1000000015
27137  -40.023  -71.346  -12.093 0.2000000030
28460  -39.547  -70.397  -11.513 0.1000000015
27100  -40.740  -71.002  -10.413 0.1000000015
28445  -40.991  -70.917  -10.049 0.1000000015
27078  -41.589  -71.395  -9.657 0.1000000015
27062  -41.888  -71.157  -8.868 0.1000000015
25665  -42.794  -72.497  -8.575 0.1000000015
29851  -39.559  -69.536  -10.426 0.1000000015
28420  -40.470  -70.118  -9.831 0.1000000015
28421  -41.053  -70.427  -9.428 0.1000000015
31131  -39.116  -68.668  -10.140 0.1000000015
31132  -39.933  -68.528  -9.602 0.1000000015
29823  -40.348  -69.553  -9.629 0.1000000015
25869  -42.087  -72.769  -21.492 0.4000000060
24458  -42.553  -73.142  -20.910 0.5000000000
24457  -42.154  -73.132  -21.093 0.4000000060
25871  -43.102  -72.375  -21.239 0.5000000000
25870  -42.700  -72.755  -21.199 0.6000000238
24441  -40.372  -73.606  -20.537 0.5000000000
23086  -40.888  -74.360  -20.239 0.4000000060
25901  -37.844  -73.104  -23.181 0.5000000000
25884  -41.920  -72.247  -21.935 0.5000000000
24439  -37.861  -73.706  -20.969 0.5000000000
25868  -41.208  -72.748  -21.304 0.6000000238
25881  -38.511  -72.292  -22.542 0.5000000000
27295  -38.720  -71.890  -24.535 0.5000000000
24455  -38.329  -72.976  -21.541 0.5000000000
27279  -38.709  -71.541  -23.543 0.4000000060
30067  -40.634  -69.724  -24.370 0.5000000000
31355  -42.791  -68.749  -24.182 0.4000000060
31374  -42.742  -68.525  -25.346 0.4000000060
33992  -44.242  -66.657  -24.357 0.3000000119
25857  -40.832  -73.155  -20.842 0.4000000060
28567  -40.399  -71.041  -17.692 0.3000000119
28608  -42.990  -70.627  -20.959 0.5000000000
27260  -41.654  -71.490  -22.370 0.6000000238
25867  -40.195  -72.428  -21.400 0.6000000238
25855  -39.677  -72.698  -21.028 0.6000000238
25882  -39.788  -71.894  -21.990 0.5000000000
27257  -38.858  -71.550  -22.980 0.5000000000
28607  -42.043  -70.228  -20.913 0.4000000060
30009  -43.574  -69.950  -21.349 0.5000000000
28629  -40.111  -70.879  -22.881 0.5000000000
27259  -40.530  -71.357  -22.383 0.5000000000
28650  -40.522  -70.384  -23.339 0.5000000000
27258  -39.456  -71.330  -22.745 0.5000000000
27238  -40.262  -70.716  -20.276 0.4000000060
27225  -39.743  -70.997  -19.652 0.4000000060
30008  -42.974  -69.567  -21.068 0.5000000000
28653  -43.603  -69.946  -22.553 0.5000000000
28652  -43.220  -70.077  -22.813 0.4000000060
28604  -38.833  -70.005  -20.365 0.3000000119
30007  -41.028  -68.919  -21.024 0.5000000000
31299  -43.595  -69.311  -21.425 0.5000000000
31306  -44.160  -68.920  -21.765 0.5000000000
30048  -43.653  -69.322  -23.073 0.4000000060
30047  -42.479  -69.470  -23.431 0.5000000000
31305  -43.198  -68.609  -21.329 0.5000000000
30049  -44.146  -68.755  -23.311 0.4000000060
32599  -44.593  -68.342  -22.722 0.4000000060
32596  -42.503  -67.636  -21.641 0.4000000060
31298  -41.378  -68.156  -20.919 0.4000000060
32616  -44.708  -67.967  -23.042 0.4000000060
23070  -40.477  -75.174  -19.749 0.4000000060
23085  -39.638  -74.504  -19.935 0.5000000000
29966  -40.490  -69.922  -15.955 0.2000000030
28580  -39.350  -70.886  -18.650 0.4000000060
29982  -38.529  -69.758  -16.923 0.3000000119
28591  -37.498  -70.319  -18.575 0.3000000119
29998  -36.772  -69.738  -18.870 0.3000000119
28603  -37.949  -70.127  -19.947 0.3000000119
30005  -39.101  -69.137  -20.639 0.3000000119
31297  -40.510  -68.132  -20.616 0.3000000119
32586  -40.848  -67.472  -20.864 0.3000000119
33946  -41.178  -67.108  -21.302 0.3000000119
33947  -41.708  -67.415  -21.465 0.4000000060
32613  -42.197  -67.230  -22.589 0.4000000060
33957  -40.716  -66.682  -22.002 0.3000000119
33973  -41.400  -66.616  -22.814 0.2000000030
36799  -37.753  -64.369  -22.041 0.1000000015
38246  -35.947  -63.777  -20.830 0.1000000015
21688  -42.010  -75.891  -18.400 0.4000000060
27210  -43.493  -71.842  -16.104 0.4000000060
29946  -41.203  -70.254  -14.894 0.2000000030
29944  -39.776  -69.425  -15.298 0.2000000030
31255  -39.227  -68.918  -15.163 0.1000000015
29926  -40.693  -69.883  -14.293 0.1000000015
29981  -37.686  -69.756  -17.240 0.2000000030
31266  -37.441  -68.717  -15.981 0.2000000030
29990  -36.306  -69.215  -18.117 0.2000000030
31284  -35.831  -68.683  -17.838 0.2000000030
30002  -36.295  -68.723  -19.482 0.2000000030
29997  -35.971  -68.962  -19.034 0.2000000030
31283  -35.371  -68.259  -18.083 0.2000000030
31290  -35.849  -68.195  -19.331 0.1000000015
32583  -37.790  -67.307  -20.333 0.2000000030
32574  -35.284  -67.406  -19.058 0.1000000015
33935  -36.229  -66.387  -19.881 0.1000000015
32582  -36.820  -67.345  -20.052 0.2000000030
33933  -34.665  -65.698  -18.984 0.1000000015
35333  -37.299  -65.513  -20.772 0.1000000015
35340  -38.262  -64.962  -22.062 0.1000000015
36791  -37.338  -64.825  -21.322 0.1000000015
36789  -35.844  -64.215  -20.416 0.1000000015
41027  -35.710  -61.463  -20.434 0.1000000015
16592  -39.008  -79.850  -20.133 0.3000000119
17839  -38.889  -78.427  -19.912 0.3000000119
17822  -40.684  -79.591  -18.448 0.3000000119
16579  -39.934  -79.959  -19.408 0.3000000119
17842  -40.902  -78.487  -18.804 0.3000000119
17853  -39.207  -79.331  -20.060 0.3000000119
20360  -39.506  -76.948  -19.579 0.3000000119
20361  -40.510  -77.001  -19.467 0.3000000119
20362  -41.300  -77.079  -19.051 0.3000000119
19069  -41.133  -78.041  -18.734 0.3000000119
21676  -42.503  -75.420  -17.506 0.4000000060
20329  -41.971  -76.666  -17.226 0.4000000060
20328  -41.751  -77.031  -17.618 0.4000000060
20341  -41.677  -76.726  -18.132 0.4000000060
27211  -44.048  -72.174  -15.746 0.4000000060
23047  -43.246  -74.543  -17.234 0.4000000060
25807  -44.661  -72.618  -15.281 0.4000000060
28524  -43.239  -71.378  -14.359 0.3000000119
28505  -43.632  -71.499  -13.450 0.3000000119
31228  -40.225  -69.273  -13.127 0.1000000015
31241  -39.395  -68.972  -14.631 0.1000000015
32505  -38.372  -68.147  -14.739 0.1000000015
31264  -36.098  -68.238  -16.700 0.2000000030
32504  -37.756  -67.548  -14.474 0.1000000015
32522  -36.885  -67.512  -15.502 0.2000000030
32538  -35.648  -67.471  -16.442 0.1000000015
32558  -35.074  -67.610  -17.347 0.1000000015
32567  -34.743  -67.364  -18.264 0.1000000015
33921  -34.499  -66.122  -17.393 0.1000000015
35314  -34.218  -65.244  -17.620 0.1000000015
35325  -34.915  -65.051  -19.315 0.1000000015
36775  -34.596  -64.186  -18.787 0.1000000015
38237  -34.660  -63.390  -19.295 0.1000000015
38245  -35.326  -63.435  -20.369 0.1000000015
39628  -34.681  -62.821  -19.597 0.1000000015
41010  -34.926  -61.835  -19.182 0.1000000015
42390  -35.780  -61.055  -19.426 0.1000000015
15238  -40.219  -81.084  -18.222 0.2000000030
15276  -38.761  -80.907  -19.871 0.2000000030
23017  -43.886  -74.741  -15.680 0.3000000119
25788  -45.056  -73.043  -14.423 0.3000000119
25767  -45.136  -73.143  -13.901 0.3000000119
29910  -42.297  -70.495  -13.332 0.1000000015
29890  -41.282  -69.601  -12.575 0.1000000015
32492  -39.052  -68.288  -13.355 0.1000000015
33888  -36.633  -66.639  -15.123 0.1000000015
33908  -35.170  -66.740  -16.183 0.1000000015
33907  -34.676  -66.298  -16.512 0.1000000015
35278  -34.857  -65.382  -15.896 0.1000000015
15237  -39.616  -81.682  -18.256 0.2000000030
13885  -39.641  -81.996  -17.121 0.2000000030
13869  -40.367  -81.568  -16.707 0.2000000030
15220  -40.668  -81.259  -17.126 0.3000000119
15221  -41.025  -80.955  -16.577 0.2000000030
23002  -45.065  -74.280  -13.921 0.3000000119
24376  -44.779  -74.113  -14.728 0.3000000119
21655  -43.932  -75.141  -14.905 0.3000000119
21641  -43.766  -76.034  -14.692 0.3000000119
31179  -41.282  -68.568  -11.620 0.1000000015
32437  -41.101  -67.802  -11.293 0.1000000015
32411  -41.223  -67.363  -10.818 0.1000000015
33763  -41.562  -66.414  -10.505 0.1000000015
32435  -39.490  -66.898  -11.884 0.1000000015
33762  -40.743  -66.516  -10.768 0.1000000015
33793  -40.080  -66.204  -11.024 0.1000000015
36599  -41.626  -65.085  -10.642 0.1000000015
36626  -40.444  -64.688  -11.368 0.1000000015
36600  -42.137  -64.885  -10.766 0.1000000015
36601  -42.825  -64.839  -11.039 0.1000000015
32466  -38.467  -67.131  -12.944 0.1000000015
33822  -39.065  -66.374  -12.164 0.1000000015
33821  -38.545  -66.591  -12.655 0.1000000015
35174  -39.839  -65.335  -11.299 0.1000000015
36652  -40.884  -64.155  -12.035 0.1000000015
36654  -43.015  -64.370  -12.715 0.1000000015
35231  -38.173  -66.170  -12.824 0.1000000015
33865  -37.027  -66.560  -14.512 0.1000000015
35253  -36.104  -65.299  -14.611 0.1000000015
39597  -34.388  -62.483  -17.604 0.1000000015
19002  -40.212  -77.610  -15.611 0.2000000030
17778  -40.931  -79.297  -14.996 0.2000000030
16529  -40.730  -80.303  -15.559 0.2000000030
16511  -41.190  -80.062  -14.903 0.2000000030
17769  -43.023  -78.205  -13.818 0.3000000119
20279  -44.208  -75.897  -13.323 0.3000000119
18966  -43.421  -77.461  -13.037 0.3000000119
20278  -43.822  -76.675  -13.535 0.3000000119
17756  -43.275  -78.167  -13.070 0.3000000119
27115  -44.221  -71.573  -11.877 0.2000000030
29854  -43.154  -70.246  -10.480 0.2000000030
31180  -41.989  -69.097  -11.281 0.1000000015
36649  -38.377  -64.759  -12.583 0.1000000015
36650  -39.016  -64.443  -12.333 0.1000000015
38121  -41.155  -63.915  -12.645 0.1000000015
36683  -37.924  -64.550  -12.930 0.1000000015
36684  -38.587  -64.185  -12.762 0.1000000015
38162  -36.305  -63.684  -14.245 0.1000000015
38161  -35.572  -63.513  -14.806 0.1000000015
39529  -35.215  -62.443  -14.931 0.1000000015
40938  -34.826  -61.719  -15.803 0.1000000015
20288  -39.990  -76.570  -14.877 0.3000000119
20299  -40.035  -76.952  -15.780 0.3000000119
20276  -39.887  -76.460  -13.910 0.3000000119
20277  -40.602  -76.979  -13.520 0.3000000119
17739  -42.334  -78.381  -12.907 0.3000000119
18975  -41.290  -77.454  -13.037 0.3000000119
20267  -44.139  -75.758  -13.051 0.3000000119
18965  -43.003  -77.481  -12.615 0.3000000119
18964  -42.041  -77.624  -12.549 0.3000000119
22963  -43.713  -74.799  -12.463 0.3000000119
22926  -44.949  -74.472  -10.384 0.2000000030
27102  -44.503  -72.009  -10.362 0.2000000030
28448  -44.077  -71.165  -9.995 0.2000000030
23031  -38.389  -74.631  -16.265 0.1000000015
22982  -38.226  -74.764  -13.703 0.2000000030
21639  -38.715  -75.196  -13.994 0.3000000119
18963  -41.317  -77.085  -12.646 0.3000000119
20263  -40.574  -76.526  -12.740 0.3000000119
24312  -42.701  -73.421  -11.504 0.2000000030
24313  -43.527  -73.840  -11.112 0.2000000030
24296  -43.730  -73.805  -10.247 0.1000000015
24281  -44.631  -74.353  -9.713 0.2000000030
21625  -38.293  -75.163  -13.126 0.3000000119
22984  -40.843  -74.160  -13.052 0.3000000119
25745  -41.565  -72.445  -11.849 0.2000000030
24295  -42.886  -73.362  -10.630 0.1000000015
25721  -41.724  -72.159  -10.818 0.1000000015
27139  -41.234  -72.008  -11.631 0.1000000015
22958  -38.529  -74.514  -12.468 0.3000000119
28444  -40.349  -70.445  -10.299 0.1000000015
27079  -42.274  -71.860  -9.083 0.1000000015
25742  -38.446  -72.632  -12.626 0.2000000030
28459  -38.901  -70.303  -12.016 0.1000000015
29822  -39.666  -69.114  -9.872 0.1000000015
25916  -38.887  -73.294  -24.852 0.3000000119
23141  -39.241  -74.772  -24.619 0.3000000119
24494  -38.693  -73.903  -24.589 0.3000000119
20477  -39.159  -76.721  -26.658 0.2000000030
20499  -37.798  -76.965  -27.538 0.2000000030
21790  -40.034  -75.877  -24.441 0.4000000060
20460  -40.645  -76.668  -25.110 0.3000000119
25929  -39.293  -72.963  -25.302 0.4000000060
21810  -40.567  -75.526  -25.136 0.3000000119
20459  -40.342  -76.908  -25.484 0.3000000119
27308  -39.041  -72.293  -25.030 0.4000000060
23160  -40.463  -74.896  -25.707 0.4000000060
20479  -40.772  -76.623  -26.013 0.3000000119
20500  -38.739  -77.336  -27.431 0.2000000030
24502  -39.781  -73.959  -25.689 0.4000000060
21829  -40.903  -76.022  -26.559 0.4000000060
27309  -39.423  -71.772  -25.366 0.4000000060
28688  -39.414  -71.101  -25.046 0.4000000060
23178  -40.586  -75.074  -26.418 0.4000000060
20502  -40.480  -76.592  -26.859 0.3000000119
20501  -39.616  -77.164  -27.441 0.3000000119
25930  -39.933  -72.833  -25.990 0.4000000060
24511  -40.208  -73.952  -26.356 0.4000000060
28689  -40.050  -70.433  -25.322 0.4000000060
23194  -40.498  -75.400  -27.120 0.3000000119
30089  -40.885  -69.449  -25.120 0.4000000060
27310  -40.364  -71.658  -26.207 0.4000000060
24520  -40.430  -73.973  -27.247 0.4000000060
30106  -41.057  -69.800  -25.839 0.4000000060
25942  -40.376  -72.737  -26.805 0.4000000060
28702  -41.004  -70.612  -26.454 0.4000000060
27320  -40.992  -71.553  -27.248 0.4000000060
24519  -40.009  -74.002  -27.847 0.3000000119
25954  -40.493  -72.522  -27.631 0.4000000060
24532  -39.553  -73.990  -28.451 0.2000000030
30090  -41.754  -69.099  -25.490 0.3000000119
30107  -41.790  -69.730  -26.590 0.4000000060
28703  -41.599  -70.515  -27.361 0.4000000060
27321  -41.518  -71.025  -27.959 0.4000000060
27335  -41.023  -71.590  -28.189 0.4000000060
24533  -39.959  -73.209  -28.019 0.2000000030
23222  -38.902  -74.334  -28.923 0.3000000119
30091  -42.384  -69.022  -26.218 0.3000000119
30108  -42.440  -69.148  -27.089 0.3000000119
25969  -39.438  -72.769  -28.950 0.2000000030
25970  -40.221  -72.117  -28.474 0.2000000030
24554  -39.139  -73.450  -29.159 0.2000000030
23221  -38.356  -75.191  -29.329 0.2000000030
31375  -43.594  -67.808  -25.705 0.3000000119
31392  -42.881  -68.439  -26.461 0.3000000119
32674  -44.084  -67.185  -25.811 0.3000000119
31393  -43.271  -67.840  -26.767 0.3000000119
30120  -42.365  -69.328  -28.064 0.2000000030
27357  -41.315  -70.318  -29.036 0.2000000030
25994  -39.210  -72.992  -29.274 0.1000000015
23241  -37.931  -74.142  -30.045 0.2000000030
31422  -42.327  -68.675  -28.329 0.2000000030
30132  -42.066  -69.292  -28.688 0.2000000030
27355  -39.626  -71.669  -29.169 0.1000000015
25993  -38.831  -72.678  -29.531 0.1000000015
24553  -38.530  -73.813  -29.542 0.1000000015
34031  -44.596  -66.951  -25.006 0.2000000030
31410  -43.151  -67.764  -27.274 0.3000000119
33990  -43.074  -66.124  -23.939 0.2000000030
35426  -43.926  -66.176  -25.902 0.1000000015
34046  -43.706  -66.625  -26.304 0.3000000119
32713  -42.920  -67.478  -27.544 0.2000000030
28731  -41.591  -69.578  -29.247 0.1000000015
27387  -39.750  -70.769  -29.893 0.1000000015
27386  -38.997  -71.573  -29.773 0.1000000015
24573  -38.142  -73.085  -30.324 0.1000000015
35394  -43.570  -65.647  -25.022 0.2000000030
34062  -42.897  -66.748  -27.291 0.2000000030
31421  -41.986  -68.228  -28.265 0.1000000015
30131  -41.768  -68.907  -28.974 0.1000000015
28730  -41.038  -70.101  -29.785 0.1000000015
28760  -40.547  -69.892  -30.289 0.1000000015
26011  -38.280  -71.823  -30.631 0.1000000015
24572  -37.658  -73.634  -30.945 0.1000000015
34045  -43.164  -66.329  -26.694 0.1000000015
32712  -42.363  -67.326  -27.485 0.2000000030
31439  -41.305  -68.792  -29.340 0.1000000015
28789  -40.521  -69.439  -30.222 0.1000000015
27409  -39.018  -70.776  -30.565 0.1000000015
26010  -37.873  -72.516  -31.322 0.1000000015
24590  -36.847  -73.746  -32.041 0.1000000015
28788  -39.647  -70.023  -30.442 0.1000000015
26030  -37.891  -72.136  -32.115 0.1000000015
24591  -37.477  -72.923  -32.115 0.1000000015
25690  -45.246  -72.991  -9.388 0.2000000030
33989  -42.075  -66.143  -23.596 0.2000000030
35393  -43.012  -65.254  -24.661 0.1000000015
35425  -43.524  -65.890  -26.153 0.1000000015
35424  -42.895  -65.771  -26.283 0.1000000015
31408  -41.748  -67.820  -27.611 0.1000000015
34044  -42.450  -66.396  -26.655 0.1000000015
31420  -41.278  -68.471  -28.386 0.1000000015
31461  -40.782  -68.660  -29.815 0.1000000015
30176  -40.589  -68.901  -30.116 0.1000000015
23159  -39.903  -74.865  -25.143 0.3000000119
24501  -39.233  -73.986  -25.106 0.4000000060
20478  -40.109  -76.919  -26.350 0.3000000119
21811  -40.929  -75.880  -25.659 0.3000000119
21849  -40.636  -76.107  -27.096 0.3000000119
30119  -42.093  -69.821  -27.515 0.3000000119
27336  -41.317  -70.822  -28.521 0.2000000030
27356  -40.561  -70.899  -29.084 0.2000000030
27354  -39.107  -72.205  -29.232 0.1000000015
28715  -41.812  -70.108  -28.341 0.4000000060
31409  -42.732  -68.332  -27.465 0.2000000030
28732  -41.865  -69.635  -28.698 0.2000000030
32714  -43.404  -67.371  -27.060 0.3000000119
30150  -41.533  -69.012  -29.763 0.1000000015
35410  -43.026  -65.298  -25.548 0.1000000015
28761  -41.172  -69.385  -30.222 0.1000000015
27410  -39.638  -70.389  -30.348 0.1000000015
32692  -41.754  -67.028  -26.843 0.1000000015
19108  -38.185  -77.646  -23.200 0.3000000119
20408  -38.511  -77.325  -23.310 0.2000000030
19123  -38.588  -77.897  -23.750 0.3000000119
20424  -38.936  -76.867  -23.570 0.2000000030
20393  -36.626  -76.587  -21.823 0.4000000060
20406  -37.099  -76.691  -22.449 0.2000000030
20407  -38.035  -76.777  -23.002 0.3000000119
19141  -38.860  -77.569  -24.183 0.2000000030
23109  -37.143  -75.182  -22.244 0.4000000060
20423  -38.350  -76.307  -23.404 0.2000000030
19124  -39.503  -77.315  -23.942 0.2000000030
20442  -39.072  -77.033  -24.850 0.1000000015
21768  -38.583  -75.772  -23.739 0.3000000119
20441  -38.350  -76.596  -24.849 0.1000000015
19125  -40.187  -77.246  -24.021 0.2000000030
21808  -37.914  -75.812  -25.591 0.1000000015
21809  -38.649  -76.059  -25.853 0.1000000015
21826  -37.061  -75.598  -26.319 0.1000000015
21845  -36.231  -75.831  -27.061 0.1000000015
23122  -38.022  -74.711  -23.705 0.3000000119
20425  -40.024  -76.847  -23.952 0.2000000030
19143  -40.372  -77.113  -24.449 0.2000000030
19154  -39.497  -77.175  -24.741 0.2000000030
19155  -40.063  -77.159  -24.922 0.2000000030
21846  -37.337  -76.165  -27.058 0.1000000015
21844  -34.936  -75.502  -27.326 0.1000000015
24492  -37.896  -74.091  -23.891 0.2000000030
23123  -38.539  -75.099  -23.960 0.3000000119
20443  -40.162  -76.514  -24.239 0.2000000030
20458  -39.345  -76.685  -25.547 0.2000000030
21827  -38.203  -76.116  -26.472 0.1000000015
20496  -35.025  -76.082  -27.730 0.1000000015
24481  -37.772  -73.665  -23.517 0.2000000030
20476  -38.416  -76.665  -27.084 0.1000000015
20497  -35.577  -76.404  -27.713 0.1000000015
20498  -36.714  -76.669  -27.653 0.1000000015
20518  -35.492  -77.169  -28.202 0.1000000015
19185  -37.023  -77.937  -27.915 0.1000000015
19204  -36.150  -77.971  -28.342 0.1000000015
24482  -38.089  -73.266  -23.913 0.2000000030
19186  -38.092  -78.028  -27.809 0.1000000015
19187  -38.828  -77.965  -27.964 0.1000000015
17986  -34.547  -78.733  -29.094 0.1000000015
19205  -36.686  -78.197  -28.204 0.1000000015
17945  -38.131  -78.473  -28.101 0.1000000015
21848  -40.005  -76.140  -27.668 0.3000000119
16703  -36.848  -78.933  -29.007 0.1000000015
21751  -37.412  -75.787  -22.627 0.3000000119
21767  -37.868  -75.687  -23.291 0.2000000030
21847  -37.962  -76.377  -27.103 0.1000000015
19184  -36.203  -77.206  -28.016 0.1000000015
19156  -40.429  -77.016  -24.997 0.2000000030
21789  -39.013  -75.412  -24.232 0.3000000119
21828  -38.923  -76.231  -26.147 0.1000000015
19203  -34.934  -77.957  -28.611 0.1000000015
17959  -35.058  -78.963  -29.010 0.1000000015
17944  -37.510  -78.532  -28.014 0.1000000015
19228  -34.200  -78.083  -29.200 0.1000000015
17961  -36.790  -78.573  -28.413 0.1000000015
19188  -39.278  -77.576  -28.109 0.2000000030
17988  -37.467  -78.402  -29.403 0.1000000015
17987  -37.006  -78.763  -29.718 0.1000000015
19229  -37.917  -77.607  -29.405 0.2000000030
18009  -36.772  -78.648  -30.150 0.1000000015
19206  -38.722  -77.543  -28.558 0.2000000030
19230  -38.312  -77.553  -29.078 0.2000000030
18010  -37.256  -78.188  -30.046 0.2000000030
18008  -35.849  -78.957  -30.490 0.1000000015
19242  -37.454  -77.671  -29.905 0.2000000030
20535  -37.679  -76.913  -29.749 0.1000000015
20520  -39.363  -76.994  -28.265 0.2000000030
20519  -38.721  -76.785  -28.764 0.1000000015
19241  -36.955  -77.772  -30.371 0.1000000015
20547  -37.165  -76.940  -30.253 0.1000000015
21867  -39.372  -76.149  -28.220 0.2000000030
21879  -38.490  -76.228  -29.217 0.1000000015
21892  -37.490  -76.235  -30.197 0.1000000015
21866  -38.819  -76.030  -28.636 0.1000000015
21878  -37.992  -76.035  -29.762 0.1000000015
23193  -39.979  -74.812  -27.766 0.2000000030
23212  -39.217  -75.277  -28.447 0.2000000030
23220  -37.919  -75.455  -29.838 0.1000000015
23211  -38.741  -75.495  -28.752 0.1000000015
17963  -38.193  -78.238  -28.569 0.1000000015
19106  -36.614  -77.559  -22.224 0.2000000030
19122  -38.013  -78.356  -23.411 0.1000000015
15277  -39.378  -80.287  -19.714 0.2000000030
15275  -37.720  -81.101  -20.707 0.1000000015
19016  -40.028  -78.079  -16.227 0.1000000015
13884  -38.995  -82.089  -17.608 0.1000000015
13904  -38.349  -82.326  -18.364 0.1000000015
15204  -40.179  -80.980  -16.186 0.1000000015
13905  -39.156  -82.153  -17.961 0.1000000015
20327  -39.485  -77.093  -17.047 0.2000000030
19027  -39.476  -78.035  -16.968 0.1000000015
15235  -37.894  -81.303  -18.504 0.1000000015
20313  -39.792  -77.121  -16.386 0.2000000030
17788  -40.093  -79.358  -16.413 0.1000000015
17802  -39.558  -79.020  -17.014 0.1000000015
16541  -39.215  -80.039  -17.278 0.1000000015
15218  -39.284  -81.220  -17.311 0.1000000015
15236  -38.626  -81.566  -17.881 0.1000000015
16591  -38.164  -79.911  -20.392 0.1000000015
15219  -39.771  -81.422  -16.662 0.1000000015
16528  -40.375  -80.093  -16.192 0.1000000015
21662  -39.560  -76.468  -16.367 0.2000000030
16542  -39.746  -80.395  -16.644 0.1000000015
19026  -38.998  -78.019  -17.632 0.1000000015
17881  -36.834  -78.575  -22.537 0.1000000015
19107  -37.446  -77.768  -22.798 0.1000000015
24327  -36.982  -73.542  -12.525 0.1000000015
22956  -36.748  -73.959  -12.901 0.1000000015
22980  -36.781  -73.832  -13.313 0.1000000015
24375  -37.061  -73.504  -14.600 0.1000000015
24391  -37.315  -73.551  -15.679 0.1000000015
21624  -37.898  -74.704  -12.832 0.1000000015
22981  -37.515  -74.272  -13.541 0.1000000015
25765  -35.311  -72.444  -13.491 0.1000000015
24373  -35.815  -72.908  -13.798 0.1000000015
25785  -35.528  -72.637  -14.623 0.1000000015
25815  -34.924  -72.863  -16.052 0.1000000015
24326  -36.255  -73.345  -12.802 0.1000000015
24352  -36.242  -73.379  -13.367 0.1000000015
25786  -36.046  -72.761  -15.085 0.1000000015
25806  -36.058  -72.856  -15.382 0.1000000015
24402  -35.773  -73.245  -16.257 0.1000000015
25740  -36.428  -72.769  -12.610 0.1000000015
25802  -33.198  -72.888  -15.097 0.1000000015
27159  -34.536  -71.550  -13.512 0.1000000015
25764  -34.177  -72.110  -13.931 0.1000000015
25784  -34.551  -72.378  -14.532 0.1000000015
27133  -35.885  -72.258  -12.829 0.1000000015
25804  -34.847  -72.686  -15.586 0.1000000015
24388  -34.198  -73.186  -15.847 0.1000000015
25741  -37.367  -72.681  -12.532 0.1000000015
27135  -37.959  -71.659  -12.635 0.1000000015
27158  -33.536  -71.707  -13.987 0.1000000015
25763  -33.761  -72.056  -14.098 0.1000000015
25783  -33.574  -72.281  -14.436 0.1000000015
27160  -35.579  -71.406  -13.110 0.1000000015
27134  -36.734  -71.588  -12.817 0.1000000015
25689  -44.800  -72.317  -9.646 0.1000000015
27080  -44.469  -71.625  -9.417 0.1000000015
28423  -44.277  -70.594  -9.118 0.1000000015
27161  -36.223  -70.815  -12.997 0.1000000015
27136  -39.008  -71.582  -12.643 0.1000000015
28447  -43.651  -70.723  -10.457 0.1000000015
25667  -44.771  -72.284  -8.770 0.1000000015
31134  -43.634  -68.612  -9.279 0.1000000015
29826  -43.387  -69.777  -9.805 0.1000000015
27177  -33.131  -72.053  -14.282 0.1000000015
25782  -32.634  -72.677  -14.486 0.1000000015
29825  -42.621  -69.202  -10.206 0.1000000015
22999  -37.719  -74.056  -14.898 0.1000000015
23015  -37.825  -74.154  -15.875 0.1000000015
28422  -43.837  -70.552  -9.836 0.1000000015
24403  -36.751  -73.549  -16.564 0.1000000015
31133  -42.784  -68.758  -9.777 0.1000000015
33988  -41.182  -65.686  -23.449 0.1000000015
33972  -40.342  -66.035  -22.887 0.1000000015
16657  -36.472  -80.111  -24.222 0.1000000015
16658  -37.641  -79.803  -24.118 0.1000000015
16656  -35.419  -80.087  -24.097 0.1000000015
17912  -35.125  -79.456  -24.062 0.1000000015
17913  -35.834  -79.298  -24.030 0.1000000015
15329  -34.758  -80.714  -24.098 0.1000000015
15330  -35.721  -80.980  -24.240 0.1000000015
15331  -36.571  -80.952  -24.036 0.1000000015
16654  -33.321  -79.292  -23.972 0.1000000015
15327  -32.969  -79.982  -24.139 0.1000000015
16638  -31.999  -79.649  -23.626 0.1000000015
15328  -33.719  -80.478  -23.949 0.1000000015
12600  -30.515  -82.407  -13.608 0.1000000015
13833  -30.715  -81.280  -13.489 0.1000000015
15200  -28.792  -80.269  -16.449 0.1000000015
15214  -28.227  -80.665  -17.476 0.1000000015
16536  -28.770  -79.478  -17.157 0.1000000015
17814  -28.694  -78.483  -18.310 0.1000000015
16642  -37.446  -79.551  -23.630 0.1000000015
17813  -28.040  -79.037  -18.650 0.1000000015
19037  -29.268  -77.596  -18.768 0.1000000015
16653  -32.383  -79.451  -24.085 0.1000000015
16637  -31.745  -79.272  -23.623 0.1000000015
17916  -38.892  -78.962  -24.078 0.1000000015
19058  -28.655  -77.531  -19.408 0.1000000015
19078  -29.781  -76.774  -20.213 0.1000000015
20392  -31.205  -76.731  -21.384 0.1000000015
19117  -31.713  -77.943  -23.043 0.1000000015
17880  -31.710  -78.741  -22.615 0.1000000015
16620  -31.783  -79.365  -23.115 0.1000000015
15313  -32.744  -80.391  -23.529 0.1000000015
19057  -28.052  -77.812  -19.602 0.1000000015
20391  -30.375  -76.202  -21.337 0.1000000015
19105  -31.750  -78.025  -22.181 0.1000000015
17865  -31.751  -78.644  -21.571 0.1000000015
13845  -30.107  -81.735  -14.192 0.1000000015
13844  -29.633  -81.212  -14.785 0.1000000015
15201  -29.149  -80.152  -16.010 0.1000000015
16641  -36.813  -79.997  -23.413 0.1000000015
15316  -37.081  -80.215  -23.665 0.1000000015
16521  -28.980  -79.709  -16.579 0.1000000015
17795  -29.129  -78.885  -17.438 0.1000000015
16537  -29.300  -79.092  -17.028 0.1000000015
16659  -38.454  -79.367  -24.178 0.1000000015
19079  -30.270  -77.003  -20.205 0.1000000015
19080  -31.077  -77.351  -20.402 0.1000000015
19096  -31.600  -77.664  -21.341 0.1000000015
16621  -32.107  -79.991  -22.941 0.1000000015
16604  -32.079  -79.599  -22.067 0.1000000015
15176  -30.223  -80.714  -14.162 0.1000000015
15162  -31.762  -80.728  -12.939 0.1000000015
15149  -32.825  -80.882  -12.400 0.1000000015
15315  -36.501  -80.644  -23.411 0.1000000015
15175  -29.820  -80.503  -14.814 0.1000000015
16489  -30.205  -79.992  -14.690 0.1000000015
14001  -35.746  -81.808  -24.013 0.1000000015
16623  -36.437  -79.679  -22.574 0.1000000015
16504  -29.807  -79.860  -15.308 0.1000000015
14000  -34.907  -81.666  -24.094 0.1000000015
16624  -37.070  -79.173  -22.921 0.1000000015
16522  -29.533  -79.493  -16.247 0.1000000015
17796  -29.792  -78.587  -17.296 0.1000000015
19038  -30.007  -77.576  -18.730 0.1000000015
19060  -30.500  -77.465  -19.508 0.1000000015
19039  -30.792  -78.000  -18.652 0.1000000015
17849  -31.540  -78.436  -20.372 0.1000000015
16589  -31.825  -79.431  -20.854 0.1000000015
19061  -31.189  -77.958  -19.492 0.1000000015
16476  -32.350  -80.007  -13.574 0.1000000015
13986  -36.242  -81.434  -23.610 0.1000000015
15161  -30.944  -80.503  -13.625 0.1000000015
16475  -31.477  -79.999  -13.784 0.1000000015
16477  -33.170  -79.933  -13.932 0.1000000015
15164  -34.369  -80.252  -13.865 0.1000000015
13984  -34.565  -82.191  -23.631 0.1000000015
12742  -35.381  -82.198  -23.918 0.1000000015
15304  -36.291  -80.771  -22.246 0.1000000015
16490  -31.039  -79.631  -14.521 0.1000000015
13983  -33.945  -81.506  -23.724 0.1000000015
17882  -37.466  -78.756  -23.107 0.1000000015
17783  -30.173  -78.890  -16.523 0.1000000015
16505  -30.411  -79.511  -15.305 0.1000000015
15288  -32.118  -80.165  -21.139 0.1000000015
13982  -33.325  -81.126  -23.282 0.1000000015
16573  -31.744  -79.453  -19.764 0.1000000015
19023  -30.248  -78.076  -18.054 0.1000000015
19040  -31.248  -78.264  -18.966 0.1000000015
16491  -32.233  -79.622  -14.410 0.1000000015
13964  -33.702  -81.701  -22.769 0.1000000015
17866  -36.344  -78.507  -21.883 0.1000000015
15289  -32.340  -80.606  -21.861 0.1000000015
17817  -31.326  -78.618  -18.547 0.1000000015
17784  -30.720  -78.752  -16.727 0.1000000015
17797  -30.719  -78.495  -17.575 0.1000000015
11592  -35.754  -83.282  -22.129 0.1000000015
12704  -33.277  -81.929  -21.554 0.1000000015
16506  -31.392  -79.392  -15.281 0.1000000015
15270  -32.074  -80.210  -20.217 0.1000000015
15271  -32.292  -80.955  -20.733 0.1000000015
17833  -31.486  -78.704  -19.271 0.1000000015
16523  -30.631  -79.154  -16.018 0.1000000015
17798  -31.378  -78.939  -17.847 0.1000000015
16556  -31.761  -79.641  -18.590 0.1000000015
12715  -34.190  -82.229  -22.686 0.1000000015
11591  -35.295  -83.323  -21.803 0.1000000015
13933  -32.817  -81.722  -20.246 0.1000000015
12691  -33.224  -82.180  -20.991 0.1000000015
16507  -32.550  -79.592  -15.450 0.1000000015
15232  -32.104  -80.618  -18.803 0.1000000015
15251  -32.315  -81.014  -19.574 0.1000000015
15250  -31.985  -80.224  -19.359 0.1000000015
17785  -31.338  -78.908  -17.086 0.1000000015
11587  -35.817  -83.558  -21.269 0.1000000015
12692  -33.992  -82.432  -20.608 0.1000000015
13918  -32.813  -81.544  -19.288 0.1000000015
13934  -33.336  -82.161  -20.328 0.1000000015
16538  -31.941  -79.725  -17.367 0.1000000015
16524  -31.595  -79.360  -16.292 0.1000000015
11577  -35.630  -83.363  -20.431 0.1000000015
15163  -33.095  -80.340  -13.191 0.1000000015
15166  -36.094  -80.097  -13.230 0.1000000015
15165  -35.574  -80.256  -13.679 0.1000000015
15151  -35.132  -80.679  -13.022 0.1000000015
13855  -28.902  -81.001  -15.981 0.1000000015
17815  -29.603  -77.969  -18.185 0.1000000015
17832  -28.278  -78.107  -19.163 0.1000000015
20355  -28.800  -76.864  -19.925 0.1000000015
19059  -29.556  -77.161  -19.650 0.1000000015
20373  -30.036  -76.493  -20.597 0.1000000015
20405  -31.466  -77.253  -22.318 0.1000000015
19136  -31.612  -77.905  -23.941 0.1000000015
15190  -29.395  -80.491  -15.499 0.1000000015
15302  -32.415  -80.475  -22.674 0.1000000015
16474  -30.738  -80.088  -14.095 0.1000000015
12716  -34.874  -82.735  -22.799 0.1000000015
13963  -32.884  -81.114  -22.535 0.1000000015
12705  -33.933  -82.214  -21.853 0.1000000015
12706  -34.711  -82.943  -21.489 0.1000000015
15152  -36.056  -80.646  -12.900 0.1000000015
8524  -29.729  -86.223  -34.390 0.1000000015
8523  -29.252  -86.305  -34.558 0.1000000015
11758  -29.486  -83.594  -36.466 0.1000000015
10726  -29.135  -84.255  -36.801 0.1000000015
11751  -29.911  -84.042  -35.560 0.1000000015
10692  -30.121  -84.952  -35.547 0.1000000015
7530  -29.036  -86.966  -35.724 0.1000000015
11766  -29.209  -83.361  -37.552 0.1000000015
12950  -30.141  -82.584  -38.300 0.1000000015
12951  -30.949  -81.822  -38.781 0.1000000015
8510  -30.071  -86.139  -33.934 0.1000000015
9591  -29.512  -85.846  -34.208 0.1000000015
10671  -29.220  -85.352  -34.252 0.1000000015
8525  -30.181  -86.119  -34.280 0.1000000015
9616  -29.953  -85.652  -35.343 0.1000000015
8544  -30.005  -86.312  -34.616 0.1000000015
9590  -28.767  -85.934  -34.602 0.1000000015
9635  -29.437  -86.105  -35.922 0.1000000015
12915  -29.801  -82.834  -36.361 0.1000000015
12932  -30.732  -82.145  -37.672 0.1000000015
12933  -31.240  -81.700  -38.027 0.1000000015
12952  -31.310  -81.388  -38.343 0.1000000015
16737  -29.468  -79.579  -30.573 0.1000000015
15448  -29.145  -81.231  -32.223 0.1000000015
15406  -30.377  -80.734  -30.922 0.1000000015
10653  -30.270  -85.198  -33.167 0.1000000015
10652  -29.700  -85.010  -33.409 0.1000000015
11728  -29.451  -83.688  -33.396 0.1000000015
12871  -29.433  -82.938  -33.227 0.1000000015
12855  -29.204  -82.340  -32.944 0.1000000015
14121  -29.777  -81.819  -32.197 0.1000000015
9571  -30.484  -85.459  -33.478 0.1000000015
9572  -31.203  -85.234  -33.228 0.1000000015
10651  -29.129  -84.247  -33.811 0.1000000015
10693  -30.600  -84.968  -34.869 0.1000000015
9617  -30.230  -85.966  -34.634 0.1000000015
12931  -29.752  -82.613  -37.168 0.1000000015
16738  -30.478  -79.644  -30.413 0.1000000015
15429  -29.450  -80.852  -31.703 0.1000000015
18005  -30.455  -78.993  -30.256 0.1000000015
12856  -30.086  -83.031  -32.744 0.1000000015
14122  -30.463  -82.618  -31.973 0.1000000015
11713  -30.059  -84.081  -32.914 0.1000000015
10637  -30.277  -84.522  -32.833 0.1000000015
12900  -29.773  -83.294  -35.964 0.1000000015
12901  -30.247  -82.801  -35.695 0.1000000015
12916  -30.262  -82.224  -36.688 0.1000000015
9592  -30.952  -85.494  -33.997 0.1000000015
15405  -29.093  -80.075  -31.091 0.1000000015
15430  -30.172  -81.171  -31.426 0.1000000015
10672  -31.106  -84.949  -34.259 0.1000000015
15447  -28.481  -80.895  -32.208 0.1000000015
10638  -30.634  -84.930  -32.819 0.1000000015
10639  -31.391  -84.691  -32.663 0.1000000015
15428  -28.188  -80.112  -31.451 0.1000000015
11729  -32.138  -83.868  -32.875 0.1000000015
11715  -32.293  -83.701  -32.612 0.1000000015
14124  -32.450  -82.098  -32.043 0.1000000015
14101  -30.748  -81.822  -31.409 0.1000000015
12857  -30.536  -83.235  -32.056 0.1000000015
11696  -31.148  -83.833  -31.671 0.1000000015
11697  -31.806  -83.652  -31.245 0.1000000015
10640  -32.078  -84.335  -32.463 0.1000000015
10626  -32.293  -84.141  -32.043 0.1000000015
12838  -31.506  -83.242  -30.881 0.1000000015
12837  -30.975  -83.210  -31.427 0.1000000015
11685  -32.295  -83.295  -30.726 0.1000000015
10624  -31.278  -84.252  -32.077 0.1000000015
12873  -32.178  -82.909  -32.744 0.1000000015
10625  -31.941  -84.286  -31.939 0.1000000015
8509  -29.848  -86.223  -34.033 0.1000000015
8543  -29.603  -86.592  -35.079 0.1000000015
8560  -29.205  -86.742  -35.810 0.1000000015
9554  -30.715  -85.274  -33.079 0.1000000015
9555  -30.941  -85.264  -32.961 0.1000000015
9570  -29.935  -85.944  -33.847 0.1000000015
10655  -32.077  -84.249  -32.751 0.1000000015
11586  -35.327  -83.311  -21.075 0.1000000015
11698  -32.345  -83.728  -31.631 0.1000000015
11714  -30.589  -83.955  -32.229 0.1000000015
11716  -32.362  -83.729  -32.280 0.1000000015
11730  -32.214  -84.082  -32.598 0.1000000015
12728  -35.039  -82.369  -23.838 0.1000000015
12729  -35.457  -82.351  -23.553 0.1000000015
12741  -35.253  -82.047  -24.064 0.1000000015
12858  -32.237  -83.378  -32.674 0.1000000015
12859  -32.426  -82.935  -32.296 0.1000000015
13886  -40.167  -81.898  -16.940 0.2000000030
13948  -32.772  -81.546  -21.424 0.1000000015
13949  -33.307  -81.688  -22.017 0.1000000015
13965  -34.239  -82.138  -23.189 0.1000000015
13999  -34.322  -81.130  -24.019 0.1000000015
14002  -36.192  -81.607  -23.884 0.1000000015
14100  -30.049  -81.389  -31.687 0.1000000015
14186  -30.738  -81.809  -36.245 0.1000000015
15180  -41.550  -80.143  -14.996 0.2000000030
15189  -29.063  -80.480  -15.989 0.1000000015
15191  -41.176  -80.425  -15.469 0.2000000030
15291  -36.761  -80.712  -21.376 0.1000000015
15303  -36.295  -80.439  -21.827 0.1000000015
15314  -33.443  -80.870  -23.640 0.1000000015
15332  -37.256  -80.416  -23.888 0.1000000015
15404  -28.571  -79.873  -31.108 0.1000000015
16488  -29.777  -80.180  -15.050 0.1000000015
16496  -41.870  -79.635  -14.816 0.2000000030
16512  -41.963  -79.871  -15.209 0.2000000030
16530  -41.791  -79.797  -16.019 0.3000000119
16531  -42.171  -79.281  -15.966 0.2000000030
16580  -40.399  -80.098  -18.688 0.3000000119
16593  -39.445  -79.649  -19.878 0.3000000119
16605  -32.241  -80.161  -22.394 0.1000000015
16606  -36.279  -80.150  -21.784 0.1000000015
16643  -38.431  -79.563  -23.974 0.1000000015
16652  -31.800  -79.222  -23.947 0.1000000015
17741  -43.192  -77.939  -12.746 0.3000000119
17754  -42.148  -78.607  -13.554 0.3000000119
17766  -41.410  -79.283  -14.712 0.2000000030
17816  -30.954  -78.465  -18.144 0.1000000015
17852  -38.708  -79.008  -20.195 0.3000000119
17894  -31.683  -78.772  -23.577 0.1000000015
17915  -38.269  -78.856  -24.328 0.1000000015
17943  -37.160  -78.430  -28.077 0.1000000015
17989  -38.196  -77.942  -29.038 0.2000000030
19005  -43.230  -77.116  -15.144 0.3000000119
19024  -30.630  -78.286  -18.121 0.1000000015
19142  -39.847  -77.353  -24.306 0.2000000030
19207  -39.182  -77.446  -28.302 0.2000000030
19323  -35.341  -77.454  -35.544 0.1000000015
20300  -40.224  -77.301  -15.179 0.3000000119
20374  -30.682  -76.657  -20.732 0.1000000015
20377  -37.809  -77.298  -20.125 0.5000000000
20426  -40.421  -77.091  -24.043 0.2000000030
20444  -40.371  -76.692  -24.423 0.2000000030
20457  -38.562  -76.254  -25.490 0.1000000015
20536  -38.306  -76.980  -29.263 0.1000000015
20620  -35.877  -76.643  -35.719 0.1000000015
21603  -37.964  -74.611  -12.625 0.3000000119
21628  -44.914  -74.656  -13.449 0.3000000119
21689  -42.318  -75.525  -18.161 0.4000000060
21769  -39.342  -76.204  -23.996 0.2000000030
21791  -40.685  -76.136  -24.902 0.3000000119
21991  -35.861  -75.701  -37.993 0.1000000015
22012  -35.825  -75.415  -38.579 0.1000000015
22031  -34.700  -75.195  -39.722 0.1000000015
22033  -36.007  -74.965  -39.038 0.1000000015
22960  -40.484  -74.322  -12.854 0.3000000119
22983  -40.610  -74.079  -13.012 0.3000000119
22985  -44.893  -74.547  -13.704 0.3000000119
23018  -44.224  -74.617  -15.072 0.3000000119
23030  -37.846  -74.290  -16.484 0.1000000015
23046  -42.760  -74.905  -17.638 0.4000000060
23088  -42.476  -73.753  -20.146 0.5000000000
23096  -36.979  -75.264  -21.896 0.5000000000
23139  -38.130  -74.268  -23.979 0.2000000030
23140  -38.533  -74.553  -24.178 0.3000000119
23344  -37.401  -73.488  -37.163 0.1000000015
23362  -33.626  -73.763  -38.290 0.1000000015
23380  -33.455  -73.711  -38.458 0.1000000015
23381  -33.678  -73.733  -38.537 0.1000000015
23419  -35.145  -74.022  -40.122 0.1000000015
24325  -35.824  -73.052  -13.101 0.1000000015
24335  -45.541  -73.501  -12.220 0.2000000030
24351  -35.798  -72.948  -13.368 0.1000000015
24353  -36.782  -73.589  -13.791 0.1000000015
24354  -40.454  -73.915  -12.931 0.3000000119
24355  -40.766  -73.858  -13.019 0.3000000119
24374  -36.275  -73.082  -14.363 0.1000000015
24389  -35.968  -73.013  -15.787 0.1000000015
24390  -36.373  -73.063  -15.494 0.1000000015
24393  -44.947  -73.132  -14.818 0.3000000119
24454  -37.685  -73.436  -21.753 0.5000000000
24456  -41.749  -73.031  -21.195 0.4000000060
24493  -38.144  -73.799  -24.110 0.2000000030
24626  -34.179  -73.095  -34.296 0.1000000015
24646  -34.257  -73.118  -34.785 0.1000000015
24685  -37.256  -73.834  -36.424 0.1000000015
24702  -33.304  -73.727  -37.785 0.1000000015
24716  -32.195  -73.232  -38.524 0.1000000015
24721  -37.161  -72.710  -38.032 0.1000000015
24765  -35.214  -73.821  -40.001 0.1000000015
25708  -45.049  -72.600  -10.150 0.2000000030
25739  -35.844  -72.848  -12.854 0.1000000015
25805  -35.737  -72.832  -15.549 0.1000000015
25816  -35.213  -72.878  -16.031 0.1000000015
25856  -40.245  -72.909  -20.866 0.6000000238
25858  -43.035  -72.747  -20.930 0.5000000000
25915  -38.427  -73.035  -24.390 0.3000000119
25928  -38.850  -72.667  -24.830 0.4000000060
25968  -39.162  -72.549  -29.268 0.1000000015
25991  -33.703  -72.184  -30.108 0.1000000015
25992  -34.331  -71.943  -30.012 0.1000000015
26045  -32.149  -72.133  -33.193 0.1000000015
26063  -32.186  -72.105  -33.655 0.1000000015
26069  -37.736  -71.974  -33.909 0.1000000015
26109  -34.864  -72.859  -34.976 0.1000000015
26110  -35.606  -72.394  -35.523 0.1000000015
26132  -36.556  -71.943  -36.741 0.1000000015
26146  -31.816  -72.388  -37.636 0.1000000015
26150  -37.303  -72.150  -37.532 0.1000000015
27114  -41.220  -71.806  -11.265 0.1000000015
27138  -40.923  -71.794  -11.787 0.1000000015
27141  -44.777  -72.282  -12.440 0.3000000119
27162  -43.938  -71.812  -13.749 0.3000000119
27178  -33.395  -72.034  -14.209 0.1000000015
27332  -32.732  -71.048  -28.547 0.1000000015
27333  -33.026  -71.219  -28.339 0.1000000015
27334  -33.654  -71.331  -28.280 0.1000000015
27385  -36.085  -70.967  -30.031 0.1000000015
27388  -40.414  -70.327  -29.921 0.1000000015
27406  -35.078  -71.704  -30.434 0.1000000015
27443  -37.972  -71.490  -32.959 0.2000000030
27470  -32.076  -72.111  -34.354 0.1000000015
27507  -36.950  -71.622  -36.963 0.1000000015
27521  -37.090  -71.766  -37.263 0.1000000015
28461  -40.113  -70.535  -11.031 0.1000000015
28565  -38.202  -70.173  -17.489 0.3000000119
28578  -37.733  -70.213  -17.812 0.3000000119
28615  -41.612  -69.474  -21.027 0.5000000000
28628  -39.646  -70.964  -22.982 0.5000000000
28648  -38.935  -71.072  -23.903 0.5000000000
28687  -37.367  -69.906  -25.856 0.1000000015
28716  -42.042  -69.599  -28.464 0.2000000030
28725  -34.819  -71.347  -28.600 0.1000000015
28755  -35.887  -70.951  -29.574 0.1000000015
28759  -40.040  -70.224  -30.265 0.1000000015
28790  -40.933  -69.057  -30.403 0.1000000015
28809  -31.887  -70.893  -31.828 0.1000000015
28831  -31.871  -70.892  -32.481 0.1000000015
28849  -38.021  -71.076  -33.013 0.2000000030
29852  -40.217  -69.910  -10.057 0.1000000015
29868  -39.390  -69.907  -11.007 0.1000000015
29980  -36.815  -69.337  -17.256 0.2000000030
29983  -39.146  -69.809  -16.719 0.3000000119
29996  -35.648  -68.544  -18.597 0.2000000030
30014  -42.544  -68.917  -21.150 0.5000000000
30015  -43.902  -69.824  -21.842 0.5000000000
30026  -41.552  -70.229  -22.989 0.5000000000
30085  -36.283  -69.638  -25.176 0.1000000015
30101  -32.780  -69.419  -26.662 0.1000000015
30103  -37.877  -69.755  -25.998 0.1000000015
30127  -37.968  -69.927  -27.892 0.1000000015
30177  -41.179  -68.821  -30.163 0.1000000015
31207  -41.100  -69.119  -12.092 0.1000000015
31254  -38.672  -68.692  -15.285 0.1000000015
31265  -36.741  -68.639  -16.524 0.2000000030
31307  -44.458  -68.683  -22.491 0.4000000060
31318  -44.641  -68.425  -22.967 0.4000000060
31335  -43.699  -68.674  -23.706 0.4000000060
31347  -33.710  -68.456  -25.153 0.1000000015
31349  -34.998  -68.302  -24.449 0.1000000015
31354  -42.224  -68.931  -24.338 0.5000000000
31357  -44.233  -67.721  -24.903 0.4000000060
31368  -33.045  -68.848  -25.984 0.1000000015
31376  -44.168  -67.487  -25.427 0.3000000119
31388  -33.127  -68.111  -26.249 0.1000000015
31438  -40.927  -68.669  -29.356 0.1000000015
31462  -41.007  -68.564  -29.920 0.1000000015
31499  -33.198  -67.968  -32.704 0.1000000015
31517  -33.117  -68.594  -33.295 0.1000000015
32537  -34.995  -67.031  -16.753 0.1000000015
32566  -34.445  -66.703  -17.861 0.1000000015
32598  -44.393  -68.228  -22.417 0.4000000060
32650  -34.353  -67.571  -24.875 0.1000000015
32669  -33.700  -67.839  -25.402 0.1000000015
32675  -44.437  -67.204  -25.222 0.4000000060
32688  -33.036  -67.999  -26.503 0.1000000015
32690  -33.866  -67.092  -26.246 0.1000000015
32693  -43.603  -67.293  -26.410 0.3000000119
32728  -33.227  -67.192  -28.065 0.1000000015
32729  -42.445  -67.773  -27.798 0.2000000030
32730  -42.465  -68.069  -27.889 0.2000000030
33847  -38.101  -66.696  -13.118 0.1000000015
33866  -37.381  -66.967  -14.231 0.1000000015
33955  -39.069  -65.954  -21.764 0.2000000030
33991  -43.865  -66.475  -24.122 0.3000000119
34009  -43.565  -65.901  -24.509 0.2000000030
34011  -44.465  -66.787  -24.674 0.3000000119
34030  -44.302  -66.573  -25.439 0.2000000030
34042  -34.304  -66.699  -26.415 0.1000000015
34063  -43.367  -66.847  -27.093 0.3000000119
34064  -43.579  -67.007  -26.779 0.3000000119
34130  -32.837  -67.152  -31.420 0.1000000015
35411  -43.831  -65.891  -25.519 0.1000000015
35461  -35.104  -65.413  -28.704 0.1000000015
36755  -33.794  -63.997  -16.973 0.1000000015
36768  -33.849  -63.934  -17.222 0.1000000015
36961  -37.514  -64.230  -31.311 0.1000000015
38208  -33.866  -63.858  -16.786 0.1000000015
38209  -33.986  -63.470  -16.680 0.1000000015
38238  -34.973  -63.729  -19.787 0.1000000015
38244  -34.777  -63.164  -19.885 0.1000000015
38255  -35.746  -63.150  -21.031 0.1000000015
38379  -36.094  -64.095  -29.723 0.1000000015
38412  -37.334  -63.583  -31.629 0.1000000015
38413  -37.908  -63.927  -31.807 0.1000000015
38441  -39.026  -63.507  -33.082 0.1000000015
39557  -34.387  -62.660  -15.989 0.1000000015
39622  -34.922  -61.965  -19.451 0.1000000015
39803  -33.824  -62.729  -32.421 0.1000000015
39804  -34.481  -62.256  -32.039 0.1000000015
39821  -34.082  -62.093  -32.659 0.1000000015
40909  -34.910  -61.804  -15.453 0.1000000015
40910  -35.115  -61.593  -15.226 0.1000000015
41012  -35.784  -61.110  -19.004 0.1000000015
41211  -34.941  -61.664  -32.312 0.1000000015
41213  -39.642  -60.897  -32.136 0.1000000015
41242  -34.914  -61.018  -33.522 0.1000000015
42372  -35.453  -60.862  -18.276 0.1000000015
42612  -35.639  -60.876  -33.222 0.1000000015
42618  -41.527  -60.796  -32.237 0.1000000015
44062  -39.157  -59.241  -31.041 0.1000000015
44063  -39.797  -59.146  -31.022 0.1000000015
44094  -41.906  -60.529  -32.289 0.1000000015
44105  -35.050  -59.640  -33.991 0.1000000015
45550  -38.781  -58.972  -30.884 0.1000000015
45552  -39.945  -58.619  -30.962 0.1000000015
