#!ascii label  , from subject 3132 vox2ras=TkReg
959
41856  29.219  -61.535  43.014 0.0000000000
67841  41.729  -41.039  38.065 0.0000000000
71339  52.685  -38.013  34.060 0.0000000000
53774  48.955  -52.681  37.376 0.0000000000
41962  35.837  -61.824  37.511 0.0000000000
38985  32.457  -62.582  39.319 0.0000000000
71318  46.393  -38.496  37.403 0.0000000000
67752  46.456  -41.299  42.381 0.0000000000
44817  46.345  -58.810  37.077 0.0000000000
39017  40.256  -62.945  37.665 0.0000000000
82676  56.027  -27.399  29.073 0.0000000000
74738  52.566  -34.657  30.772 0.0000000000
53806  45.679  -52.705  36.515 0.0000000000
58703  45.430  -47.782  40.733 0.0000000000
41923  32.209  -61.175  39.895 0.0000000000
40426  30.998  -62.109  41.467 0.0000000000
70197  44.122  -39.541  38.211 0.0000000000
70166  46.678  -39.321  40.313 0.0000000000
67798  43.744  -40.946  40.405 0.0000000000
43438  45.402  -59.526  35.465 0.0000000000
37609  35.924  -63.019  37.497 0.0000000000
40496  38.136  -62.404  36.981 0.0000000000
36380  37.805  -63.552  36.811 0.0000000000
82667  53.969  -28.079  29.644 0.0000000000
79426  54.527  -30.620  28.588 0.0000000000
79412  54.221  -30.462  30.269 0.0000000000
71382  49.452  -37.599  33.696 0.0000000000
73635  50.311  -35.976  30.867 0.0000000000
72534  53.346  -36.469  32.289 0.0000000000
73650  54.813  -35.232  30.510 0.0000000000
70300  53.480  -37.692  31.003 0.0000000000
48915  48.620  -55.732  37.131 0.0000000000
48935  46.608  -55.852  37.042 0.0000000000
52536  47.521  -53.030  38.415 0.0000000000
56205  45.721  -49.643  39.218 0.0000000000
54859  47.790  -50.130  39.836 0.0000000000
59858  47.128  -47.672  40.489 0.0000000000
57528  48.590  -49.578  38.267 0.0000000000
40469  34.656  -62.072  38.428 0.0000000000
71367  46.909  -37.845  34.405 0.0000000000
71326  49.523  -38.389  36.449 0.0000000000
71281  49.162  -38.157  38.942 0.0000000000
67793  48.282  -40.028  40.187 0.0000000000
38977  44.772  -61.606  39.713 0.0000000000
41975  45.847  -60.864  37.505 0.0000000000
44858  48.126  -58.385  36.022 0.0000000000
51425  48.654  -54.432  35.483 0.0000000000
54986  48.157  -51.786  35.650 0.0000000000
40467  42.558  -61.665  38.950 0.0000000000
39032  42.051  -63.103  37.327 0.0000000000
82729  54.852  -27.490  26.748 0.0000000000
78253  51.988  -32.162  29.830 0.0000000000
77072  55.664  -32.920  31.032 0.0000000000
74804  54.239  -34.369  28.105 0.0000000000
63214  43.442  -44.420  40.369 0.0000000000
63181  45.026  -44.436  42.451 0.0000000000
63212  46.527  -44.666  41.144 0.0000000000
38949  29.781  -61.977  42.354 0.0000000000
41855  30.310  -61.408  42.239 0.0000000000
38957  30.015  -62.129  41.683 0.0000000000
67839  42.725  -40.136  38.268 0.0000000000
69012  43.662  -39.958  38.868 0.0000000000
67826  42.571  -40.985  38.935 0.0000000000
37608  36.844  -63.272  37.167 0.0000000000
80562  53.026  -29.586  29.451 0.0000000000
80552  54.063  -29.498  30.147 0.0000000000
80553  53.419  -29.819  30.047 0.0000000000
71362  51.205  -37.786  34.487 0.0000000000
72517  51.713  -37.162  32.930 0.0000000000
72498  52.434  -37.263  33.100 0.0000000000
72532  54.306  -36.919  32.232 0.0000000000
50161  49.298  -54.246  37.409 0.0000000000
50163  48.075  -54.611  37.686 0.0000000000
52534  48.506  -53.019  38.435 0.0000000000
53732  47.774  -52.176  39.230 0.0000000000
53730  48.141  -51.353  39.203 0.0000000000
56215  48.372  -50.018  39.065 0.0000000000
56245  48.689  -50.714  37.770 0.0000000000
41921  33.312  -61.614  39.061 0.0000000000
38984  33.259  -62.445  39.194 0.0000000000
37595  34.030  -62.842  38.550 0.0000000000
70217  45.771  -38.624  36.489 0.0000000000
71369  45.183  -38.349  34.473 0.0000000000
70216  46.415  -38.361  35.709 0.0000000000
72480  48.156  -38.225  34.970 0.0000000000
71328  47.893  -38.347  36.566 0.0000000000
71315  49.130  -38.346  37.359 0.0000000000
71302  47.856  -38.300  38.321 0.0000000000
70132  46.622  -39.914  41.603 0.0000000000
70146  47.537  -39.641  40.948 0.0000000000
67778  47.295  -40.253  41.510 0.0000000000
66652  47.174  -40.722  40.560 0.0000000000
66620  46.795  -41.186  41.726 0.0000000000
39013  44.138  -61.720  38.143 0.0000000000
40480  45.417  -61.119  38.879 0.0000000000
40506  45.560  -61.369  37.264 0.0000000000
44860  47.232  -58.836  35.595 0.0000000000
48981  48.377  -56.244  35.496 0.0000000000
39018  39.575  -62.981  37.665 0.0000000000
40483  40.608  -62.229  37.956 0.0000000000
40482  41.586  -62.045  38.501 0.0000000000
38998  42.081  -62.698  38.232 0.0000000000
37605  41.607  -63.036  37.710 0.0000000000
85095  55.300  -26.350  28.947 0.0000000000
82707  55.321  -27.291  27.573 0.0000000000
78277  54.787  -31.724  28.121 0.0000000000
73651  51.410  -35.154  30.840 0.0000000000
73653  49.882  -35.163  30.609 0.0000000000
75888  51.370  -33.860  30.467 0.0000000000
77078  50.981  -33.056  30.021 0.0000000000
75887  52.495  -33.753  30.471 0.0000000000
78233  54.133  -32.419  30.505 0.0000000000
75855  54.087  -33.923  31.042 0.0000000000
72585  54.210  -36.293  29.568 0.0000000000
73689  54.490  -35.332  29.188 0.0000000000
44793  44.985  -59.620  37.762 0.0000000000
44819  45.125  -58.849  37.373 0.0000000000
51374  46.368  -54.276  36.690 0.0000000000
50206  44.804  -55.547  35.869 0.0000000000
57498  45.278  -49.011  40.399 0.0000000000
58744  44.832  -48.129  39.579 0.0000000000
58725  44.828  -47.600  40.128 0.0000000000
62112  43.343  -45.298  39.612 0.0000000000
60977  44.650  -46.101  40.802 0.0000000000
63197  44.435  -44.417  41.639 0.0000000000
60964  45.194  -46.035  41.443 0.0000000000
60982  47.450  -47.114  39.748 0.0000000000
60976  47.087  -46.227  41.011 0.0000000000
62109  46.949  -45.754  39.773 0.0000000000
63226  46.475  -44.649  40.279 0.0000000000
41899  31.809  -61.412  40.545 0.0000000000
38966  31.682  -62.253  40.275 0.0000000000
38986  31.652  -62.407  39.874 0.0000000000
38967  31.071  -62.605  41.018 0.0000000000
70206  44.855  -39.181  37.415 0.0000000000
71284  46.641  -38.805  39.083 0.0000000000
70182  45.237  -39.684  39.214 0.0000000000
68987  44.885  -40.358  40.363 0.0000000000
67780  44.847  -41.223  41.904 0.0000000000
40487  35.570  -62.100  37.824 0.0000000000
41961  36.679  -61.985  36.972 0.0000000000
40485  36.976  -62.619  37.002 0.0000000000
39035  38.098  -62.773  37.583 0.0000000000
37643  39.490  -63.375  37.278 0.0000000000
37642  40.289  -63.438  37.071 0.0000000000
37670  39.228  -63.407  36.578 0.0000000000
82665  55.365  -27.388  29.503 0.0000000000
80559  55.107  -28.663  28.515 0.0000000000
81614  54.687  -28.464  29.469 0.0000000000
79419  54.446  -30.578  29.508 0.0000000000
78263  54.658  -31.899  29.311 0.0000000000
71397  48.342  -37.329  32.829 0.0000000000
72537  50.146  -37.081  32.455 0.0000000000
72553  51.674  -36.221  31.483 0.0000000000
73632  52.928  -35.538  31.267 0.0000000000
74736  54.287  -34.520  30.839 0.0000000000
73617  54.086  -36.058  31.869 0.0000000000
71419  54.347  -37.200  30.978 0.0000000000
46220  47.522  -57.879  36.889 0.0000000000
47620  46.639  -57.614  36.874 0.0000000000
48917  47.687  -55.747  37.457 0.0000000000
50142  47.483  -54.159  37.637 0.0000000000
52552  46.769  -52.770  37.972 0.0000000000
54928  46.289  -50.798  38.262 0.0000000000
53734  46.443  -51.218  38.800 0.0000000000
54862  46.502  -50.221  39.641 0.0000000000
57496  46.474  -49.116  40.599 0.0000000000
58701  45.972  -47.743  41.252 0.0000000000
57494  47.514  -49.112  40.142 0.0000000000
58756  48.365  -48.664  39.248 0.0000000000
59906  48.081  -47.906  38.558 0.0000000000
43354  33.044  -61.033  38.988 0.0000000000
41942  33.599  -61.626  38.549 0.0000000000
41940  35.329  -61.859  38.104 0.0000000000
39004  35.370  -62.487  37.877 0.0000000000
37610  34.943  -63.002  38.181 0.0000000000
71383  48.591  -37.543  33.680 0.0000000000
72500  49.431  -37.714  34.801 0.0000000000
71342  50.519  -37.973  35.201 0.0000000000
71324  51.128  -38.683  36.332 0.0000000000
71298  50.590  -38.836  37.345 0.0000000000
69010  49.999  -39.324  38.141 0.0000000000
71262  47.889  -38.600  39.766 0.0000000000
70163  49.086  -39.079  40.148 0.0000000000
40442  44.012  -61.036  40.660 0.0000000000
41915  45.060  -61.189  39.614 0.0000000000
41937  45.436  -60.984  39.090 0.0000000000
43373  46.026  -60.009  37.292 0.0000000000
41991  46.324  -60.387  36.619 0.0000000000
41973  47.030  -60.052  36.751 0.0000000000
44790  47.697  -58.586  36.912 0.0000000000
47619  48.734  -57.195  37.015 0.0000000000
48954  48.767  -55.720  36.416 0.0000000000
52586  49.442  -53.693  36.554 0.0000000000
54969  48.976  -52.511  36.519 0.0000000000
53853  48.673  -53.215  35.578 0.0000000000
38979  43.385  -61.797  39.273 0.0000000000
39014  43.316  -62.313  38.048 0.0000000000
39052  42.738  -62.257  36.827 0.0000000000
37668  40.920  -63.269  36.751 0.0000000000
39081  42.059  -62.276  36.408 0.0000000000
83919  55.028  -26.520  26.114 0.0000000000
78264  52.309  -31.092  29.805 0.0000000000
78251  53.980  -31.273  30.434 0.0000000000
78241  54.609  -31.964  30.597 0.0000000000
77086  54.719  -33.002  29.513 0.0000000000
74752  54.788  -34.394  30.482 0.0000000000
75912  55.431  -34.029  29.494 0.0000000000
75922  54.634  -33.573  28.151 0.0000000000
47622  45.101  -57.450  36.463 0.0000000000
63241  42.400  -44.112  38.729 0.0000000000
65575  42.446  -42.593  39.286 0.0000000000
65562  43.415  -42.642  40.436 0.0000000000
65531  44.514  -42.688  41.918 0.0000000000
65501  45.173  -43.116  42.530 0.0000000000
59838  46.249  -46.455  41.857 0.0000000000
62062  46.244  -44.925  42.330 0.0000000000
65513  46.356  -42.931  41.931 0.0000000000
64361  46.314  -43.099  40.983 0.0000000000
56280  48.729  -50.899  36.510 0.0000000000
59941  47.504  -49.020  36.892 0.0000000000
40409  29.040  -61.950  43.179 0.0000000000
40408  30.052  -61.942  42.150 0.0000000000
69025  42.074  -40.505  37.688 0.0000000000
67840  42.453  -40.406  38.270 0.0000000000
67827  42.110  -41.333  38.616 0.0000000000
79427  52.382  -30.222  29.271 0.0000000000
71361  51.810  -37.763  34.306 0.0000000000
71379  51.873  -37.405  33.743 0.0000000000
71360  52.397  -37.622  33.789 0.0000000000
72496  53.040  -37.224  33.211 0.0000000000
71337  53.101  -37.869  33.611 0.0000000000
52548  49.116  -53.315  37.548 0.0000000000
51332  48.736  -53.652  37.955 0.0000000000
52549  48.794  -53.059  37.957 0.0000000000
53754  48.504  -52.237  38.643 0.0000000000
53775  48.782  -52.645  37.913 0.0000000000
54926  48.720  -51.700  37.982 0.0000000000
54925  48.799  -52.054  37.410 0.0000000000
38965  32.214  -62.145  39.739 0.0000000000
38964  32.638  -62.064  39.582 0.0000000000
37597  32.913  -63.101  39.127 0.0000000000
71329  46.855  -38.347  36.415 0.0000000000
71317  47.357  -38.373  37.436 0.0000000000
71316  48.298  -38.333  37.445 0.0000000000
68952  45.996  -40.565  42.559 0.0000000000
70131  47.057  -39.765  41.630 0.0000000000
68950  46.899  -40.725  42.102 0.0000000000
67763  46.970  -40.914  41.912 0.0000000000
67764  46.778  -41.317  41.977 0.0000000000
40508  44.237  -61.672  37.258 0.0000000000
39028  45.013  -61.650  37.486 0.0000000000
40520  44.845  -61.418  36.742 0.0000000000
40484  40.062  -62.635  37.639 0.0000000000
39001  40.307  -62.718  37.723 0.0000000000
39000  40.847  -62.630  37.938 0.0000000000
38999  41.481  -62.580  38.215 0.0000000000
37607  41.060  -62.753  37.876 0.0000000000
85103  55.986  -26.587  29.464 0.0000000000
85104  55.609  -26.373  28.753 0.0000000000
82690  56.263  -26.857  28.944 0.0000000000
83882  55.636  -26.400  27.794 0.0000000000
82691  55.939  -27.180  28.613 0.0000000000
74739  51.786  -34.721  30.836 0.0000000000
74755  51.246  -34.629  30.642 0.0000000000
75870  51.950  -34.250  30.690 0.0000000000
75885  53.654  -33.402  30.472 0.0000000000
74753  53.529  -34.041  30.624 0.0000000000
72599  53.700  -36.190  28.787 0.0000000000
72598  54.212  -35.924  28.954 0.0000000000
44792  45.825  -59.558  37.289 0.0000000000
44818  45.717  -58.900  37.208 0.0000000000
52571  45.972  -53.323  36.619 0.0000000000
52587  45.420  -53.310  36.193 0.0000000000
57479  45.382  -48.345  40.582 0.0000000000
58724  45.199  -47.991  40.303 0.0000000000
59860  45.222  -47.242  40.689 0.0000000000
59851  45.060  -46.630  40.834 0.0000000000
60965  44.955  -46.123  41.174 0.0000000000
59850  45.369  -46.846  41.032 0.0000000000
61005  47.770  -47.174  38.760 0.0000000000
60983  47.213  -46.694  40.092 0.0000000000
60993  47.397  -46.584  39.234 0.0000000000
62122  47.101  -46.156  38.807 0.0000000000
41875  31.152  -61.482  41.471 0.0000000000
41900  31.470  -61.201  41.148 0.0000000000
40425  31.485  -61.893  41.317 0.0000000000
40447  31.759  -62.005  40.709 0.0000000000
40448  31.467  -62.417  41.016 0.0000000000
69034  43.053  -39.945  36.758 0.0000000000
69045  43.111  -39.991  36.189 0.0000000000
70207  43.824  -39.550  37.160 0.0000000000
70196  45.281  -39.401  38.439 0.0000000000
69001  44.206  -40.201  39.752 0.0000000000
68988  44.315  -40.543  40.414 0.0000000000
67796  44.975  -40.481  41.072 0.0000000000
67797  44.528  -40.852  41.117 0.0000000000
40486  36.268  -62.430  37.401 0.0000000000
39003  36.632  -62.762  37.254 0.0000000000
36365  37.463  -63.376  37.021 0.0000000000
37625  37.635  -63.267  37.143 0.0000000000
37624  38.177  -63.542  37.112 0.0000000000
39034  38.849  -63.011  37.605 0.0000000000
36378  39.177  -63.740  37.046 0.0000000000
36394  38.862  -63.589  36.915 0.0000000000
81627  53.508  -28.565  29.359 0.0000000000
82678  53.873  -27.730  29.307 0.0000000000
83854  54.832  -27.045  29.462 0.0000000000
82666  54.595  -27.664  29.490 0.0000000000
80551  54.416  -29.784  29.833 0.0000000000
79411  54.437  -30.544  30.023 0.0000000000
78250  54.520  -31.410  30.122 0.0000000000
71396  49.242  -37.400  32.982 0.0000000000
72538  49.031  -36.981  32.200 0.0000000000
71395  49.893  -37.450  33.160 0.0000000000
72536  51.264  -36.702  32.303 0.0000000000
72535  52.456  -36.471  32.009 0.0000000000
72552  52.313  -36.023  31.333 0.0000000000
73619  53.351  -36.004  31.763 0.0000000000
70277  54.143  -37.540  31.868 0.0000000000
72550  54.448  -37.011  31.911 0.0000000000
71435  54.165  -36.928  30.283 0.0000000000
71420  53.882  -37.449  30.540 0.0000000000
47596  47.935  -56.827  37.337 0.0000000000
47597  47.096  -56.974  37.279 0.0000000000
51355  47.849  -53.960  37.995 0.0000000000
50164  47.574  -54.516  37.577 0.0000000000
51334  47.596  -53.713  37.995 0.0000000000
51336  47.073  -53.446  37.748 0.0000000000
52537  47.020  -52.909  38.159 0.0000000000
53776  46.790  -52.460  38.249 0.0000000000
53757  46.833  -52.080  38.645 0.0000000000
54876  47.527  -51.228  39.385 0.0000000000
54877  46.797  -50.916  39.342 0.0000000000
54861  46.998  -50.403  39.865 0.0000000000
56193  46.499  -49.683  40.126 0.0000000000
56192  46.837  -49.817  40.255 0.0000000000
57495  47.065  -49.085  40.402 0.0000000000
56191  47.631  -49.787  40.014 0.0000000000
56227  48.566  -49.876  38.630 0.0000000000
57511  48.133  -49.253  39.569 0.0000000000
58755  48.603  -48.882  38.808 0.0000000000
59888  48.410  -48.350  38.881 0.0000000000
59920  48.326  -48.740  38.132 0.0000000000
43331  32.175  -60.963  39.869 0.0000000000
43355  32.175  -60.555  39.036 0.0000000000
43330  32.756  -60.986  39.452 0.0000000000
40470  33.694  -62.077  38.751 0.0000000000
41920  33.914  -61.909  38.465 0.0000000000
41941  34.667  -61.817  38.287 0.0000000000
40468  35.251  -62.144  38.235 0.0000000000
38982  34.996  -62.244  38.322 0.0000000000
71368  46.039  -38.044  34.443 0.0000000000
71385  46.513  -37.652  33.544 0.0000000000
72468  48.692  -38.349  35.913 0.0000000000
72501  48.770  -37.904  34.860 0.0000000000
72478  49.268  -37.974  35.257 0.0000000000
72466  49.799  -38.196  35.615 0.0000000000
71325  50.410  -38.435  36.143 0.0000000000
71300  49.458  -38.341  38.029 0.0000000000
71299  50.080  -38.587  37.696 0.0000000000
71279  50.136  -38.870  38.015 0.0000000000
70179  50.115  -39.091  38.130 0.0000000000
70180  49.575  -39.076  38.770 0.0000000000
71264  46.390  -39.217  39.652 0.0000000000
71283  47.422  -38.340  39.128 0.0000000000
71263  47.063  -38.802  39.761 0.0000000000
68984  48.001  -39.797  40.525 0.0000000000
70145  48.423  -39.367  40.338 0.0000000000
68983  48.688  -39.482  40.105 0.0000000000
68998  49.180  -39.393  39.597 0.0000000000
67807  49.038  -39.924  39.327 0.0000000000
40464  44.443  -61.128  40.052 0.0000000000
41916  44.677  -61.189  40.492 0.0000000000
40463  44.955  -61.403  39.737 0.0000000000
40493  45.513  -61.208  38.063 0.0000000000
41957  45.568  -60.732  38.026 0.0000000000
43374  45.281  -60.390  38.297 0.0000000000
41956  46.255  -60.340  37.249 0.0000000000
42003  45.668  -60.250  36.188 0.0000000000
43437  45.658  -59.847  35.776 0.0000000000
44859  47.800  -58.694  35.951 0.0000000000
43425  47.275  -59.417  35.958 0.0000000000
43411  47.453  -59.364  36.389 0.0000000000
43393  47.498  -59.332  36.864 0.0000000000
44816  47.941  -58.560  36.838 0.0000000000
44815  48.101  -58.210  36.886 0.0000000000
46253  48.288  -58.062  36.410 0.0000000000
50222  48.587  -55.340  35.750 0.0000000000
48971  48.664  -56.181  36.072 0.0000000000
51406  48.849  -54.628  35.899 0.0000000000
51405  49.152  -54.325  36.219 0.0000000000
51424  48.980  -54.067  35.843 0.0000000000
53852  48.903  -53.360  35.773 0.0000000000
52625  48.447  -53.730  35.191 0.0000000000
40497  36.971  -62.069  36.970 0.0000000000
41960  37.521  -62.115  36.658 0.0000000000
41919  42.461  -61.008  38.887 0.0000000000
41918  42.886  -61.028  39.662 0.0000000000
40466  43.052  -61.429  39.641 0.0000000000
39015  42.517  -62.745  37.896 0.0000000000
38997  42.976  -62.373  38.590 0.0000000000
39031  42.678  -62.580  37.369 0.0000000000
37641  40.955  -63.403  36.980 0.0000000000
82728  55.250  -27.030  26.957 0.0000000000
83901  55.156  -26.859  26.680 0.0000000000
82749  54.384  -27.491  25.682 0.0000000000
80568  54.704  -29.536  28.116 0.0000000000
72556  48.672  -36.484  31.405 0.0000000000
73637  48.421  -35.910  30.785 0.0000000000
73636  49.329  -35.966  30.811 0.0000000000
77077  51.995  -32.808  30.250 0.0000000000
77088  50.668  -32.488  29.533 0.0000000000
78265  51.506  -31.580  29.407 0.0000000000
78252  52.825  -31.658  30.263 0.0000000000
77052  54.789  -32.774  31.759 0.0000000000
77061  55.461  -32.605  31.245 0.0000000000
78249  55.029  -32.280  30.121 0.0000000000
77085  55.190  -33.011  29.940 0.0000000000
73649  55.208  -34.850  30.324 0.0000000000
73705  54.246  -34.953  28.583 0.0000000000
74770  55.374  -34.509  29.695 0.0000000000
74788  54.777  -34.407  29.020 0.0000000000
75913  55.053  -33.768  29.123 0.0000000000
47621  46.265  -57.154  36.883 0.0000000000
48936  45.907  -56.285  36.562 0.0000000000
59890  44.103  -47.293  38.717 0.0000000000
62098  43.337  -44.830  40.092 0.0000000000
63240  42.641  -44.865  39.153 0.0000000000
63228  42.921  -44.277  39.649 0.0000000000
64392  42.303  -43.226  38.995 0.0000000000
64381  42.652  -43.351  39.597 0.0000000000
65563  42.843  -42.688  39.902 0.0000000000
64380  43.182  -43.528  40.194 0.0000000000
63182  44.690  -44.696  42.111 0.0000000000
64344  44.413  -43.479  41.788 0.0000000000
64343  44.761  -43.355  42.323 0.0000000000
65516  44.971  -42.716  42.563 0.0000000000
63163  45.428  -44.172  42.456 0.0000000000
58700  46.401  -47.562  41.102 0.0000000000
59848  46.044  -46.953  41.477 0.0000000000
59847  46.327  -46.706  41.498 0.0000000000
62096  46.893  -45.398  40.913 0.0000000000
62080  46.423  -45.374  41.701 0.0000000000
63195  46.305  -44.545  41.907 0.0000000000
64327  46.082  -44.270  42.344 0.0000000000
64342  46.368  -43.697  41.678 0.0000000000
65529  46.381  -42.690  41.620 0.0000000000
64360  46.396  -43.411  41.290 0.0000000000
63227  46.029  -43.865  40.314 0.0000000000
54985  48.709  -52.054  36.150 0.0000000000
56281  48.120  -51.046  36.016 0.0000000000
41876  30.834  -60.840  41.965 0.0000000000
41854  30.968  -61.614  41.624 0.0000000000
38956  30.712  -62.215  41.421 0.0000000000
40427  30.501  -62.037  41.580 0.0000000000
69035  42.312  -40.316  36.957 0.0000000000
69024  42.875  -39.822  37.961 0.0000000000
67825  42.984  -40.343  38.578 0.0000000000
67810  43.444  -40.628  39.356 0.0000000000
67811  43.244  -41.276  39.712 0.0000000000
37626  36.535  -63.216  37.048 0.0000000000
36381  37.134  -63.294  36.657 0.0000000000
81615  54.091  -28.569  29.742 0.0000000000
80561  53.659  -29.214  29.808 0.0000000000
79413  53.565  -30.484  30.315 0.0000000000
71381  50.266  -37.613  33.633 0.0000000000
72518  50.802  -37.115  33.103 0.0000000000
71380  51.084  -37.532  33.729 0.0000000000
72516  52.605  -37.123  32.903 0.0000000000
72515  53.352  -36.900  32.694 0.0000000000
71394  53.847  -37.372  32.441 0.0000000000
50185  48.886  -55.367  37.031 0.0000000000
48916  48.281  -55.714  37.373 0.0000000000
50162  48.774  -54.567  37.484 0.0000000000
51333  48.403  -53.559  38.192 0.0000000000
52535  48.063  -52.961  38.689 0.0000000000
52519  47.789  -52.623  38.914 0.0000000000
52518  47.974  -52.488  39.114 0.0000000000
53731  48.136  -52.039  39.310 0.0000000000
54874  48.095  -50.581  39.276 0.0000000000
54899  48.321  -51.098  38.793 0.0000000000
56228  48.512  -50.578  38.428 0.0000000000
56244  48.584  -50.118  38.200 0.0000000000
41922  32.916  -61.162  39.453 0.0000000000
40445  32.945  -61.862  39.456 0.0000000000
38983  34.390  -62.401  38.453 0.0000000000
70232  45.080  -38.675  35.243 0.0000000000
70231  45.893  -38.247  35.247 0.0000000000
71346  46.418  -37.909  34.982 0.0000000000
71345  46.950  -37.973  35.305 0.0000000000
71344  47.809  -38.275  35.544 0.0000000000
71343  48.335  -38.377  35.966 0.0000000000
71327  48.720  -38.373  36.523 0.0000000000
71301  48.757  -38.151  38.274 0.0000000000
70148  46.221  -39.912  40.885 0.0000000000
70165  47.427  -39.176  40.348 0.0000000000
70147  46.944  -39.489  41.077 0.0000000000
70130  47.265  -39.850  41.504 0.0000000000
68985  47.581  -40.029  41.132 0.0000000000
67809  47.905  -40.408  40.235 0.0000000000
67794  47.562  -40.330  40.843 0.0000000000
66636  46.901  -40.964  41.199 0.0000000000
66653  46.478  -41.569  40.874 0.0000000000
38995  44.756  -61.370  38.991 0.0000000000
39012  45.044  -61.602  38.015 0.0000000000
44862  46.076  -59.066  35.289 0.0000000000
46287  47.784  -57.753  35.443 0.0000000000
46268  48.210  -57.901  35.878 0.0000000000
47669  48.109  -56.998  35.363 0.0000000000
48982  47.973  -56.258  34.973 0.0000000000
39019  38.503  -62.841  37.441 0.0000000000
40511  39.198  -61.820  37.156 0.0000000000
40495  39.601  -62.369  37.436 0.0000000000
40509  40.433  -61.541  37.646 0.0000000000
41939  40.762  -61.778  38.012 0.0000000000
38980  42.691  -62.077  38.900 0.0000000000
38981  42.083  -62.233  38.557 0.0000000000
39016  41.983  -63.071  37.731 0.0000000000
73634  51.161  -35.741  31.088 0.0000000000
73652  50.768  -35.208  30.697 0.0000000000
74756  50.507  -34.465  30.503 0.0000000000
75889  50.300  -33.712  30.151 0.0000000000
78243  53.533  -32.323  30.451 0.0000000000
77076  53.077  -32.874  30.254 0.0000000000
77053  54.500  -32.982  30.851 0.0000000000
75853  55.021  -33.285  32.181 0.0000000000
72570  54.558  -36.285  30.472 0.0000000000
73671  55.012  -35.387  29.892 0.0000000000
73690  54.002  -35.585  28.590 0.0000000000
43375  44.836  -60.036  38.480 0.0000000000
50187  46.333  -55.294  36.815 0.0000000000
50205  45.724  -55.368  36.270 0.0000000000
56195  45.585  -49.488  39.742 0.0000000000
57521  45.323  -49.196  39.073 0.0000000000
58743  44.910  -48.756  40.053 0.0000000000
59876  44.492  -47.157  39.817 0.0000000000
60995  43.712  -46.091  38.854 0.0000000000
60985  44.368  -46.190  40.109 0.0000000000
62097  44.014  -45.258  40.409 0.0000000000
63213  44.091  -44.495  40.877 0.0000000000
62083  44.544  -45.359  41.349 0.0000000000
62066  44.615  -45.007  41.848 0.0000000000
62065  44.919  -45.373  42.003 0.0000000000
59874  47.365  -47.654  40.235 0.0000000000
60984  47.039  -47.034  40.499 0.0000000000
60975  47.152  -46.194  40.631 0.0000000000
62095  46.971  -45.703  40.640 0.0000000000
63211  46.688  -45.128  40.625 0.0000000000
63225  46.807  -45.334  40.351 0.0000000000
43310  31.813  -61.107  40.438 0.0000000000
40446  32.152  -61.826  39.896 0.0000000000
38987  30.943  -62.669  40.256 0.0000000000
70218  44.514  -39.123  36.261 0.0000000000
70205  45.665  -38.903  37.755 0.0000000000
71303  46.926  -38.444  38.330 0.0000000000
70195  45.703  -39.132  38.202 0.0000000000
71286  45.546  -39.484  38.897 0.0000000000
70181  45.614  -39.573  39.573 0.0000000000
70183  44.492  -39.718  39.071 0.0000000000
70168  45.219  -39.946  39.792 0.0000000000
70149  45.540  -40.007  40.397 0.0000000000
68986  45.485  -40.343  41.019 0.0000000000
68967  45.936  -40.341  41.861 0.0000000000
67766  45.361  -41.197  42.439 0.0000000000
42005  44.433  -60.809  36.157 0.0000000000
40498  36.099  -61.946  37.499 0.0000000000
39002  37.582  -62.775  37.162 0.0000000000
39020  37.587  -62.984  37.295 0.0000000000
37623  39.976  -63.084  37.549 0.0000000000
37622  40.548  -63.037  37.565 0.0000000000
37695  39.717  -63.247  36.178 0.0000000000
83853  55.398  -26.909  29.564 0.0000000000
82664  55.900  -27.215  29.634 0.0000000000
81625  55.540  -27.950  28.960 0.0000000000
81613  55.433  -27.697  29.357 0.0000000000
81626  55.161  -28.288  29.257 0.0000000000
80560  54.819  -29.207  29.091 0.0000000000
72539  48.062  -37.106  31.952 0.0000000000
72555  49.709  -36.514  31.545 0.0000000000
72554  50.720  -36.380  31.632 0.0000000000
73633  51.978  -35.406  31.143 0.0000000000
74737  53.649  -34.490  30.887 0.0000000000
73631  53.768  -35.341  31.428 0.0000000000
73630  54.218  -35.725  31.489 0.0000000000
72533  54.041  -36.382  32.202 0.0000000000
72551  54.460  -36.517  31.480 0.0000000000
72586  53.330  -36.722  29.230 0.0000000000
46221  46.841  -58.120  36.825 0.0000000000
46242  46.241  -58.182  36.850 0.0000000000
47598  46.800  -56.455  37.177 0.0000000000
48918  47.133  -55.738  37.365 0.0000000000
50186  46.621  -55.167  37.136 0.0000000000
50166  46.671  -54.703  37.098 0.0000000000
52553  46.589  -53.105  37.366 0.0000000000
53791  46.225  -52.268  37.036 0.0000000000
53792  46.337  -51.670  37.435 0.0000000000
53777  46.512  -51.924  38.024 0.0000000000
54927  46.451  -51.167  38.477 0.0000000000
54902  46.259  -50.909  38.750 0.0000000000
54901  47.109  -51.663  39.100 0.0000000000
53733  46.601  -51.320  39.006 0.0000000000
56204  46.019  -49.931  39.329 0.0000000000
56194  46.166  -49.650  39.936 0.0000000000
57497  45.870  -49.143  40.602 0.0000000000
58723  45.911  -48.508  40.997 0.0000000000
58702  45.617  -47.743  41.022 0.0000000000
58722  46.448  -48.405  40.853 0.0000000000
58721  46.932  -48.291  40.581 0.0000000000
57512  48.189  -49.364  39.947 0.0000000000
57493  47.690  -48.856  39.985 0.0000000000
58742  47.570  -48.204  40.163 0.0000000000
59889  47.999  -47.872  39.213 0.0000000000
41963  35.153  -61.503  37.890 0.0000000000
41943  33.194  -61.347  39.063 0.0000000000
41964  34.331  -61.606  38.120 0.0000000000
39005  34.667  -62.707  38.250 0.0000000000
71366  47.995  -37.880  34.586 0.0000000000
71365  48.991  -37.676  34.352 0.0000000000
71364  49.746  -37.736  34.304 0.0000000000
71363  50.397  -37.723  34.487 0.0000000000
71340  52.078  -38.208  34.515 0.0000000000
71341  51.282  -38.341  35.272 0.0000000000
70229  51.375  -38.728  35.832 0.0000000000
71323  51.279  -38.885  36.612 0.0000000000
71314  49.898  -38.432  37.150 0.0000000000
71312  51.040  -38.810  36.924 0.0000000000
71282  48.335  -38.109  39.113 0.0000000000
71261  48.712  -38.590  39.641 0.0000000000
71260  49.291  -38.736  39.330 0.0000000000
69011  49.433  -39.565  38.787 0.0000000000
41892  44.141  -60.438  41.137 0.0000000000
43328  44.520  -60.485  40.099 0.0000000000
40462  45.293  -61.135  39.478 0.0000000000
43350  45.082  -60.836  39.353 0.0000000000
43351  44.700  -60.250  39.142 0.0000000000
40519  45.600  -60.995  36.591 0.0000000000
40505  46.095  -61.007  36.825 0.0000000000
41974  46.336  -60.639  37.040 0.0000000000
42002  46.477  -59.891  36.105 0.0000000000
41955  46.970  -60.122  37.102 0.0000000000
43372  46.989  -59.637  37.176 0.0000000000
44791  46.845  -58.999  37.171 0.0000000000
46219  48.183  -57.716  37.013 0.0000000000
47595  48.492  -56.637  37.192 0.0000000000
47655  48.545  -57.242  36.249 0.0000000000
48955  48.759  -56.572  36.627 0.0000000000
48934  48.690  -56.234  36.924 0.0000000000
50184  49.318  -54.631  37.036 0.0000000000
51373  49.795  -54.047  36.960 0.0000000000
52570  49.440  -53.487  37.098 0.0000000000
54949  48.887  -52.265  37.021 0.0000000000
53805  49.185  -53.124  36.282 0.0000000000
53825  48.977  -53.062  35.878 0.0000000000
53827  48.084  -52.231  35.459 0.0000000000
53854  47.803  -52.755  35.163 0.0000000000
40443  43.402  -60.793  40.343 0.0000000000
40465  43.767  -61.163  39.892 0.0000000000
38978  44.150  -61.502  39.493 0.0000000000
38996  43.806  -61.932  38.811 0.0000000000
39030  43.605  -61.895  37.373 0.0000000000
39051  43.365  -61.738  36.743 0.0000000000
37621  41.058  -63.199  37.405 0.0000000000
37620  41.537  -63.218  37.331 0.0000000000
37640  41.462  -63.285  36.955 0.0000000000
39053  41.852  -62.917  36.780 0.0000000000
43282  28.583  -60.600  42.976 0.0000000000
83935  54.413  -26.496  25.104 0.0000000000
79420  52.782  -30.481  29.901 0.0000000000
78242  53.979  -31.968  30.448 0.0000000000
78262  54.822  -32.578  29.766 0.0000000000
77096  54.712  -32.881  28.711 0.0000000000
74719  54.473  -33.837  30.927 0.0000000000
74718  54.799  -33.567  31.533 0.0000000000
75867  55.187  -33.311  30.813 0.0000000000
73670  55.403  -34.918  30.182 0.0000000000
74751  55.255  -34.388  30.258 0.0000000000
75884  55.156  -33.364  30.508 0.0000000000
75900  55.299  -33.717  29.724 0.0000000000
75901  54.861  -33.437  29.277 0.0000000000
75937  54.512  -33.259  27.160 0.0000000000
66705  41.385  -41.784  38.127 0.0000000000
46243  45.554  -58.233  36.842 0.0000000000
46244  44.735  -58.432  37.113 0.0000000000
62124  42.779  -45.473  38.662 0.0000000000
64408  41.792  -43.202  38.397 0.0000000000
65583  41.860  -42.381  38.664 0.0000000000
66704  41.835  -41.636  38.517 0.0000000000
66691  42.344  -41.799  38.976 0.0000000000
66672  43.162  -41.938  39.977 0.0000000000
66657  43.613  -41.808  40.524 0.0000000000
64362  44.027  -43.615  41.116 0.0000000000
65544  44.142  -42.720  41.353 0.0000000000
66656  44.249  -41.781  41.118 0.0000000000
66638  44.629  -41.895  41.946 0.0000000000
66623  45.193  -42.026  42.533 0.0000000000
66622  45.568  -41.873  42.518 0.0000000000
59849  45.677  -47.011  41.307 0.0000000000
59840  45.781  -46.397  41.676 0.0000000000
62064  45.567  -45.247  42.342 0.0000000000
60962  46.483  -46.220  41.588 0.0000000000
62063  46.080  -45.265  42.440 0.0000000000
63180  45.718  -44.673  42.556 0.0000000000
63162  45.754  -44.255  42.458 0.0000000000
65499  46.060  -42.913  42.219 0.0000000000
66611  46.395  -42.072  42.128 0.0000000000
66621  46.502  -41.946  41.834 0.0000000000
65542  46.301  -42.476  41.222 0.0000000000
65543  46.287  -42.402  40.778 0.0000000000
64377  46.455  -43.829  40.878 0.0000000000
64378  46.243  -43.305  40.559 0.0000000000
54950  48.895  -51.517  37.348 0.0000000000
56266  48.964  -50.790  37.137 0.0000000000
57558  48.319  -50.131  37.160 0.0000000000
57575  47.982  -50.246  36.453 0.0000000000
58808  47.751  -49.654  36.868 0.0000000000
58793  48.299  -49.502  37.647 0.0000000000
58779  47.900  -48.819  37.632 0.0000000000
36363  38.128  -63.717  36.940 0.0000000000
36364  37.935  -63.610  37.034 0.0000000000
36379  38.436  -63.901  36.870 0.0000000000
37606  41.315  -62.874  37.831 0.0000000000
37644  38.763  -63.425  37.280 0.0000000000
37645  38.314  -63.266  37.342 0.0000000000
37667  41.296  -63.180  36.787 0.0000000000
38994  45.243  -61.295  38.510 0.0000000000
39029  44.474  -61.677  37.558 0.0000000000
39033  39.160  -63.227  37.493 0.0000000000
40407  30.542  -61.830  41.965 0.0000000000
40481  45.158  -61.221  39.377 0.0000000000
40488  35.181  -61.965  38.331 0.0000000000
40494  40.387  -61.887  37.716 0.0000000000
40507  44.759  -61.660  37.176 0.0000000000
40518  46.050  -60.815  36.686 0.0000000000
40534  45.248  -60.659  36.384 0.0000000000
40535  44.827  -60.966  36.387 0.0000000000
41874  31.637  -61.761  41.133 0.0000000000
41893  43.989  -60.830  40.781 0.0000000000
41897  32.937  -61.493  39.465 0.0000000000
41917  44.213  -61.387  40.666 0.0000000000
41959  40.794  -61.509  37.798 0.0000000000
41990  46.920  -59.805  36.339 0.0000000000
41992  45.941  -60.639  36.561 0.0000000000
42001  46.896  -59.672  36.049 0.0000000000
43327  44.828  -60.969  39.653 0.0000000000
43426  46.805  -59.461  35.761 0.0000000000
43427  46.086  -59.593  35.619 0.0000000000
43428  45.832  -59.267  35.337 0.0000000000
44789  48.000  -58.130  37.003 0.0000000000
44836  48.156  -58.389  36.282 0.0000000000
44837  47.959  -58.622  36.457 0.0000000000
44861  46.533  -58.931  35.405 0.0000000000
44879  47.655  -58.378  35.619 0.0000000000
46240  48.261  -57.985  36.803 0.0000000000
46241  48.101  -58.385  36.755 0.0000000000
46254  48.212  -58.255  36.602 0.0000000000
46269  47.902  -58.208  35.740 0.0000000000
46286  48.176  -57.433  35.612 0.0000000000
47642  48.610  -57.454  36.694 0.0000000000
47668  48.406  -57.047  35.740 0.0000000000
48933  48.867  -55.579  36.749 0.0000000000
48970  48.744  -55.740  36.183 0.0000000000
50139  48.634  -53.960  37.927 0.0000000000
50140  48.405  -54.080  37.909 0.0000000000
50141  47.551  -53.944  37.785 0.0000000000
50165  47.056  -54.752  37.333 0.0000000000
50204  49.053  -54.946  36.533 0.0000000000
50221  48.833  -55.258  36.154 0.0000000000
51335  47.341  -53.634  37.853 0.0000000000
51352  49.535  -53.951  37.340 0.0000000000
51353  49.143  -53.819  37.667 0.0000000000
51354  47.986  -53.798  38.145 0.0000000000
51356  47.283  -54.064  37.520 0.0000000000
51357  46.997  -53.873  37.347 0.0000000000
51386  49.431  -54.306  36.674 0.0000000000
52538  46.935  -53.240  37.772 0.0000000000
52550  47.872  -53.414  38.341 0.0000000000
52551  47.696  -53.526  38.197 0.0000000000
52604  49.135  -53.632  36.056 0.0000000000
52624  48.886  -53.635  35.689 0.0000000000
53755  48.307  -52.582  38.825 0.0000000000
53756  47.424  -52.314  38.970 0.0000000000
53758  46.531  -51.384  38.555 0.0000000000
53778  46.394  -51.365  37.693 0.0000000000
53790  49.200  -52.979  36.789 0.0000000000
53826  48.466  -52.529  35.649 0.0000000000
54860  47.569  -50.275  39.850 0.0000000000
54875  47.885  -50.531  39.588 0.0000000000
54878  46.184  -50.553  39.154 0.0000000000
54879  45.933  -50.115  39.023 0.0000000000
54900  47.487  -51.904  39.213 0.0000000000
54903  45.969  -50.351  38.899 0.0000000000
54951  45.801  -52.113  36.606 0.0000000000
54970  48.908  -51.680  36.775 0.0000000000
54984  49.020  -52.733  36.174 0.0000000000
56202  48.025  -49.943  39.644 0.0000000000
56203  47.838  -49.773  39.928 0.0000000000
56214  48.585  -49.645  38.895 0.0000000000
57478  45.551  -48.452  40.747 0.0000000000
57513  45.111  -49.200  39.706 0.0000000000
57514  44.860  -48.839  39.709 0.0000000000
57519  48.622  -49.402  38.699 0.0000000000
57520  48.543  -49.315  39.071 0.0000000000
57539  48.508  -49.896  37.749 0.0000000000
57540  48.616  -50.386  37.474 0.0000000000
57557  48.279  -49.709  37.510 0.0000000000
58719  47.611  -48.440  40.122 0.0000000000
58720  47.369  -48.217  40.338 0.0000000000
58741  47.790  -48.341  39.801 0.0000000000
58768  48.572  -49.047  38.359 0.0000000000
58778  48.337  -49.125  37.858 0.0000000000
58794  47.928  -49.343  37.405 0.0000000000
59839  46.103  -46.340  41.764 0.0000000000
59841  45.472  -46.427  41.443 0.0000000000
59859  46.770  -47.249  40.789 0.0000000000
59861  44.804  -47.017  40.490 0.0000000000
59873  47.564  -47.489  39.742 0.0000000000
59875  47.067  -47.418  40.511 0.0000000000
59905  48.347  -48.538  38.451 0.0000000000
59921  47.919  -48.169  37.851 0.0000000000
60947  46.251  -46.325  41.704 0.0000000000
60948  46.014  -46.110  42.172 0.0000000000
60949  45.905  -45.841  42.074 0.0000000000
60950  45.493  -45.862  41.818 0.0000000000
60963  46.192  -45.598  42.020 0.0000000000
60986  44.064  -45.823  39.542 0.0000000000
60992  47.578  -47.159  39.449 0.0000000000
60994  44.206  -46.503  39.414 0.0000000000
62081  46.198  -45.243  42.211 0.0000000000
62082  44.893  -45.741  41.505 0.0000000000
62111  43.993  -45.588  39.944 0.0000000000
63161  46.024  -44.195  42.395 0.0000000000
63178  46.182  -44.503  42.317 0.0000000000
63179  46.053  -44.537  42.525 0.0000000000
63196  44.634  -44.086  42.151 0.0000000000
63229  42.559  -43.744  39.280 0.0000000000
64310  46.131  -43.734  42.169 0.0000000000
64311  46.006  -43.909  42.258 0.0000000000
64312  45.793  -43.752  42.343 0.0000000000
64313  45.444  -43.704  42.441 0.0000000000
64326  46.188  -43.932  42.071 0.0000000000
64328  45.021  -43.645  42.504 0.0000000000
64363  43.636  -43.911  40.643 0.0000000000
64379  43.605  -43.330  40.651 0.0000000000
65498  46.192  -43.275  42.114 0.0000000000
65500  45.545  -43.111  42.389 0.0000000000
65514  45.693  -42.490  42.418 0.0000000000
65515  45.303  -42.544  42.509 0.0000000000
65530  44.767  -42.505  42.302 0.0000000000
65545  43.869  -42.366  40.828 0.0000000000
65561  43.771  -42.924  40.907 0.0000000000
66612  46.038  -41.960  42.450 0.0000000000
66624  44.954  -41.952  42.430 0.0000000000
66637  46.477  -41.747  41.481 0.0000000000
66639  44.378  -42.261  41.599 0.0000000000
66655  44.558  -41.408  41.552 0.0000000000
66673  42.713  -42.122  39.527 0.0000000000
66690  42.814  -41.615  39.423 0.0000000000
66718  41.130  -41.691  37.632 0.0000000000
67751  46.743  -41.152  42.149 0.0000000000
67765  45.973  -41.212  42.683 0.0000000000
67767  44.949  -41.543  42.252 0.0000000000
67777  47.131  -40.571  41.560 0.0000000000
67779  45.151  -40.672  41.661 0.0000000000
67792  48.757  -39.736  39.777 0.0000000000
67795  47.382  -40.302  41.277 0.0000000000
67799  43.437  -41.463  40.215 0.0000000000
67842  41.293  -41.425  37.783 0.0000000000
68933  46.920  -40.994  41.997 0.0000000000
68934  46.768  -40.922  42.210 0.0000000000
68949  47.124  -40.785  42.075 0.0000000000
68951  46.561  -40.687  42.295 0.0000000000
68964  47.021  -40.645  41.892 0.0000000000
68965  47.153  -40.190  41.754 0.0000000000
68966  46.547  -40.169  42.000 0.0000000000
68982  48.947  -39.482  39.875 0.0000000000
68999  49.059  -39.310  40.003 0.0000000000
69000  44.739  -40.179  39.761 0.0000000000
70144  48.792  -39.264  40.187 0.0000000000
70162  49.339  -39.070  39.559 0.0000000000
70164  48.249  -38.996  40.312 0.0000000000
70167  45.884  -39.503  40.072 0.0000000000
70169  44.735  -40.000  39.477 0.0000000000
70194  50.583  -39.110  37.463 0.0000000000
70204  50.994  -38.956  37.145 0.0000000000
70215  51.399  -38.875  36.181 0.0000000000
70219  43.582  -39.681  36.106 0.0000000000
70220  43.133  -39.940  35.890 0.0000000000
70225  53.058  -38.081  33.714 0.0000000000
70230  46.423  -38.091  35.296 0.0000000000
70242  45.634  -38.228  34.787 0.0000000000
70243  45.455  -38.377  34.935 0.0000000000
70278  53.853  -37.679  31.539 0.0000000000
70299  53.943  -37.540  30.991 0.0000000000
71265  45.950  -39.406  39.605 0.0000000000
71280  49.601  -38.618  38.484 0.0000000000
71285  45.931  -39.379  39.134 0.0000000000
71304  46.076  -39.012  38.381 0.0000000000
71305  45.732  -39.353  38.719 0.0000000000
71313  50.583  -38.614  36.970 0.0000000000
71330  46.327  -38.471  36.797 0.0000000000
71338  52.931  -37.933  33.767 0.0000000000
71358  53.133  -37.764  33.413 0.0000000000
71359  52.858  -37.632  33.533 0.0000000000
71377  53.372  -37.518  32.854 0.0000000000
71378  52.158  -37.357  33.603 0.0000000000
71407  54.256  -37.326  32.077 0.0000000000
71408  54.331  -37.231  31.670 0.0000000000
72467  49.107  -38.288  35.834 0.0000000000
72477  49.904  -37.687  35.087 0.0000000000
72479  48.572  -38.221  35.363 0.0000000000
72497  52.858  -37.223  33.075 0.0000000000
72499  49.886  -37.651  34.724 0.0000000000
72502  48.389  -38.088  34.831 0.0000000000
72514  53.737  -37.026  32.608 0.0000000000
72519  50.305  -37.317  33.097 0.0000000000
73618  53.850  -35.979  31.895 0.0000000000
74716  55.491  -33.573  32.046 0.0000000000
74717  55.238  -33.603  31.957 0.0000000000
74734  55.416  -33.530  31.737 0.0000000000
74735  54.899  -33.513  30.921 0.0000000000
74754  53.159  -34.182  30.510 0.0000000000
74771  54.955  -34.883  29.507 0.0000000000
74787  55.255  -34.168  29.366 0.0000000000
75852  55.564  -33.284  32.050 0.0000000000
75854  54.648  -33.412  31.637 0.0000000000
75866  55.387  -33.246  31.183 0.0000000000
75868  53.882  -33.417  30.561 0.0000000000
75869  53.809  -33.759  30.694 0.0000000000
75871  51.587  -34.358  30.663 0.0000000000
75883  55.471  -33.071  30.802 0.0000000000
75886  53.418  -33.594  30.459 0.0000000000
77050  55.637  -32.930  31.970 0.0000000000
77051  55.349  -32.812  31.919 0.0000000000
77054  54.075  -32.742  30.476 0.0000000000
77060  55.632  -32.918  31.617 0.0000000000
77062  53.762  -33.063  30.369 0.0000000000
77063  54.082  -33.125  30.546 0.0000000000
77064  53.694  -32.785  30.394 0.0000000000
77073  55.364  -32.767  30.639 0.0000000000
77074  53.883  -33.190  30.475 0.0000000000
77075  53.637  -33.166  30.396 0.0000000000
77087  51.450  -32.443  29.768 0.0000000000
78231  55.017  -32.440  31.289 0.0000000000
78232  54.635  -32.411  30.866 0.0000000000
78234  53.830  -32.525  30.451 0.0000000000
78240  55.109  -32.182  30.717 0.0000000000
81612  55.811  -27.420  29.402 0.0000000000
81624  56.008  -27.475  29.297 0.0000000000
82675  56.196  -27.119  29.287 0.0000000000
83852  55.912  -26.910  29.849 0.0000000000
83860  56.079  -26.813  29.642 0.0000000000
83861  55.395  -26.602  29.337 0.0000000000
83869  56.132  -26.678  29.137 0.0000000000
83918  55.405  -26.158  26.327 0.0000000000
85086  56.105  -26.838  29.984 0.0000000000
85087  55.915  -26.711  29.763 0.0000000000
85093  56.057  -26.623  29.799 0.0000000000
85094  55.744  -26.603  29.450 0.0000000000
