#!ascii label  , from subject 3132 vox2ras=TkReg
1506
54889  21.152  -49.462  41.401 0.0000000000
45990  28.484  -56.517  51.323 0.0000000000
75931  36.235  -31.991  28.678 0.0000000000
63263  31.992  -44.675  37.907 0.0000000000
54784  34.839  -51.201  49.338 0.0000000000
92944  45.764  -18.815  23.254 0.0000000000
74696  37.169  -32.074  33.833 0.0000000000
73626  30.963  -34.970  33.038 0.0000000000
54917  16.631  -50.718  38.890 0.0000000000
51257  24.416  -53.032  46.509 0.0000000000
48838  28.864  -54.090  45.645 0.0000000000
54936  24.885  -49.207  40.041 0.0000000000
86285  40.571  -24.207  26.021 0.0000000000
53652  21.070  -51.462  47.525 0.0000000000
58664  18.299  -47.801  46.493 0.0000000000
81631  40.792  -28.511  29.645 0.0000000000
54835  15.959  -51.655  44.569 0.0000000000
47559  12.815  -56.805  42.391 0.0000000000
71321  32.597  -37.569  37.714 0.0000000000
60937  32.847  -46.453  44.808 0.0000000000
51236  34.419  -54.213  45.912 0.0000000000
44677  32.443  -56.082  45.383 0.0000000000
78197  37.045  -31.436  36.819 0.0000000000
75845  33.535  -32.391  33.085 0.0000000000
77011  32.960  -32.073  36.471 0.0000000000
75801  38.954  -33.055  37.107 0.0000000000
57551  20.505  -48.412  37.938 0.0000000000
56276  17.767  -49.676  36.275 0.0000000000
56222  17.856  -48.965  39.621 0.0000000000
52491  22.258  -51.058  43.464 0.0000000000
52506  24.718  -51.066  43.171 0.0000000000
54913  22.623  -49.414  40.799 0.0000000000
58802  22.723  -47.670  37.405 0.0000000000
79452  35.745  -29.935  27.071 0.0000000000
74779  38.965  -32.256  30.400 0.0000000000
79448  38.198  -30.724  28.690 0.0000000000
81664  37.938  -28.182  27.684 0.0000000000
59783  17.105  -46.592  48.659 0.0000000000
59827  15.950  -47.796  45.224 0.0000000000
57428  14.001  -48.750  47.930 0.0000000000
47456  14.193  -56.742  48.335 0.0000000000
48817  14.975  -55.514  46.256 0.0000000000
46107  12.869  -57.794  44.466 0.0000000000
43286  10.713  -59.077  44.592 0.0000000000
43259  11.014  -60.712  46.115 0.0000000000
62070  34.989  -44.481  45.155 0.0000000000
58645  33.738  -48.842  47.163 0.0000000000
56154  33.288  -50.621  45.741 0.0000000000
52416  34.454  -52.687  48.136 0.0000000000
52504  29.139  -52.447  42.279 0.0000000000
47497  30.587  -55.800  45.116 0.0000000000
50108  31.667  -54.760  41.463 0.0000000000
47544  32.209  -55.141  41.797 0.0000000000
66738  31.863  -41.592  37.366 0.0000000000
67895  31.128  -40.749  35.641 0.0000000000
63284  31.078  -44.620  35.793 0.0000000000
96080  48.518  -16.200  21.565 0.0000000000
93993  46.016  -17.424  20.897 0.0000000000
73680  36.311  -32.774  30.211 0.0000000000
73644  33.826  -32.504  30.992 0.0000000000
72503  38.914  -33.356  33.473 0.0000000000
47464  25.993  -54.252  48.715 0.0000000000
46048  28.611  -55.717  48.707 0.0000000000
50066  26.904  -53.275  46.209 0.0000000000
53716  26.704  -50.630  42.901 0.0000000000
54934  27.390  -49.389  39.601 0.0000000000
82736  43.175  -25.696  27.349 0.0000000000
85185  43.485  -23.782  25.623 0.0000000000
88457  43.467  -21.938  24.393 0.0000000000
91826  43.903  -19.804  22.434 0.0000000000
53689  21.077  -50.724  44.825 0.0000000000
57469  19.300  -48.870  43.491 0.0000000000
56145  19.491  -49.658  46.924 0.0000000000
51260  22.836  -52.312  46.542 0.0000000000
83912  40.688  -26.180  27.498 0.0000000000
57470  17.137  -48.150  42.851 0.0000000000
54855  15.711  -51.135  42.361 0.0000000000
51326  14.985  -54.007  41.194 0.0000000000
53654  14.658  -52.601  47.582 0.0000000000
50095  14.999  -54.718  44.033 0.0000000000
38933  8.523  -63.105  45.995 0.0000000000
75749  33.281  -33.147  39.596 0.0000000000
64412  33.229  -42.482  39.757 0.0000000000
63232  34.163  -43.388  41.784 0.0000000000
62115  32.505  -45.118  40.763 0.0000000000
58692  33.114  -48.712  43.497 0.0000000000
54817  34.862  -51.969  44.634 0.0000000000
48836  35.544  -54.305  43.444 0.0000000000
44603  30.565  -56.566  48.066 0.0000000000
44599  32.594  -56.596  47.930 0.0000000000
48788  34.603  -55.459  48.331 0.0000000000
47470  34.224  -55.698  45.925 0.0000000000
46115  33.727  -55.648  43.476 0.0000000000
72485  31.210  -35.993  35.963 0.0000000000
70273  29.753  -39.053  33.106 0.0000000000
79361  36.649  -30.576  37.994 0.0000000000
78199  35.459  -31.122  36.962 0.0000000000
78184  34.431  -30.800  37.539 0.0000000000
78161  38.059  -31.121  38.114 0.0000000000
56237  20.218  -48.698  39.510 0.0000000000
57535  19.018  -48.733  38.688 0.0000000000
56208  19.911  -48.916  40.863 0.0000000000
53721  21.638  -49.916  42.406 0.0000000000
53743  22.541  -49.918  41.756 0.0000000000
54914  21.898  -49.459  40.961 0.0000000000
56236  21.134  -48.665  39.074 0.0000000000
77129  35.520  -31.197  27.643 0.0000000000
74811  37.343  -31.987  29.265 0.0000000000
77112  38.438  -31.375  29.120 0.0000000000
77127  37.320  -31.461  28.607 0.0000000000
79451  36.482  -30.084  27.766 0.0000000000
44633  13.092  -58.078  47.550 0.0000000000
46062  13.672  -57.277  46.437 0.0000000000
44669  12.703  -58.181  45.590 0.0000000000
44687  12.003  -58.302  44.698 0.0000000000
43266  11.615  -59.104  45.692 0.0000000000
43277  10.402  -59.700  45.217 0.0000000000
58660  34.859  -47.690  47.798 0.0000000000
56122  34.487  -50.450  48.753 0.0000000000
54791  33.896  -51.834  48.212 0.0000000000
53644  34.272  -52.202  48.873 0.0000000000
45988  30.117  -56.391  50.885 0.0000000000
53736  29.718  -52.178  40.772 0.0000000000
51320  30.700  -53.601  41.808 0.0000000000
52542  30.651  -52.916  40.482 0.0000000000
51338  31.413  -53.762  40.184 0.0000000000
64432  31.835  -43.169  37.764 0.0000000000
64440  31.387  -43.369  36.603 0.0000000000
91818  45.751  -19.596  23.950 0.0000000000
91816  47.150  -18.957  24.234 0.0000000000
92936  47.350  -18.196  23.637 0.0000000000
93987  47.248  -17.354  22.168 0.0000000000
92950  46.458  -18.211  21.907 0.0000000000
73623  36.818  -32.995  32.358 0.0000000000
73663  35.717  -32.508  30.708 0.0000000000
73625  35.285  -32.843  31.982 0.0000000000
75847  31.982  -33.393  33.686 0.0000000000
74747  31.745  -33.578  32.149 0.0000000000
72546  30.257  -35.717  32.282 0.0000000000
74682  38.118  -32.425  35.138 0.0000000000
73605  38.233  -32.937  33.519 0.0000000000
72564  37.619  -33.314  31.813 0.0000000000
56261  17.143  -50.296  37.762 0.0000000000
53767  15.752  -52.091  39.133 0.0000000000
50030  24.750  -53.848  47.609 0.0000000000
48814  26.433  -53.605  47.532 0.0000000000
51256  25.117  -52.914  46.417 0.0000000000
53740  24.786  -50.368  42.021 0.0000000000
53717  25.392  -50.643  42.902 0.0000000000
54884  26.443  -49.935  41.613 0.0000000000
54909  27.018  -49.637  40.735 0.0000000000
54935  26.095  -49.172  39.884 0.0000000000
56255  25.152  -48.507  37.651 0.0000000000
59865  33.750  -48.876  41.287 0.0000000000
82758  42.249  -25.305  26.888 0.0000000000
82769  43.459  -24.612  26.394 0.0000000000
85187  42.156  -23.879  25.531 0.0000000000
88459  41.477  -22.190  23.915 0.0000000000
89621  42.305  -21.193  22.803 0.0000000000
90686  43.616  -20.687  23.650 0.0000000000
53678  21.081  -51.239  45.864 0.0000000000
54820  20.394  -50.071  45.612 0.0000000000
54794  19.966  -50.298  47.490 0.0000000000
51243  22.355  -51.461  47.222 0.0000000000
52446  22.188  -51.643  45.939 0.0000000000
82702  42.747  -27.209  28.651 0.0000000000
82704  40.798  -27.640  29.260 0.0000000000
83915  37.793  -26.648  26.776 0.0000000000
57444  18.724  -48.233  45.431 0.0000000000
58694  18.544  -48.214  43.511 0.0000000000
58682  17.482  -47.361  44.127 0.0000000000
57446  15.116  -49.502  45.481 0.0000000000
57457  16.045  -49.387  43.811 0.0000000000
54847  15.837  -51.411  43.505 0.0000000000
53723  15.318  -52.126  41.703 0.0000000000
52494  15.472  -53.259  43.269 0.0000000000
53646  14.359  -53.018  48.467 0.0000000000
47521  14.298  -56.569  43.760 0.0000000000
48840  14.653  -55.121  44.651 0.0000000000
48863  14.350  -55.890  43.146 0.0000000000
48879  14.245  -54.756  42.375 0.0000000000
66720  33.607  -40.810  38.978 0.0000000000
60956  33.285  -45.458  44.376 0.0000000000
62087  34.353  -44.219  43.405 0.0000000000
62088  33.443  -44.774  42.883 0.0000000000
62114  33.251  -44.346  41.493 0.0000000000
62089  32.580  -45.417  42.418 0.0000000000
59854  32.451  -46.836  42.066 0.0000000000
59842  32.557  -47.693  44.095 0.0000000000
52435  33.756  -53.262  46.450 0.0000000000
54818  33.936  -51.556  45.181 0.0000000000
53662  33.873  -52.871  45.188 0.0000000000
52433  34.716  -53.501  44.534 0.0000000000
50063  34.748  -54.330  45.043 0.0000000000
48812  28.355  -54.689  46.924 0.0000000000
46036  29.984  -55.744  48.584 0.0000000000
47471  29.801  -55.754  47.045 0.0000000000
46093  31.595  -56.120  45.236 0.0000000000
44641  31.622  -56.237  46.418 0.0000000000
44639  32.344  -56.979  46.554 0.0000000000
46043  33.553  -56.011  47.504 0.0000000000
44637  33.378  -56.744  46.625 0.0000000000
46041  34.132  -55.795  47.000 0.0000000000
44655  33.284  -56.697  45.656 0.0000000000
47581  32.642  -55.326  40.611 0.0000000000
46142  33.548  -56.037  42.794 0.0000000000
73540  32.690  -35.306  39.271 0.0000000000
74652  32.264  -34.284  37.434 0.0000000000
72469  31.790  -36.363  37.295 0.0000000000
65648  30.335  -42.567  34.319 0.0000000000
67915  30.389  -40.608  33.987 0.0000000000
96087  48.457  -16.012  20.828 0.0000000000
75803  36.727  -31.433  35.331 0.0000000000
75834  35.647  -32.080  33.691 0.0000000000
75804  35.243  -31.439  35.490 0.0000000000
75822  32.852  -32.510  34.935 0.0000000000
75838  31.597  -33.560  34.567 0.0000000000
76932  39.225  -31.599  38.253 0.0000000000
75788  38.174  -32.150  36.611 0.0000000000
57552  19.372  -48.488  37.451 0.0000000000
57536  17.809  -49.395  38.461 0.0000000000
56238  17.333  -49.425  38.973 0.0000000000
51291  23.288  -52.197  44.939 0.0000000000
52469  24.119  -51.631  44.382 0.0000000000
52489  23.633  -51.161  43.655 0.0000000000
54887  23.630  -50.234  41.362 0.0000000000
54937  23.805  -49.033  40.134 0.0000000000
56256  23.923  -48.023  38.856 0.0000000000
56257  22.715  -48.147  38.723 0.0000000000
57550  21.228  -48.271  37.595 0.0000000000
86301  39.061  -24.215  25.128 0.0000000000
53645  20.377  -51.175  48.861 0.0000000000
77093  39.605  -31.279  30.952 0.0000000000
78284  38.986  -30.609  30.031 0.0000000000
80572  39.581  -29.367  29.490 0.0000000000
81649  38.994  -27.842  28.155 0.0000000000
80585  37.911  -28.906  28.404 0.0000000000
80596  36.323  -29.212  27.195 0.0000000000
59797  16.745  -46.835  47.490 0.0000000000
59826  16.684  -47.065  45.403 0.0000000000
59798  15.855  -47.041  47.002 0.0000000000
58651  14.766  -47.913  47.097 0.0000000000
56147  15.089  -50.558  46.048 0.0000000000
50025  14.785  -54.943  47.600 0.0000000000
47474  14.641  -56.127  46.822 0.0000000000
46105  13.944  -57.191  45.175 0.0000000000
46156  13.117  -56.978  43.435 0.0000000000
44706  11.774  -57.776  43.477 0.0000000000
59822  34.372  -46.679  46.584 0.0000000000
59823  33.424  -47.272  46.052 0.0000000000
58671  32.865  -48.582  45.415 0.0000000000
57434  33.104  -49.557  46.845 0.0000000000
53664  33.621  -52.044  47.068 0.0000000000
52424  33.821  -53.608  47.063 0.0000000000
51303  28.986  -52.968  43.697 0.0000000000
47498  30.170  -55.164  45.174 0.0000000000
50101  30.163  -53.993  43.167 0.0000000000
47526  31.293  -55.179  43.394 0.0000000000
47525  31.918  -55.148  42.814 0.0000000000
46144  32.225  -55.570  43.284 0.0000000000
48886  31.269  -55.242  41.073 0.0000000000
50146  31.433  -54.878  40.052 0.0000000000
69050  32.455  -39.937  37.350 0.0000000000
69066  31.812  -38.990  36.402 0.0000000000
66769  31.441  -41.225  36.309 0.0000000000
65635  30.904  -42.457  35.276 0.0000000000
95018  48.304  -16.920  22.942 0.0000000000
95025  47.034  -16.713  21.363 0.0000000000
73712  36.364  -32.637  29.232 0.0000000000
73714  34.798  -32.420  28.580 0.0000000000
73699  35.028  -32.780  29.130 0.0000000000
75857  33.994  -31.861  32.147 0.0000000000
73666  31.931  -33.336  30.394 0.0000000000
75798  40.623  -32.632  36.515 0.0000000000
73569  40.381  -33.065  35.215 0.0000000000
73602  40.124  -32.975  33.552 0.0000000000
74743  39.121  -33.319  31.904 0.0000000000
73696  37.446  -32.465  30.217 0.0000000000
47442  26.818  -56.137  49.698 0.0000000000
46015  28.312  -56.423  50.153 0.0000000000
48800  27.333  -54.720  48.004 0.0000000000
48813  27.352  -54.388  47.340 0.0000000000
50065  28.003  -53.934  46.218 0.0000000000
51288  25.153  -51.754  44.920 0.0000000000
52456  26.944  -51.966  44.967 0.0000000000
52465  27.924  -52.591  43.880 0.0000000000
53715  27.908  -51.372  42.663 0.0000000000
54882  28.409  -50.907  40.800 0.0000000000
54932  28.769  -50.508  38.333 0.0000000000
86297  44.747  -23.602  25.306 0.0000000000
87379  41.589  -22.820  24.533 0.0000000000
87377  43.547  -22.757  24.798 0.0000000000
88448  44.977  -22.060  24.853 0.0000000000
89605  44.450  -21.227  24.451 0.0000000000
91819  45.095  -19.871  23.727 0.0000000000
92945  45.303  -19.200  23.021 0.0000000000
92961  44.801  -18.649  21.608 0.0000000000
53722  21.267  -49.680  42.637 0.0000000000
54854  20.272  -49.534  42.817 0.0000000000
56177  20.455  -49.730  43.921 0.0000000000
56155  19.472  -49.345  45.723 0.0000000000
57435  18.866  -48.732  46.439 0.0000000000
56126  19.508  -49.803  48.710 0.0000000000
58650  18.335  -47.858  47.528 0.0000000000
60871  18.028  -46.606  49.360 0.0000000000
46005  27.178  -56.163  51.305 0.0000000000
47444  25.881  -54.900  50.089 0.0000000000
48791  25.162  -54.370  49.104 0.0000000000
50031  24.027  -53.866  47.958 0.0000000000
50050  23.012  -53.449  47.523 0.0000000000
51259  23.022  -52.795  46.384 0.0000000000
51293  22.663  -51.780  45.287 0.0000000000
52492  21.569  -50.743  43.334 0.0000000000
83875  43.683  -26.932  28.478 0.0000000000
82738  41.755  -25.961  27.390 0.0000000000
85136  40.693  -25.183  26.671 0.0000000000
82740  39.036  -27.141  27.426 0.0000000000
85138  39.159  -25.569  26.871 0.0000000000
86287  38.894  -24.593  25.865 0.0000000000
56198  19.274  -48.553  41.623 0.0000000000
56199  17.894  -48.728  41.080 0.0000000000
56200  16.485  -49.300  41.180 0.0000000000
58683  16.378  -48.286  43.835 0.0000000000
56188  16.101  -49.888  42.079 0.0000000000
54892  15.449  -50.876  40.263 0.0000000000
53747  15.583  -52.225  40.423 0.0000000000
52529  14.888  -53.356  40.605 0.0000000000
56128  13.727  -50.620  47.822 0.0000000000
54806  15.417  -51.718  46.343 0.0000000000
51263  15.401  -54.176  45.286 0.0000000000
52474  15.634  -53.503  44.237 0.0000000000
51305  15.375  -54.046  42.995 0.0000000000
40368  9.461  -62.316  46.053 0.0000000000
78139  34.332  -31.104  39.595 0.0000000000
71308  33.718  -37.909  38.541 0.0000000000
67855  32.732  -40.394  38.000 0.0000000000
65610  32.649  -41.856  38.146 0.0000000000
64413  32.533  -43.444  39.403 0.0000000000
64396  33.574  -42.793  40.581 0.0000000000
64398  32.624  -43.803  39.837 0.0000000000
63254  32.411  -44.718  38.989 0.0000000000
60999  32.232  -47.265  40.189 0.0000000000
59866  32.863  -48.196  41.544 0.0000000000
58708  33.409  -49.335  42.169 0.0000000000
57454  32.910  -49.418  44.821 0.0000000000
58678  33.705  -49.608  43.805 0.0000000000
57452  34.618  -50.681  43.818 0.0000000000
56151  35.377  -51.510  43.903 0.0000000000
52445  35.632  -53.270  43.480 0.0000000000
52407  35.098  -53.069  50.200 0.0000000000
46014  29.301  -56.331  49.556 0.0000000000
44578  30.555  -56.362  49.020 0.0000000000
44576  31.533  -56.529  48.857 0.0000000000
46056  30.648  -56.165  46.878 0.0000000000
44601  31.537  -56.990  47.771 0.0000000000
44583  33.038  -55.797  48.662 0.0000000000
46021  34.228  -55.479  48.432 0.0000000000
48787  34.945  -55.014  48.778 0.0000000000
51219  35.048  -53.991  49.051 0.0000000000
50019  34.484  -54.865  48.247 0.0000000000
50029  34.606  -54.861  47.061 0.0000000000
48811  34.452  -54.997  46.220 0.0000000000
44698  32.854  -55.838  44.331 0.0000000000
46091  33.536  -55.791  44.609 0.0000000000
47480  34.425  -55.089  45.383 0.0000000000
47496  34.458  -55.162  43.540 0.0000000000
76987  33.088  -31.975  37.559 0.0000000000
75807  32.021  -33.519  36.242 0.0000000000
73611  31.057  -35.597  34.277 0.0000000000
70246  31.305  -38.387  35.798 0.0000000000
71390  30.603  -37.509  34.343 0.0000000000
71391  30.452  -37.281  33.414 0.0000000000
92960  45.568  -18.071  21.067 0.0000000000
79336  36.222  -30.362  38.770 0.0000000000
79362  35.679  -30.463  38.081 0.0000000000
79337  35.113  -30.464  38.962 0.0000000000
79335  37.109  -30.513  38.565 0.0000000000
54941  20.464  -49.111  40.256 0.0000000000
54916  20.423  -49.261  40.825 0.0000000000
53745  21.342  -49.411  42.074 0.0000000000
53744  21.962  -49.701  41.872 0.0000000000
54915  21.061  -49.555  40.759 0.0000000000
54940  21.115  -49.236  40.085 0.0000000000
75945  35.756  -31.635  28.321 0.0000000000
74832  35.189  -31.839  28.079 0.0000000000
75930  36.553  -32.060  28.779 0.0000000000
75943  37.339  -31.801  28.946 0.0000000000
75944  36.720  -31.853  28.715 0.0000000000
77128  36.382  -31.296  28.211 0.0000000000
44652  12.961  -58.131  46.660 0.0000000000
44653  12.106  -58.651  46.464 0.0000000000
44670  11.988  -58.713  45.690 0.0000000000
43257  11.810  -59.433  46.165 0.0000000000
56121  35.056  -50.439  49.018 0.0000000000
56135  35.045  -49.855  48.862 0.0000000000
54785  34.306  -51.431  48.804 0.0000000000
53643  34.680  -52.071  49.440 0.0000000000
45977  29.631  -56.202  51.531 0.0000000000
45989  29.400  -56.603  51.120 0.0000000000
53783  29.408  -51.202  38.748 0.0000000000
53761  29.821  -52.008  40.059 0.0000000000
53782  30.114  -52.344  39.107 0.0000000000
64424  32.215  -43.665  38.579 0.0000000000
92938  46.201  -19.032  23.819 0.0000000000
91817  46.658  -19.302  24.186 0.0000000000
92937  46.613  -18.695  23.710 0.0000000000
92943  46.460  -18.277  22.924 0.0000000000
73593  36.665  -32.640  33.093 0.0000000000
73609  35.784  -32.883  32.467 0.0000000000
74708  35.988  -32.714  33.033 0.0000000000
74710  31.255  -34.165  33.871 0.0000000000
74727  31.777  -33.551  32.754 0.0000000000
72547  30.333  -36.222  32.723 0.0000000000
73574  37.618  -32.338  33.964 0.0000000000
73573  38.078  -32.508  34.373 0.0000000000
73592  37.267  -32.525  33.449 0.0000000000
72525  37.213  -32.903  32.485 0.0000000000
56239  16.972  -50.009  38.492 0.0000000000
54942  16.370  -50.920  37.975 0.0000000000
54943  16.295  -51.481  38.735 0.0000000000
54918  15.936  -51.063  39.484 0.0000000000
51238  24.373  -53.462  46.829 0.0000000000
50047  24.931  -53.936  46.681 0.0000000000
54911  24.506  -49.709  40.761 0.0000000000
54885  25.210  -50.033  41.472 0.0000000000
54910  25.714  -49.468  40.857 0.0000000000
54960  26.416  -48.781  38.762 0.0000000000
54961  25.129  -48.626  39.177 0.0000000000
58731  33.933  -49.572  41.590 0.0000000000
85153  41.128  -24.798  26.526 0.0000000000
83943  42.086  -24.683  26.391 0.0000000000
85171  41.380  -24.173  26.053 0.0000000000
53665  21.073  -51.373  46.869 0.0000000000
53666  20.696  -50.818  46.336 0.0000000000
53653  20.495  -51.126  47.633 0.0000000000
52436  21.704  -51.399  47.467 0.0000000000
52447  21.928  -51.400  46.562 0.0000000000
80564  40.285  -29.326  29.881 0.0000000000
82686  41.413  -27.914  29.514 0.0000000000
81632  40.606  -28.102  29.360 0.0000000000
57445  18.440  -47.836  45.649 0.0000000000
58681  18.138  -47.636  44.461 0.0000000000
59824  18.010  -47.069  45.331 0.0000000000
56156  15.854  -50.957  45.024 0.0000000000
56168  15.832  -50.370  44.805 0.0000000000
53709  15.673  -52.269  42.723 0.0000000000
53701  15.700  -52.611  44.033 0.0000000000
53638  14.356  -53.210  48.954 0.0000000000
48849  14.517  -56.080  43.717 0.0000000000
47538  13.664  -56.414  42.900 0.0000000000
47557  13.638  -56.207  42.140 0.0000000000
60969  32.881  -45.468  43.349 0.0000000000
60957  32.562  -46.526  43.685 0.0000000000
60970  32.288  -46.335  42.632 0.0000000000
52434  34.049  -53.593  45.785 0.0000000000
53661  34.266  -53.238  44.809 0.0000000000
48826  28.776  -54.545  46.160 0.0000000000
47484  29.143  -54.973  46.471 0.0000000000
44678  31.966  -56.014  45.224 0.0000000000
44659  31.814  -55.780  45.808 0.0000000000
44657  32.564  -56.372  46.021 0.0000000000
44638  32.789  -57.081  46.500 0.0000000000
44656  32.837  -56.935  45.736 0.0000000000
72460  32.938  -36.559  38.602 0.0000000000
73545  32.428  -35.884  38.657 0.0000000000
72462  32.401  -37.300  37.591 0.0000000000
77008  36.856  -31.568  36.350 0.0000000000
77009  35.851  -31.352  36.283 0.0000000000
77010  34.343  -31.345  36.637 0.0000000000
75805  34.366  -31.591  35.690 0.0000000000
77032  33.001  -32.108  35.596 0.0000000000
77033  32.407  -32.676  35.598 0.0000000000
78136  39.453  -31.379  38.742 0.0000000000
78181  37.245  -31.090  37.343 0.0000000000
76985  38.307  -31.613  37.202 0.0000000000
77007  37.593  -31.585  36.675 0.0000000000
75802  37.457  -32.037  36.090 0.0000000000
56221  19.415  -48.818  39.998 0.0000000000
57525  18.395  -49.060  39.182 0.0000000000
57526  17.859  -49.296  39.087 0.0000000000
52471  22.842  -51.462  44.391 0.0000000000
52470  23.449  -51.562  44.386 0.0000000000
52490  22.927  -51.157  43.522 0.0000000000
53765  22.598  -49.653  41.335 0.0000000000
53742  23.151  -50.218  41.607 0.0000000000
53764  22.965  -49.689  41.205 0.0000000000
54912  23.441  -49.722  40.921 0.0000000000
54938  22.846  -49.094  40.149 0.0000000000
56234  23.167  -48.503  39.524 0.0000000000
56259  21.159  -48.388  38.308 0.0000000000
56258  21.739  -48.201  38.539 0.0000000000
74763  39.398  -32.236  30.958 0.0000000000
75907  39.146  -31.986  30.266 0.0000000000
78312  38.388  -30.880  28.800 0.0000000000
78285  38.724  -30.697  29.437 0.0000000000
79439  38.524  -30.463  28.950 0.0000000000
79432  38.900  -30.064  29.589 0.0000000000
80583  38.334  -30.060  28.771 0.0000000000
80574  38.305  -29.048  28.661 0.0000000000
80584  37.961  -29.747  28.547 0.0000000000
59784  15.422  -46.811  47.976 0.0000000000
58652  14.192  -48.480  47.627 0.0000000000
57437  14.609  -49.345  46.402 0.0000000000
57427  14.107  -49.333  47.530 0.0000000000
47455  14.341  -56.161  48.526 0.0000000000
47465  14.603  -56.184  47.701 0.0000000000
46082  13.417  -57.586  45.903 0.0000000000
46081  13.754  -56.988  45.881 0.0000000000
46106  13.285  -57.565  44.918 0.0000000000
46132  13.912  -57.109  44.358 0.0000000000
46133  13.362  -57.422  44.084 0.0000000000
46134  12.652  -57.621  43.842 0.0000000000
44688  11.187  -58.691  44.595 0.0000000000
44707  10.986  -58.702  43.683 0.0000000000
43268  10.882  -60.381  45.765 0.0000000000
41850  10.226  -60.630  45.344 0.0000000000
41837  10.065  -61.293  45.473 0.0000000000
58644  34.343  -48.599  47.708 0.0000000000
59806  34.606  -47.100  47.299 0.0000000000
58661  34.202  -48.060  47.161 0.0000000000
59807  33.961  -47.504  46.745 0.0000000000
58662  33.318  -48.476  46.484 0.0000000000
53650  34.103  -52.370  48.019 0.0000000000
54792  33.587  -51.508  47.660 0.0000000000
52425  34.001  -53.035  47.484 0.0000000000
51228  34.088  -53.883  47.399 0.0000000000
51313  29.284  -52.834  43.034 0.0000000000
50102  29.474  -53.562  43.535 0.0000000000
51302  29.549  -53.390  43.186 0.0000000000
48869  31.080  -54.544  42.672 0.0000000000
50109  31.243  -54.192  42.093 0.0000000000
47547  31.935  -55.025  42.487 0.0000000000
48868  31.809  -54.831  41.886 0.0000000000
47546  31.771  -55.374  41.597 0.0000000000
48887  31.079  -54.962  41.053 0.0000000000
67867  32.156  -40.570  37.461 0.0000000000
67879  31.715  -40.632  37.061 0.0000000000
66753  31.561  -41.404  36.812 0.0000000000
64441  31.169  -43.356  35.701 0.0000000000
92958  46.600  -17.539  21.585 0.0000000000
93988  46.988  -17.054  21.718 0.0000000000
93992  46.473  -17.090  21.336 0.0000000000
95029  46.822  -16.547  20.750 0.0000000000
93995  46.243  -16.928  20.463 0.0000000000
73698  35.960  -32.880  29.450 0.0000000000
73681  35.314  -32.752  29.860 0.0000000000
73664  34.566  -32.535  30.427 0.0000000000
73665  33.386  -32.979  30.366 0.0000000000
75835  34.704  -32.054  33.539 0.0000000000
75844  34.239  -32.045  32.583 0.0000000000
73646  31.173  -33.980  31.697 0.0000000000
74746  32.373  -33.251  32.021 0.0000000000
73667  30.774  -34.478  30.265 0.0000000000
74766  31.314  -33.669  29.926 0.0000000000
76983  39.976  -31.900  37.508 0.0000000000
77005  40.378  -32.342  37.112 0.0000000000
77006  39.727  -32.341  37.053 0.0000000000
72481  39.049  -33.148  34.176 0.0000000000
73570  39.982  -33.128  35.216 0.0000000000
73589  39.512  -33.334  34.014 0.0000000000
73603  40.064  -33.201  33.703 0.0000000000
73604  39.289  -33.339  33.211 0.0000000000
73621  39.509  -33.145  32.900 0.0000000000
73622  39.062  -33.475  32.440 0.0000000000
73662  36.847  -32.956  31.155 0.0000000000
73661  37.580  -33.145  30.865 0.0000000000
73679  37.122  -32.777  30.493 0.0000000000
73697  36.730  -32.648  29.768 0.0000000000
47453  26.607  -55.319  49.342 0.0000000000
47452  27.132  -55.912  49.336 0.0000000000
47463  26.681  -54.778  48.599 0.0000000000
50046  26.109  -53.273  46.894 0.0000000000
50045  27.110  -53.747  46.802 0.0000000000
50044  27.860  -54.377  46.667 0.0000000000
52488  24.371  -51.290  43.717 0.0000000000
51289  24.609  -51.980  45.012 0.0000000000
52487  25.103  -51.481  43.757 0.0000000000
53707  26.082  -51.266  43.522 0.0000000000
53698  26.628  -51.717  43.839 0.0000000000
52455  27.565  -52.477  44.500 0.0000000000
52485  27.509  -52.131  43.570 0.0000000000
53705  27.737  -51.836  43.237 0.0000000000
54883  27.796  -50.659  41.521 0.0000000000
54908  28.156  -50.422  40.242 0.0000000000
53763  28.591  -50.633  39.652 0.0000000000
54933  28.380  -50.282  39.044 0.0000000000
57532  23.371  -48.161  37.916 0.0000000000
57547  23.834  -48.087  37.736 0.0000000000
58786  23.583  -47.883  37.253 0.0000000000
85124  44.225  -26.560  27.879 0.0000000000
83959  43.587  -24.131  25.939 0.0000000000
83940  43.838  -24.560  26.265 0.0000000000
85168  44.088  -24.077  25.793 0.0000000000
86283  45.119  -24.159  25.646 0.0000000000
86311  44.063  -23.408  25.458 0.0000000000
88461  40.600  -23.140  23.835 0.0000000000
87380  40.916  -23.292  24.218 0.0000000000
89615  42.081  -21.817  23.820 0.0000000000
88458  42.477  -22.228  24.268 0.0000000000
87367  43.897  -22.308  24.724 0.0000000000
88449  44.183  -21.947  24.664 0.0000000000
89613  43.588  -21.209  24.098 0.0000000000
90694  43.560  -20.171  23.010 0.0000000000
91823  44.084  -19.834  22.936 0.0000000000
91822  44.747  -19.558  23.119 0.0000000000
53708  21.047  -50.302  43.426 0.0000000000
54853  20.704  -49.869  43.560 0.0000000000
54846  20.709  -50.366  44.189 0.0000000000
54805  20.209  -50.117  46.673 0.0000000000
57426  19.179  -49.187  47.470 0.0000000000
54787  19.909  -50.548  48.318 0.0000000000
57412  19.243  -48.904  48.781 0.0000000000
58633  18.562  -48.148  48.582 0.0000000000
59782  18.276  -46.951  48.963 0.0000000000
46017  26.804  -55.934  50.898 0.0000000000
48803  24.579  -53.943  48.149 0.0000000000
51242  22.431  -52.200  47.269 0.0000000000
51241  22.601  -53.045  47.253 0.0000000000
51240  23.147  -53.339  46.873 0.0000000000
51279  23.145  -52.081  45.849 0.0000000000
52459  21.614  -51.338  45.429 0.0000000000
52458  22.188  -51.499  45.205 0.0000000000
52473  21.336  -51.212  44.286 0.0000000000
73715  34.013  -32.492  28.134 0.0000000000
82719  41.751  -26.593  28.286 0.0000000000
82739  41.190  -26.350  27.919 0.0000000000
83911  41.047  -25.525  26.916 0.0000000000
81650  38.355  -28.509  28.376 0.0000000000
81663  38.569  -27.616  27.578 0.0000000000
83927  38.000  -26.150  26.421 0.0000000000
83914  38.581  -26.317  27.060 0.0000000000
85139  38.406  -25.630  26.508 0.0000000000
86268  38.237  -25.240  26.206 0.0000000000
56178  19.753  -49.469  43.355 0.0000000000
56187  19.746  -49.111  42.559 0.0000000000
57485  19.488  -48.842  42.764 0.0000000000
58712  17.969  -48.017  42.804 0.0000000000
58734  18.469  -48.071  42.222 0.0000000000
57486  17.314  -48.246  42.150 0.0000000000
57506  17.215  -48.559  41.463 0.0000000000
57487  16.605  -48.934  41.895 0.0000000000
59835  16.050  -48.158  44.554 0.0000000000
56179  15.990  -50.195  43.122 0.0000000000
54869  15.907  -51.042  41.303 0.0000000000
54870  15.594  -51.641  41.520 0.0000000000
52528  15.125  -53.151  41.439 0.0000000000
53655  14.451  -52.025  47.904 0.0000000000
54796  14.455  -51.607  47.243 0.0000000000
54807  14.747  -51.172  46.522 0.0000000000
53667  15.253  -52.682  46.713 0.0000000000
48805  15.169  -55.392  47.099 0.0000000000
48816  15.530  -55.151  46.494 0.0000000000
50084  14.943  -54.738  44.646 0.0000000000
50083  15.211  -54.607  45.047 0.0000000000
50094  15.218  -54.477  44.435 0.0000000000
52460  15.864  -53.693  44.931 0.0000000000
51294  15.320  -54.085  43.862 0.0000000000
51304  15.406  -53.774  43.430 0.0000000000
51295  15.126  -54.362  43.543 0.0000000000
40384  9.772  -61.820  45.745 0.0000000000
40367  9.844  -61.638  46.566 0.0000000000
38940  8.960  -62.713  45.940 0.0000000000
74623  33.665  -34.443  40.600 0.0000000000
70210  33.882  -38.683  38.481 0.0000000000
69040  33.209  -39.401  38.009 0.0000000000
65587  33.557  -41.899  38.989 0.0000000000
66722  33.275  -41.421  38.372 0.0000000000
65598  33.127  -41.752  38.525 0.0000000000
64423  32.617  -42.533  38.693 0.0000000000
63218  34.406  -43.688  42.456 0.0000000000
63242  33.702  -42.926  41.203 0.0000000000
63234  33.034  -44.428  40.913 0.0000000000
63244  32.716  -44.296  40.210 0.0000000000
63255  32.435  -44.284  39.691 0.0000000000
62126  32.127  -46.118  39.391 0.0000000000
62127  31.689  -45.975  40.025 0.0000000000
59853  32.503  -47.930  42.615 0.0000000000
59867  32.431  -47.337  41.616 0.0000000000
59852  33.043  -48.607  41.859 0.0000000000
58709  33.209  -48.826  42.844 0.0000000000
57442  32.953  -49.827  45.499 0.0000000000
57455  32.672  -49.254  45.074 0.0000000000
56152  34.627  -51.161  44.529 0.0000000000
57441  34.113  -50.507  44.729 0.0000000000
57440  34.482  -50.832  44.393 0.0000000000
56164  35.059  -51.241  43.929 0.0000000000
50064  35.061  -54.089  44.178 0.0000000000
53676  35.040  -52.763  44.200 0.0000000000
51254  35.646  -53.873  43.572 0.0000000000
46038  28.104  -55.959  49.108 0.0000000000
46025  28.622  -56.212  49.446 0.0000000000
46037  29.074  -55.841  48.927 0.0000000000
46035  30.415  -56.132  48.010 0.0000000000
44589  30.146  -56.244  48.896 0.0000000000
44588  30.593  -56.472  48.542 0.0000000000
44577  31.037  -56.477  48.866 0.0000000000
44587  31.030  -56.764  48.358 0.0000000000
47511  30.285  -54.990  44.634 0.0000000000
47482  30.744  -55.793  45.858 0.0000000000
44620  31.659  -57.084  47.176 0.0000000000
44621  31.176  -56.727  47.178 0.0000000000
44600  32.058  -56.919  47.829 0.0000000000
44585  32.012  -56.620  48.386 0.0000000000
46022  33.679  -55.619  48.630 0.0000000000
44598  33.042  -55.998  47.997 0.0000000000
46032  34.077  -55.655  47.727 0.0000000000
47451  34.671  -55.392  48.532 0.0000000000
51220  34.669  -53.712  48.358 0.0000000000
46052  34.149  -55.918  46.477 0.0000000000
48799  34.488  -55.249  47.328 0.0000000000
47469  34.424  -55.531  46.644 0.0000000000
50028  34.521  -54.740  46.764 0.0000000000
46167  32.207  -55.241  42.418 0.0000000000
46143  32.823  -56.035  43.069 0.0000000000
46116  33.300  -55.793  43.472 0.0000000000
46090  34.031  -55.420  44.275 0.0000000000
47481  34.232  -55.409  44.898 0.0000000000
48824  34.685  -54.544  44.726 0.0000000000
78140  33.658  -31.707  39.631 0.0000000000
78163  33.841  -31.373  39.114 0.0000000000
75770  32.835  -33.129  38.462 0.0000000000
73558  31.003  -35.202  37.254 0.0000000000
75790  32.156  -33.971  36.945 0.0000000000
74668  31.522  -34.432  36.411 0.0000000000
75808  31.634  -34.143  35.994 0.0000000000
73595  31.239  -35.722  35.404 0.0000000000
69080  31.275  -39.657  35.563 0.0000000000
70235  31.855  -38.194  36.462 0.0000000000
69098  30.020  -39.691  33.524 0.0000000000
69097  30.579  -39.608  34.426 0.0000000000
70258  30.219  -38.484  33.663 0.0000000000
96086  49.614  -15.649  20.673 0.0000000000
96094  48.849  -15.584  19.747 0.0000000000
96093  50.012  -15.368  19.667 0.0000000000
92967  44.675  -18.592  20.710 0.0000000000
78198  36.422  -31.327  36.889 0.0000000000
78200  34.849  -30.976  37.112 0.0000000000
79360  37.388  -30.714  38.042 0.0000000000
57534  20.051  -48.512  38.566 0.0000000000
56209  19.001  -49.070  40.911 0.0000000000
52510  21.841  -50.497  42.771 0.0000000000
52509  22.392  -50.497  42.609 0.0000000000
52527  22.426  -50.101  42.090 0.0000000000
53766  22.275  -49.628  41.496 0.0000000000
54939  21.970  -49.151  40.056 0.0000000000
78316  35.985  -30.670  27.690 0.0000000000
74795  38.041  -32.069  30.028 0.0000000000
75919  38.477  -31.817  29.913 0.0000000000
75929  37.745  -31.793  29.159 0.0000000000
77126  37.817  -31.270  28.671 0.0000000000
78314  37.498  -30.968  28.498 0.0000000000
79450  37.103  -30.334  28.345 0.0000000000
78315  36.843  -30.882  28.107 0.0000000000
59768  15.869  -46.523  49.226 0.0000000000
59785  14.617  -47.252  48.208 0.0000000000
46063  13.415  -57.653  46.671 0.0000000000
44686  12.728  -57.918  44.912 0.0000000000
43275  11.664  -58.707  45.400 0.0000000000
43267  11.318  -59.719  45.726 0.0000000000
58643  35.006  -48.390  48.191 0.0000000000
57423  34.376  -49.148  48.259 0.0000000000
57409  33.825  -49.731  48.304 0.0000000000
56124  33.459  -49.998  48.038 0.0000000000
54786  33.931  -51.195  48.469 0.0000000000
52415  34.649  -53.018  48.194 0.0000000000
52524  29.168  -52.107  41.593 0.0000000000
52503  29.850  -53.159  41.950 0.0000000000
52523  30.034  -52.666  41.350 0.0000000000
52543  30.636  -53.289  41.043 0.0000000000
51339  31.252  -53.761  40.938 0.0000000000
52541  30.955  -53.094  39.597 0.0000000000
65611  32.102  -42.069  37.697 0.0000000000
65621  31.636  -42.289  37.106 0.0000000000
91812  46.137  -20.105  24.540 0.0000000000
90676  47.009  -20.253  25.004 0.0000000000
91811  46.627  -19.939  24.546 0.0000000000
93984  47.671  -17.483  23.034 0.0000000000
92942  46.963  -17.808  22.623 0.0000000000
92959  46.350  -17.744  21.408 0.0000000000
73641  36.669  -33.195  31.884 0.0000000000
73642  35.973  -32.733  31.510 0.0000000000
73643  34.892  -32.315  31.253 0.0000000000
74744  34.075  -32.020  31.430 0.0000000000
75846  32.726  -32.897  33.485 0.0000000000
75859  32.787  -33.061  32.784 0.0000000000
74663  38.824  -32.786  36.460 0.0000000000
73555  39.214  -32.792  35.608 0.0000000000
72482  38.768  -32.962  34.181 0.0000000000
72504  38.631  -33.113  33.722 0.0000000000
72522  38.711  -33.418  32.725 0.0000000000
72523  38.232  -33.168  32.962 0.0000000000
72565  37.134  -33.222  31.935 0.0000000000
57554  17.553  -49.734  37.771 0.0000000000
53786  16.066  -52.315  38.004 0.0000000000
48802  25.433  -53.914  48.195 0.0000000000
48801  26.675  -54.056  48.182 0.0000000000
48815  25.538  -53.463  47.419 0.0000000000
51255  25.894  -52.970  46.075 0.0000000000
53718  24.365  -50.547  42.533 0.0000000000
53739  25.858  -50.550  42.054 0.0000000000
54866  26.828  -50.470  42.101 0.0000000000
54959  27.542  -49.364  38.406 0.0000000000
59896  32.898  -48.629  40.195 0.0000000000
81680  42.903  -25.416  26.979 0.0000000000
81660  43.299  -25.175  26.911 0.0000000000
82771  42.723  -24.800  26.541 0.0000000000
83942  42.742  -24.380  26.206 0.0000000000
85186  42.845  -23.840  25.499 0.0000000000
88468  41.112  -22.015  22.883 0.0000000000
89614  42.726  -21.477  23.682 0.0000000000
90687  43.178  -21.000  23.677 0.0000000000
90695  42.916  -20.744  23.267 0.0000000000
90702  42.762  -20.677  22.541 0.0000000000
90701  43.210  -20.428  21.926 0.0000000000
53690  20.907  -50.471  44.923 0.0000000000
51280  22.717  -51.772  45.902 0.0000000000
51262  22.390  -51.371  46.833 0.0000000000
82685  42.284  -27.746  29.458 0.0000000000
82703  41.606  -27.270  28.991 0.0000000000
82720  40.553  -26.913  28.379 0.0000000000
82741  38.160  -27.176  27.276 0.0000000000
57456  19.009  -48.686  44.500 0.0000000000
58693  19.165  -48.269  43.105 0.0000000000
58695  17.502  -47.667  43.480 0.0000000000
58675  15.453  -48.665  44.948 0.0000000000
58684  15.849  -48.816  44.326 0.0000000000
57458  15.610  -49.664  44.650 0.0000000000
56167  15.916  -50.526  44.217 0.0000000000
53710  15.345  -51.729  42.067 0.0000000000
52512  15.434  -53.217  42.338 0.0000000000
53647  14.422  -52.260  48.464 0.0000000000
47501  14.401  -55.883  44.854 0.0000000000
48828  14.689  -55.361  45.419 0.0000000000
47520  14.529  -56.191  44.133 0.0000000000
48848  14.590  -55.440  43.842 0.0000000000
48862  14.395  -55.028  42.891 0.0000000000
69039  34.055  -39.437  39.107 0.0000000000
67844  34.127  -40.312  39.413 0.0000000000
66707  34.062  -41.212  39.293 0.0000000000
65586  34.210  -41.999  39.621 0.0000000000
60955  34.383  -44.686  44.940 0.0000000000
60968  33.946  -44.859  43.826 0.0000000000
62101  33.834  -44.045  42.372 0.0000000000
62113  33.639  -43.887  41.734 0.0000000000
62102  32.944  -44.780  41.937 0.0000000000
62103  32.212  -45.520  41.530 0.0000000000
62117  31.399  -46.051  40.918 0.0000000000
60971  32.279  -46.323  41.980 0.0000000000
54803  33.437  -51.593  46.351 0.0000000000
54819  33.614  -51.328  45.624 0.0000000000
54802  33.753  -52.197  45.321 0.0000000000
54801  34.135  -52.338  44.837 0.0000000000
47473  27.974  -54.897  47.549 0.0000000000
46047  29.307  -55.532  48.410 0.0000000000
47461  29.494  -55.387  47.739 0.0000000000
47460  29.995  -55.623  47.459 0.0000000000
46057  30.141  -55.970  47.173 0.0000000000
46094  30.958  -56.277  45.107 0.0000000000
46070  30.970  -56.039  46.113 0.0000000000
46069  31.423  -55.974  46.107 0.0000000000
44640  31.984  -56.778  46.561 0.0000000000
44618  32.719  -56.968  47.298 0.0000000000
46034  33.375  -56.010  47.684 0.0000000000
44617  33.265  -56.421  47.460 0.0000000000
44616  33.574  -56.168  47.310 0.0000000000
46042  33.811  -55.943  47.242 0.0000000000
47459  34.313  -55.437  47.627 0.0000000000
46054  33.644  -56.640  46.010 0.0000000000
46068  33.587  -56.264  45.565 0.0000000000
47565  32.378  -55.205  41.177 0.0000000000
46166  32.796  -55.748  42.193 0.0000000000
46186  32.839  -55.510  41.489 0.0000000000
46165  33.726  -55.894  42.091 0.0000000000
46141  34.190  -55.811  42.536 0.0000000000
74638  32.837  -34.294  39.222 0.0000000000
74651  32.536  -34.448  38.290 0.0000000000
73557  31.495  -35.736  37.737 0.0000000000
72484  31.610  -36.398  36.416 0.0000000000
65647  30.525  -41.979  34.908 0.0000000000
67914  30.817  -40.591  34.880 0.0000000000
66785  30.406  -41.462  34.541 0.0000000000
96088  47.805  -16.052  20.504 0.0000000000
74684  36.795  -31.710  34.045 0.0000000000
74697  36.390  -32.244  33.587 0.0000000000
75820  35.856  -31.660  34.322 0.0000000000
75821  34.217  -32.142  34.974 0.0000000000
75836  33.353  -32.332  34.011 0.0000000000
75837  32.382  -32.929  34.298 0.0000000000
78159  40.086  -31.603  38.187 0.0000000000
75768  39.173  -32.109  37.524 0.0000000000
78160  38.542  -31.476  38.139 0.0000000000
76984  38.753  -31.920  37.474 0.0000000000
75787  38.703  -32.571  37.157 0.0000000000
74664  38.155  -32.496  36.020 0.0000000000
74665  37.562  -32.137  35.430 0.0000000000
57553  18.227  -49.310  37.452 0.0000000000
57537  17.364  -49.856  38.125 0.0000000000
56223  16.407  -49.685  39.317 0.0000000000
51277  23.785  -52.600  45.614 0.0000000000
51276  24.507  -52.502  45.683 0.0000000000
51290  23.902  -52.256  44.897 0.0000000000
52507  23.875  -50.705  42.973 0.0000000000
52508  23.139  -50.703  42.878 0.0000000000
52525  23.291  -50.550  42.321 0.0000000000
53719  23.682  -50.534  42.209 0.0000000000
54886  24.208  -50.238  41.306 0.0000000000
54962  24.284  -48.616  39.612 0.0000000000
56233  23.760  -48.453  39.598 0.0000000000
58788  22.804  -47.794  37.802 0.0000000000
56235  22.254  -48.739  39.319 0.0000000000
57549  22.205  -47.812  37.753 0.0000000000
86300  40.025  -24.022  25.179 0.0000000000
86299  40.887  -23.716  25.523 0.0000000000
77080  40.213  -31.426  31.538 0.0000000000
78254  40.210  -30.727  31.122 0.0000000000
77102  39.090  -31.276  30.363 0.0000000000
78268  39.568  -30.607  30.577 0.0000000000
79431  39.510  -29.910  30.133 0.0000000000
81638  40.185  -28.946  29.424 0.0000000000
81639  39.855  -28.261  29.037 0.0000000000
81640  38.736  -28.608  28.719 0.0000000000
81641  38.434  -28.739  28.589 0.0000000000
80594  37.421  -30.007  28.456 0.0000000000
80595  37.135  -29.320  28.082 0.0000000000
81665  36.982  -28.445  27.131 0.0000000000
59811  17.618  -47.175  46.938 0.0000000000
59825  17.662  -47.008  45.651 0.0000000000
59812  16.736  -46.943  46.433 0.0000000000
59813  15.805  -47.400  46.147 0.0000000000
58665  15.276  -48.418  45.896 0.0000000000
56157  15.509  -50.395  45.247 0.0000000000
56146  15.842  -51.014  45.750 0.0000000000
50016  14.459  -54.995  48.436 0.0000000000
47475  14.147  -56.779  46.466 0.0000000000
47486  14.193  -56.607  45.468 0.0000000000
47502  14.323  -56.665  44.596 0.0000000000
46155  13.709  -56.890  43.738 0.0000000000
47539  12.930  -56.729  42.771 0.0000000000
46158  11.840  -57.366  42.462 0.0000000000
60918  34.975  -45.919  46.308 0.0000000000
62053  34.523  -45.447  45.526 0.0000000000
60936  33.987  -45.557  45.275 0.0000000000
60920  33.424  -46.542  45.473 0.0000000000
59831  32.994  -47.538  45.078 0.0000000000
56144  33.061  -50.617  46.374 0.0000000000
56136  33.418  -50.927  47.682 0.0000000000
54793  33.245  -51.174  47.235 0.0000000000
53663  33.658  -52.566  46.656 0.0000000000
51237  33.970  -53.940  46.578 0.0000000000
48847  29.421  -53.912  45.065 0.0000000000
48837  29.662  -54.585  45.293 0.0000000000
50093  29.331  -53.706  44.167 0.0000000000
48846  29.914  -54.553  44.276 0.0000000000
47527  30.596  -55.023  44.024 0.0000000000
51312  29.910  -53.479  42.477 0.0000000000
48853  30.679  -54.639  43.441 0.0000000000
47510  30.461  -55.704  44.200 0.0000000000
46120  30.767  -56.230  44.336 0.0000000000
46119  31.427  -56.114  44.102 0.0000000000
46092  31.870  -56.120  44.937 0.0000000000
46118  31.969  -55.912  44.409 0.0000000000
46145  31.869  -55.327  43.138 0.0000000000
47545  31.949  -55.553  41.957 0.0000000000
50121  31.035  -55.250  40.703 0.0000000000
48905  31.271  -55.274  40.647 0.0000000000
47566  31.505  -55.199  41.149 0.0000000000
48904  31.804  -55.273  40.374 0.0000000000
70221  32.866  -38.475  37.514 0.0000000000
70222  32.424  -38.217  36.991 0.0000000000
69051  32.606  -39.092  37.037 0.0000000000
69065  31.785  -39.944  36.691 0.0000000000
67894  31.371  -40.922  36.079 0.0000000000
65622  31.409  -42.270  36.214 0.0000000000
66770  31.192  -41.513  35.888 0.0000000000
66784  30.717  -41.443  35.272 0.0000000000
65636  30.797  -43.035  34.731 0.0000000000
95023  48.300  -16.475  22.116 0.0000000000
95019  47.796  -16.979  22.447 0.0000000000
95027  48.080  -16.333  21.480 0.0000000000
95032  46.672  -16.447  19.905 0.0000000000
74812  36.551  -32.254  28.943 0.0000000000
74813  35.416  -32.128  28.446 0.0000000000
73713  35.739  -32.648  28.892 0.0000000000
73682  34.047  -32.709  29.580 0.0000000000
74709  35.159  -32.366  32.680 0.0000000000
74724  34.536  -31.953  31.948 0.0000000000
75876  33.034  -32.875  32.055 0.0000000000
73645  32.728  -33.200  31.186 0.0000000000
73554  39.748  -32.837  35.595 0.0000000000
73553  40.081  -32.790  35.685 0.0000000000
74721  40.051  -32.522  32.994 0.0000000000
74742  39.312  -33.108  31.933 0.0000000000
74780  38.520  -32.565  30.763 0.0000000000
72562  38.240  -33.333  31.541 0.0000000000
73677  38.227  -33.000  30.977 0.0000000000
73695  38.004  -32.569  30.526 0.0000000000
74796  37.148  -32.306  29.578 0.0000000000
74797  36.713  -32.467  29.347 0.0000000000
46016  27.424  -56.353  50.621 0.0000000000
46026  27.409  -56.325  49.831 0.0000000000
47462  27.965  -55.468  48.343 0.0000000000
50081  28.367  -53.299  45.455 0.0000000000
51275  25.472  -52.227  45.530 0.0000000000
52486  25.573  -51.442  43.749 0.0000000000
52467  25.912  -51.594  44.465 0.0000000000
51274  26.648  -52.520  45.652 0.0000000000
50082  27.457  -52.820  45.763 0.0000000000
51273  27.634  -52.547  45.215 0.0000000000
51287  28.353  -52.892  44.502 0.0000000000
52484  28.357  -52.335  43.192 0.0000000000
53738  28.613  -51.620  41.814 0.0000000000
54907  28.572  -51.055  40.455 0.0000000000
53784  28.921  -50.714  39.383 0.0000000000
62138  32.247  -46.266  38.473 0.0000000000
87365  45.336  -23.122  25.213 0.0000000000
86314  41.407  -23.425  25.068 0.0000000000
86313  42.264  -23.337  25.104 0.0000000000
87369  41.707  -22.467  24.363 0.0000000000
87378  42.452  -22.814  24.689 0.0000000000
86312  43.125  -23.417  25.072 0.0000000000
87376  44.447  -23.072  25.169 0.0000000000
88447  45.921  -22.107  25.029 0.0000000000
89604  45.443  -21.351  24.683 0.0000000000
90679  45.007  -20.801  24.454 0.0000000000
89612  44.022  -20.813  24.062 0.0000000000
90685  44.550  -20.320  23.846 0.0000000000
90684  45.284  -20.068  23.996 0.0000000000
91821  45.406  -19.281  23.332 0.0000000000
92952  45.118  -19.006  22.517 0.0000000000
92951  45.727  -18.525  22.181 0.0000000000
53746  21.153  -49.229  42.191 0.0000000000
54890  20.612  -49.006  41.754 0.0000000000
54867  20.726  -49.495  42.777 0.0000000000
56186  20.176  -49.625  43.230 0.0000000000
56166  20.035  -49.509  44.507 0.0000000000
54834  20.700  -50.188  44.926 0.0000000000
57436  18.454  -48.096  45.958 0.0000000000
56139  19.655  -49.869  47.839 0.0000000000
56127  19.492  -49.250  49.279 0.0000000000
57411  19.378  -49.227  48.217 0.0000000000
58649  18.860  -48.599  47.892 0.0000000000
59796  17.685  -47.361  48.040 0.0000000000
60886  17.873  -46.538  49.031 0.0000000000
60873  17.333  -46.483  49.133 0.0000000000
59767  17.121  -46.448  49.542 0.0000000000
45978  28.850  -56.015  51.662 0.0000000000
45991  27.593  -56.124  51.579 0.0000000000
47443  26.453  -55.783  50.152 0.0000000000
47454  25.946  -54.568  49.366 0.0000000000
48777  25.165  -54.571  49.945 0.0000000000
51239  23.831  -53.404  46.814 0.0000000000
50032  23.378  -53.610  48.069 0.0000000000
51258  23.552  -52.902  46.333 0.0000000000
51278  23.337  -52.402  45.714 0.0000000000
51292  22.849  -52.012  45.056 0.0000000000
52472  22.234  -51.424  44.424 0.0000000000
74833  34.635  -32.030  27.690 0.0000000000
82716  44.524  -26.817  28.443 0.0000000000
83891  43.879  -26.619  28.027 0.0000000000
82718  42.574  -26.313  28.017 0.0000000000
82737  42.689  -25.713  27.280 0.0000000000
83926  41.674  -25.260  26.818 0.0000000000
86265  40.318  -24.827  26.415 0.0000000000
81648  39.784  -27.504  28.368 0.0000000000
82721  39.734  -27.098  27.883 0.0000000000
83894  40.083  -26.703  27.880 0.0000000000
83913  39.704  -26.325  27.486 0.0000000000
85137  40.183  -25.561  26.826 0.0000000000
86266  39.492  -24.937  26.426 0.0000000000
86286  39.732  -24.427  25.861 0.0000000000
54891  19.851  -48.723  41.580 0.0000000000
58710  19.237  -48.229  42.619 0.0000000000
57505  18.253  -48.321  41.671 0.0000000000
56210  17.109  -48.999  40.342 0.0000000000
56211  15.868  -49.933  40.348 0.0000000000
60926  17.082  -46.614  45.063 0.0000000000
59843  17.136  -47.147  43.931 0.0000000000
58696  16.796  -48.082  43.300 0.0000000000
57471  16.347  -48.798  42.804 0.0000000000
56225  15.523  -50.510  39.941 0.0000000000
53768  15.257  -52.762  39.558 0.0000000000
53748  15.038  -52.900  40.151 0.0000000000
56140  14.290  -50.490  46.843 0.0000000000
54821  16.057  -51.775  45.454 0.0000000000
51223  14.679  -54.335  48.081 0.0000000000
52419  14.651  -53.584  47.819 0.0000000000
52428  14.826  -53.425  46.984 0.0000000000
48827  15.206  -55.027  45.718 0.0000000000
51244  14.693  -54.056  46.019 0.0000000000
52438  15.023  -53.409  46.181 0.0000000000
53680  15.948  -53.293  45.634 0.0000000000
53691  16.234  -53.269  45.283 0.0000000000
53692  16.394  -52.600  44.981 0.0000000000
52475  15.527  -53.240  43.802 0.0000000000
51314  15.403  -54.007  41.970 0.0000000000
50115  14.809  -54.447  42.475 0.0000000000
50134  14.891  -54.347  41.715 0.0000000000
41827  10.712  -60.973  46.452 0.0000000000
41828  10.374  -61.470  45.970 0.0000000000
40404  8.827  -62.257  44.521 0.0000000000
79315  35.119  -30.674  40.004 0.0000000000
73544  33.195  -36.397  38.793 0.0000000000
72457  33.244  -37.537  38.368 0.0000000000
70211  33.353  -38.624  37.909 0.0000000000
67854  33.140  -40.168  38.976 0.0000000000
66721  33.213  -41.141  38.341 0.0000000000
66737  32.404  -41.235  37.717 0.0000000000
64431  32.284  -42.384  38.079 0.0000000000
64411  34.086  -42.415  40.231 0.0000000000
63243  33.388  -43.417  40.874 0.0000000000
64397  32.966  -43.320  40.139 0.0000000000
64414  32.368  -44.016  39.585 0.0000000000
60987  31.955  -46.814  41.003 0.0000000000
59882  32.518  -47.933  40.911 0.0000000000
58748  32.842  -48.479  40.651 0.0000000000
59881  33.171  -48.530  40.908 0.0000000000
58690  34.267  -50.198  42.631 0.0000000000
58679  32.952  -48.814  44.494 0.0000000000
56153  33.795  -50.855  45.319 0.0000000000
57453  33.550  -49.831  44.519 0.0000000000
58691  33.675  -49.448  43.049 0.0000000000
58677  34.167  -50.108  43.293 0.0000000000
57466  35.119  -50.589  42.869 0.0000000000
56163  35.642  -51.116  43.647 0.0000000000
54816  36.051  -52.060  43.377 0.0000000000
46003  29.166  -56.565  50.342 0.0000000000
46002  29.976  -56.482  50.310 0.0000000000
44569  30.039  -56.452  49.713 0.0000000000
46024  29.597  -56.099  49.019 0.0000000000
44579  29.969  -56.385  49.341 0.0000000000
44568  30.548  -56.389  49.557 0.0000000000
44564  32.378  -56.328  49.391 0.0000000000
48825  29.536  -55.013  45.833 0.0000000000
46071  30.457  -55.857  46.583 0.0000000000
46045  30.397  -56.171  47.396 0.0000000000
46055  31.082  -56.305  46.663 0.0000000000
46044  30.763  -56.439  47.142 0.0000000000
44602  31.085  -56.937  47.867 0.0000000000
44586  31.493  -56.755  48.315 0.0000000000
44575  32.070  -56.472  48.941 0.0000000000
46012  33.103  -55.741  49.209 0.0000000000
46011  33.832  -55.552  49.248 0.0000000000
46033  33.671  -55.702  47.888 0.0000000000
48774  35.093  -55.484  49.316 0.0000000000
50011  34.905  -54.788  49.663 0.0000000000
52414  34.709  -53.011  49.396 0.0000000000
50020  34.370  -54.957  47.759 0.0000000000
51227  34.388  -54.371  47.686 0.0000000000
50042  34.476  -54.639  45.887 0.0000000000
44699  32.473  -55.977  44.673 0.0000000000
44675  33.106  -56.135  44.750 0.0000000000
44697  33.211  -55.671  43.988 0.0000000000
46067  33.817  -55.839  45.146 0.0000000000
50043  34.531  -54.703  45.652 0.0000000000
47495  35.101  -54.704  43.372 0.0000000000
46114  34.439  -55.441  42.998 0.0000000000
78162  34.079  -30.933  38.513 0.0000000000
76986  33.738  -31.231  37.834 0.0000000000
75789  32.518  -33.251  37.236 0.0000000000
77012  32.483  -32.538  36.070 0.0000000000
75824  31.553  -33.861  35.468 0.0000000000
74699  31.362  -34.602  34.902 0.0000000000
71349  32.055  -37.463  36.692 0.0000000000
71371  31.547  -37.411  35.997 0.0000000000
70257  30.606  -38.533  34.962 0.0000000000
72505  31.346  -36.520  35.434 0.0000000000
72526  30.961  -36.645  34.706 0.0000000000
72527  30.678  -36.565  33.905 0.0000000000
72528  30.434  -36.445  33.173 0.0000000000
92966  45.068  -18.244  19.826 0.0000000000
41836  10.736  -61.039  45.779 0.0000000000
43276  11.157  -58.932  45.259 0.0000000000
44573  32.835  -55.865  48.983 0.0000000000
44574  32.555  -56.151  49.122 0.0000000000
44582  33.355  -55.675  48.523 0.0000000000
44584  32.526  -56.302  48.500 0.0000000000
44597  33.348  -55.709  48.286 0.0000000000
44604  30.267  -56.120  48.570 0.0000000000
44619  32.153  -57.175  47.196 0.0000000000
44622  30.607  -56.513  47.545 0.0000000000
44636  33.607  -56.310  47.005 0.0000000000
44658  32.243  -55.889  46.081 0.0000000000
44676  32.736  -56.330  45.139 0.0000000000
44679  31.840  -55.921  45.438 0.0000000000
44700  32.212  -56.062  44.920 0.0000000000
44727  11.717  -57.465  42.897 0.0000000000
46004  27.945  -56.735  50.952 0.0000000000
46013  32.738  -55.964  49.425 0.0000000000
46023  33.418  -55.674  48.928 0.0000000000
46027  26.927  -56.284  50.396 0.0000000000
46046  30.182  -55.592  47.858 0.0000000000
46053  33.879  -56.086  46.233 0.0000000000
46117  32.750  -55.755  43.774 0.0000000000
46168  32.171  -55.103  42.164 0.0000000000
47472  28.952  -55.275  47.169 0.0000000000
47483  29.985  -55.462  46.181 0.0000000000
47485  14.495  -56.033  45.890 0.0000000000
47508  34.538  -55.223  43.040 0.0000000000
47509  31.184  -55.811  43.653 0.0000000000
47567  31.569  -55.345  41.392 0.0000000000
47582  32.178  -55.166  40.871 0.0000000000
48775  26.672  -55.912  49.658 0.0000000000
48776  26.548  -55.671  49.682 0.0000000000
48789  26.708  -55.722  49.498 0.0000000000
48790  26.596  -55.504  49.498 0.0000000000
48794  14.587  -55.591  48.025 0.0000000000
48804  15.693  -55.154  46.876 0.0000000000
48839  14.755  -54.924  45.016 0.0000000000
48852  31.497  -54.810  42.796 0.0000000000
48867  31.428  -55.202  41.341 0.0000000000
48885  31.343  -55.386  40.838 0.0000000000
50048  24.235  -53.677  47.223 0.0000000000
50049  23.568  -53.566  47.407 0.0000000000
50067  25.443  -53.303  46.590 0.0000000000
50068  24.939  -53.667  46.396 0.0000000000
50069  15.127  -54.589  45.616 0.0000000000
50080  35.774  -54.104  43.418 0.0000000000
50092  29.918  -54.340  43.685 0.0000000000
50103  14.828  -54.612  43.317 0.0000000000
50122  31.475  -54.772  41.089 0.0000000000
50123  31.362  -54.094  41.691 0.0000000000
50147  31.527  -54.325  40.602 0.0000000000
51233  14.792  -54.319  46.996 0.0000000000
51245  14.712  -53.832  46.491 0.0000000000
51253  35.572  -53.930  43.737 0.0000000000
51261  22.557  -51.633  46.634 0.0000000000
51281  15.497  -54.137  44.625 0.0000000000
51319  31.315  -53.893  41.449 0.0000000000
51340  30.766  -53.534  41.342 0.0000000000
52410  14.464  -53.686  48.697 0.0000000000
52437  15.085  -53.633  45.811 0.0000000000
52448  15.563  -53.672  45.509 0.0000000000
52449  15.550  -53.388  45.828 0.0000000000
52457  26.247  -51.925  45.286 0.0000000000
52466  27.041  -52.140  44.080 0.0000000000
52468  24.845  -51.672  44.360 0.0000000000
52493  15.438  -53.581  43.705 0.0000000000
52505  25.344  -51.237  43.405 0.0000000000
52511  21.530  -50.235  42.753 0.0000000000
52522  30.103  -52.387  40.708 0.0000000000
52526  22.785  -50.393  42.155 0.0000000000
53651  33.781  -52.170  47.558 0.0000000000
53677  34.427  -52.435  44.666 0.0000000000
53679  20.833  -50.634  45.419 0.0000000000
53681  15.985  -52.797  45.888 0.0000000000
53697  27.057  -51.925  43.726 0.0000000000
53699  20.708  -50.772  43.950 0.0000000000
53700  16.237  -53.198  44.683 0.0000000000
53706  27.127  -51.477  43.444 0.0000000000
53720  21.938  -50.158  42.387 0.0000000000
53724  15.429  -51.767  41.724 0.0000000000
53737  29.010  -51.578  40.933 0.0000000000
53741  23.923  -50.413  41.801 0.0000000000
53760  30.493  -52.561  39.705 0.0000000000
53762  28.857  -51.155  39.901 0.0000000000
53781  30.595  -52.722  39.267 0.0000000000
54788  13.958  -51.638  48.193 0.0000000000
54795  14.961  -52.165  46.959 0.0000000000
54804  32.986  -51.049  46.866 0.0000000000
54833  20.775  -50.443  44.622 0.0000000000
54856  15.566  -51.466  41.757 0.0000000000
54865  27.332  -50.705  42.340 0.0000000000
54868  20.152  -48.924  42.208 0.0000000000
54888  21.516  -49.498  41.243 0.0000000000
54893  15.453  -50.654  40.134 0.0000000000
54919  15.485  -50.703  39.881 0.0000000000
56123  33.676  -50.512  48.266 0.0000000000
56125  19.557  -49.794  48.308 0.0000000000
56137  33.164  -50.418  47.439 0.0000000000
56138  19.590  -49.758  48.054 0.0000000000
56143  33.383  -51.062  45.833 0.0000000000
56165  20.678  -50.031  44.448 0.0000000000
56212  15.581  -50.430  40.149 0.0000000000
56224  15.699  -50.336  39.803 0.0000000000
56260  17.448  -50.044  37.104 0.0000000000
57407  34.797  -49.804  48.747 0.0000000000
57408  34.357  -49.767  48.609 0.0000000000
57410  19.509  -49.576  48.203 0.0000000000
57422  35.023  -49.050  48.773 0.0000000000
57424  33.668  -49.450  47.718 0.0000000000
57425  19.501  -49.524  47.956 0.0000000000
57443  32.747  -49.197  45.320 0.0000000000
57467  34.558  -50.432  43.151 0.0000000000
57468  19.329  -48.534  42.867 0.0000000000
57484  19.378  -48.415  42.439 0.0000000000
57503  19.120  -48.275  42.117 0.0000000000
57504  19.284  -48.329  42.086 0.0000000000
57533  23.160  -48.285  37.857 0.0000000000
57548  23.141  -48.108  38.054 0.0000000000
58663  18.694  -48.457  47.157 0.0000000000
58672  32.705  -48.939  45.253 0.0000000000
58673  18.232  -47.417  45.329 0.0000000000
58674  18.243  -47.605  45.824 0.0000000000
58680  32.695  -48.953  44.910 0.0000000000
58711  18.838  -47.981  42.780 0.0000000000
58732  19.274  -48.292  42.315 0.0000000000
58733  19.066  -48.155  42.298 0.0000000000
58749  32.670  -48.287  40.617 0.0000000000
58761  32.924  -48.627  40.441 0.0000000000
58762  32.738  -48.475  40.425 0.0000000000
58774  23.422  -48.039  37.709 0.0000000000
58775  23.195  -48.092  37.833 0.0000000000
58787  23.160  -47.849  37.693 0.0000000000
58800  23.574  -47.851  36.711 0.0000000000
58801  23.135  -47.620  36.978 0.0000000000
59765  18.126  -46.719  49.555 0.0000000000
59781  18.205  -46.779  49.341 0.0000000000
59832  17.995  -47.022  45.033 0.0000000000
59833  17.346  -46.891  44.602 0.0000000000
59834  16.660  -47.297  44.458 0.0000000000
59844  16.804  -47.544  43.664 0.0000000000
59897  32.537  -48.181  40.437 0.0000000000
60872  17.683  -46.524  49.323 0.0000000000
60885  18.157  -46.679  49.128 0.0000000000
60887  17.530  -46.498  48.999 0.0000000000
60904  35.313  -45.593  46.226 0.0000000000
60905  35.094  -45.664  46.123 0.0000000000
60919  34.253  -46.180  45.854 0.0000000000
60927  16.859  -46.752  44.804 0.0000000000
60935  34.345  -45.029  45.203 0.0000000000
60941  17.029  -46.607  44.708 0.0000000000
60942  16.922  -46.749  44.537 0.0000000000
60967  34.822  -44.274  44.318 0.0000000000
60978  32.124  -46.516  41.547 0.0000000000
60979  31.711  -46.342  41.169 0.0000000000
60988  31.564  -46.246  40.930 0.0000000000
62027  35.174  -45.500  46.004 0.0000000000
62038  34.898  -45.557  45.845 0.0000000000
62039  34.440  -45.682  45.617 0.0000000000
62052  34.685  -45.044  45.405 0.0000000000
62071  34.809  -44.653  45.228 0.0000000000
62090  32.159  -45.951  41.955 0.0000000000
62091  32.061  -46.172  41.713 0.0000000000
62104  31.683  -46.059  41.357 0.0000000000
62105  31.502  -46.103  41.123 0.0000000000
62116  31.491  -46.019  40.707 0.0000000000
63233  33.358  -43.937  41.188 0.0000000000
63245  32.548  -44.078  39.834 0.0000000000
63285  30.778  -43.991  35.408 0.0000000000
65588  33.479  -41.632  38.680 0.0000000000
65599  33.317  -41.614  38.497 0.0000000000
66708  33.600  -41.351  38.776 0.0000000000
66709  33.438  -41.413  38.550 0.0000000000
66752  31.826  -41.057  37.371 0.0000000000
66754  31.406  -41.590  36.307 0.0000000000
67880  31.532  -40.743  36.519 0.0000000000
69029  34.465  -39.801  39.457 0.0000000000
69041  33.053  -38.915  37.583 0.0000000000
69052  32.226  -38.642  36.680 0.0000000000
69064  31.970  -40.246  37.177 0.0000000000
69079  31.370  -40.394  36.126 0.0000000000
70259  30.201  -37.747  32.980 0.0000000000
71309  33.374  -37.804  38.313 0.0000000000
71319  33.534  -38.296  38.236 0.0000000000
71320  33.109  -37.915  38.012 0.0000000000
71331  32.683  -37.972  37.502 0.0000000000
71332  32.399  -37.597  37.277 0.0000000000
71389  30.909  -37.501  35.290 0.0000000000
72461  32.429  -36.966  38.122 0.0000000000
72470  32.196  -36.989  37.197 0.0000000000
72483  31.608  -36.053  36.963 0.0000000000
72506  31.294  -36.188  35.789 0.0000000000
72524  37.577  -32.934  32.631 0.0000000000
72542  38.484  -33.436  32.064 0.0000000000
72543  38.132  -33.304  32.226 0.0000000000
72544  37.673  -33.155  32.298 0.0000000000
72545  37.195  -33.076  32.275 0.0000000000
72563  37.834  -33.387  31.593 0.0000000000
72577  38.147  -33.346  31.174 0.0000000000
72578  37.848  -33.447  30.997 0.0000000000
72579  37.516  -33.337  31.282 0.0000000000
72580  37.281  -33.274  31.538 0.0000000000
73568  40.703  -32.990  35.284 0.0000000000
73571  39.496  -33.156  34.886 0.0000000000
73575  31.511  -35.942  37.269 0.0000000000
73576  31.308  -35.624  36.952 0.0000000000
73577  31.140  -35.546  36.241 0.0000000000
73587  40.565  -33.100  35.020 0.0000000000
73588  40.180  -33.279  34.629 0.0000000000
73590  38.449  -32.814  34.046 0.0000000000
73591  37.942  -32.655  33.737 0.0000000000
73594  31.234  -36.135  35.263 0.0000000000
73606  37.765  -32.821  33.166 0.0000000000
73607  37.140  -32.758  32.795 0.0000000000
73608  36.439  -32.871  32.633 0.0000000000
73610  31.200  -36.132  34.994 0.0000000000
73612  30.557  -35.857  33.515 0.0000000000
73620  39.919  -32.855  33.305 0.0000000000
73624  36.104  -33.187  32.133 0.0000000000
73627  30.430  -35.831  32.964 0.0000000000
73638  39.712  -32.800  32.760 0.0000000000
73639  39.503  -33.004  32.389 0.0000000000
73640  38.753  -33.401  31.887 0.0000000000
73659  38.420  -33.188  31.424 0.0000000000
73660  38.052  -33.276  30.902 0.0000000000
73678  37.743  -32.868  30.659 0.0000000000
74649  38.613  -32.835  36.838 0.0000000000
74650  38.506  -32.640  36.652 0.0000000000
74660  40.675  -32.808  36.066 0.0000000000
74661  40.110  -32.664  36.097 0.0000000000
74662  39.503  -32.660  36.213 0.0000000000
74666  32.114  -34.995  37.834 0.0000000000
74667  31.469  -34.615  37.136 0.0000000000
74683  37.408  -31.962  34.544 0.0000000000
74685  30.795  -34.921  36.723 0.0000000000
74686  31.343  -34.756  35.890 0.0000000000
74695  40.636  -33.190  34.178 0.0000000000
74698  35.591  -32.323  33.304 0.0000000000
74722  39.300  -33.276  32.333 0.0000000000
74723  39.135  -33.417  32.057 0.0000000000
74725  33.865  -31.986  31.849 0.0000000000
74726  32.444  -33.236  32.454 0.0000000000
74745  33.394  -32.681  31.675 0.0000000000
74764  39.107  -32.671  31.375 0.0000000000
74765  38.682  -32.877  31.383 0.0000000000
74778  39.244  -32.089  30.464 0.0000000000
74794  38.715  -31.991  30.068 0.0000000000
74810  37.825  -31.884  29.487 0.0000000000
74830  37.135  -31.928  29.030 0.0000000000
74831  36.915  -32.018  28.962 0.0000000000
75769  38.909  -32.120  37.513 0.0000000000
75786  39.238  -32.596  37.239 0.0000000000
75799  39.918  -32.450  36.628 0.0000000000
75800  39.286  -32.751  36.871 0.0000000000
75806  32.470  -32.812  36.497 0.0000000000
75819  36.775  -31.499  34.489 0.0000000000
75823  31.968  -33.029  35.187 0.0000000000
75858  33.491  -32.498  32.290 0.0000000000
75860  32.338  -33.273  33.170 0.0000000000
75874  39.201  -32.947  31.735 0.0000000000
75875  39.115  -33.151  31.779 0.0000000000
75877  32.843  -33.015  32.306 0.0000000000
75893  39.159  -32.782  31.574 0.0000000000
75894  39.007  -32.968  31.628 0.0000000000
75906  39.336  -31.803  30.514 0.0000000000
75917  39.132  -31.638  30.296 0.0000000000
75918  38.915  -31.745  30.126 0.0000000000
75927  38.517  -31.550  29.696 0.0000000000
75928  38.166  -31.728  29.474 0.0000000000
76934  33.467  -32.271  39.568 0.0000000000
76958  39.470  -31.681  37.997 0.0000000000
76959  38.927  -31.724  37.966 0.0000000000
76960  38.546  -31.607  37.772 0.0000000000
76961  33.709  -31.303  38.344 0.0000000000
76962  33.441  -31.861  38.737 0.0000000000
77031  33.704  -31.680  35.808 0.0000000000
77103  38.693  -31.174  29.704 0.0000000000
77113  38.020  -31.563  28.874 0.0000000000
77114  37.639  -31.683  28.906 0.0000000000
78182  36.112  -30.839  37.411 0.0000000000
78183  35.193  -30.668  37.461 0.0000000000
78299  38.595  -31.048  28.968 0.0000000000
78300  38.302  -31.319  28.868 0.0000000000
78313  38.116  -31.098  28.690 0.0000000000
79334  37.615  -30.720  38.394 0.0000000000
79363  34.843  -30.530  38.077 0.0000000000
79440  38.159  -30.359  28.650 0.0000000000
79449  37.763  -30.517  28.546 0.0000000000
80573  38.703  -29.447  29.052 0.0000000000
80575  38.213  -28.818  28.507 0.0000000000
81661  43.144  -25.408  27.061 0.0000000000
81662  42.961  -25.583  27.154 0.0000000000
81678  43.278  -25.036  26.767 0.0000000000
81679  43.061  -25.208  26.842 0.0000000000
82687  40.917  -28.019  29.476 0.0000000000
82717  44.053  -26.957  28.555 0.0000000000
82735  43.600  -25.410  27.233 0.0000000000
82755  43.505  -24.935  26.694 0.0000000000
82756  43.060  -24.959  26.668 0.0000000000
82757  42.747  -25.207  26.822 0.0000000000
82770  43.144  -24.658  26.449 0.0000000000
82772  42.463  -24.970  26.683 0.0000000000
83876  43.380  -27.071  28.557 0.0000000000
83890  44.457  -26.521  27.906 0.0000000000
83892  43.264  -26.681  28.309 0.0000000000
83893  40.268  -26.522  27.806 0.0000000000
83909  43.648  -26.001  27.623 0.0000000000
83910  43.184  -26.151  27.778 0.0000000000
83941  43.286  -24.316  26.172 0.0000000000
83960  43.230  -23.981  25.861 0.0000000000
83961  42.318  -24.244  25.956 0.0000000000
83962  41.923  -24.216  25.852 0.0000000000
85125  44.048  -26.512  27.857 0.0000000000
85134  44.199  -26.339  27.772 0.0000000000
85135  43.956  -26.298  27.753 0.0000000000
85152  44.550  -24.505  26.133 0.0000000000
85169  42.942  -24.029  25.980 0.0000000000
85170  42.616  -24.076  25.820 0.0000000000
85188  41.572  -23.828  25.640 0.0000000000
86267  38.681  -25.040  26.384 0.0000000000
86284  44.587  -24.204  25.711 0.0000000000
86288  38.220  -24.946  25.822 0.0000000000
86298  44.544  -23.933  25.520 0.0000000000
86310  44.507  -23.340  25.291 0.0000000000
87366  44.409  -22.562  24.905 0.0000000000
87368  41.949  -22.557  24.544 0.0000000000
87375  44.775  -23.314  25.196 0.0000000000
87381  40.238  -23.344  23.881 0.0000000000
88450  42.190  -22.487  24.482 0.0000000000
88451  41.929  -22.346  24.366 0.0000000000
89606  43.902  -21.564  24.450 0.0000000000
90678  45.616  -20.461  24.532 0.0000000000
90693  44.216  -19.934  23.221 0.0000000000
92949  46.774  -17.741  21.874 0.0000000000
93991  46.815  -17.401  21.738 0.0000000000
95024  47.545  -16.717  21.801 0.0000000000
