#!ascii label  , from subject 3132 vox2ras=TkReg
313
104106  26.474  -8.771  -25.395 0.0000000000
94560  24.870  -17.748  -23.917 0.0000000000
109211  26.804  -3.936  -22.204 0.0000000000
117932  24.975  5.888  -18.600 0.0000000000
92420  23.813  -19.649  -23.863 0.0000000000
111409  27.168  -0.889  -24.085 0.0000000000
114200  27.473  1.444  -22.044 0.0000000000
102037  24.989  -10.708  -23.584 0.0000000000
98749  25.611  -13.400  -25.067 0.0000000000
102057  27.634  -10.624  -26.128 0.0000000000
107244  27.487  -5.810  -27.548 0.0000000000
105115  28.741  -8.004  -25.394 0.0000000000
106148  26.364  -6.531  -23.515 0.0000000000
109245  26.753  -3.288  -25.769 0.0000000000
115989  24.789  3.596  -18.689 0.0000000000
116004  27.584  3.577  -20.860 0.0000000000
96683  26.341  -15.357  -23.969 0.0000000000
112385  27.219  -0.570  -21.612 0.0000000000
113291  27.157  0.923  -20.597 0.0000000000
103086  25.862  -9.833  -24.540 0.0000000000
100950  26.264  -11.339  -25.774 0.0000000000
103095  26.545  -9.648  -26.270 0.0000000000
93526  24.447  -18.890  -23.831 0.0000000000
107191  26.590  -5.657  -22.854 0.0000000000
107221  27.382  -5.185  -25.202 0.0000000000
109234  27.019  -3.437  -24.620 0.0000000000
113324  26.753  0.481  -24.924 0.0000000000
112421  26.412  -0.353  -26.294 0.0000000000
117934  23.241  5.848  -18.792 0.0000000000
115081  23.689  3.016  -19.070 0.0000000000
116976  25.255  4.493  -18.765 0.0000000000
120991  27.595  8.348  -21.517 0.0000000000
120054  27.531  7.277  -21.236 0.0000000000
117966  27.576  5.456  -20.309 0.0000000000
117981  27.496  5.518  -22.224 0.0000000000
117013  27.182  4.505  -22.821 0.0000000000
98735  27.030  -13.397  -25.122 0.0000000000
96713  26.135  -14.834  -25.470 0.0000000000
91338  22.026  -20.450  -23.371 0.0000000000
110320  27.496  -2.536  -22.683 0.0000000000
111395  27.446  -1.531  -22.379 0.0000000000
113317  27.109  0.356  -23.239 0.0000000000
115112  27.309  1.990  -24.294 0.0000000000
99832  24.170  -12.769  -24.196 0.0000000000
100952  25.217  -11.870  -24.354 0.0000000000
100974  26.889  -12.426  -26.281 0.0000000000
99829  27.381  -12.464  -24.951 0.0000000000
106173  27.209  -7.204  -26.769 0.0000000000
103118  28.009  -8.860  -26.680 0.0000000000
105135  28.407  -7.706  -26.718 0.0000000000
105097  25.460  -8.577  -22.913 0.0000000000
105080  25.309  -7.152  -22.557 0.0000000000
105106  26.521  -7.609  -24.716 0.0000000000
107231  26.746  -6.328  -26.059 0.0000000000
108235  27.065  -4.634  -26.817 0.0000000000
110380  27.140  -2.983  -27.662 0.0000000000
110349  26.647  -2.284  -25.388 0.0000000000
111439  26.588  -1.272  -26.996 0.0000000000
114170  25.198  1.793  -18.727 0.0000000000
118958  26.020  5.953  -19.233 0.0000000000
116975  26.136  4.597  -19.219 0.0000000000
115987  26.691  3.785  -19.386 0.0000000000
115079  26.825  2.352  -19.748 0.0000000000
115089  27.369  2.437  -21.325 0.0000000000
116033  26.994  3.424  -23.805 0.0000000000
95606  24.335  -16.854  -24.361 0.0000000000
97702  24.696  -14.466  -24.556 0.0000000000
102067  28.223  -10.132  -26.442 0.0000000000
102044  28.238  -10.423  -24.485 0.0000000000
113292  26.525  0.374  -20.039 0.0000000000
104107  26.216  -9.173  -24.673 0.0000000000
103085  26.310  -9.785  -25.378 0.0000000000
104116  26.800  -8.859  -26.147 0.0000000000
90220  21.567  -21.511  -22.947 0.0000000000
90234  22.329  -21.119  -23.492 0.0000000000
93525  24.974  -18.979  -24.012 0.0000000000
108190  26.616  -4.931  -21.993 0.0000000000
108208  26.956  -4.564  -23.081 0.0000000000
109222  27.014  -3.869  -22.836 0.0000000000
114225  26.465  1.430  -25.467 0.0000000000
113334  26.398  0.555  -25.877 0.0000000000
117933  24.160  5.866  -18.591 0.0000000000
117951  23.808  5.081  -18.915 0.0000000000
116977  24.358  4.391  -18.862 0.0000000000
117950  24.685  5.189  -18.796 0.0000000000
118975  27.677  6.453  -21.833 0.0000000000
117982  26.941  5.558  -23.155 0.0000000000
98722  27.248  -13.465  -24.215 0.0000000000
97698  27.093  -14.201  -24.596 0.0000000000
94562  22.892  -17.597  -23.546 0.0000000000
110301  27.040  -2.361  -21.811 0.0000000000
111384  27.152  -1.671  -21.138 0.0000000000
113303  27.410  0.519  -21.522 0.0000000000
112384  27.291  -0.014  -22.053 0.0000000000
113310  27.427  0.513  -22.451 0.0000000000
114208  27.026  0.840  -23.676 0.0000000000
114207  27.436  1.374  -23.277 0.0000000000
118943  23.630  6.694  -18.647 0.0000000000
100939  24.622  -11.549  -23.767 0.0000000000
100938  25.232  -11.260  -24.205 0.0000000000
100962  26.638  -11.616  -26.107 0.0000000000
100963  26.050  -11.993  -26.050 0.0000000000
100961  27.139  -11.864  -26.028 0.0000000000
99841  27.223  -12.836  -25.914 0.0000000000
100949  27.397  -11.427  -25.286 0.0000000000
92421  22.705  -19.551  -23.511 0.0000000000
91337  22.941  -20.417  -23.689 0.0000000000
106181  27.559  -6.851  -27.370 0.0000000000
105136  28.043  -7.674  -26.994 0.0000000000
106180  28.526  -6.654  -27.470 0.0000000000
106133  26.212  -6.380  -22.598 0.0000000000
105095  26.305  -7.067  -24.074 0.0000000000
106158  26.557  -6.584  -24.555 0.0000000000
106166  26.587  -6.870  -25.497 0.0000000000
107222  26.757  -5.960  -25.295 0.0000000000
108228  27.141  -4.389  -25.866 0.0000000000
108229  26.639  -3.936  -26.547 0.0000000000
108242  26.951  -3.859  -27.544 0.0000000000
109255  26.563  -3.237  -26.844 0.0000000000
111408  27.500  -1.457  -23.543 0.0000000000
111420  27.326  -1.966  -24.221 0.0000000000
111421  27.004  -1.397  -24.713 0.0000000000
111431  26.603  -1.343  -25.891 0.0000000000
111448  27.521  -1.273  -27.573 0.0000000000
116005  24.170  3.321  -18.779 0.0000000000
115066  23.601  2.455  -19.242 0.0000000000
115065  24.375  2.711  -18.843 0.0000000000
114171  24.236  1.752  -19.125 0.0000000000
115064  25.459  2.784  -18.829 0.0000000000
120985  27.384  7.883  -20.470 0.0000000000
120986  27.084  8.730  -20.536 0.0000000000
118957  26.561  6.400  -19.258 0.0000000000
117947  27.075  5.683  -19.612 0.0000000000
116994  27.739  4.515  -20.407 0.0000000000
116974  27.090  4.737  -19.658 0.0000000000
115986  27.373  3.725  -19.947 0.0000000000
115062  26.952  3.109  -19.697 0.0000000000
115078  27.275  2.826  -20.294 0.0000000000
114185  27.240  1.877  -20.431 0.0000000000
117014  26.731  5.039  -23.460 0.0000000000
117020  27.083  3.940  -23.411 0.0000000000
117021  26.668  4.411  -23.985 0.0000000000
116034  26.738  3.478  -24.577 0.0000000000
95625  23.922  -16.121  -24.615 0.0000000000
98736  25.137  -13.043  -24.572 0.0000000000
98751  24.644  -13.767  -24.518 0.0000000000
97711  25.247  -14.139  -24.918 0.0000000000
96701  25.686  -15.418  -25.210 0.0000000000
95622  25.834  -15.879  -25.036 0.0000000000
95604  25.798  -16.423  -24.497 0.0000000000
104124  28.416  -8.631  -26.441 0.0000000000
103104  28.335  -9.512  -26.582 0.0000000000
104115  28.669  -8.910  -25.873 0.0000000000
111368  26.806  -1.244  -20.358 0.0000000000
112370  26.904  -0.628  -20.704 0.0000000000
113304  26.947  0.119  -20.947 0.0000000000
114193  27.481  1.421  -21.143 0.0000000000
103075  25.300  -9.871  -23.750 0.0000000000
102036  25.513  -10.631  -24.398 0.0000000000
102047  26.312  -10.679  -25.073 0.0000000000
102046  26.457  -10.606  -26.048 0.0000000000
102058  27.172  -10.514  -26.577 0.0000000000
92419  24.395  -19.440  -24.013 0.0000000000
91350  24.341  -20.104  -24.100 0.0000000000
92428  24.948  -19.717  -24.305 0.0000000000
92404  25.325  -19.504  -23.159 0.0000000000
107251  28.049  -5.420  -28.011 0.0000000000
106179  29.134  -5.887  -28.079 0.0000000000
107192  26.260  -5.912  -21.838 0.0000000000
107211  27.159  -5.579  -24.123 0.0000000000
107210  27.453  -4.932  -24.604 0.0000000000
108221  27.259  -4.392  -24.959 0.0000000000
112399  26.953  -0.365  -24.447 0.0000000000
112410  26.764  -0.397  -25.404 0.0000000000
113346  26.455  0.636  -26.564 0.0000000000
115990  24.121  3.791  -18.940 0.0000000000
118956  27.280  6.369  -19.888 0.0000000000
117975  27.738  5.544  -21.169 0.0000000000
117007  27.818  4.657  -21.408 0.0000000000
98747  26.847  -13.363  -25.742 0.0000000000
97710  25.849  -14.401  -25.392 0.0000000000
97708  26.857  -14.054  -25.151 0.0000000000
97681  26.878  -14.703  -24.211 0.0000000000
92422  21.703  -19.544  -23.120 0.0000000000
93527  23.386  -18.663  -23.622 0.0000000000
94561  23.944  -17.710  -23.803 0.0000000000
110322  26.556  -3.510  -21.665 0.0000000000
109210  27.180  -3.425  -22.599 0.0000000000
110300  27.333  -2.065  -22.161 0.0000000000
112390  27.369  -0.515  -22.617 0.0000000000
112398  27.062  -0.420  -23.618 0.0000000000
113318  26.847  0.367  -23.984 0.0000000000
114215  26.965  1.314  -24.293 0.0000000000
115113  26.960  2.449  -24.881 0.0000000000
118942  24.618  6.648  -18.640 0.0000000000
99831  24.763  -12.440  -24.262 0.0000000000
99830  25.506  -12.520  -24.724 0.0000000000
100951  25.884  -11.635  -24.948 0.0000000000
99843  25.971  -12.624  -25.555 0.0000000000
99842  26.351  -12.842  -25.901 0.0000000000
98761  26.918  -13.102  -26.185 0.0000000000
99818  27.461  -12.757  -23.754 0.0000000000
105116  26.811  -7.899  -25.809 0.0000000000
104126  27.122  -8.495  -26.301 0.0000000000
105124  27.656  -7.734  -26.744 0.0000000000
105123  28.702  -7.921  -26.197 0.0000000000
106171  29.292  -6.115  -27.311 0.0000000000
106172  28.880  -6.973  -26.683 0.0000000000
106165  28.849  -7.122  -25.807 0.0000000000
104098  25.301  -9.303  -23.098 0.0000000000
104097  25.821  -8.985  -23.786 0.0000000000
105107  26.223  -8.431  -24.397 0.0000000000
105096  25.969  -7.661  -23.401 0.0000000000
106174  26.742  -6.997  -26.366 0.0000000000
107238  26.703  -6.229  -26.769 0.0000000000
107245  26.997  -6.249  -27.262 0.0000000000
107230  27.160  -5.518  -26.219 0.0000000000
107237  26.959  -5.519  -27.157 0.0000000000
108241  27.317  -4.566  -27.624 0.0000000000
109268  27.865  -3.750  -27.993 0.0000000000
110336  27.459  -2.581  -23.878 0.0000000000
109235  26.703  -2.873  -25.063 0.0000000000
110355  26.513  -2.312  -26.416 0.0000000000
110367  26.801  -2.418  -27.462 0.0000000000
113276  24.940  1.046  -19.305 0.0000000000
118941  25.649  6.448  -18.833 0.0000000000
118940  26.221  6.806  -18.806 0.0000000000
117949  25.564  5.443  -19.073 0.0000000000
115988  25.801  3.694  -18.957 0.0000000000
115063  26.322  2.952  -19.293 0.0000000000
114169  26.092  2.053  -19.235 0.0000000000
114187  25.891  1.091  -19.253 0.0000000000
114186  26.655  1.430  -19.857 0.0000000000
115095  27.538  2.448  -22.594 0.0000000000
116018  27.402  3.500  -21.996 0.0000000000
116026  27.446  3.418  -23.101 0.0000000000
115103  27.382  2.492  -23.791 0.0000000000
97682  23.781  -14.511  -24.140 0.0000000000
97700  25.719  -14.956  -25.365 0.0000000000
96702  25.081  -15.417  -24.772 0.0000000000
96703  24.277  -15.376  -24.506 0.0000000000
95624  24.683  -16.146  -24.722 0.0000000000
95605  25.124  -16.777  -24.531 0.0000000000
103106  27.197  -9.365  -26.674 0.0000000000
102068  28.048  -10.241  -27.020 0.0000000000
103083  28.570  -9.539  -25.045 0.0000000000
102056  28.204  -10.236  -25.646 0.0000000000
102045  27.709  -10.706  -25.221 0.0000000000
100948  27.703  -11.240  -24.570 0.0000000000
91349  24.575  -20.118  -24.128 0.0000000000
92429  24.491  -19.745  -24.166 0.0000000000
92430  24.115  -19.996  -24.074 0.0000000000
93536  24.813  -19.374  -24.201 0.0000000000
93537  24.609  -19.383  -24.104 0.0000000000
94549  24.983  -18.295  -23.755 0.0000000000
94559  25.350  -17.151  -24.221 0.0000000000
96700  26.248  -15.387  -25.186 0.0000000000
96714  25.927  -15.044  -25.456 0.0000000000
97699  26.864  -14.811  -24.891 0.0000000000
97701  25.379  -14.830  -25.105 0.0000000000
97709  26.489  -14.347  -25.399 0.0000000000
97712  24.898  -14.005  -24.656 0.0000000000
98737  24.612  -13.190  -24.435 0.0000000000
98738  24.039  -13.542  -24.293 0.0000000000
98748  26.383  -13.354  -25.589 0.0000000000
98750  25.048  -13.609  -24.635 0.0000000000
98762  26.766  -13.172  -26.006 0.0000000000
99828  27.605  -11.809  -24.752 0.0000000000
99853  27.045  -12.935  -26.313 0.0000000000
99854  26.691  -12.864  -26.164 0.0000000000
99855  26.298  -12.529  -26.035 0.0000000000
100973  27.076  -12.592  -26.234 0.0000000000
100975  26.521  -12.312  -26.168 0.0000000000
102069  27.619  -9.933  -26.955 0.0000000000
103094  28.389  -9.687  -26.012 0.0000000000
103105  27.889  -9.328  -26.842 0.0000000000
103117  28.167  -9.044  -26.589 0.0000000000
104125  27.558  -8.553  -26.557 0.0000000000
104138  28.157  -8.426  -26.687 0.0000000000
104139  27.905  -8.458  -26.737 0.0000000000
105125  27.218  -7.783  -26.365 0.0000000000
106149  25.842  -6.836  -22.880 0.0000000000
106182  26.957  -6.704  -26.962 0.0000000000
106186  28.971  -5.622  -28.323 0.0000000000
106187  28.637  -5.876  -28.123 0.0000000000
106188  28.055  -6.172  -27.832 0.0000000000
107250  28.697  -5.243  -28.251 0.0000000000
108207  27.340  -4.436  -24.122 0.0000000000
108236  26.711  -3.953  -27.208 0.0000000000
109221  27.309  -3.568  -23.398 0.0000000000
109244  27.018  -3.880  -25.303 0.0000000000
109261  27.235  -3.532  -27.769 0.0000000000
109262  26.871  -3.342  -27.415 0.0000000000
110321  26.868  -3.107  -21.996 0.0000000000
110348  26.931  -2.435  -24.621 0.0000000000
110366  27.012  -1.938  -28.062 0.0000000000
110379  27.842  -2.622  -27.911 0.0000000000
110389  28.282  -3.347  -28.008 0.0000000000
111383  27.294  -1.814  -21.839 0.0000000000
111396  27.310  -1.323  -21.789 0.0000000000
111438  26.923  -1.749  -27.559 0.0000000000
112391  27.378  -0.988  -22.082 0.0000000000
114214  27.347  1.777  -23.932 0.0000000000
115080  23.946  3.106  -18.789 0.0000000000
115082  23.251  2.982  -19.393 0.0000000000
115104  27.010  2.955  -24.237 0.0000000000
116006  23.748  3.500  -19.066 0.0000000000
116007  23.326  3.416  -19.301 0.0000000000
116993  28.052  5.095  -20.717 0.0000000000
117006  28.071  5.168  -21.047 0.0000000000
117965  27.783  5.392  -20.709 0.0000000000
117974  27.924  5.318  -20.902 0.0000000000
120019  25.959  7.126  -18.587 0.0000000000
