#!ascii label  , from subject 3760 vox2ras=TkReg
552
84128  -27.390  1.319  -18.208 0.0000000000
89307  -27.931  5.204  -16.622 0.0000000000
107894  -29.561  20.509  -18.236 0.0000000000
100703  -29.099  14.372  -21.013 0.0000000000
94486  -30.131  9.873  -23.204 0.0000000000
151231  -32.474  4.661  -23.275 0.0000000000
111308  -28.003  23.366  -17.384 0.0000000000
97029  -28.286  11.280  -21.719 0.0000000000
95696  -29.328  10.320  -17.695 0.0000000000
86731  -26.813  2.666  -19.367 0.0000000000
88123  -29.790  4.540  -21.740 0.0000000000
85446  -28.942  2.547  -22.256 0.0000000000
77714  -23.236  -3.001  -14.894 0.0000000000
82886  -24.951  0.596  -16.863 0.0000000000
118626  -25.213  30.369  -21.566 0.0000000000
116743  -27.731  29.037  -19.846 0.0000000000
114685  -30.225  26.745  -20.119 0.0000000000
111342  -29.738  23.558  -21.275 0.0000000000
106739  -28.969  20.289  -21.777 0.0000000000
104277  -29.461  17.373  -19.248 0.0000000000
103120  -27.953  16.795  -22.872 0.0000000000
98288  -26.676  12.399  -24.643 0.0000000000
97060  -29.281  11.961  -26.034 0.0000000000
94500  -33.308  10.057  -26.195 0.0000000000
90673  -29.982  6.785  -19.737 0.0000000000
91977  -32.371  7.241  -23.078 0.0000000000
98200  -29.332  11.562  -17.738 0.0000000000
95682  -28.835  10.304  -15.843 0.0000000000
84142  -26.720  1.727  -19.542 0.0000000000
85429  -27.609  2.367  -20.726 0.0000000000
85430  -28.310  1.883  -20.457 0.0000000000
74987  -22.528  -5.189  -10.512 0.0000000000
76284  -22.761  -4.442  -10.972 0.0000000000
77642  -22.608  -3.761  -12.472 0.0000000000
85374  -25.222  2.245  -16.243 0.0000000000
84113  -23.697  1.423  -16.137 0.0000000000
116729  -29.041  28.185  -20.044 0.0000000000
110185  -29.164  22.536  -17.786 0.0000000000
111323  -30.141  23.307  -19.155 0.0000000000
110199  -29.745  22.473  -19.539 0.0000000000
109073  -29.480  21.616  -20.957 0.0000000000
107905  -29.504  20.565  -19.341 0.0000000000
101884  -29.562  16.027  -19.830 0.0000000000
104308  -29.106  17.516  -21.145 0.0000000000
101924  -28.453  15.276  -22.545 0.0000000000
100741  -27.165  14.358  -24.103 0.0000000000
99509  -28.111  13.490  -22.650 0.0000000000
94484  -28.653  9.906  -22.781 0.0000000000
97044  -28.539  11.272  -23.873 0.0000000000
97046  -30.395  10.938  -24.498 0.0000000000
95770  -31.994  10.884  -26.688 0.0000000000
94492  -31.647  10.239  -24.973 0.0000000000
90622  -28.011  6.488  -16.603 0.0000000000
91932  -28.944  7.575  -17.374 0.0000000000
90653  -29.343  5.940  -17.890 0.0000000000
151229  -31.075  4.521  -22.593 0.0000000000
89384  -31.186  5.444  -22.177 0.0000000000
151234  -33.037  5.561  -24.266 0.0000000000
91982  -34.112  7.875  -24.397 0.0000000000
88132  -34.853  5.702  -24.436 0.0000000000
79053  -23.521  -2.486  -14.000 0.0000000000
77747  -23.194  -2.485  -16.082 0.0000000000
79076  -24.350  -1.795  -14.916 0.0000000000
81679  -24.910  -1.157  -16.773 0.0000000000
99477  -28.634  13.191  -19.299 0.0000000000
99488  -28.828  13.247  -20.496 0.0000000000
98238  -28.467  12.243  -18.943 0.0000000000
95735  -28.664  10.678  -20.042 0.0000000000
95744  -29.312  9.773  -21.015 0.0000000000
86701  -27.645  3.736  -18.205 0.0000000000
88094  -28.861  4.115  -19.996 0.0000000000
88110  -27.975  3.646  -21.042 0.0000000000
86751  -28.450  3.216  -22.488 0.0000000000
88130  -30.210  3.096  -22.657 0.0000000000
79026  -23.584  -2.985  -13.445 0.0000000000
89296  -26.292  4.404  -15.586 0.0000000000
85376  -26.544  2.827  -16.816 0.0000000000
84127  -26.280  1.743  -18.254 0.0000000000
84133  -26.146  0.972  -18.274 0.0000000000
119547  -24.280  31.331  -22.703 0.0000000000
116741  -25.073  28.627  -21.120 0.0000000000
118617  -26.218  30.285  -20.627 0.0000000000
117701  -29.027  29.798  -21.349 0.0000000000
115781  -29.355  27.844  -22.357 0.0000000000
114723  -29.330  26.539  -22.698 0.0000000000
113460  -29.590  25.664  -18.028 0.0000000000
112405  -30.439  24.909  -20.287 0.0000000000
112412  -29.231  24.703  -23.045 0.0000000000
110228  -28.596  22.552  -22.911 0.0000000000
107932  -28.227  20.978  -22.961 0.0000000000
105529  -27.680  19.403  -23.581 0.0000000000
106714  -29.710  19.515  -18.736 0.0000000000
105507  -29.439  18.598  -20.819 0.0000000000
105520  -28.182  18.609  -22.897 0.0000000000
104327  -25.981  17.450  -23.893 0.0000000000
103142  -25.772  15.898  -24.234 0.0000000000
99545  -26.985  12.944  -26.022 0.0000000000
98269  -27.342  11.968  -23.067 0.0000000000
97059  -27.972  11.962  -25.620 0.0000000000
93197  -28.867  8.449  -16.719 0.0000000000
93223  -29.553  8.640  -19.324 0.0000000000
93243  -29.887  8.488  -20.815 0.0000000000
89353  -30.415  5.885  -20.386 0.0000000000
91974  -30.872  7.415  -21.318 0.0000000000
94478  -31.448  9.086  -22.931 0.0000000000
93263  -33.333  8.676  -24.469 0.0000000000
94490  -34.222  8.909  -24.617 0.0000000000
81695  -24.607  -0.731  -17.045 0.0000000000
81706  -25.679  -0.408  -17.147 0.0000000000
82888  -27.131  0.679  -16.639 0.0000000000
84135  -27.138  1.496  -18.993 0.0000000000
84143  -27.021  1.528  -19.921 0.0000000000
84144  -27.633  1.495  -19.702 0.0000000000
85419  -28.443  1.935  -19.285 0.0000000000
84136  -27.821  1.727  -18.743 0.0000000000
75004  -22.017  -4.851  -11.345 0.0000000000
109050  -29.254  21.494  -17.984 0.0000000000
110192  -29.599  22.516  -18.544 0.0000000000
109055  -29.489  21.532  -18.892 0.0000000000
109064  -29.435  21.569  -19.932 0.0000000000
100673  -29.230  15.029  -18.802 0.0000000000
101864  -29.446  15.932  -19.066 0.0000000000
100704  -29.336  14.959  -20.363 0.0000000000
101911  -29.121  15.664  -20.926 0.0000000000
101898  -29.080  15.247  -20.813 0.0000000000
100728  -28.252  14.428  -22.947 0.0000000000
100718  -28.397  14.420  -21.990 0.0000000000
94485  -29.122  9.803  -23.011 0.0000000000
95758  -29.442  10.567  -23.538 0.0000000000
95759  -30.544  10.642  -23.945 0.0000000000
95763  -30.904  10.584  -24.898 0.0000000000
95760  -31.201  10.420  -24.400 0.0000000000
89308  -28.471  5.816  -16.900 0.0000000000
90635  -28.785  6.476  -17.196 0.0000000000
89320  -28.692  5.185  -17.640 0.0000000000
151228  -31.174  4.187  -22.864 0.0000000000
151232  -32.174  5.160  -23.316 0.0000000000
151238  -33.375  5.748  -24.472 0.0000000000
88133  -33.826  5.325  -24.227 0.0000000000
88129  -34.661  5.519  -23.930 0.0000000000
151233  -32.899  4.003  -22.995 0.0000000000
99464  -28.825  13.063  -18.197 0.0000000000
96976  -29.710  11.096  -18.023 0.0000000000
96992  -29.033  11.402  -18.830 0.0000000000
95713  -29.361  10.571  -18.697 0.0000000000
95736  -29.151  9.984  -20.300 0.0000000000
95725  -29.167  10.202  -19.516 0.0000000000
86716  -27.097  3.379  -18.897 0.0000000000
88076  -27.299  3.881  -19.392 0.0000000000
86732  -27.060  3.059  -19.992 0.0000000000
85438  -28.356  2.360  -21.563 0.0000000000
151219  -27.719  2.214  -23.117 0.0000000000
86760  -28.907  2.751  -22.643 0.0000000000
86761  -29.437  3.173  -22.679 0.0000000000
86755  -29.529  2.756  -22.474 0.0000000000
86756  -30.406  2.590  -22.496 0.0000000000
85447  -29.919  2.432  -22.157 0.0000000000
74986  -21.883  -5.688  -10.358 0.0000000000
73699  -21.221  -6.226  -10.550 0.0000000000
77669  -23.032  -3.390  -13.147 0.0000000000
77670  -23.945  -3.006  -12.724 0.0000000000
86685  -26.856  3.360  -16.697 0.0000000000
84115  -25.345  1.230  -16.976 0.0000000000
85390  -25.824  1.867  -17.033 0.0000000000
84126  -25.896  1.268  -17.898 0.0000000000
82896  -25.460  0.355  -17.372 0.0000000000
118625  -24.278  30.272  -22.152 0.0000000000
119539  -24.204  31.103  -22.320 0.0000000000
119540  -25.225  31.206  -21.921 0.0000000000
119548  -25.329  31.780  -22.452 0.0000000000
117673  -27.288  29.142  -19.829 0.0000000000
117685  -26.003  29.540  -20.325 0.0000000000
117686  -27.242  29.597  -20.243 0.0000000000
118618  -27.200  30.399  -20.700 0.0000000000
117687  -28.254  30.008  -20.675 0.0000000000
118629  -28.628  30.644  -21.463 0.0000000000
117688  -28.787  29.392  -20.789 0.0000000000
115760  -29.719  27.619  -20.553 0.0000000000
116745  -29.149  28.646  -20.903 0.0000000000
115772  -29.629  27.789  -21.529 0.0000000000
114709  -29.656  26.881  -22.308 0.0000000000
114697  -30.251  26.829  -21.169 0.0000000000
112381  -29.439  24.498  -17.587 0.0000000000
111332  -30.251  23.447  -20.237 0.0000000000
112397  -30.678  24.740  -19.662 0.0000000000
112404  -30.203  24.599  -20.926 0.0000000000
112408  -29.489  24.693  -21.926 0.0000000000
111350  -29.273  23.584  -22.297 0.0000000000
107921  -29.389  20.789  -21.424 0.0000000000
107933  -28.601  21.180  -22.568 0.0000000000
107926  -28.606  20.480  -22.379 0.0000000000
106755  -27.700  20.150  -23.725 0.0000000000
106745  -28.252  19.982  -23.063 0.0000000000
103040  -29.584  16.908  -17.747 0.0000000000
104249  -29.304  17.718  -17.341 0.0000000000
105486  -29.524  18.554  -18.105 0.0000000000
105496  -29.482  18.377  -19.352 0.0000000000
104320  -28.523  17.432  -22.179 0.0000000000
104319  -27.911  17.624  -22.945 0.0000000000
105519  -27.561  18.007  -23.289 0.0000000000
104328  -27.108  17.306  -23.348 0.0000000000
103129  -25.484  16.783  -23.939 0.0000000000
103130  -26.345  16.506  -23.696 0.0000000000
99530  -26.547  13.611  -24.582 0.0000000000
100757  -25.829  14.311  -24.657 0.0000000000
99529  -25.857  13.313  -25.275 0.0000000000
99544  -26.338  12.979  -25.904 0.0000000000
98297  -26.411  12.562  -25.368 0.0000000000
98259  -28.345  12.292  -21.141 0.0000000000
98270  -27.790  12.214  -22.531 0.0000000000
97052  -29.373  11.410  -25.095 0.0000000000
97051  -28.197  11.536  -25.088 0.0000000000
98300  -28.485  12.495  -26.002 0.0000000000
97065  -29.946  12.325  -26.525 0.0000000000
94505  -33.203  10.667  -26.603 0.0000000000
95766  -33.346  10.241  -25.495 0.0000000000
93180  -27.259  8.925  -15.395 0.0000000000
91933  -29.321  7.640  -18.180 0.0000000000
91958  -29.629  7.898  -19.722 0.0000000000
93234  -29.846  8.635  -20.030 0.0000000000
91966  -29.904  7.741  -20.338 0.0000000000
86734  -29.103  4.242  -20.373 0.0000000000
89351  -29.569  4.702  -19.676 0.0000000000
89370  -30.140  5.003  -20.713 0.0000000000
90703  -31.859  6.297  -22.769 0.0000000000
90702  -31.135  6.409  -21.600 0.0000000000
91975  -31.754  7.179  -22.115 0.0000000000
93252  -31.462  7.980  -22.155 0.0000000000
93258  -32.375  8.471  -23.141 0.0000000000
93262  -32.535  9.188  -23.867 0.0000000000
93259  -33.363  8.139  -23.813 0.0000000000
91983  -34.215  8.364  -24.430 0.0000000000
93260  -34.457  8.599  -23.528 0.0000000000
81680  -25.383  -0.662  -16.163 0.0000000000
81696  -25.345  -0.824  -17.042 0.0000000000
81697  -25.899  -0.404  -16.724 0.0000000000
82897  -26.145  0.168  -17.335 0.0000000000
82887  -26.504  0.037  -16.357 0.0000000000
98199  -28.812  11.799  -17.105 0.0000000000
96963  -28.972  11.140  -16.370 0.0000000000
95695  -28.971  10.274  -16.787 0.0000000000
85417  -26.680  2.073  -19.188 0.0000000000
85418  -26.641  2.124  -20.002 0.0000000000
84150  -27.522  1.673  -20.376 0.0000000000
85439  -29.230  2.388  -21.459 0.0000000000
85420  -29.403  2.235  -19.672 0.0000000000
76302  -22.193  -4.415  -12.022 0.0000000000
76303  -23.083  -3.829  -11.489 0.0000000000
85357  -24.584  2.812  -15.760 0.0000000000
85373  -24.227  2.208  -15.904 0.0000000000
84114  -24.636  1.323  -16.415 0.0000000000
117698  -24.726  29.436  -21.772 0.0000000000
116727  -27.269  28.682  -19.567 0.0000000000
116744  -28.411  29.046  -20.313 0.0000000000
116728  -28.198  28.490  -19.649 0.0000000000
115745  -28.723  27.761  -19.309 0.0000000000
115730  -29.607  26.880  -19.157 0.0000000000
111315  -29.881  23.647  -18.167 0.0000000000
110211  -29.657  22.526  -20.576 0.0000000000
110219  -29.470  22.572  -21.569 0.0000000000
107916  -29.418  20.644  -20.441 0.0000000000
106732  -29.341  19.762  -21.148 0.0000000000
103073  -29.500  16.680  -19.570 0.0000000000
104294  -29.270  17.468  -20.285 0.0000000000
103089  -29.347  16.512  -20.308 0.0000000000
103104  -28.821  16.656  -21.456 0.0000000000
103132  -28.244  15.861  -23.160 0.0000000000
101938  -27.666  15.255  -23.605 0.0000000000
101939  -28.313  15.085  -23.295 0.0000000000
100742  -27.935  14.578  -23.559 0.0000000000
99516  -27.280  13.166  -24.018 0.0000000000
97038  -27.989  11.066  -22.775 0.0000000000
95757  -28.559  10.332  -23.140 0.0000000000
97045  -29.814  11.178  -24.244 0.0000000000
97061  -30.368  11.395  -25.866 0.0000000000
97066  -30.876  11.748  -26.704 0.0000000000
95769  -31.247  10.813  -26.199 0.0000000000
94503  -31.635  9.901  -26.460 0.0000000000
94499  -32.694  9.529  -26.177 0.0000000000
91918  -28.359  7.503  -16.624 0.0000000000
90636  -29.078  6.851  -17.900 0.0000000000
90654  -29.529  6.570  -18.663 0.0000000000
151226  -30.450  4.808  -21.844 0.0000000000
90710  -32.707  6.396  -24.116 0.0000000000
91978  -33.191  7.453  -23.833 0.0000000000
151239  -33.881  6.362  -24.953 0.0000000000
90717  -34.833  6.503  -24.982 0.0000000000
90711  -34.681  6.777  -24.197 0.0000000000
90705  -34.009  6.711  -22.589 0.0000000000
89391  -34.538  5.841  -23.432 0.0000000000
77730  -23.358  -2.639  -15.651 0.0000000000
79075  -23.763  -2.319  -14.819 0.0000000000
79089  -23.845  -2.080  -15.427 0.0000000000
79105  -24.125  -1.378  -16.136 0.0000000000
80374  -24.414  -1.084  -16.527 0.0000000000
80360  -24.673  -1.058  -15.985 0.0000000000
80361  -25.293  -0.991  -15.537 0.0000000000
100672  -29.061  14.031  -18.538 0.0000000000
100688  -29.181  14.270  -19.753 0.0000000000
99500  -28.337  13.339  -21.595 0.0000000000
98249  -28.557  12.295  -20.017 0.0000000000
98219  -29.084  12.140  -18.035 0.0000000000
97009  -28.571  11.464  -19.606 0.0000000000
97022  -28.513  11.410  -20.601 0.0000000000
95743  -28.796  10.468  -21.103 0.0000000000
94468  -29.045  9.713  -21.767 0.0000000000
94476  -29.687  9.260  -22.373 0.0000000000
89319  -28.175  4.699  -17.419 0.0000000000
88077  -28.072  4.504  -19.002 0.0000000000
88111  -28.702  4.143  -21.022 0.0000000000
86745  -27.462  3.177  -20.878 0.0000000000
88121  -28.337  3.568  -21.763 0.0000000000
88122  -29.168  3.970  -21.985 0.0000000000
151223  -29.807  4.107  -23.028 0.0000000000
151227  -30.429  3.889  -23.027 0.0000000000
151230  -32.035  4.172  -22.797 0.0000000000
86757  -31.359  2.938  -22.722 0.0000000000
85440  -30.354  2.230  -21.632 0.0000000000
73684  -21.529  -6.597  -9.248 0.0000000000
77713  -22.473  -3.390  -14.877 0.0000000000
77668  -22.284  -3.776  -13.256 0.0000000000
77692  -23.059  -3.222  -14.078 0.0000000000
79027  -24.172  -2.497  -13.247 0.0000000000
89306  -26.665  5.104  -15.674 0.0000000000
88049  -27.266  4.147  -16.609 0.0000000000
86700  -27.113  3.207  -17.721 0.0000000000
85375  -26.016  2.566  -16.636 0.0000000000
85391  -26.378  2.333  -17.600 0.0000000000
86699  -26.635  2.619  -18.153 0.0000000000
84134  -26.612  1.449  -18.718 0.0000000000
82907  -26.851  1.038  -18.454 0.0000000000
116757  -24.616  28.828  -21.752 0.0000000000
117699  -25.248  29.802  -20.958 0.0000000000
118616  -25.579  30.102  -20.731 0.0000000000
118627  -26.335  30.871  -21.207 0.0000000000
119541  -26.494  31.383  -21.813 0.0000000000
116758  -29.170  28.654  -21.859 0.0000000000
116771  -29.133  28.457  -22.595 0.0000000000
115780  -28.978  27.783  -22.932 0.0000000000
114722  -29.007  26.849  -23.007 0.0000000000
113525  -29.343  25.896  -22.708 0.0000000000
114656  -29.595  26.481  -18.758 0.0000000000
114668  -29.990  26.597  -19.348 0.0000000000
112382  -30.180  24.695  -18.129 0.0000000000
113474  -30.681  25.424  -19.220 0.0000000000
113501  -30.382  25.673  -20.487 0.0000000000
113514  -29.906  25.757  -21.613 0.0000000000
112411  -28.751  24.447  -23.579 0.0000000000
110240  -28.271  22.505  -23.686 0.0000000000
110229  -29.123  22.542  -22.362 0.0000000000
109086  -28.395  21.763  -22.991 0.0000000000
106699  -28.797  19.323  -17.107 0.0000000000
106700  -29.370  19.488  -17.742 0.0000000000
106725  -29.573  19.575  -19.971 0.0000000000
106731  -29.067  19.034  -21.347 0.0000000000
104309  -29.472  17.893  -20.897 0.0000000000
105513  -28.918  18.469  -21.586 0.0000000000
106738  -28.674  19.524  -21.959 0.0000000000
105528  -26.870  18.507  -23.814 0.0000000000
101950  -25.919  15.075  -24.275 0.0000000000
100756  -24.797  14.272  -24.969 0.0000000000
99559  -25.347  13.989  -26.543 0.0000000000
99560  -26.182  13.679  -26.254 0.0000000000
98278  -27.852  12.904  -23.337 0.0000000000
97037  -27.439  11.634  -23.264 0.0000000000
97043  -27.446  11.705  -24.248 0.0000000000
97049  -26.572  12.092  -25.157 0.0000000000
98299  -27.711  12.536  -25.814 0.0000000000
97067  -32.182  11.610  -26.861 0.0000000000
94412  -28.988  9.347  -16.107 0.0000000000
94424  -29.081  9.408  -17.196 0.0000000000
93209  -29.302  8.516  -17.640 0.0000000000
94440  -29.317  9.486  -18.988 0.0000000000
94450  -29.594  9.442  -19.738 0.0000000000
94469  -29.517  9.063  -21.377 0.0000000000
93256  -30.381  8.834  -22.391 0.0000000000
89334  -29.657  4.989  -18.742 0.0000000000
89335  -29.938  5.908  -19.198 0.0000000000
90674  -30.450  6.121  -20.072 0.0000000000
89371  -30.393  5.563  -21.079 0.0000000000
90691  -30.355  6.586  -20.665 0.0000000000
90690  -30.130  7.132  -20.327 0.0000000000
91973  -30.340  7.926  -20.893 0.0000000000
93257  -31.081  8.650  -22.517 0.0000000000
94477  -30.702  9.282  -22.773 0.0000000000
94487  -31.479  9.695  -23.683 0.0000000000
94488  -32.424  9.476  -24.485 0.0000000000
93266  -33.424  9.082  -24.919 0.0000000000
91981  -33.736  7.803  -24.306 0.0000000000
93268  -33.937  8.556  -24.879 0.0000000000
94494  -33.506  9.336  -25.081 0.0000000000
82885  -24.277  0.322  -16.521 0.0000000000
82895  -24.864  -0.018  -17.137 0.0000000000
81704  -25.057  -0.244  -17.301 0.0000000000
82905  -26.026  0.695  -17.849 0.0000000000
82906  -26.410  0.828  -18.108 0.0000000000
82898  -26.908  0.798  -17.756 0.0000000000
79090  -24.243  -1.629  -15.645 0.0000000000
81705  -25.369  -0.341  -17.243 0.0000000000
84151  -27.540  1.508  -20.189 0.0000000000
84167  -27.811  1.880  -23.662 0.0000000000
84168  -27.785  1.945  -23.423 0.0000000000
84169  -27.620  2.084  -23.103 0.0000000000
84170  -27.828  1.818  -24.033 0.0000000000
84171  -27.847  1.701  -23.810 0.0000000000
84172  -27.650  1.819  -23.297 0.0000000000
85392  -26.827  2.859  -17.170 0.0000000000
85405  -26.498  2.131  -18.486 0.0000000000
85437  -28.050  2.644  -21.941 0.0000000000
85444  -27.958  2.421  -22.611 0.0000000000
85445  -28.258  2.508  -22.387 0.0000000000
85452  -27.796  2.338  -22.861 0.0000000000
85453  -28.071  2.328  -23.055 0.0000000000
85454  -28.486  2.573  -22.624 0.0000000000
85455  -28.106  2.056  -23.766 0.0000000000
85456  -28.080  1.818  -24.020 0.0000000000
85457  -27.916  1.870  -23.677 0.0000000000
86715  -26.803  2.678  -18.662 0.0000000000
86717  -27.499  4.095  -18.735 0.0000000000
86733  -28.885  4.183  -20.537 0.0000000000
86746  -29.057  4.296  -20.681 0.0000000000
86747  -29.259  4.404  -20.522 0.0000000000
86750  -27.942  2.812  -22.045 0.0000000000
86754  -29.110  2.674  -22.498 0.0000000000
86762  -28.046  2.091  -23.540 0.0000000000
88048  -26.671  3.995  -15.926 0.0000000000
88060  -27.759  4.193  -17.437 0.0000000000
88061  -28.152  4.252  -18.075 0.0000000000
88093  -27.625  3.777  -20.092 0.0000000000
88095  -29.461  4.498  -20.195 0.0000000000
88112  -29.509  4.571  -20.878 0.0000000000
88113  -30.132  4.808  -21.192 0.0000000000
88131  -34.271  5.371  -24.121 0.0000000000
88134  -34.117  5.618  -24.562 0.0000000000
89352  -30.156  5.314  -19.951 0.0000000000
89392  -35.006  5.993  -24.314 0.0000000000
89396  -34.609  5.801  -24.745 0.0000000000
89397  -35.066  6.039  -24.832 0.0000000000
89401  -34.119  6.122  -24.975 0.0000000000
89402  -34.710  6.171  -25.059 0.0000000000
90621  -27.106  6.396  -16.042 0.0000000000
90712  -35.040  6.319  -24.673 0.0000000000
90716  -33.940  6.888  -24.918 0.0000000000
90721  -34.473  6.426  -25.085 0.0000000000
91946  -29.535  7.699  -19.031 0.0000000000
91967  -30.283  7.363  -20.695 0.0000000000
91980  -34.474  8.213  -23.989 0.0000000000
91984  -30.166  9.478  -26.132 0.0000000000
91985  -30.475  9.291  -26.308 0.0000000000
91986  -30.859  9.184  -26.622 0.0000000000
91987  -30.378  9.487  -26.204 0.0000000000
91988  -30.760  9.279  -26.479 0.0000000000
91989  -31.008  9.232  -26.778 0.0000000000
93196  -28.185  8.535  -15.704 0.0000000000
93210  -29.398  8.583  -18.541 0.0000000000
93251  -30.356  8.413  -21.733 0.0000000000
93253  -32.016  7.728  -22.583 0.0000000000
93261  -34.413  8.608  -24.235 0.0000000000
93264  -33.921  8.452  -24.713 0.0000000000
93265  -34.159  8.607  -24.700 0.0000000000
93267  -33.786  8.797  -24.859 0.0000000000
93269  -30.526  9.717  -26.149 0.0000000000
93270  -30.782  9.442  -26.337 0.0000000000
93271  -31.128  9.316  -26.581 0.0000000000
93272  -30.694  9.655  -26.258 0.0000000000
93273  -31.058  9.503  -26.506 0.0000000000
93274  -31.242  9.535  -26.623 0.0000000000
94411  -28.483  9.575  -15.524 0.0000000000
94425  -29.364  9.483  -18.125 0.0000000000
94459  -29.641  9.284  -20.521 0.0000000000
94475  -28.940  9.739  -22.468 0.0000000000
94480  -34.440  8.976  -23.974 0.0000000000
94489  -34.118  9.216  -24.276 0.0000000000
94491  -31.164  10.380  -25.255 0.0000000000
94493  -32.808  9.484  -25.253 0.0000000000
94495  -34.012  8.798  -24.890 0.0000000000
94496  -30.605  9.877  -25.987 0.0000000000
94497  -30.967  10.089  -25.832 0.0000000000
94498  -31.613  9.642  -26.079 0.0000000000
94501  -30.624  10.009  -26.042 0.0000000000
94502  -30.995  10.045  -26.168 0.0000000000
94504  -32.688  10.316  -26.560 0.0000000000
95681  -28.129  10.364  -15.365 0.0000000000
95712  -29.127  10.974  -18.999 0.0000000000
95724  -28.951  10.892  -19.314 0.0000000000
95751  -28.543  10.300  -22.275 0.0000000000
95764  -31.225  10.419  -24.737 0.0000000000
95767  -30.812  10.717  -25.687 0.0000000000
95771  -32.857  11.015  -26.876 0.0000000000
96975  -29.398  11.084  -17.245 0.0000000000
96993  -29.434  11.166  -18.452 0.0000000000
97050  -27.142  11.696  -25.115 0.0000000000
97053  -30.348  11.211  -25.014 0.0000000000
97057  -26.727  12.301  -25.436 0.0000000000
97058  -27.144  12.154  -25.468 0.0000000000
98220  -29.368  11.501  -18.227 0.0000000000
98277  -27.431  12.201  -23.599 0.0000000000
98287  -26.266  12.470  -25.056 0.0000000000
98298  -26.950  12.595  -25.718 0.0000000000
98311  -27.437  12.884  -25.977 0.0000000000
99517  -27.812  13.799  -23.465 0.0000000000
99543  -25.345  13.401  -26.051 0.0000000000
99561  -27.308  13.320  -26.187 0.0000000000
100689  -29.470  15.300  -19.711 0.0000000000
100740  -26.382  14.673  -24.256 0.0000000000
100758  -26.489  14.246  -24.463 0.0000000000
100782  -26.951  14.088  -26.360 0.0000000000
101899  -29.395  15.696  -20.439 0.0000000000
101910  -28.807  15.520  -21.487 0.0000000000
101937  -26.621  15.404  -23.856 0.0000000000
101949  -25.185  15.180  -24.569 0.0000000000
103056  -29.561  16.718  -18.653 0.0000000000
103088  -28.977  16.952  -20.745 0.0000000000
103105  -29.157  16.182  -20.930 0.0000000000
103121  -28.573  16.274  -22.334 0.0000000000
103131  -27.337  16.197  -23.414 0.0000000000
104263  -29.507  17.605  -18.403 0.0000000000
104293  -29.127  17.289  -20.701 0.0000000000
105506  -29.175  18.734  -21.288 0.0000000000
105514  -29.398  18.109  -21.176 0.0000000000
107927  -28.992  20.997  -22.095 0.0000000000
109079  -29.300  21.684  -21.849 0.0000000000
109087  -28.866  21.762  -22.488 0.0000000000
111309  -28.980  23.465  -17.478 0.0000000000
111316  -30.340  24.256  -18.477 0.0000000000
111324  -30.442  24.066  -18.954 0.0000000000
111333  -30.535  23.925  -19.643 0.0000000000
111349  -28.830  23.212  -22.778 0.0000000000
111359  -28.948  23.874  -23.048 0.0000000000
112389  -30.700  24.733  -18.764 0.0000000000
112396  -30.507  24.310  -20.191 0.0000000000
113461  -30.513  25.397  -18.447 0.0000000000
113473  -30.246  26.024  -18.856 0.0000000000
113489  -30.431  26.005  -19.660 0.0000000000
113490  -30.571  25.407  -19.861 0.0000000000
113502  -30.500  25.173  -20.100 0.0000000000
114708  -29.233  27.348  -22.677 0.0000000000
115729  -29.142  27.061  -18.956 0.0000000000
115746  -29.623  27.358  -19.580 0.0000000000
117672  -26.822  29.194  -19.860 0.0000000000
117684  -25.252  29.267  -20.855 0.0000000000
117700  -28.535  30.407  -21.072 0.0000000000
118628  -27.730  30.891  -21.222 0.0000000000
118635  -28.330  31.147  -21.796 0.0000000000
151220  -28.068  2.470  -23.091 0.0000000000
151221  -29.381  3.692  -22.685 0.0000000000
151222  -28.492  2.523  -22.861 0.0000000000
151224  -29.406  4.076  -22.549 0.0000000000
151225  -29.860  4.330  -22.645 0.0000000000
151235  -33.606  5.618  -24.418 0.0000000000
151236  -33.179  4.739  -23.603 0.0000000000
151237  -33.542  6.094  -24.630 0.0000000000
