#!ascii label  , from subject 3760 vox2ras=TkReg
1292
73684  -21.529  -6.597  -9.248 0.4285714328
75003  -21.324  -5.563  -11.414 0.2857142985
74986  -21.883  -5.688  -10.358 0.4285714328
74987  -22.528  -5.189  -10.512 0.4285714328
76284  -22.761  -4.442  -10.972 0.4285714328
75004  -22.017  -4.851  -11.345 0.2857142985
76303  -23.083  -3.829  -11.489 0.4285714328
77668  -22.284  -3.776  -13.256 0.4285714328
77669  -23.032  -3.390  -13.147 0.4285714328
77692  -23.059  -3.222  -14.078 0.4285714328
79053  -23.521  -2.486  -14.000 0.4285714328
77747  -23.194  -2.485  -16.082 0.5714285970
79075  -23.763  -2.319  -14.819 0.5714285970
79076  -24.350  -1.795  -14.916 0.4285714328
80344  -24.931  -1.426  -15.254 0.2857142985
79105  -24.125  -1.378  -16.136 0.7142857313
80360  -24.673  -1.058  -15.985 0.7142857313
81697  -25.899  -0.404  -16.724 0.7142857313
82887  -26.504  0.037  -16.357 0.4285714328
81679  -24.910  -1.157  -16.773 0.7142857313
81680  -25.383  -0.662  -16.163 0.5714285970
82898  -26.908  0.798  -17.756 0.5714285970
81706  -25.679  -0.408  -17.147 0.5714285970
82906  -26.410  0.828  -18.108 0.5714285970
82907  -26.851  1.038  -18.454 0.5714285970
84128  -27.390  1.319  -18.208 0.5714285970
82905  -26.026  0.695  -17.849 0.5714285970
84136  -27.821  1.727  -18.743 0.4285714328
84143  -27.021  1.528  -19.921 0.5714285970
85438  -28.356  2.360  -21.563 0.5714285970
84127  -26.280  1.743  -18.254 0.7142857313
84150  -27.522  1.673  -20.376 0.7142857313
85446  -28.942  2.547  -22.256 0.5714285970
84142  -26.720  1.727  -19.542 0.5714285970
85390  -25.824  1.867  -17.033 0.5714285970
86732  -27.060  3.059  -19.992 0.8571428657
86760  -28.907  2.751  -22.643 0.7142857313
86755  -29.529  2.756  -22.474 0.5714285970
86731  -26.813  2.666  -19.367 0.7142857313
86700  -27.113  3.207  -17.721 0.5714285970
151223  -29.807  4.107  -23.028 0.7142857313
88130  -30.210  3.096  -22.657 0.5714285970
86745  -27.462  3.177  -20.878 0.7142857313
86751  -28.450  3.216  -22.488 0.7142857313
151229  -31.075  4.521  -22.593 0.5714285970
88121  -28.337  3.568  -21.763 0.7142857313
151228  -31.174  4.187  -22.864 0.5714285970
88110  -27.975  3.646  -21.042 0.5714285970
88111  -28.702  4.143  -21.022 0.7142857313
151226  -30.450  4.808  -21.844 0.7142857313
90703  -31.859  6.297  -22.769 0.7142857313
151232  -32.174  5.160  -23.316 0.7142857313
89370  -30.140  5.003  -20.713 0.7142857313
89384  -31.186  5.444  -22.177 0.7142857313
91977  -32.371  7.241  -23.078 0.7142857313
90710  -32.707  6.396  -24.116 0.5714285970
89371  -30.393  5.563  -21.079 0.7142857313
88094  -28.861  4.115  -19.996 0.5714285970
93259  -33.363  8.139  -23.813 0.5714285970
93263  -33.333  8.676  -24.469 0.5714285970
90691  -30.355  6.586  -20.665 0.8571428657
89353  -30.415  5.885  -20.386 0.8571428657
93262  -32.535  9.188  -23.867 0.7142857313
94478  -31.448  9.086  -22.931 0.7142857313
91974  -30.872  7.415  -21.318 0.8571428657
93252  -31.462  7.980  -22.155 0.7142857313
95759  -30.544  10.642  -23.945 0.8571428657
94492  -31.647  10.239  -24.973 0.5714285970
94477  -30.702  9.282  -22.773 0.8571428657
93256  -30.381  8.834  -22.391 0.8571428657
91973  -30.340  7.926  -20.893 0.8571428657
93257  -31.081  8.650  -22.517 0.8571428657
95757  -28.559  10.332  -23.140 0.8571428657
97044  -28.539  11.272  -23.873 0.8571428657
98269  -27.342  11.968  -23.067 0.8571428657
94486  -30.131  9.873  -23.204 0.8571428657
97038  -27.989  11.066  -22.775 0.8571428657
98259  -28.345  12.292  -21.141 1.0000000000
98270  -27.790  12.214  -22.531 1.0000000000
94484  -28.653  9.906  -22.781 0.8571428657
97029  -28.286  11.280  -21.719 1.0000000000
100718  -28.397  14.420  -21.990 1.0000000000
101884  -29.562  16.027  -19.830 0.7142857313
99500  -28.337  13.339  -21.595 1.0000000000
101898  -29.080  15.247  -20.813 1.0000000000
106725  -29.573  19.575  -19.971 1.0000000000
106714  -29.710  19.515  -18.736 0.8571428657
110199  -29.745  22.473  -19.539 0.8571428657
109064  -29.435  21.569  -19.932 1.0000000000
113501  -30.382  25.673  -20.487 0.8571428657
112397  -30.678  24.740  -19.662 0.8571428657
111332  -30.251  23.447  -20.237 1.0000000000
116745  -29.149  28.646  -20.903 0.8571428657
115772  -29.629  27.789  -21.529 0.8571428657
116728  -28.198  28.490  -19.649 0.5714285970
117687  -28.254  30.008  -20.675 0.7142857313
118629  -28.628  30.644  -21.463 0.5714285970
117685  -26.003  29.540  -20.325 0.5714285970
117673  -27.288  29.142  -19.829 0.5714285970
117699  -25.248  29.802  -20.958 0.4285714328
119540  -25.225  31.206  -21.921 0.4285714328
119548  -25.329  31.780  -22.452 0.4285714328
118623  -23.453  29.917  -21.373 0.2857142985
118613  -23.582  29.989  -20.700 0.2857142985
118624  -23.580  30.027  -22.050 0.2857142985
84135  -27.138  1.496  -18.993 0.5714285970
86761  -29.437  3.173  -22.679 0.5714285970
94488  -32.424  9.476  -24.485 0.5714285970
91975  -31.754  7.179  -22.115 0.7142857313
93258  -32.375  8.471  -23.141 0.7142857313
95760  -31.201  10.420  -24.400 0.8571428657
97046  -30.395  10.938  -24.498 0.8571428657
97045  -29.814  11.178  -24.244 0.8571428657
97037  -27.439  11.634  -23.264 0.8571428657
103089  -29.347  16.512  -20.308 0.8571428657
118598  -25.699  29.900  -18.356 0.1428571492
76327  -21.438  -4.754  -12.836 0.2857142985
76302  -22.193  -4.415  -12.022 0.2857142985
77642  -22.608  -3.761  -12.472 0.4285714328
77670  -23.945  -3.006  -12.724 0.4285714328
76349  -21.805  -4.005  -13.682 0.2857142985
77714  -23.236  -3.001  -14.894 0.4285714328
79027  -24.172  -2.497  -13.247 0.4285714328
79089  -23.845  -2.080  -15.427 0.5714285970
80361  -25.293  -0.991  -15.537 0.4285714328
80373  -23.894  -1.237  -16.404 0.2857142985
80374  -24.414  -1.084  -16.527 0.7142857313
81696  -25.345  -0.824  -17.042 0.7142857313
82897  -26.145  0.168  -17.335 0.4285714328
82896  -25.460  0.355  -17.372 0.5714285970
85420  -29.403  2.235  -19.672 0.4285714328
84126  -25.896  1.268  -17.898 0.7142857313
84144  -27.633  1.495  -19.702 0.7142857313
85430  -28.310  1.883  -20.457 0.5714285970
85429  -27.609  2.367  -20.726 0.7142857313
151219  -27.719  2.214  -23.117 0.7142857313
85391  -26.378  2.333  -17.600 0.5714285970
86699  -26.635  2.619  -18.153 0.5714285970
151231  -32.474  4.661  -23.275 0.5714285970
86716  -27.097  3.379  -18.897 0.5714285970
151230  -32.035  4.172  -22.797 0.5714285970
88123  -29.790  4.540  -21.740 0.7142857313
88122  -29.168  3.970  -21.985 0.7142857313
151234  -33.037  5.561  -24.266 0.5714285970
90702  -31.135  6.409  -21.600 0.7142857313
95763  -30.904  10.584  -24.898 0.5714285970
94476  -29.687  9.260  -22.373 1.0000000000
98278  -27.852  12.904  -23.337 1.0000000000
98249  -28.557  12.295  -20.017 1.0000000000
100704  -29.336  14.959  -20.363 0.8571428657
104277  -29.461  17.373  -19.248 0.7142857313
104294  -29.270  17.468  -20.285 1.0000000000
104308  -29.106  17.516  -21.145 1.0000000000
105496  -29.482  18.377  -19.352 0.7142857313
104309  -29.472  17.893  -20.897 1.0000000000
105486  -29.524  18.554  -18.105 0.7142857313
107905  -29.504  20.565  -19.341 0.8571428657
113474  -30.681  25.424  -19.220 0.8571428657
110211  -29.657  22.526  -20.576 1.0000000000
116729  -29.041  28.185  -20.044 0.7142857313
118626  -25.213  30.369  -21.566 0.7142857313
116727  -27.269  28.682  -19.567 0.5714285970
117686  -27.242  29.597  -20.243 0.7142857313
118618  -27.200  30.399  -20.700 0.7142857313
116741  -25.073  28.627  -21.120 0.4285714328
119539  -24.204  31.103  -22.320 0.4285714328
119541  -26.494  31.383  -21.813 0.4285714328
119547  -24.280  31.331  -22.703 0.4285714328
119529  -23.603  30.537  -20.822 0.2857142985
81695  -24.607  -0.731  -17.045 0.4285714328
82895  -24.864  -0.018  -17.137 0.4285714328
118625  -24.278  30.272  -22.152 0.4285714328
118616  -25.579  30.102  -20.731 0.7142857313
119537  -23.603  30.681  -21.332 0.2857142985
73699  -21.221  -6.226  -10.550 0.4285714328
73714  -20.892  -6.135  -11.311 0.2857142985
76301  -21.480  -4.849  -11.984 0.2857142985
77691  -22.279  -3.666  -14.024 0.2857142985
79026  -23.584  -2.985  -13.445 0.4285714328
77713  -22.473  -3.390  -14.877 0.4285714328
77730  -23.358  -2.639  -15.651 0.4285714328
79104  -23.567  -1.936  -16.006 0.2857142985
81704  -25.057  -0.244  -17.301 0.5714285970
84133  -26.146  0.972  -18.274 0.5714285970
84134  -26.612  1.449  -18.718 0.5714285970
85419  -28.443  1.935  -19.285 0.4285714328
85418  -26.641  2.124  -20.002 0.7142857313
85439  -29.230  2.388  -21.459 0.5714285970
85417  -26.680  2.073  -19.188 0.7142857313
84115  -25.345  1.230  -16.976 0.7142857313
151227  -30.429  3.889  -23.027 0.5714285970
88076  -27.299  3.881  -19.392 0.7142857313
86734  -29.103  4.242  -20.373 0.8571428657
89351  -29.569  4.702  -19.676 0.8571428657
94487  -31.479  9.695  -23.683 0.8571428657
94485  -29.122  9.803  -23.011 0.8571428657
95758  -29.442  10.567  -23.538 0.8571428657
93243  -29.887  8.488  -20.815 0.8571428657
100703  -29.099  14.372  -21.013 1.0000000000
103073  -29.500  16.680  -19.570 0.8571428657
114685  -30.225  26.745  -20.119 0.8571428657
115760  -29.719  27.619  -20.553 0.8571428657
116744  -28.411  29.046  -20.313 0.7142857313
117688  -28.787  29.392  -20.789 0.7142857313
116743  -27.731  29.037  -19.846 0.5714285970
118617  -26.218  30.285  -20.627 0.5714285970
116757  -24.616  28.828  -21.752 0.4285714328
117698  -24.726  29.436  -21.772 0.4285714328
117669  -23.457  29.255  -20.184 0.2857142985
117697  -24.016  29.592  -22.360 0.2857142985
118604  -24.522  29.823  -19.933 0.2857142985
117662  -25.244  29.142  -19.141 0.1428571492
76328  -21.922  -4.235  -13.037 0.2857142985
118627  -26.335  30.871  -21.207 0.5714285970
121312  -23.886  34.283  -23.019 0.2857142985
122202  -24.224  34.042  -21.208 0.1428571492
120437  -22.920  32.984  -24.034 0.2857142985
122216  -24.024  34.619  -24.481 0.2857142985
121300  -23.862  33.984  -22.000 0.1428571492
122194  -24.538  34.388  -20.524 0.1428571492
119538  -23.988  31.224  -21.711 0.1428571492
120426  -22.770  31.955  -23.531 0.2857142985
120418  -23.470  32.420  -22.352 0.1428571492
122229  -24.125  34.386  -26.244 0.2857142985
121322  -22.976  33.752  -24.703 0.2857142985
118647  -28.402  30.023  -25.361 0.2857142985
120453  -27.891  32.897  -25.050 0.2857142985
121280  -24.563  33.978  -20.348 0.1428571492
120427  -24.042  31.688  -23.510 0.2857142985
119557  -29.105  30.899  -23.141 0.2857142985
120458  -24.552  33.567  -25.433 0.2857142985
120449  -22.680  32.960  -24.932 0.2857142985
151638  -28.020  26.646  -25.284 0.1428571492
119556  -28.776  31.093  -23.552 0.2857142985
120441  -27.415  32.555  -24.099 0.2857142985
121289  -24.072  33.635  -21.223 0.1428571492
120440  -26.179  32.863  -23.964 0.2857142985
120439  -24.625  32.729  -24.114 0.2857142985
112442  -27.001  24.628  -26.658 0.1428571492
113557  -27.613  25.586  -25.799 0.1428571492
117722  -28.802  29.209  -24.649 0.4285714328
119550  -28.211  31.600  -22.600 0.2857142985
111358  -28.567  23.477  -23.476 0.2857142985
114722  -29.007  26.849  -23.007 0.4285714328
117713  -29.183  29.451  -22.564 0.2857142985
109108  -27.203  21.387  -24.599 0.1428571492
112415  -28.367  24.366  -24.033 0.2857142985
116771  -29.133  28.457  -22.595 0.4285714328
113525  -29.343  25.896  -22.708 0.5714285970
115781  -29.355  27.844  -22.357 0.7142857313
106754  -27.149  19.813  -24.270 0.1428571492
109099  -28.131  21.596  -23.611 0.1428571492
114709  -29.656  26.881  -22.308 0.7142857313
117701  -29.027  29.798  -21.349 0.4285714328
111350  -29.273  23.584  -22.297 0.4285714328
105527  -26.097  18.059  -24.188 0.2857142985
105529  -27.680  19.403  -23.581 0.7142857313
113514  -29.906  25.757  -21.613 0.7142857313
107916  -29.418  20.644  -20.441 0.8571428657
107933  -28.601  21.180  -22.568 0.8571428657
103141  -24.908  16.234  -24.428 0.2857142985
104326  -25.452  17.205  -23.984 0.2857142985
113460  -29.590  25.664  -18.028 0.5714285970
111342  -29.738  23.558  -21.275 0.8571428657
101948  -24.407  15.508  -25.071 0.1428571492
105520  -28.182  18.609  -22.897 0.7142857313
99527  -24.362  14.232  -25.894 0.1428571492
98199  -28.812  11.799  -17.105 0.5714285970
99488  -28.828  13.247  -20.496 0.8571428657
100688  -29.181  14.270  -19.753 0.8571428657
99477  -28.634  13.191  -19.299 0.4285714328
100673  -29.230  15.029  -18.802 0.5714285970
105507  -29.439  18.598  -20.819 0.8571428657
103132  -28.244  15.861  -23.160 0.8571428657
106731  -29.067  19.034  -21.347 0.8571428657
99543  -25.345  13.401  -26.051 0.2857142985
104319  -27.911  17.624  -22.945 0.8571428657
106738  -28.674  19.524  -21.959 0.8571428657
110219  -29.470  22.572  -21.569 0.8571428657
99560  -26.182  13.679  -26.254 0.4285714328
103130  -26.345  16.506  -23.696 0.7142857313
105519  -27.561  18.007  -23.289 0.7142857313
96962  -28.428  11.130  -15.696 0.2857142985
98238  -28.467  12.243  -18.943 0.5714285970
101924  -28.453  15.276  -22.545 0.8571428657
103104  -28.821  16.656  -21.456 0.8571428657
104320  -28.523  17.432  -22.179 0.8571428657
99529  -25.857  13.313  -25.275 0.4285714328
100741  -27.165  14.358  -24.103 0.8571428657
103120  -27.953  16.795  -22.872 0.8571428657
99545  -26.985  12.944  -26.022 0.4285714328
90635  -28.785  6.476  -17.196 0.7142857313
91918  -28.359  7.503  -16.624 0.4285714328
90653  -29.343  5.940  -17.890 0.7142857313
91958  -29.629  7.898  -19.722 0.8571428657
93209  -29.302  8.516  -17.640 0.5714285970
95695  -28.971  10.274  -16.787 0.5714285970
95682  -28.835  10.304  -15.843 0.4285714328
94450  -29.594  9.442  -19.738 0.8571428657
95696  -29.328  10.320  -17.695 0.5714285970
98200  -29.332  11.562  -17.738 0.5714285970
94468  -29.045  9.713  -21.767 0.8571428657
95735  -28.664  10.678  -20.042 0.7142857313
96992  -29.033  11.402  -18.830 0.5714285970
97051  -28.197  11.536  -25.088 0.7142857313
97043  -27.446  11.705  -24.248 0.7142857313
99516  -27.280  13.166  -24.018 0.7142857313
100742  -27.935  14.578  -23.559 0.8571428657
98314  -30.392  12.725  -26.621 0.2857142985
98300  -28.485  12.495  -26.002 0.4285714328
98299  -27.711  12.536  -25.814 0.5714285970
86701  -27.645  3.736  -18.205 0.4285714328
89307  -27.931  5.204  -16.622 0.4285714328
90622  -28.011  6.488  -16.603 0.4285714328
90690  -30.130  7.132  -20.327 0.7142857313
90673  -29.982  6.785  -19.737 0.7142857313
91966  -29.904  7.741  -20.338 0.7142857313
95744  -29.312  9.773  -21.015 0.8571428657
97061  -30.368  11.395  -25.866 0.7142857313
97066  -30.876  11.748  -26.704 0.2857142985
97060  -29.281  11.961  -26.034 0.5714285970
97052  -29.373  11.410  -25.095 0.5714285970
89296  -26.292  4.404  -15.586 0.5714285970
89320  -28.692  5.185  -17.640 0.5714285970
90674  -30.450  6.121  -20.072 0.7142857313
94499  -32.694  9.529  -26.177 0.4285714328
95770  -31.994  10.884  -26.688 0.4285714328
97067  -32.182  11.610  -26.861 0.4285714328
86757  -31.359  2.938  -22.722 0.4285714328
91983  -34.215  8.364  -24.430 0.4285714328
91978  -33.191  7.453  -23.833 0.4285714328
94490  -34.222  8.909  -24.617 0.4285714328
93266  -33.424  9.082  -24.919 0.4285714328
79055  -25.260  -1.636  -13.694 0.1428571492
151238  -33.375  5.748  -24.472 0.4285714328
90717  -34.833  6.503  -24.982 0.4285714328
91982  -34.112  7.875  -24.397 0.4285714328
80345  -25.673  -1.084  -14.841 0.1428571492
81682  -26.635  -0.063  -15.193 0.1428571492
84129  -28.267  1.809  -17.770 0.2857142985
84162  -32.029  1.480  -22.755 0.2857142985
86752  -34.011  3.277  -22.107 0.2857142985
86758  -33.130  3.156  -22.748 0.2857142985
85440  -30.354  2.230  -21.632 0.4285714328
88128  -34.004  4.737  -23.019 0.2857142985
85448  -31.158  1.963  -22.467 0.2857142985
88129  -34.661  5.519  -23.930 0.4285714328
80323  -25.830  -1.288  -14.000 0.1428571492
80346  -26.238  -0.855  -14.279 0.1428571492
80322  -25.077  -1.540  -14.437 0.1428571492
82870  -26.977  0.265  -15.536 0.2857142985
82889  -27.904  1.339  -16.453 0.2857142985
85409  -31.350  2.314  -18.864 0.2857142985
85434  -32.291  1.640  -20.835 0.2857142985
85433  -31.702  1.895  -20.880 0.2857142985
85441  -31.331  1.798  -21.748 0.2857142985
81641  -26.730  -0.498  -14.200 0.1428571492
84100  -29.756  1.636  -15.850 0.2857142985
82853  -27.633  0.411  -14.882 0.2857142985
84118  -29.280  1.999  -16.773 0.2857142985
84099  -28.764  1.451  -16.113 0.2857142985
85395  -30.009  2.539  -17.844 0.2857142985
79003  -24.653  -2.623  -12.574 0.1428571492
79028  -25.164  -2.137  -13.031 0.1428571492
73683  -20.821  -6.915  -9.454 0.2857142985
77643  -23.513  -3.331  -12.098 0.2857142985
73685  -22.530  -6.178  -9.082 0.1428571492
72380  -21.008  -7.020  -9.106 0.2857142985
72362  -20.637  -7.770  -8.050 0.1428571492
81662  -27.119  -0.032  -14.683 0.1428571492
82872  -29.165  1.151  -15.206 0.2857142985
85396  -30.963  2.375  -17.877 0.2857142985
84158  -32.753  0.912  -22.079 0.2857142985
86736  -31.035  2.373  -19.729 0.2857142985
85450  -33.396  1.658  -23.030 0.2857142985
86756  -30.406  2.590  -22.496 0.4285714328
151233  -32.899  4.003  -22.995 0.4285714328
90705  -34.009  6.711  -22.589 0.2857142985
91932  -28.944  7.575  -17.374 0.7142857313
90711  -34.681  6.777  -24.197 0.4285714328
95713  -29.361  10.571  -18.697 0.5714285970
91981  -33.736  7.803  -24.306 0.4285714328
94503  -31.635  9.901  -26.460 0.4285714328
97068  -33.011  11.531  -26.932 0.2857142985
98315  -31.485  12.261  -26.987 0.2857142985
97065  -29.946  12.325  -26.525 0.5714285970
98288  -26.676  12.399  -24.643 0.7142857313
106732  -29.341  19.762  -21.148 0.8571428657
115745  -28.723  27.761  -19.309 0.4285714328
115730  -29.607  26.880  -19.157 0.5714285970
112405  -30.439  24.909  -20.287 0.7142857313
98312  -28.122  12.921  -26.202 0.2857142985
106739  -28.969  20.289  -21.777 0.8571428657
112404  -30.203  24.599  -20.926 0.8571428657
104327  -25.981  17.450  -23.893 0.5714285970
119549  -26.741  31.881  -22.449 0.2857142985
110240  -28.271  22.505  -23.686 0.4285714328
112411  -28.751  24.447  -23.579 0.4285714328
120401  -24.826  33.282  -20.126 0.1428571492
116776  -28.797  28.542  -24.178 0.2857142985
113524  -28.549  25.869  -24.150 0.1428571492
121345  -25.109  33.956  -25.659 0.2857142985
74988  -23.434  -4.762  -10.309 0.1428571492
80324  -26.693  -0.981  -13.574 0.1428571492
81663  -28.034  0.143  -14.105 0.1428571492
84116  -27.582  1.369  -17.272 0.2857142985
85408  -30.446  2.674  -18.925 0.2857142985
84153  -32.762  1.317  -21.213 0.2857142985
85406  -28.532  2.109  -18.307 0.2857142985
84163  -32.869  1.094  -22.809 0.2857142985
88049  -27.266  4.147  -16.609 0.5714285970
85431  -29.748  2.298  -20.658 0.2857142985
85432  -30.894  2.303  -20.810 0.2857142985
90621  -27.106  6.396  -16.042 0.2857142985
89386  -33.879  5.560  -22.205 0.2857142985
90636  -29.078  6.851  -17.900 0.7142857313
90654  -29.529  6.570  -18.663 0.5714285970
93180  -27.259  8.925  -15.395 0.4285714328
93197  -28.867  8.449  -16.719 0.5714285970
98185  -28.601  12.056  -15.969 0.2857142985
96963  -28.972  11.140  -16.370 0.5714285970
91979  -34.318  7.797  -23.345 0.2857142985
151239  -33.881  6.362  -24.953 0.4285714328
94440  -29.317  9.486  -18.988 0.7142857313
99443  -28.643  12.795  -17.026 0.2857142985
94479  -34.146  9.272  -23.262 0.1428571492
95766  -33.346  10.241  -25.495 0.4285714328
94500  -33.308  10.057  -26.195 0.4285714328
97055  -32.808  11.070  -25.482 0.1428571492
100728  -28.252  14.428  -22.947 0.8571428657
98313  -29.158  12.743  -26.465 0.2857142985
98297  -26.411  12.562  -25.368 0.5714285970
101950  -25.919  15.075  -24.275 0.7142857313
107921  -29.389  20.789  -21.424 0.8571428657
100781  -26.049  14.369  -26.682 0.2857142985
100780  -25.278  14.633  -26.783 0.1428571492
103142  -25.772  15.898  -24.234 0.4285714328
99559  -25.347  13.989  -26.543 0.4285714328
103150  -24.209  16.352  -25.490 0.1428571492
107932  -28.227  20.978  -22.961 0.5714285970
103140  -24.232  16.697  -24.822 0.1428571492
105540  -26.414  19.331  -24.488 0.1428571492
107952  -26.840  20.728  -24.705 0.1428571492
120410  -24.297  32.598  -20.844 0.1428571492
110228  -28.596  22.552  -22.911 0.5714285970
106765  -26.468  20.063  -24.748 0.1428571492
110239  -27.913  22.101  -24.141 0.1428571492
116770  -29.013  28.607  -23.285 0.2857142985
111388  -28.041  23.701  -25.016 0.1428571492
112443  -27.647  24.197  -26.088 0.1428571492
151641  -27.564  28.540  -26.129 0.2857142985
114759  -27.521  27.891  -26.194 0.1428571492
114750  -27.503  27.083  -25.746 0.1428571492
74968  -23.729  -5.332  -9.471 0.1428571492
80298  -26.029  -1.609  -13.243 0.1428571492
86759  -33.875  2.099  -22.759 0.2857142985
98301  -30.783  12.986  -26.430 0.2857142985
113570  -26.629  25.882  -26.994 0.1428571492
118650  -27.601  29.445  -26.165 0.2857142985
73698  -20.572  -6.732  -10.094 0.2857142985
74966  -21.887  -5.981  -9.732 0.2857142985
74967  -22.587  -5.640  -9.655 0.1428571492
76285  -23.704  -4.034  -10.569 0.1428571492
76304  -24.091  -3.463  -11.163 0.1428571492
79054  -24.346  -1.882  -13.944 0.1428571492
81681  -26.269  -0.258  -15.776 0.2857142985
82888  -27.131  0.679  -16.639 0.4285714328
81660  -25.742  -0.623  -15.410 0.1428571492
85447  -29.919  2.432  -22.157 0.4285714328
89334  -29.657  4.989  -18.742 0.5714285970
88077  -28.072  4.504  -19.002 0.4285714328
93268  -33.937  8.556  -24.879 0.4285714328
89335  -29.938  5.908  -19.198 0.7142857313
94469  -29.517  9.063  -21.377 0.7142857313
95743  -28.796  10.468  -21.103 0.8571428657
97022  -28.513  11.410  -20.601 0.8571428657
99509  -28.111  13.490  -22.650 0.8571428657
101911  -29.121  15.664  -20.926 0.8571428657
114668  -29.990  26.597  -19.348 0.5714285970
114697  -30.251  26.829  -21.169 0.7142857313
116758  -29.170  28.654  -21.859 0.5714285970
119542  -27.537  31.405  -21.943 0.2857142985
118636  -29.031  30.691  -22.157 0.2857142985
120428  -25.645  32.350  -23.159 0.2857142985
95769  -31.247  10.813  -26.199 0.4285714328
82886  -24.951  0.596  -16.863 0.5714285970
85407  -29.268  2.403  -18.609 0.2857142985
88133  -33.826  5.325  -24.227 0.4285714328
97009  -28.571  11.464  -19.606 0.5714285970
105513  -28.918  18.469  -21.586 0.8571428657
109073  -29.480  21.616  -20.957 0.8571428657
120419  -23.495  31.347  -23.051 0.2857142985
93234  -29.846  8.635  -20.030 0.8571428657
121311  -22.997  34.026  -23.677 0.2857142985
121299  -23.333  33.692  -22.858 0.2857142985
120425  -22.736  33.048  -23.103 0.2857142985
123068  -23.597  35.450  -25.640 0.2857142985
120417  -23.175  33.298  -22.532 0.1428571492
121332  -22.964  33.701  -25.577 0.2857142985
119560  -28.568  31.136  -24.718 0.2857142985
120452  -26.818  33.231  -24.688 0.2857142985
120442  -28.336  32.021  -24.310 0.2857142985
120430  -28.130  32.106  -23.465 0.2857142985
118643  -28.790  30.156  -24.290 0.2857142985
117718  -29.049  29.356  -23.802 0.2857142985
120451  -25.367  33.357  -25.048 0.2857142985
115786  -28.626  27.620  -23.755 0.2857142985
118646  -28.268  28.070  -25.258 0.1428571492
120429  -27.108  32.394  -23.170 0.2857142985
112427  -28.214  24.533  -24.845 0.1428571492
111373  -28.225  23.457  -24.329 0.1428571492
114723  -29.330  26.539  -22.698 0.5714285970
115780  -28.978  27.783  -22.932 0.5714285970
109107  -26.667  21.608  -25.151 0.1428571492
107943  -28.002  20.805  -23.662 0.1428571492
112412  -29.231  24.703  -23.045 0.4285714328
112408  -29.489  24.693  -21.926 0.7142857313
106755  -27.700  20.150  -23.725 0.4285714328
109086  -28.395  21.763  -22.991 0.5714285970
105528  -26.870  18.507  -23.814 0.5714285970
106745  -28.252  19.982  -23.063 0.7142857313
107926  -28.606  20.480  -22.379 0.7142857313
110229  -29.123  22.542  -22.362 0.7142857313
103129  -25.484  16.783  -23.939 0.5714285970
100756  -24.797  14.272  -24.969 0.4285714328
98219  -29.084  12.140  -18.035 0.5714285970
100672  -29.061  14.031  -18.538 0.4285714328
99464  -28.825  13.063  -18.197 0.4285714328
101939  -28.313  15.085  -23.295 0.8571428657
101938  -27.666  15.255  -23.605 0.8571428657
100757  -25.829  14.311  -24.657 0.4285714328
99544  -26.338  12.979  -25.904 0.5714285970
104328  -27.108  17.306  -23.348 0.8571428657
99530  -26.547  13.611  -24.582 0.7142857313
89308  -28.471  5.816  -16.900 0.5714285970
91933  -29.321  7.640  -18.180 0.7142857313
93223  -29.553  8.640  -19.324 0.7142857313
94424  -29.081  9.408  -17.196 0.5714285970
96976  -29.710  11.096  -18.023 0.5714285970
94412  -28.988  9.347  -16.107 0.4285714328
94396  -27.705  9.556  -15.323 0.2857142985
95725  -29.167  10.202  -19.516 0.7142857313
95736  -29.151  9.984  -20.300 0.8571428657
97059  -27.972  11.962  -25.620 0.5714285970
97049  -26.572  12.092  -25.157 0.7142857313
89319  -28.175  4.699  -17.419 0.5714285970
89306  -26.665  5.104  -15.674 0.5714285970
94505  -33.203  10.667  -26.603 0.4285714328
97062  -32.313  12.039  -26.726 0.2857142985
85449  -32.254  1.902  -22.973 0.2857142985
93260  -34.457  8.599  -23.528 0.4285714328
94494  -33.506  9.336  -25.081 0.4285714328
88132  -34.853  5.702  -24.436 0.4285714328
84117  -28.409  1.698  -16.910 0.2857142985
85394  -29.059  2.274  -17.593 0.2857142985
89391  -34.538  5.841  -23.432 0.4285714328
82871  -27.972  0.956  -15.567 0.2857142985
85422  -31.479  2.062  -19.837 0.2857142985
81642  -27.428  -0.372  -13.768 0.1428571492
84119  -30.260  2.130  -16.479 0.2857142985
73667  -22.574  -6.724  -8.541 0.1428571492
72363  -21.457  -7.234  -8.383 0.1428571492
97056  -33.486  10.812  -25.953 0.2857142985
73686  -23.202  -5.793  -8.959 0.1428571492
76264  -24.358  -4.564  -9.859 0.1428571492
120411  -24.643  32.096  -20.416 0.1428571492
111315  -29.881  23.647  -18.167 0.5714285970
109050  -29.254  21.494  -17.984 0.4285714328
110185  -29.164  22.536  -17.786 0.4285714328
107894  -29.561  20.509  -18.236 0.4285714328
110192  -29.599  22.516  -18.544 0.5714285970
111323  -30.141  23.307  -19.155 0.4285714328
104249  -29.304  17.718  -17.341 0.4285714328
106699  -28.797  19.323  -17.107 0.4285714328
106700  -29.370  19.488  -17.742 0.5714285970
109055  -29.489  21.532  -18.892 0.5714285970
101864  -29.446  15.932  -19.066 0.5714285970
86748  -33.831  3.295  -20.895 0.1428571492
88124  -33.832  4.359  -21.716 0.1428571492
89372  -33.435  5.883  -21.566 0.1428571492
77746  -22.887  -2.824  -16.174 0.2857142985
86738  -34.194  2.884  -20.095 0.1428571492
86737  -33.618  3.596  -19.457 0.1428571492
88114  -33.412  4.342  -20.497 0.1428571492
88078  -33.187  4.592  -18.637 0.1428571492
77729  -22.748  -3.215  -15.672 0.2857142985
82924  -33.709  0.483  -22.652 0.1428571492
84161  -35.701  0.784  -22.302 0.1428571492
84164  -33.944  0.821  -23.119 0.1428571492
85436  -34.909  2.082  -21.213 0.1428571492
85410  -33.853  2.801  -18.551 0.1428571492
85425  -34.723  2.119  -20.077 0.1428571492
89297  -33.364  5.581  -15.930 0.1428571492
88062  -33.287  4.682  -17.554 0.1428571492
90623  -33.314  6.560  -16.361 0.1428571492
77728  -21.860  -3.460  -15.634 0.2857142985
84131  -31.696  1.673  -17.962 0.1428571492
84138  -33.294  0.925  -19.212 0.1428571492
84146  -32.777  1.457  -20.132 0.1428571492
84154  -33.339  1.016  -20.904 0.1428571492
82918  -35.827  -0.020  -21.010 0.1428571492
81734  -34.966  -0.418  -22.060 0.1428571492
84140  -35.306  1.093  -19.520 0.1428571492
82922  -35.611  0.135  -21.811 0.1428571492
85380  -33.620  2.926  -16.479 0.1428571492
88039  -33.486  4.573  -15.560 0.1428571492
88050  -33.358  4.693  -16.529 0.1428571492
77712  -21.764  -3.752  -14.818 0.2857142985
76365  -21.227  -4.126  -14.729 0.2857142985
76348  -21.237  -4.513  -13.887 0.2857142985
84101  -30.776  1.500  -15.864 0.1428571492
82899  -31.869  0.811  -17.353 0.1428571492
82908  -32.287  0.959  -18.053 0.1428571492
84139  -33.684  0.456  -19.412 0.1428571492
80400  -35.502  -1.107  -21.210 0.1428571492
82914  -34.161  -0.260  -20.566 0.1428571492
82911  -35.306  0.545  -18.733 0.1428571492
85381  -33.878  2.320  -17.122 0.1428571492
84132  -34.786  1.262  -18.319 0.1428571492
90602  -33.694  6.405  -14.774 0.1428571492
89282  -33.635  5.544  -14.862 0.1428571492
84102  -31.427  1.270  -15.999 0.1428571492
82874  -31.502  0.850  -15.241 0.1428571492
82900  -32.769  0.240  -17.656 0.1428571492
81698  -32.283  0.060  -16.548 0.1428571492
80392  -34.768  -1.591  -20.156 0.1428571492
82909  -33.031  0.656  -18.421 0.1428571492
81718  -35.582  -0.821  -19.750 0.1428571492
81722  -34.368  -0.901  -20.316 0.1428571492
82912  -35.635  0.112  -19.366 0.1428571492
85360  -33.687  2.759  -15.782 0.1428571492
84122  -34.350  1.538  -17.034 0.1428571492
88019  -33.598  4.297  -14.639 0.1428571492
86670  -33.720  3.488  -15.341 0.1428571492
82856  -30.601  0.388  -14.715 0.1428571492
82854  -28.581  0.627  -14.604 0.1428571492
81684  -32.367  -0.941  -16.763 0.1428571492
81683  -32.010  -0.396  -16.053 0.1428571492
81707  -32.909  -0.911  -18.380 0.1428571492
81699  -32.512  -0.422  -17.075 0.1428571492
82890  -31.854  0.676  -16.382 0.1428571492
81717  -35.326  -1.313  -19.448 0.1428571492
80391  -33.953  -1.753  -19.916 0.1428571492
81709  -35.350  -0.871  -18.699 0.1428571492
82902  -35.042  0.286  -17.897 0.1428571492
81710  -35.578  -0.407  -19.104 0.1428571492
80362  -32.226  -1.535  -16.603 0.1428571492
80348  -31.704  -1.530  -15.282 0.1428571492
81666  -31.211  -0.335  -14.943 0.1428571492
151163  -32.347  -2.029  -18.517 0.1428571492
79092  -32.250  -2.121  -17.529 0.1428571492
79125  -34.189  -2.146  -19.714 0.1428571492
80390  -33.228  -2.064  -19.598 0.1428571492
80363  -32.444  -1.340  -17.488 0.1428571492
81716  -33.656  -0.883  -19.294 0.1428571492
81728  -34.701  -1.214  -20.763 0.1428571492
84145  -32.152  1.755  -19.778 0.1428571492
91892  -33.596  7.252  -14.679 0.1428571492
86686  -33.773  3.934  -16.209 0.1428571492
86702  -33.479  3.803  -17.052 0.1428571492
86753  -34.049  2.618  -22.476 0.1428571492
84103  -33.582  2.108  -16.153 0.1428571492
90603  -33.902  6.355  -14.157 0.1428571492
91874  -33.760  7.683  -13.947 0.1428571492
103040  -29.584  16.908  -17.747 0.4285714328
90610  -33.492  6.460  -15.386 0.1428571492
89373  -33.483  5.205  -21.143 0.1428571492
90704  -33.695  6.140  -21.913 0.1428571492
112381  -29.439  24.498  -17.587 0.4285714328
114656  -29.595  26.481  -18.758 0.4285714328
115805  -27.167  28.634  -26.914 0.1428571492
112382  -30.180  24.695  -18.129 0.4285714328
77690  -21.600  -3.992  -14.240 0.2857142985
118651  -27.801  30.658  -26.253 0.1428571492
82873  -30.282  1.122  -15.102 0.1428571492
81664  -28.938  0.087  -13.721 0.1428571492
84120  -31.231  1.721  -16.826 0.1428571492
82923  -33.192  0.744  -22.391 0.1428571492
91976  -34.009  7.689  -22.092 0.1428571492
85443  -34.592  1.998  -22.249 0.1428571492
85435  -34.354  2.599  -21.575 0.1428571492
88096  -33.182  4.618  -19.567 0.1428571492
85424  -34.187  2.690  -19.406 0.1428571492
89355  -33.118  5.252  -20.140 0.1428571492
89336  -33.011  5.457  -19.168 0.1428571492
82921  -34.337  0.024  -21.975 0.1428571492
81736  -34.999  -0.086  -22.482 0.1428571492
84165  -34.848  0.703  -23.058 0.1428571492
84148  -35.301  1.341  -20.755 0.1428571492
86720  -33.507  3.729  -18.113 0.1428571492
85397  -33.668  2.922  -17.526 0.1428571492
89309  -33.122  5.660  -16.973 0.1428571492
84137  -32.261  1.493  -19.001 0.1428571492
84147  -33.550  0.763  -19.998 0.1428571492
80405  -35.316  -0.700  -21.636 0.1428571492
84149  -35.624  0.562  -20.449 0.1428571492
81723  -34.366  -0.541  -20.842 0.1428571492
85411  -34.499  2.008  -18.943 0.1428571492
85398  -34.164  2.127  -17.898 0.1428571492
82913  -33.997  -0.039  -19.797 0.1428571492
82901  -33.363  -0.063  -18.245 0.1428571492
82915  -35.750  -0.113  -20.192 0.1428571492
80393  -35.422  -1.331  -20.520 0.1428571492
82855  -29.655  0.550  -14.522 0.1428571492
80398  -34.617  -1.405  -20.426 0.1428571492
80386  -35.287  -1.510  -19.895 0.1428571492
81708  -33.453  -0.428  -18.651 0.1428571492
82892  -34.709  0.398  -16.563 0.1428571492
80384  -33.318  -1.641  -19.481 0.1428571492
71072  -19.103  -8.411  -9.659 0.1428571492
72379  -20.292  -7.471  -9.399 0.1428571492
72392  -19.493  -7.857  -10.308 0.1428571492
72393  -19.962  -7.323  -10.739 0.1428571492
73713  -20.172  -6.519  -11.459 0.1428571492
75002  -20.631  -5.972  -11.608 0.1428571492
73730  -19.716  -6.150  -12.195 0.1428571492
75045  -20.187  -5.289  -13.295 0.1428571492
75025  -20.188  -5.754  -12.306 0.1428571492
75046  -20.848  -5.017  -13.374 0.1428571492
75044  -19.350  -5.400  -13.194 0.1428571492
76363  -19.899  -4.265  -14.266 0.1428571492
77727  -21.171  -3.478  -15.351 0.1428571492
76380  -20.960  -3.986  -15.128 0.1428571492
79087  -21.396  -3.002  -15.643 0.2857142985
79088  -21.776  -2.676  -16.050 0.1428571492
79103  -22.942  -2.265  -16.265 0.1428571492
79074  -21.364  -2.450  -15.647 0.2857142985
81694  -23.607  -0.553  -16.367 0.2857142985
85357  -24.584  2.812  -15.760 0.4285714328
85376  -26.544  2.827  -16.816 0.4285714328
86685  -26.856  3.360  -16.697 0.4285714328
100649  -29.356  14.739  -17.906 0.2857142985
101827  -29.569  16.511  -17.152 0.2857142985
107891  -27.075  20.845  -17.011 0.2857142985
109048  -27.753  21.631  -17.288 0.2857142985
110184  -28.367  22.507  -17.436 0.2857142985
111308  -28.003  23.366  -17.384 0.4285714328
76381  -21.363  -3.773  -15.155 0.1428571492
80343  -21.516  -2.125  -15.879 0.2857142985
80372  -22.944  -1.451  -16.186 0.1428571492
72408  -19.673  -7.175  -11.375 0.1428571492
75024  -19.265  -5.890  -12.678 0.1428571492
76346  -19.417  -4.606  -13.740 0.1428571492
77710  -20.001  -3.554  -14.451 0.1428571492
77711  -20.623  -3.504  -14.942 0.1428571492
79073  -20.898  -2.663  -15.177 0.1428571492
80357  -21.467  -1.078  -15.640 0.2857142985
80359  -22.389  -1.144  -16.050 0.2857142985
80358  -21.964  -1.629  -16.048 0.2857142985
81678  -22.137  -0.947  -15.959 0.2857142985
81693  -22.497  -0.446  -16.142 0.2857142985
84114  -24.636  1.323  -16.415 0.4285714328
85356  -23.897  2.939  -15.671 0.2857142985
100648  -29.094  13.984  -17.288 0.2857142985
101825  -29.136  14.924  -16.152 0.2857142985
101844  -29.543  15.821  -17.861 0.2857142985
103007  -29.078  16.563  -16.044 0.2857142985
104233  -29.283  17.304  -16.835 0.2857142985
105471  -29.118  18.623  -17.306 0.2857142985
107883  -28.065  19.917  -16.723 0.2857142985
106688  -26.671  19.302  -16.321 0.2857142985
109049  -28.576  21.542  -17.442 0.2857142985
101842  -29.082  14.567  -16.738 0.2857142985
101810  -29.020  15.759  -15.848 0.2857142985
100632  -28.780  13.931  -15.920 0.2857142985
104213  -27.984  16.936  -15.812 0.2857142985
105460  -27.069  18.499  -16.164 0.2857142985
104248  -28.974  18.111  -16.915 0.2857142985
105470  -28.682  18.557  -16.733 0.2857142985
106689  -27.575  19.261  -16.367 0.2857142985
107884  -28.474  19.700  -16.952 0.2857142985
103005  -27.518  16.120  -15.328 0.2857142985
104212  -26.969  17.000  -15.674 0.2857142985
104231  -27.544  17.698  -16.074 0.2857142985
85374  -25.222  2.245  -16.243 0.4285714328
85375  -26.016  2.566  -16.636 0.4285714328
75026  -20.873  -5.166  -12.526 0.1428571492
82885  -24.277  0.322  -16.521 0.4285714328
107893  -28.770  20.340  -17.374 0.2857142985
106690  -28.295  19.219  -16.635 0.2857142985
80371  -22.556  -2.004  -16.283 0.1428571492
76364  -20.586  -4.245  -14.621 0.1428571492
76347  -20.359  -4.790  -13.975 0.1428571492
72378  -19.647  -7.931  -9.709 0.1428571492
80342  -21.175  -1.608  -15.350 0.2857142985
85373  -24.227  2.208  -15.904 0.4285714328
107892  -27.956  20.767  -16.928 0.2857142985
84113  -23.697  1.423  -16.137 0.4285714328
104230  -26.522  17.804  -15.920 0.2857142985
89295  -25.631  4.595  -15.399 0.2857142985
88035  -25.508  3.861  -15.533 0.2857142985
122241  -28.322  34.331  -26.188 0.1428571492
122240  -27.426  34.881  -26.254 0.1428571492
120461  -28.445  32.634  -25.943 0.1428571492
119564  -28.329  31.406  -25.691 0.1428571492
122234  -28.648  34.529  -25.545 0.1428571492
121347  -27.438  33.694  -25.755 0.1428571492
123075  -25.353  35.893  -26.115 0.1428571492
121314  -26.173  33.980  -22.999 0.1428571492
89305  -25.356  5.666  -15.484 0.2857142985
119569  -27.761  31.609  -26.569 0.1428571492
120467  -27.925  32.133  -27.327 0.1428571492
121357  -28.059  33.741  -26.248 0.1428571492
122238  -25.657  34.930  -26.463 0.1428571492
120454  -28.445  32.052  -25.129 0.1428571492
122232  -27.157  35.830  -25.897 0.1428571492
121323  -26.714  34.400  -23.641 0.1428571492
123071  -26.236  35.543  -25.462 0.1428571492
122217  -24.929  34.549  -24.346 0.1428571492
121313  -24.880  34.249  -22.734 0.1428571492
122223  -24.752  35.236  -24.899 0.1428571492
121346  -26.210  34.278  -25.976 0.1428571492
86667  -25.752  3.449  -15.784 0.2857142985
122239  -26.642  35.149  -26.453 0.1428571492
123083  -26.999  35.693  -26.304 0.1428571492
122227  -28.852  34.624  -25.050 0.1428571492
123082  -26.085  35.682  -26.393 0.1428571492
101808  -26.891  14.990  -15.245 0.1428571492
101809  -28.396  15.144  -15.397 0.1428571492
105459  -26.108  18.474  -16.329 0.1428571492
105469  -24.367  18.560  -17.601 0.1428571492
106697  -24.935  19.361  -17.248 0.1428571492
106713  -24.402  19.691  -18.321 0.1428571492
107904  -25.346  21.230  -17.685 0.1428571492
109054  -25.284  21.817  -18.222 0.2857142985
93196  -28.185  8.535  -15.704 0.2857142985
93195  -27.096  8.223  -15.581 0.1428571492
98164  -27.753  12.181  -15.316 0.1428571492
98165  -28.286  12.543  -15.636 0.1428571492
100617  -28.009  13.971  -15.683 0.1428571492
100783  -27.909  13.861  -26.376 0.1428571492
103004  -26.205  16.206  -15.008 0.1428571492
107881  -26.362  20.137  -16.598 0.1428571492
110182  -26.552  22.483  -17.680 0.1428571492
109046  -25.987  21.763  -17.731 0.1428571492
110181  -25.735  22.495  -18.071 0.2857142985
112372  -26.500  24.031  -17.700 0.2857142985
114684  -24.726  26.830  -20.629 0.2857142985
113488  -24.577  26.126  -20.468 0.2857142985
115771  -24.595  28.410  -21.575 0.2857142985
116725  -24.039  28.845  -19.406 0.1428571492
112374  -28.485  24.267  -17.466 0.2857142985
111306  -26.088  23.231  -17.800 0.2857142985
113445  -26.902  24.869  -17.787 0.2857142985
115728  -28.264  27.232  -18.719 0.2857142985
114652  -25.646  26.445  -18.970 0.2857142985
113472  -24.470  25.333  -20.187 0.2857142985
115743  -26.624  27.939  -19.428 0.2857142985
114667  -25.163  26.325  -20.229 0.2857142985
116742  -25.631  28.865  -20.422 0.2857142985
117711  -23.399  29.300  -22.445 0.1428571492
114682  -23.829  26.842  -20.437 0.2857142985
118614  -24.088  30.284  -20.289 0.1428571492
118605  -25.314  30.248  -19.528 0.1428571492
113487  -24.030  25.612  -20.507 0.1428571492
112395  -23.681  24.384  -21.172 0.1428571492
109053  -24.682  21.893  -18.648 0.2857142985
114683  -24.293  26.702  -20.503 0.2857142985
116755  -23.537  28.621  -22.051 0.1428571492
115769  -23.709  27.749  -21.281 0.2857142985
116739  -23.160  28.568  -20.892 0.1428571492
115755  -23.511  27.605  -20.468 0.1428571492
106723  -23.873  20.293  -18.936 0.2857142985
114666  -22.859  26.221  -19.692 0.1428571492
115725  -23.540  27.880  -18.325 0.1428571492
115740  -23.187  27.126  -19.895 0.1428571492
105482  -21.547  18.487  -18.107 0.1428571492
100770  -27.555  14.557  -26.102 0.1428571492
98302  -31.275  12.703  -26.210 0.1428571492
96945  -27.805  11.203  -15.197 0.1428571492
99404  -26.334  13.341  -15.457 0.1428571492
100771  -28.397  14.307  -26.011 0.1428571492
100615  -25.970  14.080  -15.616 0.1428571492
101824  -25.024  15.793  -15.523 0.1428571492
103023  -25.289  16.850  -15.547 0.1428571492
104211  -26.059  17.195  -15.578 0.1428571492
104228  -24.649  17.935  -16.908 0.1428571492
106687  -25.681  19.238  -16.642 0.1428571492
107890  -26.047  20.877  -17.268 0.1428571492
106724  -24.219  20.697  -18.671 0.2857142985
112371  -25.570  23.898  -18.177 0.1428571492
112379  -25.099  23.927  -19.156 0.1428571492
112380  -25.539  24.641  -18.568 0.2857142985
112388  -24.417  24.129  -20.107 0.1428571492
113456  -25.063  25.202  -19.301 0.1428571492
114651  -22.657  26.185  -18.864 0.1428571492
114681  -23.342  26.559  -20.182 0.2857142985
116723  -23.582  27.923  -19.977 0.1428571492
117710  -22.831  29.232  -22.290 0.1428571492
116712  -23.576  28.152  -18.840 0.1428571492
116724  -23.627  28.465  -19.690 0.1428571492
99564  -29.994  13.181  -26.430 0.1428571492
99562  -28.443  13.281  -26.385 0.1428571492
100772  -29.098  13.852  -25.734 0.1428571492
115744  -27.749  27.980  -19.123 0.2857142985
116726  -26.326  28.765  -19.872 0.2857142985
117682  -23.237  29.383  -20.841 0.1428571492
117670  -23.938  29.417  -19.819 0.1428571492
115758  -25.047  27.555  -20.953 0.2857142985
115770  -24.223  28.088  -21.598 0.2857142985
116756  -24.117  28.863  -22.241 0.2857142985
116740  -23.324  28.960  -20.390 0.1428571492
118615  -24.797  31.006  -20.186 0.1428571492
113447  -28.799  25.067  -17.672 0.2857142985
95681  -28.129  10.364  -15.365 0.1428571492
95667  -27.280  10.403  -15.025 0.1428571492
114655  -28.803  26.430  -18.508 0.2857142985
99425  -28.615  13.022  -15.900 0.1428571492
97054  -32.193  12.064  -25.828 0.1428571492
113459  -28.383  25.714  -18.095 0.2857142985
109047  -26.861  21.651  -17.490 0.1428571492
110183  -27.463  22.490  -17.467 0.1428571492
111307  -27.028  23.294  -17.536 0.1428571492
100616  -26.795  14.055  -15.286 0.1428571492
104229  -25.402  17.713  -16.109 0.1428571492
101807  -25.912  14.875  -15.022 0.1428571492
105457  -24.758  18.651  -16.970 0.1428571492
106698  -25.597  20.016  -17.027 0.1428571492
99405  -27.422  13.179  -15.322 0.1428571492
107903  -24.618  21.066  -18.131 0.1428571492
107889  -25.123  20.380  -17.588 0.1428571492
98163  -26.613  12.401  -15.165 0.1428571492
110191  -25.064  22.599  -18.714 0.2857142985
113444  -26.104  24.609  -18.044 0.2857142985
113446  -27.920  25.000  -17.675 0.2857142985
115759  -25.749  28.132  -20.301 0.2857142985
115757  -24.354  27.323  -21.042 0.2857142985
116713  -24.327  28.482  -18.663 0.1428571492
113457  -26.135  25.451  -18.387 0.2857142985
114654  -27.778  26.482  -18.394 0.2857142985
114653  -26.669  26.490  -18.422 0.2857142985
115726  -26.280  27.208  -18.882 0.2857142985
113471  -24.152  24.653  -20.723 0.1428571492
115742  -25.723  27.297  -19.793 0.2857142985
116754  -22.996  28.587  -21.894 0.1428571492
114695  -23.630  27.340  -20.609 0.2857142985
119521  -25.524  31.402  -19.764 0.1428571492
115768  -23.386  27.874  -21.100 0.2857142985
111314  -25.137  23.142  -19.208 0.1428571492
115724  -23.241  27.610  -18.818 0.1428571492
81659  -20.419  -0.622  -14.824 0.1428571492
81677  -21.641  -0.497  -15.907 0.1428571492
81692  -21.911  0.059  -16.140 0.1428571492
82866  -19.259  0.746  -14.939 0.1428571492
85354  -19.715  2.065  -15.617 0.1428571492
85369  -20.166  2.328  -16.187 0.1428571492
82881  -20.654  0.796  -15.900 0.1428571492
85370  -21.061  2.340  -16.498 0.1428571492
84110  -20.817  1.482  -16.198 0.1428571492
82883  -22.195  0.630  -16.229 0.1428571492
86679  -20.464  3.123  -16.737 0.1428571492
85371  -21.999  2.525  -16.285 0.1428571492
85372  -23.160  2.729  -15.903 0.1428571492
86680  -21.334  3.229  -16.885 0.1428571492
86664  -23.595  3.423  -15.756 0.1428571492
88033  -23.767  4.369  -15.641 0.1428571492
90620  -26.007  6.494  -15.512 0.1428571492
107914  -24.023  21.214  -18.991 0.1428571492
82882  -21.376  0.582  -16.113 0.1428571492
82884  -23.159  0.482  -16.250 0.1428571492
81658  -19.550  -0.677  -14.157 0.1428571492
82851  -19.768  0.102  -14.621 0.1428571492
84098  -20.150  1.418  -15.788 0.1428571492
113486  -23.429  25.468  -20.458 0.1428571492
91917  -27.511  7.460  -16.084 0.1428571492
86665  -24.296  3.492  -15.607 0.1428571492
81676  -20.944  -0.558  -15.503 0.1428571492
84112  -22.634  1.561  -16.107 0.1428571492
88034  -24.806  4.115  -15.463 0.1428571492
82867  -20.178  0.422  -15.365 0.1428571492
82868  -20.918  0.131  -15.807 0.1428571492
85353  -19.114  2.375  -15.206 0.1428571492
84111  -21.672  1.532  -16.232 0.1428571492
86695  -19.950  3.696  -17.037 0.1428571492
86681  -22.302  3.518  -16.794 0.1428571492
86678  -19.719  3.334  -16.257 0.1428571492
71073  -19.753  -8.044  -9.412 0.1428571492
77745  -22.328  -3.081  -16.160 0.2857142985
79090  -24.243  -1.629  -15.645 0.7142857313
79102  -22.401  -2.479  -16.258 0.1428571492
80383  -32.763  -1.810  -19.252 0.1428571492
80385  -34.872  -1.791  -19.354 0.1428571492
80399  -34.996  -1.358  -20.923 0.1428571492
80404  -35.106  -1.011  -21.498 0.1428571492
81661  -26.297  -0.422  -14.871 0.1428571492
81705  -25.369  -0.341  -17.243 0.5714285970
81715  -33.119  -1.345  -19.127 0.1428571492
81724  -35.874  -0.799  -20.741 0.1428571492
81729  -34.679  -0.771  -21.246 0.1428571492
81730  -35.635  -0.524  -21.420 0.1428571492
81735  -35.312  -0.252  -21.975 0.1428571492
81737  -35.153  -0.156  -22.303 0.1428571492
82852  -27.220  0.250  -15.008 0.1428571492
82869  -26.592  -0.003  -15.896 0.2857142985
82891  -32.317  0.281  -16.957 0.1428571492
82903  -35.515  -0.058  -18.706 0.1428571492
82910  -33.800  0.135  -18.828 0.1428571492
82916  -33.799  0.332  -20.703 0.1428571492
82917  -34.178  -0.107  -21.198 0.1428571492
82919  -33.143  0.751  -22.135 0.1428571492
82920  -33.524  0.576  -21.777 0.1428571492
82925  -34.608  0.209  -22.678 0.1428571492
82926  -35.265  0.218  -22.524 0.1428571492
84121  -33.793  2.200  -16.696 0.1428571492
84130  -28.766  1.942  -17.251 0.2857142985
84141  -35.641  0.424  -19.853 0.1428571492
84151  -27.540  1.508  -20.189 0.5714285970
84152  -32.092  1.439  -21.596 0.2857142985
84155  -35.535  1.504  -21.852 0.1428571492
84156  -35.663  0.715  -21.398 0.1428571492
84157  -31.967  1.332  -22.398 0.2857142985
84159  -33.108  0.978  -21.528 0.2857142985
84160  -35.255  1.248  -22.743 0.1428571492
84166  -35.368  0.728  -22.768 0.1428571492
84167  -27.811  1.880  -23.662 0.7142857313
84168  -27.785  1.945  -23.423 0.7142857313
84169  -27.620  2.084  -23.103 0.7142857313
84170  -27.828  1.818  -24.033 0.7142857313
84171  -27.847  1.701  -23.810 0.7142857313
84172  -27.650  1.819  -23.297 0.7142857313
85355  -23.549  3.033  -15.740 0.2857142985
85377  -29.380  2.249  -17.133 0.2857142985
85378  -29.750  2.450  -17.081 0.2857142985
85379  -30.526  2.501  -17.122 0.2857142985
85392  -26.827  2.859  -17.170 0.4285714328
85393  -28.592  2.120  -17.871 0.2857142985
85405  -26.498  2.131  -18.486 0.5714285970
85421  -30.528  2.240  -19.853 0.2857142985
85423  -32.086  1.816  -20.281 0.1428571492
85437  -28.050  2.644  -21.941 0.7142857313
85442  -34.304  2.592  -22.120 0.1428571492
85444  -27.958  2.421  -22.611 0.7142857313
85445  -28.258  2.508  -22.387 0.7142857313
85451  -34.355  1.410  -23.080 0.1428571492
85452  -27.796  2.338  -22.861 0.7142857313
85453  -28.071  2.328  -23.055 0.7142857313
85454  -28.486  2.573  -22.624 0.7142857313
85455  -28.106  2.056  -23.766 0.7142857313
85456  -28.080  1.818  -24.020 0.7142857313
85457  -27.916  1.870  -23.677 0.7142857313
86666  -25.143  3.262  -15.727 0.1428571492
86671  -33.921  3.189  -15.013 0.1428571492
86683  -25.660  3.004  -16.154 0.2857142985
86684  -26.238  3.314  -16.221 0.2857142985
86715  -26.803  2.678  -18.662 0.5714285970
86717  -27.499  4.095  -18.735 0.4285714328
86718  -31.039  2.735  -19.174 0.2857142985
86719  -31.162  2.444  -19.405 0.2857142985
86733  -28.885  4.183  -20.537 0.8571428657
86735  -30.855  2.562  -19.432 0.2857142985
86746  -29.057  4.296  -20.681 0.8571428657
86747  -29.259  4.404  -20.522 0.8571428657
86749  -34.384  2.571  -20.760 0.1428571492
86750  -27.942  2.812  -22.045 0.7142857313
86754  -29.110  2.674  -22.498 0.7142857313
86762  -28.046  2.091  -23.540 0.7142857313
88036  -26.074  3.903  -15.592 0.2857142985
88048  -26.671  3.995  -15.926 0.5714285970
88060  -27.759  4.193  -17.437 0.5714285970
88061  -28.152  4.252  -18.075 0.5714285970
88093  -27.625  3.777  -20.092 0.5714285970
88095  -29.461  4.498  -20.195 0.8571428657
88112  -29.509  4.571  -20.878 0.7142857313
88113  -30.132  4.808  -21.192 0.7142857313
88131  -34.271  5.371  -24.121 0.4285714328
88134  -34.117  5.618  -24.562 0.4285714328
89352  -30.156  5.314  -19.951 0.8571428657
89354  -32.815  5.936  -20.803 0.1428571492
89385  -33.672  5.858  -21.905 0.1428571492
89392  -35.006  5.993  -24.314 0.4285714328
89396  -34.609  5.801  -24.745 0.4285714328
89397  -35.066  6.039  -24.832 0.4285714328
89401  -34.119  6.122  -24.975 0.4285714328
89402  -34.710  6.171  -25.059 0.4285714328
90712  -35.040  6.319  -24.673 0.4285714328
90716  -33.940  6.888  -24.918 0.4285714328
90721  -34.473  6.426  -25.085 0.4285714328
91901  -26.026  8.253  -15.400 0.1428571492
91902  -26.532  8.197  -15.499 0.1428571492
91946  -29.535  7.699  -19.031 0.8571428657
91967  -30.283  7.363  -20.695 0.7142857313
91980  -34.474  8.213  -23.989 0.4285714328
91984  -30.166  9.478  -26.132 0.5714285970
91985  -30.475  9.291  -26.308 0.5714285970
91986  -30.859  9.184  -26.622 0.5714285970
91987  -30.378  9.487  -26.204 0.5714285970
91988  -30.760  9.279  -26.479 0.5714285970
91989  -31.008  9.232  -26.778 0.4285714328
93149  -33.681  8.090  -13.807 0.1428571492
93169  -33.659  8.303  -14.231 0.1428571492
93210  -29.398  8.583  -18.541 0.7142857313
93251  -30.356  8.413  -21.733 0.8571428657
93253  -32.016  7.728  -22.583 0.7142857313
93261  -34.413  8.608  -24.235 0.4285714328
93264  -33.921  8.452  -24.713 0.4285714328
93265  -34.159  8.607  -24.700 0.4285714328
93267  -33.786  8.797  -24.859 0.4285714328
93269  -30.526  9.717  -26.149 0.5714285970
93270  -30.782  9.442  -26.337 0.5714285970
93271  -31.128  9.316  -26.581 0.4285714328
93272  -30.694  9.655  -26.258 0.5714285970
93273  -31.058  9.503  -26.506 0.4285714328
93274  -31.242  9.535  -26.623 0.4285714328
94395  -26.792  9.582  -15.085 0.2857142985
94411  -28.483  9.575  -15.524 0.4285714328
94425  -29.364  9.483  -18.125 0.7142857313
94459  -29.641  9.284  -20.521 0.7142857313
94475  -28.940  9.739  -22.468 0.8571428657
94480  -34.440  8.976  -23.974 0.4285714328
94489  -34.118  9.216  -24.276 0.4285714328
94491  -31.164  10.380  -25.255 0.5714285970
94493  -32.808  9.484  -25.253 0.5714285970
94495  -34.012  8.798  -24.890 0.4285714328
94496  -30.605  9.877  -25.987 0.5714285970
94497  -30.967  10.089  -25.832 0.5714285970
94498  -31.613  9.642  -26.079 0.4285714328
94501  -30.624  10.009  -26.042 0.5714285970
94502  -30.995  10.045  -26.168 0.4285714328
94504  -32.688  10.316  -26.560 0.4285714328
95712  -29.127  10.974  -18.999 0.5714285970
95724  -28.951  10.892  -19.314 0.5714285970
95751  -28.543  10.300  -22.275 0.8571428657
95764  -31.225  10.419  -24.737 0.5714285970
95767  -30.812  10.717  -25.687 0.4285714328
95768  -33.417  10.704  -26.292 0.2857142985
95771  -32.857  11.015  -26.876 0.4285714328
95772  -33.348  11.082  -26.743 0.2857142985
96944  -26.925  11.401  -14.774 0.1428571492
96975  -29.398  11.084  -17.245 0.5714285970
96993  -29.434  11.166  -18.452 0.5714285970
97050  -27.142  11.696  -25.115 0.5714285970
97053  -30.348  11.211  -25.014 0.8571428657
97057  -26.727  12.301  -25.436 0.5714285970
97058  -27.144  12.154  -25.468 0.5714285970
97063  -33.020  11.635  -26.462 0.2857142985
97064  -33.396  11.129  -26.355 0.2857142985
97069  -33.290  11.341  -26.713 0.2857142985
98184  -28.167  11.660  -15.513 0.1428571492
98220  -29.368  11.501  -18.227 0.5714285970
98277  -27.431  12.201  -23.599 0.8571428657
98287  -26.266  12.470  -25.056 0.5714285970
98298  -26.950  12.595  -25.718 0.5714285970
98311  -27.437  12.884  -25.977 0.5714285970
99406  -28.081  12.871  -15.488 0.1428571492
99424  -28.242  13.400  -15.532 0.1428571492
99517  -27.812  13.799  -23.465 0.8571428657
99528  -24.733  13.853  -25.639 0.1428571492
99532  -31.163  13.003  -25.506 0.1428571492
99542  -24.657  14.049  -26.249 0.1428571492
99547  -30.484  13.276  -25.889 0.2857142985
99558  -24.922  14.298  -26.620 0.1428571492
99561  -27.308  13.320  -26.187 0.4285714328
99563  -29.357  13.258  -26.467 0.1428571492
100633  -28.906  13.583  -16.455 0.1428571492
100647  -29.052  14.201  -16.460 0.2857142985
100689  -29.470  15.300  -19.711 0.8571428657
100740  -26.382  14.673  -24.256 0.4285714328
100755  -24.345  14.611  -25.581 0.1428571492
100758  -26.489  14.246  -24.463 0.4285714328
100779  -24.666  14.716  -26.543 0.1428571492
100782  -26.951  14.088  -26.360 0.4285714328
100784  -28.628  13.645  -26.250 0.1428571492
101826  -29.437  15.916  -16.586 0.2857142985
101843  -29.066  15.036  -17.104 0.2857142985
101899  -29.395  15.696  -20.439 0.8571428657
101910  -28.807  15.520  -21.487 0.8571428657
101937  -26.621  15.404  -23.856 0.7142857313
101949  -25.185  15.180  -24.569 0.4285714328
103006  -28.460  16.238  -15.687 0.2857142985
103024  -29.410  16.845  -16.606 0.2857142985
103025  -29.477  17.063  -17.110 0.2857142985
103056  -29.561  16.718  -18.653 0.4285714328
103088  -28.977  16.952  -20.745 0.8571428657
103105  -29.157  16.182  -20.930 0.8571428657
103121  -28.573  16.274  -22.334 0.8571428657
103131  -27.337  16.197  -23.414 0.8571428657
104214  -28.600  16.846  -15.926 0.2857142985
104232  -28.725  17.529  -16.408 0.2857142985
104263  -29.507  17.605  -18.403 0.7142857313
104293  -29.127  17.289  -20.701 1.0000000000
104337  -25.108  17.377  -24.411 0.2857142985
104338  -25.725  17.837  -24.292 0.2857142985
105458  -25.255  18.467  -16.605 0.1428571492
105461  -27.997  18.465  -16.343 0.2857142985
105506  -29.175  18.734  -21.288 0.8571428657
105514  -29.398  18.109  -21.176 1.0000000000
106686  -25.068  18.937  -16.779 0.1428571492
107882  -27.301  20.109  -16.448 0.2857142985
107915  -24.302  21.374  -18.686 0.2857142985
107927  -28.992  20.997  -22.095 0.8571428657
107942  -27.512  20.712  -24.259 0.1428571492
109063  -24.254  22.012  -18.995 0.1428571492
109079  -29.300  21.684  -21.849 0.8571428657
109087  -28.866  21.762  -22.488 0.8571428657
109098  -27.734  21.475  -24.209 0.1428571492
110252  -27.979  22.658  -24.379 0.1428571492
111305  -25.439  23.137  -18.410 0.1428571492
111309  -28.980  23.465  -17.478 0.4285714328
111316  -30.340  24.256  -18.477 0.4285714328
111324  -30.442  24.066  -18.954 0.4285714328
111333  -30.535  23.925  -19.643 0.8571428657
111349  -28.830  23.212  -22.778 0.5714285970
111359  -28.948  23.874  -23.048 0.4285714328
111372  -27.858  23.074  -24.791 0.1428571492
111387  -27.713  23.300  -25.514 0.1428571492
112370  -25.267  23.503  -18.720 0.1428571492
112373  -27.498  24.148  -17.537 0.2857142985
112389  -30.700  24.733  -18.764 0.4285714328
112396  -30.507  24.310  -20.191 0.8571428657
112426  -27.961  24.251  -25.518 0.2857142985
113458  -27.318  25.661  -18.154 0.2857142985
113461  -30.513  25.397  -18.447 0.5714285970
113473  -30.246  26.024  -18.856 0.5714285970
113489  -30.431  26.005  -19.660 0.5714285970
113490  -30.571  25.407  -19.861 0.8571428657
113502  -30.500  25.173  -20.100 0.7142857313
114696  -23.757  27.481  -20.970 0.2857142985
114708  -29.233  27.348  -22.677 0.7142857313
115723  -22.994  26.931  -19.218 0.1428571492
115727  -27.194  27.362  -18.576 0.2857142985
115729  -29.142  27.061  -18.956 0.5714285970
115746  -29.623  27.358  -19.580 0.5714285970
115756  -24.057  27.196  -20.795 0.2857142985
116767  -22.840  28.924  -22.412 0.1428571492
116768  -23.057  28.895  -22.457 0.1428571492
116769  -23.480  28.922  -22.442 0.1428571492
117648  -25.679  29.141  -18.379 0.1428571492
117672  -26.822  29.194  -19.860 0.5714285970
117681  -22.878  29.086  -21.342 0.1428571492
117683  -23.558  29.721  -20.301 0.2857142985
117684  -25.252  29.267  -20.855 0.4285714328
117695  -22.696  28.974  -21.782 0.1428571492
117696  -22.935  29.377  -21.669 0.1428571492
117700  -28.535  30.407  -21.072 0.7142857313
117709  -22.731  28.937  -22.188 0.1428571492
117712  -29.125  29.265  -23.215 0.2857142985
117719  -29.092  29.723  -23.226 0.2857142985
118628  -27.730  30.891  -21.222 0.7142857313
118633  -23.108  29.660  -22.035 0.1428571492
118634  -23.164  29.544  -22.256 0.1428571492
118635  -28.330  31.147  -21.796 0.5714285970
118639  -28.965  30.146  -23.572 0.2857142985
118640  -29.133  30.458  -23.005 0.2857142985
119551  -29.092  31.068  -22.866 0.2857142985
120438  -23.286  32.511  -24.246 0.2857142985
120450  -23.694  33.227  -25.141 0.2857142985
120459  -25.010  33.584  -25.386 0.2857142985
120460  -28.135  33.232  -25.628 0.1428571492
121333  -23.380  33.559  -25.576 0.2857142985
121334  -25.819  33.845  -25.489 0.2857142985
121335  -26.514  33.683  -25.338 0.2857142985
121336  -27.227  33.444  -25.160 0.1428571492
121337  -28.763  34.417  -24.764 0.1428571492
121343  -23.043  33.990  -26.132 0.2857142985
121344  -23.762  33.862  -25.928 0.2857142985
121348  -28.158  33.438  -25.900 0.1428571492
121353  -23.078  34.232  -26.222 0.2857142985
121354  -23.294  34.112  -26.186 0.2857142985
121355  -26.416  34.765  -26.365 0.1428571492
121356  -27.037  34.492  -26.244 0.1428571492
122208  -23.526  34.355  -24.109 0.2857142985
122209  -23.993  34.347  -23.836 0.2857142985
122210  -24.861  34.287  -23.546 0.1428571492
122215  -23.275  34.480  -24.525 0.2857142985
122221  -23.122  34.711  -25.359 0.2857142985
122222  -23.714  35.226  -24.965 0.2857142985
122228  -23.074  34.377  -25.869 0.2857142985
122230  -24.753  34.448  -26.143 0.2857142985
122231  -25.449  34.458  -26.086 0.2857142985
122235  -23.201  34.380  -26.113 0.2857142985
122236  -23.611  34.472  -26.220 0.2857142985
122237  -24.503  34.847  -26.386 0.2857142985
123067  -23.290  35.185  -25.745 0.2857142985
123069  -24.530  35.544  -25.587 0.1428571492
123070  -25.569  35.602  -25.557 0.1428571492
123072  -23.211  34.910  -25.857 0.2857142985
123073  -23.511  35.343  -26.050 0.2857142985
123074  -24.270  35.631  -26.111 0.1428571492
123076  -26.530  36.119  -25.989 0.1428571492
123077  -27.147  35.887  -26.129 0.1428571492
123078  -23.184  34.649  -25.984 0.2857142985
123079  -23.378  34.873  -26.138 0.2857142985
123080  -23.986  35.189  -26.312 0.2857142985
123081  -24.994  35.426  -26.279 0.1428571492
151220  -28.068  2.470  -23.091 0.7142857313
151221  -29.381  3.692  -22.685 0.7142857313
151222  -28.492  2.523  -22.861 0.7142857313
151224  -29.406  4.076  -22.549 0.7142857313
151225  -29.860  4.330  -22.645 0.7142857313
151235  -33.606  5.618  -24.418 0.4285714328
151236  -33.179  4.739  -23.603 0.4285714328
151237  -33.542  6.094  -24.630 0.4285714328
