#!ascii label  , from subject 3760 vox2ras=TkReg
1840
49822  6.353  -28.774  67.913 0.0000000000
84408  43.284  -2.705  46.751 0.0000000000
58427  26.436  -22.456  59.378 0.0000000000
59543  37.374  -21.643  63.945 0.0000000000
58402  19.071  -22.862  60.243 0.0000000000
54719  15.525  -24.609  73.875 0.0000000000
94309  51.882  5.394  39.878 0.0000000000
90435  53.132  2.542  48.822 0.0000000000
71533  38.990  -12.003  56.673 0.0000000000
94349  56.631  6.749  34.727 0.0000000000
57204  26.799  -22.494  65.768 0.0000000000
52266  10.505  -27.067  70.489 0.0000000000
91790  54.247  3.897  42.792 0.0000000000
89328  49.022  1.632  42.732 0.0000000000
80214  43.893  -5.091  51.050 0.0000000000
84340  46.656  -1.594  53.344 0.0000000000
77732  40.259  -7.696  50.796 0.0000000000
62136  33.427  -19.694  56.959 0.0000000000
56106  32.709  -24.230  60.785 0.0000000000
59503  22.498  -22.105  67.255 0.0000000000
57106  19.926  -23.319  73.381 0.0000000000
56032  17.433  -24.781  66.536 0.0000000000
54886  11.689  -26.043  63.328 0.0000000000
60822  22.238  -20.341  60.315 0.0000000000
93117  57.175  4.952  40.459 0.0000000000
94237  58.265  6.316  44.389 0.0000000000
85667  48.766  -0.889  48.118 0.0000000000
75216  41.965  -9.567  58.294 0.0000000000
63378  39.372  -17.925  59.620 0.0000000000
90580  53.771  3.542  37.041 0.0000000000
88202  57.980  1.246  36.347 0.0000000000
88254  60.967  1.932  32.463 0.0000000000
59482  25.813  -21.072  68.911 0.0000000000
51036  8.850  -27.905  69.319 0.0000000000
52227  9.623  -27.053  74.699 0.0000000000
51005  8.280  -28.819  73.591 0.0000000000
91810  48.689  3.180  40.960 0.0000000000
80155  42.874  -4.735  54.435 0.0000000000
82994  44.218  -3.583  55.373 0.0000000000
47167  1.931  -31.247  69.698 0.0000000000
76560  39.964  -7.473  47.587 0.0000000000
59665  27.106  -21.979  56.177 0.0000000000
58469  29.927  -21.847  57.223 0.0000000000
57276  29.478  -23.770  60.236 0.0000000000
58367  20.870  -22.122  63.760 0.0000000000
57179  19.973  -23.301  66.935 0.0000000000
56074  18.073  -23.834  62.946 0.0000000000
60823  20.956  -20.770  60.533 0.0000000000
59547  22.029  -20.899  64.029 0.0000000000
55932  17.664  -24.449  73.497 0.0000000000
94298  54.256  6.114  40.299 0.0000000000
94263  57.833  6.951  42.210 0.0000000000
96602  55.405  7.629  41.645 0.0000000000
89272  54.152  2.724  46.513 0.0000000000
91752  55.935  4.091  47.049 0.0000000000
85724  43.589  -1.571  44.185 0.0000000000
85721  46.578  -0.868  44.467 0.0000000000
85686  46.428  -1.952  46.803 0.0000000000
75272  36.497  -9.108  55.477 0.0000000000
76439  38.876  -8.825  55.308 0.0000000000
72742  40.371  -10.866  58.139 0.0000000000
60818  35.259  -20.319  60.184 0.0000000000
62112  36.630  -19.120  57.734 0.0000000000
60784  38.315  -20.009  62.044 0.0000000000
93146  50.237  4.996  37.614 0.0000000000
94335  51.876  6.470  35.769 0.0000000000
91863  52.430  4.150  38.800 0.0000000000
90562  55.457  2.828  40.356 0.0000000000
91895  60.500  5.391  33.588 0.0000000000
91897  58.265  4.688  33.351 0.0000000000
88220  59.797  1.104  34.434 0.0000000000
90606  56.538  3.378  33.972 0.0000000000
57250  26.498  -23.138  62.464 0.0000000000
56072  29.113  -24.305  63.179 0.0000000000
56029  29.274  -23.209  65.886 0.0000000000
54738  12.985  -25.696  71.634 0.0000000000
55898  14.296  -23.880  76.760 0.0000000000
54711  11.579  -25.569  75.909 0.0000000000
94311  50.277  4.872  39.612 0.0000000000
94267  52.987  5.897  41.740 0.0000000000
91819  50.686  4.133  41.563 0.0000000000
89325  51.762  1.672  43.298 0.0000000000
88077  52.289  1.422  45.860 0.0000000000
83055  43.691  -4.101  48.767 0.0000000000
84379  45.159  -2.450  49.549 0.0000000000
83021  45.408  -3.403  52.186 0.0000000000
68983  38.316  -13.291  54.404 0.0000000000
60721  38.991  -20.727  65.165 0.0000000000
49824  4.774  -29.359  67.021 0.0000000000
49755  6.065  -29.693  72.149 0.0000000000
48454  3.837  -30.286  70.970 0.0000000000
83083  41.495  -3.483  46.959 0.0000000000
80271  41.726  -5.463  48.142 0.0000000000
78948  42.270  -6.278  51.334 0.0000000000
78911  41.893  -5.914  54.651 0.0000000000
60902  30.551  -20.153  55.224 0.0000000000
60835  33.157  -21.118  59.036 0.0000000000
57231  35.405  -22.653  61.720 0.0000000000
54880  32.099  -25.529  62.651 0.0000000000
53650  35.387  -26.162  63.546 0.0000000000
59459  23.751  -21.248  70.175 0.0000000000
58264  22.606  -22.158  72.348 0.0000000000
57142  21.760  -22.855  69.847 0.0000000000
55977  19.344  -23.964  70.362 0.0000000000
54782  16.933  -25.027  69.610 0.0000000000
56092  15.879  -24.939  62.197 0.0000000000
54847  15.121  -26.067  65.199 0.0000000000
53540  14.062  -25.762  68.686 0.0000000000
53607  11.351  -26.571  66.404 0.0000000000
52366  8.860  -27.163  65.430 0.0000000000
52386  7.018  -27.253  64.282 0.0000000000
60892  24.381  -20.816  56.360 0.0000000000
62139  22.555  -18.911  57.373 0.0000000000
59596  24.236  -21.648  60.445 0.0000000000
58376  23.967  -21.629  63.569 0.0000000000
59513  24.467  -21.394  66.808 0.0000000000
91769  58.561  4.937  44.653 0.0000000000
93041  56.495  5.549  44.050 0.0000000000
88126  45.919  0.856  42.419 0.0000000000
86911  49.241  -0.709  45.342 0.0000000000
88052  50.878  0.858  48.373 0.0000000000
85643  47.411  -0.999  50.136 0.0000000000
86844  49.552  0.409  51.292 0.0000000000
76505  37.591  -8.392  50.902 0.0000000000
76450  40.372  -7.864  54.555 0.0000000000
76415  42.937  -7.563  58.275 0.0000000000
64838  37.332  -16.956  55.919 0.0000000000
67529  39.516  -14.622  58.003 0.0000000000
62000  39.802  -19.015  63.482 0.0000000000
66140  40.572  -15.895  61.136 0.0000000000
70225  40.485  -13.811  59.328 0.0000000000
70222  43.345  -12.338  60.274 0.0000000000
73967  43.348  -9.402  61.696 0.0000000000
93162  55.191  5.496  35.148 0.0000000000
88204  55.882  1.675  36.568 0.0000000000
89387  58.053  2.449  39.279 0.0000000000
59455  27.192  -21.395  70.518 0.0000000000
51063  7.606  -27.962  67.534 0.0000000000
51011  8.571  -28.524  71.792 0.0000000000
49772  7.223  -28.926  70.812 0.0000000000
80118  42.670  -5.143  56.761 0.0000000000
81496  43.634  -4.032  57.121 0.0000000000
45915  1.523  -31.711  67.030 0.0000000000
58453  26.691  -22.503  58.250 0.0000000000
58452  27.921  -22.640  58.270 0.0000000000
57278  27.723  -23.145  60.271 0.0000000000
58378  20.109  -22.396  62.595 0.0000000000
57221  19.614  -23.040  63.841 0.0000000000
57252  18.572  -23.513  61.918 0.0000000000
59632  19.758  -20.984  58.079 0.0000000000
59599  20.039  -21.545  60.382 0.0000000000
59575  20.879  -21.565  62.048 0.0000000000
55933  16.639  -24.723  73.332 0.0000000000
55916  15.904  -24.449  75.302 0.0000000000
94307  53.093  5.634  40.056 0.0000000000
95470  55.159  7.312  40.646 0.0000000000
96621  53.386  6.568  40.880 0.0000000000
90447  53.849  2.895  47.782 0.0000000000
91744  54.406  3.670  48.269 0.0000000000
84425  43.468  -2.200  45.159 0.0000000000
85711  45.003  -1.728  45.138 0.0000000000
84416  44.785  -2.288  46.215 0.0000000000
71545  37.958  -10.654  54.968 0.0000000000
72770  37.504  -10.426  56.166 0.0000000000
75229  38.161  -9.777  57.056 0.0000000000
72755  39.169  -10.752  57.374 0.0000000000
59569  36.505  -21.065  62.315 0.0000000000
60803  36.817  -19.973  61.811 0.0000000000
60766  37.609  -20.765  63.129 0.0000000000
93124  51.269  4.956  39.365 0.0000000000
91868  51.571  4.333  37.756 0.0000000000
93135  51.962  4.536  39.032 0.0000000000
91860  52.961  4.408  39.524 0.0000000000
94370  58.600  6.224  33.887 0.0000000000
93168  57.617  5.822  33.989 0.0000000000
91898  57.286  4.385  33.773 0.0000000000
93169  56.770  5.566  34.390 0.0000000000
57219  26.156  -22.779  64.666 0.0000000000
57217  28.193  -23.437  64.488 0.0000000000
57203  27.927  -22.917  65.639 0.0000000000
53513  11.664  -26.162  71.479 0.0000000000
54731  12.004  -25.678  73.235 0.0000000000
53499  11.423  -25.893  73.251 0.0000000000
52222  9.356  -26.691  75.654 0.0000000000
53491  10.067  -26.232  76.079 0.0000000000
93126  48.697  4.652  39.130 0.0000000000
94286  50.068  4.648  40.187 0.0000000000
93091  49.026  4.263  40.287 0.0000000000
89341  48.759  2.230  42.303 0.0000000000
90515  49.610  2.801  42.122 0.0000000000
89326  50.693  1.651  43.001 0.0000000000
88109  52.364  1.501  44.061 0.0000000000
88111  50.317  1.043  43.879 0.0000000000
81657  44.452  -4.344  50.107 0.0000000000
81656  44.624  -3.735  50.321 0.0000000000
80193  44.439  -4.390  52.118 0.0000000000
93139  48.301  5.106  38.116 0.0000000000
48474  4.579  -29.777  68.993 0.0000000000
48490  3.493  -30.332  68.639 0.0000000000
81709  40.193  -4.032  46.783 0.0000000000
81694  41.588  -4.086  47.367 0.0000000000
80283  40.431  -4.985  47.200 0.0000000000
76517  40.581  -8.003  49.165 0.0000000000
77754  41.251  -7.276  48.936 0.0000000000
77731  40.904  -6.965  51.141 0.0000000000
78926  41.831  -6.010  52.905 0.0000000000
77714  41.476  -6.626  53.379 0.0000000000
62173  29.111  -20.125  54.108 0.0000000000
57300  31.029  -22.964  59.002 0.0000000000
59625  31.527  -21.660  58.367 0.0000000000
57275  33.259  -22.894  59.732 0.0000000000
58396  34.293  -22.035  61.039 0.0000000000
57259  34.381  -23.395  60.976 0.0000000000
56054  30.637  -24.519  64.428 0.0000000000
54882  30.560  -25.034  62.864 0.0000000000
54844  31.800  -25.419  64.837 0.0000000000
53635  34.465  -26.508  64.498 0.0000000000
53632  36.919  -25.510  64.149 0.0000000000
59486  23.210  -21.771  68.384 0.0000000000
59461  22.782  -21.869  69.964 0.0000000000
58301  22.178  -22.504  69.231 0.0000000000
56015  19.196  -23.882  66.954 0.0000000000
57165  19.561  -23.819  68.833 0.0000000000
56001  17.971  -24.448  68.594 0.0000000000
55979  17.851  -24.747  70.408 0.0000000000
56017  17.217  -24.822  67.873 0.0000000000
56112  16.000  -24.480  61.268 0.0000000000
54904  12.080  -25.853  62.389 0.0000000000
54902  14.119  -26.503  62.502 0.0000000000
54866  13.517  -26.368  64.216 0.0000000000
54818  14.712  -25.832  66.998 0.0000000000
54834  12.858  -26.650  65.934 0.0000000000
53584  12.601  -26.405  67.394 0.0000000000
54851  11.587  -26.224  65.296 0.0000000000
52367  8.169  -27.250  65.209 0.0000000000
60907  24.862  -20.936  55.179 0.0000000000
62154  23.783  -20.181  56.293 0.0000000000
62096  21.516  -19.519  59.401 0.0000000000
62094  22.574  -19.854  59.234 0.0000000000
60856  23.204  -20.566  58.561 0.0000000000
59597  23.304  -21.162  60.426 0.0000000000
58400  24.535  -21.936  61.613 0.0000000000
59585  23.030  -21.029  61.375 0.0000000000
59531  22.409  -21.438  65.314 0.0000000000
59545  23.356  -21.436  64.946 0.0000000000
59515  23.250  -21.409  66.645 0.0000000000
59484  24.311  -21.234  68.509 0.0000000000
58249  21.309  -22.317  72.746 0.0000000000
48432  5.487  -30.300  73.699 0.0000000000
49729  6.906  -29.497  74.691 0.0000000000
93100  58.689  5.432  40.836 0.0000000000
95421  57.999  6.847  43.251 0.0000000000
93056  58.532  5.567  43.259 0.0000000000
93031  58.621  5.493  45.048 0.0000000000
93024  58.154  5.152  45.781 0.0000000000
93060  54.010  4.614  42.544 0.0000000000
94265  54.856  6.104  42.183 0.0000000000
91788  56.068  4.078  43.899 0.0000000000
93009  56.718  4.988  47.589 0.0000000000
85698  48.034  -1.513  46.465 0.0000000000
85719  48.377  -0.978  44.948 0.0000000000
85697  48.968  -0.985  46.450 0.0000000000
86895  50.649  0.222  46.993 0.0000000000
86883  49.978  0.036  47.772 0.0000000000
84367  45.963  -1.997  50.992 0.0000000000
85660  46.483  -1.423  50.214 0.0000000000
85631  46.941  -1.184  51.243 0.0000000000
76506  36.522  -7.987  50.981 0.0000000000
75241  39.666  -8.987  56.568 0.0000000000
76438  39.842  -8.598  55.542 0.0000000000
76428  41.217  -8.420  56.636 0.0000000000
76427  42.066  -7.643  56.882 0.0000000000
75224  42.692  -8.290  58.137 0.0000000000
62169  32.582  -18.912  55.266 0.0000000000
63441  34.306  -18.683  55.256 0.0000000000
62090  37.563  -19.058  58.802 0.0000000000
63427  37.131  -17.973  56.618 0.0000000000
64800  38.614  -17.287  57.739 0.0000000000
66186  38.856  -15.792  56.880 0.0000000000
64783  39.667  -17.273  58.821 0.0000000000
61987  39.186  -19.728  64.739 0.0000000000
67489  41.257  -15.136  62.118 0.0000000000
67499  40.861  -15.194  60.598 0.0000000000
68887  41.756  -14.646  61.208 0.0000000000
70223  41.749  -13.379  59.445 0.0000000000
68874  43.051  -13.275  61.632 0.0000000000
93152  52.449  5.217  36.288 0.0000000000
93150  54.368  5.194  35.602 0.0000000000
90578  54.934  3.210  35.868 0.0000000000
90574  54.773  2.861  36.780 0.0000000000
90561  56.566  3.456  40.431 0.0000000000
89379  57.037  2.185  39.710 0.0000000000
90560  57.607  3.522  39.862 0.0000000000
90569  58.899  3.275  39.253 0.0000000000
90621  60.777  3.633  32.940 0.0000000000
88208  58.885  1.234  35.425 0.0000000000
88200  60.164  1.003  36.749 0.0000000000
88193  59.388  1.585  37.407 0.0000000000
58328  26.294  -21.779  67.837 0.0000000000
57177  27.771  -22.302  67.669 0.0000000000
58310  27.621  -22.215  68.995 0.0000000000
52267  10.017  -27.489  70.064 0.0000000000
52243  10.472  -26.883  72.449 0.0000000000
51010  9.253  -27.840  71.332 0.0000000000
52236  9.243  -27.787  73.690 0.0000000000
52224  8.305  -27.911  75.647 0.0000000000
90526  46.638  2.907  40.643 0.0000000000
89343  47.036  2.250  41.529 0.0000000000
80176  43.163  -4.910  53.413 0.0000000000
80175  44.160  -4.633  53.014 0.0000000000
81540  43.532  -3.837  55.645 0.0000000000
81517  43.972  -3.584  56.794 0.0000000000
47174  2.841  -30.773  68.425 0.0000000000
47188  2.203  -31.331  67.740 0.0000000000
45897  1.321  -31.584  69.158 0.0000000000
79010  39.397  -5.873  47.062 0.0000000000
76535  38.870  -8.519  48.685 0.0000000000
59679  28.598  -20.961  55.471 0.0000000000
58471  28.373  -22.353  57.202 0.0000000000
57326  29.525  -22.867  58.587 0.0000000000
56130  31.245  -24.073  60.196 0.0000000000
58356  21.420  -22.015  65.194 0.0000000000
58330  21.809  -22.470  67.115 0.0000000000
57193  20.586  -22.953  65.717 0.0000000000
57208  19.060  -23.809  65.397 0.0000000000
56043  18.231  -24.019  64.830 0.0000000000
54887  10.628  -25.746  63.409 0.0000000000
54920  9.214  -25.389  61.122 0.0000000000
60857  20.713  -19.748  58.880 0.0000000000
62072  21.554  -20.113  60.239 0.0000000000
60790  22.021  -20.802  61.969 0.0000000000
60791  21.689  -20.940  62.045 0.0000000000
59548  21.490  -21.118  63.876 0.0000000000
57107  19.340  -23.865  73.536 0.0000000000
93103  55.733  5.404  40.578 0.0000000000
94295  57.424  6.215  40.905 0.0000000000
94296  56.192  6.677  40.827 0.0000000000
95456  56.828  7.508  41.960 0.0000000000
96571  57.087  7.162  43.513 0.0000000000
90480  54.836  2.957  44.897 0.0000000000
91770  55.962  3.768  45.269 0.0000000000
90455  55.357  3.576  46.713 0.0000000000
91743  55.356  4.189  47.947 0.0000000000
86929  45.012  -0.595  43.587 0.0000000000
85723  44.589  -1.308  44.099 0.0000000000
85700  46.284  -2.175  45.930 0.0000000000
85685  47.148  -1.583  47.495 0.0000000000
85605  48.023  -1.156  53.146 0.0000000000
76467  36.430  -8.593  53.850 0.0000000000
76466  37.301  -8.266  53.875 0.0000000000
75257  37.538  -9.230  55.729 0.0000000000
75227  39.395  -9.487  57.347 0.0000000000
74006  40.907  -9.985  58.076 0.0000000000
62093  34.448  -20.179  58.695 0.0000000000
62135  34.680  -19.449  57.024 0.0000000000
62069  35.994  -20.062  59.957 0.0000000000
62068  36.975  -19.347  59.998 0.0000000000
62043  38.862  -19.292  61.291 0.0000000000
94337  49.557  6.284  35.906 0.0000000000
94353  50.981  7.141  35.549 0.0000000000
93153  51.097  5.087  36.600 0.0000000000
91872  51.934  4.464  36.992 0.0000000000
91866  52.805  3.506  38.091 0.0000000000
90571  54.092  2.859  38.212 0.0000000000
90564  53.589  3.463  39.304 0.0000000000
91858  54.863  4.066  40.003 0.0000000000
93166  59.652  6.383  34.058 0.0000000000
91896  59.414  5.100  33.547 0.0000000000
89425  59.442  2.727  32.933 0.0000000000
88236  60.708  1.368  33.397 0.0000000000
88238  58.778  2.214  33.577 0.0000000000
89409  57.999  2.329  34.003 0.0000000000
89400  57.056  1.976  35.014 0.0000000000
58397  26.806  -22.457  61.055 0.0000000000
57263  27.343  -23.098  61.292 0.0000000000
57249  27.190  -23.453  62.382 0.0000000000
56056  29.134  -23.715  64.288 0.0000000000
56027  30.677  -24.111  65.569 0.0000000000
54737  13.762  -25.309  71.951 0.0000000000
55917  14.932  -24.491  75.285 0.0000000000
54713  13.761  -24.524  74.963 0.0000000000
54709  13.081  -24.587  76.380 0.0000000000
53495  10.800  -26.037  74.531 0.0000000000
54704  11.442  -25.005  76.934 0.0000000000
94310  50.864  5.119  39.596 0.0000000000
95460  52.228  5.456  40.572 0.0000000000
94284  51.841  5.145  40.773 0.0000000000
93077  51.567  4.786  41.597 0.0000000000
91805  52.757  4.145  42.182 0.0000000000
91821  49.338  3.661  40.649 0.0000000000
90513  51.473  3.571  42.350 0.0000000000
90498  53.613  2.915  43.111 0.0000000000
89305  53.813  1.997  44.894 0.0000000000
89274  52.985  1.864  46.499 0.0000000000
89259  52.360  1.757  47.578 0.0000000000
83066  43.618  -3.039  47.820 0.0000000000
84393  44.358  -2.643  48.166 0.0000000000
83053  44.658  -2.943  49.477 0.0000000000
84368  45.057  -2.092  50.684 0.0000000000
84341  46.317  -2.035  52.782 0.0000000000
81561  45.203  -3.634  54.329 0.0000000000
83007  46.139  -2.875  53.607 0.0000000000
84330  46.807  -1.861  54.133 0.0000000000
70283  38.792  -12.672  55.819 0.0000000000
59526  38.249  -21.489  64.576 0.0000000000
94338  48.692  6.428  35.855 0.0000000000
93155  48.995  5.782  36.454 0.0000000000
94317  50.349  4.850  39.171 0.0000000000
96642  58.357  8.735  35.654 0.0000000000
96643  57.245  8.818  35.463 0.0000000000
49823  5.656  -28.815  67.110 0.0000000000
49773  6.493  -29.127  70.599 0.0000000000
49775  5.138  -29.530  69.418 0.0000000000
48453  4.563  -30.017  71.370 0.0000000000
48434  3.919  -30.196  72.947 0.0000000000
48464  3.084  -30.720  69.922 0.0000000000
84426  42.536  -2.325  45.174 0.0000000000
83104  41.137  -2.698  45.341 0.0000000000
83094  42.253  -2.793  46.264 0.0000000000
81693  42.093  -3.815  47.241 0.0000000000
81674  43.676  -4.697  48.371 0.0000000000
80234  43.167  -5.592  49.567 0.0000000000
78995  40.904  -6.070  48.143 0.0000000000
78978  42.475  -6.228  49.335 0.0000000000
80215  43.124  -5.573  51.313 0.0000000000
80177  42.348  -5.472  53.128 0.0000000000
80142  42.392  -5.220  55.010 0.0000000000
78901  42.373  -5.882  56.498 0.0000000000
60887  31.965  -19.645  56.409 0.0000000000
60876  30.196  -20.795  56.666 0.0000000000
60853  31.787  -20.801  58.006 0.0000000000
60852  33.330  -20.376  58.084 0.0000000000
60819  34.307  -20.846  60.234 0.0000000000
59571  35.555  -21.417  61.560 0.0000000000
58363  36.478  -22.218  63.431 0.0000000000
57261  28.971  -24.049  61.142 0.0000000000
56108  30.778  -24.645  61.020 0.0000000000
54916  32.282  -24.902  61.316 0.0000000000
53636  33.413  -26.263  64.209 0.0000000000
53652  33.298  -25.902  63.275 0.0000000000
54897  33.726  -24.887  61.927 0.0000000000
56084  35.440  -24.416  62.189 0.0000000000
56052  36.812  -23.746  63.483 0.0000000000
57201  37.383  -22.660  64.481 0.0000000000
59446  24.565  -21.361  71.120 0.0000000000
59436  23.108  -21.963  71.723 0.0000000000
58279  22.052  -22.300  71.410 0.0000000000
57131  20.631  -22.918  71.639 0.0000000000
57163  21.348  -23.129  68.155 0.0000000000
57144  19.929  -23.404  70.314 0.0000000000
57132  19.733  -23.520  71.545 0.0000000000
55959  18.774  -24.132  71.523 0.0000000000
55945  17.086  -24.624  72.375 0.0000000000
54748  15.601  -25.051  71.315 0.0000000000
56111  16.914  -23.923  61.260 0.0000000000
56091  16.630  -24.112  62.256 0.0000000000
56060  16.499  -24.885  64.336 0.0000000000
56114  14.027  -25.825  60.737 0.0000000000
56078  15.249  -26.421  63.365 0.0000000000
56045  16.240  -25.006  65.657 0.0000000000
54816  16.088  -25.215  67.659 0.0000000000
54784  15.371  -25.255  69.259 0.0000000000
54749  14.637  -25.223  71.076 0.0000000000
54750  13.665  -25.618  70.726 0.0000000000
53526  12.476  -25.958  70.098 0.0000000000
53563  11.032  -26.611  68.394 0.0000000000
53638  10.613  -26.314  64.833 0.0000000000
53609  10.010  -27.022  65.896 0.0000000000
52321  9.951  -27.211  67.459 0.0000000000
52322  9.180  -27.193  67.245 0.0000000000
52345  8.021  -27.571  66.564 0.0000000000
51076  6.735  -27.925  66.196 0.0000000000
49849  5.654  -28.457  65.429 0.0000000000
49837  4.991  -29.030  66.206 0.0000000000
60906  25.864  -21.143  55.336 0.0000000000
59667  25.025  -21.513  56.544 0.0000000000
59629  25.253  -21.789  58.283 0.0000000000
60878  23.397  -20.385  57.555 0.0000000000
59630  24.248  -21.381  58.321 0.0000000000
59609  24.906  -21.644  59.274 0.0000000000
58399  25.250  -22.239  61.594 0.0000000000
58387  24.993  -22.242  62.588 0.0000000000
58364  25.297  -22.380  64.847 0.0000000000
59558  23.186  -21.272  63.666 0.0000000000
58365  24.379  -21.915  64.621 0.0000000000
58354  24.760  -21.765  65.804 0.0000000000
59499  24.788  -21.359  67.682 0.0000000000
59468  25.233  -21.060  69.544 0.0000000000
49754  6.853  -29.375  72.518 0.0000000000
49728  7.570  -28.929  74.880 0.0000000000
93073  58.777  5.575  42.297 0.0000000000
95441  53.692  6.636  41.398 0.0000000000
95424  55.886  6.898  42.828 0.0000000000
95406  57.257  6.276  44.839 0.0000000000
93033  56.324  4.774  45.391 0.0000000000
94219  56.951  5.700  45.856 0.0000000000
95388  57.716  5.547  45.886 0.0000000000
88140  46.317  1.684  41.719 0.0000000000
88125  47.194  1.217  42.582 0.0000000000
85747  46.794  -0.366  43.625 0.0000000000
86943  48.213  -0.129  43.692 0.0000000000
88112  49.259  0.556  43.844 0.0000000000
86909  50.930  0.397  45.864 0.0000000000
88062  51.807  0.910  47.169 0.0000000000
89244  51.932  1.704  48.569 0.0000000000
84391  45.833  -1.985  48.900 0.0000000000
85669  47.079  -1.509  48.756 0.0000000000
85657  48.445  -0.941  49.033 0.0000000000
86837  48.141  -0.174  51.658 0.0000000000
86845  48.944  -0.166  51.034 0.0000000000
86859  48.871  -0.431  49.818 0.0000000000
88042  50.145  0.716  49.665 0.0000000000
89227  51.237  1.747  50.418 0.0000000000
76520  37.707  -8.852  49.906 0.0000000000
76490  39.470  -7.987  51.336 0.0000000000
76465  38.309  -8.110  53.759 0.0000000000
76464  39.371  -7.936  53.607 0.0000000000
76477  40.125  -7.238  52.889 0.0000000000
77695  41.258  -7.319  54.569 0.0000000000
77687  41.947  -6.739  56.237 0.0000000000
77679  42.791  -6.554  57.866 0.0000000000
63429  35.556  -18.476  56.287 0.0000000000
67566  37.769  -15.312  55.711 0.0000000000
68953  38.960  -14.063  56.586 0.0000000000
68941  39.144  -13.766  57.526 0.0000000000
60765  38.420  -20.410  63.192 0.0000000000
62019  39.209  -19.735  62.649 0.0000000000
62042  40.017  -18.460  61.100 0.0000000000
64742  40.605  -16.995  62.707 0.0000000000
64768  40.486  -16.649  60.513 0.0000000000
66149  40.383  -15.534  60.013 0.0000000000
67518  40.381  -14.558  59.168 0.0000000000
70253  39.473  -12.764  57.820 0.0000000000
71508  40.081  -11.735  57.979 0.0000000000
71506  41.878  -11.810  58.514 0.0000000000
72739  43.074  -10.684  59.407 0.0000000000
71473  42.782  -12.005  62.861 0.0000000000
72729  43.519  -10.581  60.353 0.0000000000
73988  43.325  -9.707  59.617 0.0000000000
75202  43.466  -8.624  60.011 0.0000000000
96644  56.320  8.406  35.080 0.0000000000
94350  55.880  6.282  34.543 0.0000000000
91885  55.682  4.118  34.495 0.0000000000
89401  56.222  2.362  35.162 0.0000000000
88203  56.784  1.388  36.311 0.0000000000
89389  55.803  1.871  38.436 0.0000000000
88188  56.728  1.573  38.032 0.0000000000
88186  58.757  1.762  38.289 0.0000000000
89386  59.240  2.548  38.717 0.0000000000
59445  25.384  -21.250  71.208 0.0000000000
59444  26.295  -21.339  71.186 0.0000000000
51050  7.147  -28.537  68.374 0.0000000000
51037  7.677  -28.699  69.705 0.0000000000
51038  6.946  -28.759  69.129 0.0000000000
80117  43.000  -4.773  57.560 0.0000000000
58426  27.303  -22.764  59.299 0.0000000000
57265  19.425  -23.056  60.945 0.0000000000
57251  19.427  -22.973  61.505 0.0000000000
57266  18.884  -23.283  60.710 0.0000000000
58401  19.637  -22.555  60.690 0.0000000000
55934  16.054  -24.699  73.675 0.0000000000
55925  16.751  -24.491  74.385 0.0000000000
55926  15.700  -24.572  74.218 0.0000000000
94308  52.508  5.500  39.881 0.0000000000
95472  53.558  6.405  40.553 0.0000000000
95473  52.989  6.165  40.512 0.0000000000
90434  53.780  3.119  48.994 0.0000000000
90423  53.164  2.886  49.799 0.0000000000
84417  43.797  -2.514  46.100 0.0000000000
84424  44.266  -2.129  45.474 0.0000000000
72780  38.153  -11.068  55.914 0.0000000000
72781  37.593  -10.651  55.683 0.0000000000
71522  38.808  -10.982  56.556 0.0000000000
72756  38.687  -10.581  56.865 0.0000000000
71521  39.048  -11.617  57.042 0.0000000000
59556  36.676  -21.314  63.073 0.0000000000
60786  36.799  -20.654  62.430 0.0000000000
60767  37.328  -21.156  63.487 0.0000000000
93123  51.878  4.988  39.474 0.0000000000
94363  57.484  6.305  34.483 0.0000000000
94364  56.832  6.319  34.524 0.0000000000
91883  57.177  5.088  34.126 0.0000000000
57218  27.070  -23.161  64.659 0.0000000000
53528  11.065  -26.559  70.939 0.0000000000
53504  11.483  -25.993  72.370 0.0000000000
53514  11.049  -26.520  71.931 0.0000000000
93127  47.675  4.914  38.936 0.0000000000
93107  48.854  4.570  39.877 0.0000000000
93108  48.045  4.477  39.597 0.0000000000
89340  49.366  2.180  42.474 0.0000000000
89327  49.825  1.756  42.681 0.0000000000
89308  51.139  1.400  43.669 0.0000000000
81636  44.341  -4.482  50.925 0.0000000000
80213  44.262  -4.557  51.478 0.0000000000
48489  4.060  -30.037  68.360 0.0000000000
83097  39.085  -3.542  45.908 0.0000000000
81710  39.675  -4.262  46.531 0.0000000000
81696  39.988  -4.671  46.827 0.0000000000
80299  39.626  -4.757  46.768 0.0000000000
77740  40.194  -7.904  49.955 0.0000000000
77739  41.089  -7.419  50.037 0.0000000000
77723  41.459  -6.631  52.578 0.0000000000
77724  40.815  -6.898  52.121 0.0000000000
56151  32.407  -23.394  59.604 0.0000000000
57299  31.956  -22.940  59.125 0.0000000000
56128  33.091  -23.525  60.163 0.0000000000
57274  33.752  -23.086  60.071 0.0000000000
56105  33.857  -23.962  60.891 0.0000000000
54845  30.975  -24.645  64.903 0.0000000000
59487  22.707  -22.165  68.304 0.0000000000
56016  18.270  -24.399  67.396 0.0000000000
56000  19.145  -24.194  68.300 0.0000000000
54885  12.741  -26.281  63.304 0.0000000000
54849  13.169  -26.453  65.171 0.0000000000
54867  12.463  -26.175  64.324 0.0000000000
54850  12.191  -26.251  65.356 0.0000000000
62095  22.157  -19.636  59.477 0.0000000000
60837  22.935  -20.478  59.522 0.0000000000
60821  22.636  -20.748  60.395 0.0000000000
60807  22.429  -20.720  61.162 0.0000000000
59516  22.713  -21.594  66.434 0.0000000000
59502  23.041  -21.752  67.416 0.0000000000
59501  23.505  -21.411  67.551 0.0000000000
57105  20.609  -22.916  73.295 0.0000000000
48424  5.062  -30.364  74.407 0.0000000000
49720  5.496  -30.180  75.028 0.0000000000
91836  58.480  4.881  40.355 0.0000000000
93101  57.805  5.380  40.562 0.0000000000
95414  58.198  6.403  43.858 0.0000000000
94247  58.360  6.203  43.665 0.0000000000
94236  58.545  6.116  44.523 0.0000000000
94225  58.405  5.914  45.332 0.0000000000
93059  54.705  5.057  42.621 0.0000000000
91789  55.332  4.058  43.180 0.0000000000
85684  48.344  -1.160  47.366 0.0000000000
85683  49.223  -0.645  47.364 0.0000000000
85682  49.762  -0.433  47.133 0.0000000000
86884  49.244  -0.430  47.952 0.0000000000
85620  46.414  -1.709  52.164 0.0000000000
85632  46.509  -1.668  51.558 0.0000000000
85619  46.945  -1.098  52.433 0.0000000000
76493  36.436  -7.941  52.024 0.0000000000
75226  40.946  -9.337  57.474 0.0000000000
75240  40.555  -8.790  56.798 0.0000000000
76417  41.802  -8.470  57.306 0.0000000000
75225  42.260  -8.815  57.869 0.0000000000
62151  33.012  -19.230  55.992 0.0000000000
62168  33.505  -18.883  55.259 0.0000000000
62150  34.064  -18.885  56.175 0.0000000000
62089  38.534  -18.443  59.339 0.0000000000
63397  38.254  -18.178  58.526 0.0000000000
63396  39.082  -17.775  58.910 0.0000000000
64799  39.334  -16.778  58.100 0.0000000000
63395  39.679  -17.523  59.332 0.0000000000
67479  41.269  -14.948  63.051 0.0000000000
68876  41.762  -14.596  62.618 0.0000000000
68886  42.470  -13.883  60.980 0.0000000000
68875  42.486  -14.014  62.112 0.0000000000
91871  53.106  4.050  36.809 0.0000000000
94334  53.208  6.326  35.821 0.0000000000
93151  53.558  5.236  35.933 0.0000000000
91870  53.957  4.499  36.000 0.0000000000
90579  54.253  3.687  36.373 0.0000000000
91856  56.918  4.332  40.310 0.0000000000
91855  57.875  4.564  39.993 0.0000000000
90559  58.446  3.968  39.437 0.0000000000
89441  60.967  2.791  32.603 0.0000000000
88253  61.605  1.517  32.721 0.0000000000
88201  59.148  1.201  36.452 0.0000000000
58312  26.435  -21.534  68.681 0.0000000000
58327  26.995  -21.862  68.023 0.0000000000
58300  26.792  -21.489  69.271 0.0000000000
51035  9.526  -27.535  69.603 0.0000000000
51020  9.382  -27.765  70.300 0.0000000000
49752  8.300  -28.775  72.396 0.0000000000
51004  8.607  -28.490  72.874 0.0000000000
50996  8.767  -28.241  73.827 0.0000000000
50984  8.548  -28.117  74.703 0.0000000000
90518  46.950  2.574  41.101 0.0000000000
89349  46.447  2.377  41.272 0.0000000000
81587  43.145  -4.368  54.067 0.0000000000
81563  43.372  -4.262  54.708 0.0000000000
47204  2.158  -31.230  66.629 0.0000000000
45904  1.496  -31.805  68.166 0.0000000000
45905  0.716  -32.033  68.599 0.0000000000
59681  26.629  -21.455  55.541 0.0000000000
59664  28.254  -21.776  55.841 0.0000000000
58486  27.949  -22.125  56.560 0.0000000000
57302  29.057  -23.330  59.358 0.0000000000
57327  28.717  -22.874  58.689 0.0000000000
57301  30.087  -23.423  59.301 0.0000000000
56131  30.378  -23.951  60.252 0.0000000000
58357  21.056  -22.203  64.769 0.0000000000
58344  21.138  -22.343  65.568 0.0000000000
57206  20.429  -22.749  64.403 0.0000000000
57238  18.808  -23.548  63.142 0.0000000000
57207  19.796  -23.395  64.961 0.0000000000
57222  19.017  -23.722  64.306 0.0000000000
56058  18.196  -23.993  63.726 0.0000000000
59612  20.266  -20.755  59.667 0.0000000000
60840  20.120  -20.594  58.774 0.0000000000
60839  20.569  -20.417  59.483 0.0000000000
62097  21.034  -19.769  59.486 0.0000000000
62073  21.195  -20.375  60.313 0.0000000000
62048  21.611  -20.643  61.164 0.0000000000
60810  21.361  -21.035  61.443 0.0000000000
58377  20.514  -22.058  62.769 0.0000000000
59562  21.143  -21.355  63.220 0.0000000000
59549  21.201  -21.631  64.074 0.0000000000
59533  21.446  -21.739  64.557 0.0000000000
55931  18.548  -24.213  73.569 0.0000000000
55923  18.478  -23.831  74.355 0.0000000000
93104  54.583  5.501  40.573 0.0000000000
94297  55.037  6.378  40.420 0.0000000000
96618  55.194  7.757  41.139 0.0000000000
95469  55.884  7.595  41.000 0.0000000000
96600  56.922  7.500  42.426 0.0000000000
96585  55.856  7.311  42.260 0.0000000000
90466  54.644  2.848  45.723 0.0000000000
90465  55.303  3.361  45.633 0.0000000000
90456  54.430  3.036  46.635 0.0000000000
85749  43.225  -0.853  43.468 0.0000000000
86930  44.468  -0.824  43.467 0.0000000000
85701  45.527  -1.950  45.815 0.0000000000
85699  47.191  -2.088  46.234 0.0000000000
76482  35.552  -8.421  52.865 0.0000000000
76454  36.193  -8.851  54.842 0.0000000000
76453  37.139  -8.692  54.840 0.0000000000
75271  36.774  -8.977  55.254 0.0000000000
74008  39.227  -10.071  57.498 0.0000000000
75228  38.490  -9.586  57.224 0.0000000000
74007  40.064  -9.999  58.079 0.0000000000
60833  34.974  -20.178  59.552 0.0000000000
62092  35.125  -20.048  59.004 0.0000000000
62070  35.315  -20.146  59.692 0.0000000000
60802  37.509  -19.902  61.567 0.0000000000
62045  36.735  -19.914  60.862 0.0000000000
62044  37.675  -19.467  60.883 0.0000000000
62067  38.119  -19.005  60.096 0.0000000000
60801  38.109  -19.746  61.402 0.0000000000
93154  49.936  5.536  36.611 0.0000000000
94336  50.581  6.242  35.978 0.0000000000
91864  51.857  4.241  38.414 0.0000000000
91873  51.359  4.571  37.204 0.0000000000
91867  52.237  4.043  37.761 0.0000000000
90572  53.487  3.207  38.685 0.0000000000
91862  53.101  3.769  39.074 0.0000000000
93105  53.990  4.840  40.570 0.0000000000
91839  54.375  4.675  40.493 0.0000000000
91837  55.566  4.890  40.723 0.0000000000
93177  58.421  5.769  33.687 0.0000000000
93176  59.243  6.007  33.724 0.0000000000
90603  59.069  3.861  33.001 0.0000000000
90622  59.980  3.548  32.773 0.0000000000
89426  58.359  2.827  33.182 0.0000000000
90605  57.044  3.488  33.625 0.0000000000
89427  57.424  2.795  33.512 0.0000000000
89410  57.075  2.462  34.378 0.0000000000
88222  57.686  2.012  34.676 0.0000000000
58398  26.145  -22.449  61.430 0.0000000000
57264  26.785  -22.925  61.662 0.0000000000
57202  28.806  -23.164  65.468 0.0000000000
57216  28.887  -23.449  64.912 0.0000000000
56041  30.042  -23.751  65.000 0.0000000000
56028  29.865  -23.599  66.227 0.0000000000
54729  13.861  -25.080  73.157 0.0000000000
54722  12.948  -24.953  74.106 0.0000000000
54715  12.224  -25.167  75.057 0.0000000000
54710  12.451  -25.160  76.206 0.0000000000
54703  12.344  -24.486  76.989 0.0000000000
53501  10.248  -26.641  74.289 0.0000000000
53500  10.743  -26.445  73.629 0.0000000000
94300  50.839  5.229  40.086 0.0000000000
93090  50.001  4.321  40.446 0.0000000000
93089  51.019  4.424  40.993 0.0000000000
93078  51.043  4.416  41.619 0.0000000000
91806  51.807  4.345  42.115 0.0000000000
91822  48.156  3.635  40.452 0.0000000000
90500  51.192  2.605  42.673 0.0000000000
90514  50.578  3.271  42.262 0.0000000000
90499  52.392  3.017  42.708 0.0000000000
89324  52.817  2.000  43.479 0.0000000000
89323  53.755  2.361  43.993 0.0000000000
88094  52.457  1.142  44.893 0.0000000000
89289  53.075  1.689  45.401 0.0000000000
89275  52.278  1.342  46.680 0.0000000000
83067  43.405  -3.788  48.133 0.0000000000
83054  44.275  -3.489  49.034 0.0000000000
83034  45.229  -3.006  51.472 0.0000000000
83043  44.640  -3.052  50.231 0.0000000000
83033  45.663  -2.574  51.744 0.0000000000
83020  45.804  -2.943  52.440 0.0000000000
81562  44.155  -3.847  54.789 0.0000000000
81585  44.749  -4.024  53.411 0.0000000000
82993  44.795  -3.405  55.245 0.0000000000
82992  45.900  -3.045  54.797 0.0000000000
82974  46.213  -2.367  55.581 0.0000000000
83006  46.444  -2.518  54.200 0.0000000000
84322  47.201  -1.832  54.946 0.0000000000
70303  38.169  -12.814  54.067 0.0000000000
70295  38.590  -12.618  54.735 0.0000000000
93156  48.288  6.080  36.297 0.0000000000
93138  49.716  4.785  38.736 0.0000000000
95496  57.582  8.046  35.235 0.0000000000
49809  5.010  -29.142  67.806 0.0000000000
49808  5.712  -29.024  68.227 0.0000000000
49792  5.113  -29.337  68.627 0.0000000000
48475  3.896  -30.094  69.261 0.0000000000
48462  4.531  -29.841  70.154 0.0000000000
48444  4.627  -30.102  72.375 0.0000000000
48445  3.926  -30.334  71.977 0.0000000000
47166  2.574  -30.841  69.393 0.0000000000
84439  42.105  -1.852  44.547 0.0000000000
84440  41.236  -1.935  44.329 0.0000000000
83105  40.519  -2.810  45.466 0.0000000000
83095  41.528  -2.970  46.040 0.0000000000
83082  42.550  -3.089  47.147 0.0000000000
81684  41.670  -4.693  47.758 0.0000000000
81683  42.583  -4.371  47.821 0.0000000000
80270  42.276  -4.988  48.163 0.0000000000
80251  43.875  -5.162  48.819 0.0000000000
80252  43.015  -5.628  48.635 0.0000000000
77794  39.837  -6.500  47.342 0.0000000000
78996  40.234  -5.953  47.738 0.0000000000
77772  40.608  -6.791  47.603 0.0000000000
77738  41.972  -6.577  50.517 0.0000000000
77753  41.829  -6.652  49.464 0.0000000000
77737  42.382  -6.374  50.166 0.0000000000
78961  42.762  -6.056  50.025 0.0000000000
78947  42.728  -5.899  50.957 0.0000000000
80195  43.014  -5.333  52.214 0.0000000000
80196  42.354  -5.756  52.478 0.0000000000
78917  41.865  -5.936  53.724 0.0000000000
80129  42.606  -5.183  55.938 0.0000000000
78906  42.063  -5.924  55.612 0.0000000000
62171  31.050  -19.466  54.688 0.0000000000
62153  31.439  -19.501  55.408 0.0000000000
60901  31.088  -19.786  55.329 0.0000000000
58484  29.286  -21.781  56.479 0.0000000000
60890  29.488  -20.802  55.698 0.0000000000
59647  30.040  -21.278  56.959 0.0000000000
60836  32.210  -21.316  58.495 0.0000000000
60854  30.923  -20.864  57.566 0.0000000000
60874  32.218  -19.994  57.114 0.0000000000
58385  34.687  -22.349  61.280 0.0000000000
58395  34.692  -21.669  61.203 0.0000000000
58384  35.122  -22.044  61.622 0.0000000000
58383  35.804  -21.811  61.814 0.0000000000
58372  36.052  -22.235  62.362 0.0000000000
57247  28.524  -24.321  62.106 0.0000000000
57262  28.064  -23.780  61.157 0.0000000000
56088  29.395  -24.509  62.070 0.0000000000
54881  31.341  -25.293  62.835 0.0000000000
56087  30.183  -24.786  61.982 0.0000000000
54900  30.940  -25.200  61.971 0.0000000000
54917  31.489  -24.997  61.364 0.0000000000
53665  32.595  -25.601  62.517 0.0000000000
53634  35.258  -26.546  64.219 0.0000000000
53651  34.327  -25.937  63.333 0.0000000000
53663  33.864  -25.590  62.619 0.0000000000
54879  35.049  -25.644  62.975 0.0000000000
54895  35.307  -24.953  62.409 0.0000000000
54878  35.643  -25.212  62.780 0.0000000000
54860  36.874  -24.791  63.775 0.0000000000
56039  37.317  -23.416  64.284 0.0000000000
59458  24.507  -21.160  70.307 0.0000000000
59447  23.885  -21.699  70.966 0.0000000000
59448  23.269  -21.929  70.774 0.0000000000
58290  22.033  -22.487  70.417 0.0000000000
59449  22.712  -22.142  70.622 0.0000000000
58280  21.336  -22.535  71.547 0.0000000000
58291  21.220  -22.673  71.034 0.0000000000
57178  20.919  -22.847  66.903 0.0000000000
57164  20.284  -23.739  68.164 0.0000000000
57153  19.798  -23.647  69.411 0.0000000000
55958  19.538  -23.836  70.958 0.0000000000
57133  18.971  -23.812  72.094 0.0000000000
54765  17.181  -24.993  70.427 0.0000000000
55960  17.660  -24.636  71.474 0.0000000000
54746  17.380  -24.886  70.964 0.0000000000
54747  16.674  -24.870  71.459 0.0000000000
54766  16.397  -25.276  70.469 0.0000000000
56076  16.662  -24.678  63.186 0.0000000000
56077  15.939  -25.529  63.244 0.0000000000
56136  13.316  -24.738  60.099 0.0000000000
56115  12.973  -25.058  60.956 0.0000000000
54865  14.738  -26.797  64.110 0.0000000000
54901  14.792  -26.626  62.710 0.0000000000
56062  15.362  -26.416  64.075 0.0000000000
56061  15.594  -25.638  64.443 0.0000000000
54846  15.540  -25.385  65.793 0.0000000000
54830  15.880  -25.416  66.604 0.0000000000
54831  15.140  -25.617  66.315 0.0000000000
53582  14.230  -25.944  67.580 0.0000000000
54803  14.772  -25.644  67.889 0.0000000000
54785  14.548  -25.490  68.879 0.0000000000
54767  15.499  -25.385  70.292 0.0000000000
54768  14.629  -25.481  69.986 0.0000000000
54769  13.964  -25.699  69.597 0.0000000000
53585  11.675  -26.467  67.360 0.0000000000
53542  12.711  -26.010  69.163 0.0000000000
53562  12.140  -26.265  68.336 0.0000000000
53543  11.828  -26.190  69.382 0.0000000000
53586  10.830  -26.637  67.150 0.0000000000
54906  9.904  -25.513  62.406 0.0000000000
54869  10.312  -25.874  64.275 0.0000000000
53626  8.914  -26.783  64.909 0.0000000000
53625  9.667  -26.646  65.142 0.0000000000
53587  10.036  -26.848  66.866 0.0000000000
53588  9.541  -27.182  66.346 0.0000000000
52344  8.883  -27.309  66.060 0.0000000000
52368  7.326  -27.639  65.617 0.0000000000
51075  7.252  -27.846  66.771 0.0000000000
51089  6.618  -28.000  65.154 0.0000000000
51090  5.785  -28.175  64.893 0.0000000000
49836  5.624  -28.635  66.002 0.0000000000
49850  5.089  -28.752  65.111 0.0000000000
60891  25.211  -21.152  55.957 0.0000000000
59650  25.445  -21.886  57.204 0.0000000000
59651  24.660  -21.447  57.321 0.0000000000
62156  22.431  -18.588  56.183 0.0000000000
62155  23.285  -19.521  56.613 0.0000000000
62138  22.908  -19.776  57.879 0.0000000000
59611  23.628  -21.003  59.508 0.0000000000
59631  23.792  -21.014  58.759 0.0000000000
59610  24.268  -21.335  59.364 0.0000000000
59595  24.623  -21.741  59.853 0.0000000000
58412  25.214  -22.083  60.409 0.0000000000
58413  24.790  -22.026  61.011 0.0000000000
58388  24.215  -21.842  62.559 0.0000000000
58375  24.701  -22.153  63.637 0.0000000000
58374  25.520  -22.605  63.637 0.0000000000
59574  22.324  -20.651  62.692 0.0000000000
59573  22.666  -20.825  62.301 0.0000000000
59559  22.490  -20.824  63.381 0.0000000000
59529  23.569  -21.426  65.932 0.0000000000
58355  23.972  -21.630  65.335 0.0000000000
59528  24.124  -21.384  66.120 0.0000000000
58342  25.270  -21.601  66.821 0.0000000000
59470  23.767  -21.408  69.330 0.0000000000
59469  24.434  -21.111  69.410 0.0000000000
59424  23.183  -21.976  72.210 0.0000000000
55908  14.256  -24.308  76.007 0.0000000000
55907  15.110  -24.197  76.143 0.0000000000
49765  5.897  -29.491  71.197 0.0000000000
49764  6.667  -29.214  71.517 0.0000000000
49718  6.967  -28.996  75.688 0.0000000000
50973  7.841  -28.342  75.814 0.0000000000
50974  7.198  -28.481  76.378 0.0000000000
94280  58.186  6.152  41.617 0.0000000000
91787  58.518  4.739  43.829 0.0000000000
94283  52.626  5.833  41.263 0.0000000000
95459  52.888  6.299  40.935 0.0000000000
95442  52.991  6.270  41.367 0.0000000000
94250  55.394  5.821  42.788 0.0000000000
94264  55.487  6.434  42.641 0.0000000000
94249  55.944  6.219  43.248 0.0000000000
95423  56.509  6.758  43.361 0.0000000000
94238  56.846  5.991  44.493 0.0000000000
91760  55.972  3.969  45.879 0.0000000000
91771  56.287  3.970  44.898 0.0000000000
93026  56.349  4.681  46.362 0.0000000000
93017  56.838  5.057  46.608 0.0000000000
95390  57.001  5.427  46.627 0.0000000000
95397  57.461  5.949  45.659 0.0000000000
95376  57.566  5.062  46.537 0.0000000000
93015  57.963  4.752  46.560 0.0000000000
88141  45.234  1.336  41.834 0.0000000000
88157  45.474  1.975  41.390 0.0000000000
86928  45.961  -0.424  43.689 0.0000000000
85745  48.085  -0.581  44.328 0.0000000000
86927  48.837  -0.255  44.315 0.0000000000
88113  48.720  0.236  43.729 0.0000000000
86926  49.804  0.035  44.560 0.0000000000
86910  50.122  -0.200  45.539 0.0000000000
86882  50.477  0.301  47.436 0.0000000000
88051  51.524  1.186  48.002 0.0000000000
89245  51.289  1.291  48.719 0.0000000000
84392  45.149  -2.350  48.442 0.0000000000
85644  46.866  -1.190  50.466 0.0000000000
84390  46.474  -1.791  49.275 0.0000000000
85658  47.604  -1.176  49.313 0.0000000000
86860  48.072  -0.878  49.813 0.0000000000
86835  49.552  0.516  51.768 0.0000000000
86858  49.537  0.249  50.278 0.0000000000
86870  49.717  0.063  49.155 0.0000000000
88034  49.946  0.962  50.655 0.0000000000
76504  38.602  -8.460  50.684 0.0000000000
76491  38.557  -8.162  51.731 0.0000000000
76452  38.125  -8.292  54.710 0.0000000000
76480  37.401  -7.983  52.905 0.0000000000
76478  39.593  -7.689  52.528 0.0000000000
76463  40.175  -7.455  53.430 0.0000000000
77705  40.949  -7.172  53.860 0.0000000000
76449  41.223  -7.644  55.165 0.0000000000
76426  42.589  -7.288  57.525 0.0000000000
77680  42.429  -6.634  57.044 0.0000000000
62113  35.499  -19.717  57.888 0.0000000000
62134  35.723  -19.042  56.951 0.0000000000
62133  36.338  -18.834  57.034 0.0000000000
64818  37.625  -17.407  56.649 0.0000000000
63438  36.602  -17.691  56.127 0.0000000000
64865  37.041  -16.466  55.110 0.0000000000
66209  37.950  -15.863  56.013 0.0000000000
66171  39.298  -15.652  57.627 0.0000000000
67564  38.769  -15.008  56.576 0.0000000000
67547  39.117  -14.809  57.218 0.0000000000
59512  38.765  -21.332  65.073 0.0000000000
60748  38.143  -21.151  63.929 0.0000000000
60733  38.610  -20.885  64.735 0.0000000000
61986  39.611  -19.203  64.366 0.0000000000
62001  39.155  -19.770  63.842 0.0000000000
62018  39.890  -18.806  62.266 0.0000000000
66130  40.944  -15.966  62.330 0.0000000000
64755  40.653  -16.795  61.621 0.0000000000
68900  40.836  -14.292  60.118 0.0000000000
67508  40.392  -14.613  59.963 0.0000000000
68910  40.340  -13.953  59.397 0.0000000000
70239  39.731  -13.275  58.462 0.0000000000
70238  40.182  -12.994  58.661 0.0000000000
70252  39.883  -12.306  57.956 0.0000000000
68909  42.983  -12.927  59.708 0.0000000000
70236  42.382  -12.692  59.197 0.0000000000
71505  42.802  -11.645  59.115 0.0000000000
72740  42.123  -10.760  58.880 0.0000000000
71495  43.410  -11.615  60.053 0.0000000000
70188  42.565  -12.891  63.583 0.0000000000
71459  42.678  -11.860  63.742 0.0000000000
72714  43.149  -10.545  62.370 0.0000000000
72722  43.329  -10.376  61.608 0.0000000000
73974  43.625  -9.553  60.692 0.0000000000
95516  51.344  7.909  35.267 0.0000000000
94352  51.614  7.284  35.455 0.0000000000
94351  55.153  6.190  34.820 0.0000000000
94332  55.365  6.836  34.611 0.0000000000
93161  56.050  5.402  34.706 0.0000000000
91878  55.643  4.686  34.945 0.0000000000
89398  55.472  2.363  36.123 0.0000000000
89402  55.521  2.970  35.407 0.0000000000
89397  56.103  1.720  35.866 0.0000000000
90563  54.225  2.940  39.466 0.0000000000
89390  54.793  2.357  38.436 0.0000000000
89381  55.172  2.288  39.350 0.0000000000
89388  56.865  1.951  38.866 0.0000000000
88187  57.654  1.617  38.216 0.0000000000
90568  59.841  3.283  38.935 0.0000000000
91881  60.500  6.127  34.067 0.0000000000
93175  60.999  5.933  34.004 0.0000000000
91894  61.098  5.608  33.400 0.0000000000
59456  26.232  -21.206  70.563 0.0000000000
51049  8.172  -28.083  68.493 0.0000000000
51021  8.667  -28.312  70.570 0.0000000000
51022  7.989  -28.752  71.046 0.0000000000
49762  8.088  -28.863  72.094 0.0000000000
80141  42.952  -4.561  55.355 0.0000000000
80128  43.006  -4.342  56.385 0.0000000000
59649  26.339  -22.185  57.136 0.0000000000
58472  27.367  -22.322  57.253 0.0000000000
57303  28.213  -22.984  59.371 0.0000000000
57277  28.544  -23.569  60.228 0.0000000000
57236  20.110  -22.413  62.871 0.0000000000
57220  20.230  -22.538  63.388 0.0000000000
57237  19.626  -22.817  62.673 0.0000000000
56089  18.288  -23.707  62.554 0.0000000000
59613  19.879  -21.058  59.349 0.0000000000
59586  20.782  -21.349  60.914 0.0000000000
59587  20.415  -21.921  61.293 0.0000000000
58389  20.591  -21.999  62.182 0.0000000000
55924  17.645  -24.056  74.406 0.0000000000
55915  16.852  -24.161  75.331 0.0000000000
55895  16.626  -23.808  76.650 0.0000000000
94306  53.716  5.822  40.239 0.0000000000
95480  54.006  6.166  40.294 0.0000000000
96620  53.966  6.943  40.878 0.0000000000
96604  54.089  7.218  41.169 0.0000000000
89257  53.630  2.577  47.314 0.0000000000
90457  54.078  2.761  47.094 0.0000000000
91736  54.047  3.736  48.982 0.0000000000
85712  44.193  -1.797  44.809 0.0000000000
84415  45.664  -2.150  46.637 0.0000000000
74040  36.781  -9.992  55.562 0.0000000000
75244  37.329  -9.895  56.221 0.0000000000
75243  37.792  -9.655  56.592 0.0000000000
74025  38.052  -10.100  56.844 0.0000000000
74009  38.566  -10.057  57.191 0.0000000000
72754  39.644  -10.797  57.965 0.0000000000
60787  36.154  -20.850  61.757 0.0000000000
60804  36.077  -20.225  61.227 0.0000000000
60785  37.554  -20.324  62.355 0.0000000000
93145  50.945  4.588  37.733 0.0000000000
93136  51.365  4.527  38.715 0.0000000000
93122  52.554  4.940  39.567 0.0000000000
93121  53.346  5.139  40.005 0.0000000000
93167  58.074  6.044  33.927 0.0000000000
93178  57.664  5.192  33.644 0.0000000000
90604  57.880  3.661  33.320 0.0000000000
91884  56.426  4.635  34.408 0.0000000000
57235  26.361  -22.997  63.573 0.0000000000
57234  27.192  -23.388  63.499 0.0000000000
53512  12.456  -25.962  71.063 0.0000000000
54730  12.707  -25.482  72.875 0.0000000000
53498  11.953  -25.751  72.765 0.0000000000
54723  11.949  -25.627  73.996 0.0000000000
54724  11.366  -25.828  74.363 0.0000000000
53496  10.065  -26.310  75.098 0.0000000000
93125  49.549  4.689  39.593 0.0000000000
94301  50.146  4.813  40.017 0.0000000000
93106  49.578  4.620  40.108 0.0000000000
90516  48.661  2.743  41.633 0.0000000000
90501  50.274  2.397  42.490 0.0000000000
88120  52.250  1.631  43.621 0.0000000000
89307  51.466  1.390  43.745 0.0000000000
88110  51.544  1.059  44.244 0.0000000000
88095  51.620  0.838  45.488 0.0000000000
81673  44.013  -4.531  49.093 0.0000000000
83044  44.452  -3.586  49.922 0.0000000000
81635  44.701  -3.956  51.088 0.0000000000
81611  44.984  -3.862  52.228 0.0000000000
49825  4.333  -29.577  66.737 0.0000000000
48488  4.585  -29.576  68.122 0.0000000000
48507  4.131  -29.780  67.329 0.0000000000
48463  3.590  -30.266  70.055 0.0000000000
83106  39.465  -2.982  45.354 0.0000000000
83096  40.384  -3.562  46.406 0.0000000000
83084  40.956  -3.751  47.174 0.0000000000
81695  40.587  -4.449  47.185 0.0000000000
81685  41.176  -4.964  47.663 0.0000000000
76533  40.716  -7.684  48.230 0.0000000000
76559  40.736  -7.324  47.746 0.0000000000
77730  41.614  -6.658  51.678 0.0000000000
78935  42.123  -6.308  52.201 0.0000000000
62172  30.157  -20.063  54.331 0.0000000000
57324  30.843  -22.580  58.653 0.0000000000
59626  30.736  -21.433  57.712 0.0000000000
58424  31.550  -22.276  58.726 0.0000000000
58423  32.399  -22.303  59.108 0.0000000000
59607  32.873  -21.807  59.216 0.0000000000
59594  33.442  -21.691  59.662 0.0000000000
58408  33.768  -22.332  60.108 0.0000000000
57260  34.223  -22.953  60.685 0.0000000000
57245  34.954  -23.045  61.263 0.0000000000
56055  30.094  -24.343  64.027 0.0000000000
56071  29.931  -24.639  62.958 0.0000000000
54863  30.373  -24.732  63.457 0.0000000000
54862  30.969  -24.910  63.875 0.0000000000
54861  31.841  -25.530  63.550 0.0000000000
52353  35.809  -26.807  65.077 0.0000000000
52394  36.424  -25.931  63.673 0.0000000000
59471  23.249  -21.698  69.284 0.0000000000
59460  23.171  -21.527  70.045 0.0000000000
59472  22.767  -22.101  69.308 0.0000000000
56014  19.620  -23.615  67.055 0.0000000000
55999  19.711  -23.836  67.481 0.0000000000
55987  19.087  -23.954  69.466 0.0000000000
55978  18.592  -24.419  70.465 0.0000000000
55988  18.371  -24.364  69.476 0.0000000000
55989  17.633  -24.753  69.573 0.0000000000
54800  16.717  -24.955  68.769 0.0000000000
56113  15.230  -25.488  60.974 0.0000000000
56095  12.514  -25.541  61.640 0.0000000000
56094  13.599  -25.918  61.676 0.0000000000
54903  13.149  -25.995  62.491 0.0000000000
54884  13.714  -26.774  63.258 0.0000000000
54848  14.199  -26.769  65.169 0.0000000000
54832  14.522  -26.210  66.096 0.0000000000
54819  14.143  -26.137  66.816 0.0000000000
53583  13.506  -26.208  67.281 0.0000000000
53541  13.557  -25.861  68.981 0.0000000000
53605  12.985  -26.525  66.638 0.0000000000
53606  12.184  -26.526  66.409 0.0000000000
53622  11.687  -26.401  65.771 0.0000000000
53627  8.270  -26.744  64.540 0.0000000000
52385  7.825  -26.940  64.487 0.0000000000
62175  23.941  -20.017  55.399 0.0000000000
62118  21.694  -19.021  58.568 0.0000000000
62117  22.345  -19.417  58.435 0.0000000000
62116  22.832  -19.945  58.749 0.0000000000
59584  23.766  -21.527  61.482 0.0000000000
59572  23.437  -21.387  62.489 0.0000000000
59546  22.708  -21.284  64.498 0.0000000000
59530  22.995  -21.426  65.647 0.0000000000
59514  23.814  -21.279  66.787 0.0000000000
59500  24.072  -21.194  67.627 0.0000000000
59485  23.694  -21.460  68.443 0.0000000000
48443  5.384  -30.005  72.761 0.0000000000
49743  6.133  -29.894  73.178 0.0000000000
49730  5.989  -30.215  74.355 0.0000000000
49719  6.159  -29.779  75.353 0.0000000000
95437  57.851  7.219  42.800 0.0000000000
94262  58.277  6.444  42.747 0.0000000000
93040  58.568  5.592  44.213 0.0000000000
91758  58.433  4.631  45.392 0.0000000000
93075  53.582  5.116  42.141 0.0000000000
94266  53.978  6.064  42.011 0.0000000000
93058  55.894  5.173  43.378 0.0000000000
93010  56.035  4.621  48.167 0.0000000000
93018  56.228  4.688  47.377 0.0000000000
85709  46.920  -1.707  45.277 0.0000000000
85720  47.529  -1.005  44.768 0.0000000000
85708  47.824  -1.582  45.512 0.0000000000
85707  48.566  -1.295  45.715 0.0000000000
86897  49.625  -0.595  46.132 0.0000000000
86896  50.144  -0.249  46.603 0.0000000000
85696  49.547  -0.602  46.734 0.0000000000
88053  50.328  0.551  48.694 0.0000000000
84378  45.929  -1.647  49.987 0.0000000000
85645  46.472  -1.536  50.714 0.0000000000
86847  47.316  -0.946  50.809 0.0000000000
76492  37.505  -7.924  51.875 0.0000000000
75255  39.249  -8.866  55.903 0.0000000000
76451  39.187  -8.413  54.537 0.0000000000
76429  40.462  -8.677  56.248 0.0000000000
76437  40.844  -8.205  55.667 0.0000000000
76416  42.420  -8.015  57.666 0.0000000000
63415  36.783  -18.659  56.995 0.0000000000
63398  37.803  -18.571  58.055 0.0000000000
63413  38.145  -17.855  57.692 0.0000000000
64817  38.331  -16.907  56.995 0.0000000000
66187  38.341  -16.124  56.487 0.0000000000
66170  39.745  -15.604  58.250 0.0000000000
60732  38.959  -20.244  65.046 0.0000000000
61974  39.311  -19.783  65.306 0.0000000000
61973  39.776  -19.158  65.173 0.0000000000
63316  39.969  -18.216  64.418 0.0000000000
67490  41.001  -15.514  61.485 0.0000000000
67498  41.291  -15.164  61.212 0.0000000000
68888  41.280  -14.891  60.689 0.0000000000
68899  41.643  -13.896  60.208 0.0000000000
70224  40.963  -13.617  59.365 0.0000000000
68885  43.016  -13.331  60.782 0.0000000000
70210  43.424  -12.600  60.985 0.0000000000
91879  54.675  4.440  35.482 0.0000000000
90584  54.654  3.738  35.624 0.0000000000
90544  56.006  2.194  40.354 0.0000000000
90542  57.116  2.889  40.360 0.0000000000
89378  57.439  2.661  40.040 0.0000000000
90570  58.263  3.357  39.449 0.0000000000
90601  61.052  4.561  33.207 0.0000000000
89440  61.616  2.423  32.380 0.0000000000
88207  60.225  0.870  35.600 0.0000000000
87010  60.889  0.767  36.346 0.0000000000
58352  26.517  -22.165  66.512 0.0000000000
57191  26.934  -22.365  66.606 0.0000000000
58340  26.871  -22.038  67.187 0.0000000000
58326  27.671  -22.021  68.172 0.0000000000
59465  27.500  -21.354  69.961 0.0000000000
52253  10.415  -26.860  71.454 0.0000000000
52254  9.801  -27.236  70.929 0.0000000000
52244  9.827  -27.310  71.996 0.0000000000
52235  9.866  -27.282  73.393 0.0000000000
51003  9.193  -27.870  72.437 0.0000000000
52228  9.171  -27.692  74.285 0.0000000000
52223  8.779  -27.522  75.333 0.0000000000
52219  8.250  -27.702  76.092 0.0000000000
91823  47.080  3.683  40.416 0.0000000000
90525  47.409  3.216  40.597 0.0000000000
90517  47.714  2.688  40.935 0.0000000000
89342  47.816  2.067  41.906 0.0000000000
89329  48.260  1.574  42.522 0.0000000000
80194  43.794  -4.809  52.214 0.0000000000
81586  43.733  -4.316  53.916 0.0000000000
81539  43.963  -3.685  55.469 0.0000000000
82977  43.702  -3.578  56.022 0.0000000000
82976  44.174  -3.452  55.889 0.0000000000
47187  2.785  -30.775  67.250 0.0000000000
47175  1.952  -31.069  68.756 0.0000000000
45889  1.337  -31.782  70.091 0.0000000000
76534  39.860  -8.221  48.410 0.0000000000
76518  39.639  -8.307  49.372 0.0000000000
76503  39.454  -8.117  50.307 0.0000000000
58470  29.383  -22.031  57.014 0.0000000000
58451  28.973  -22.574  57.878 0.0000000000
58450  30.020  -22.231  57.789 0.0000000000
57325  30.397  -22.719  58.593 0.0000000000
56152  31.611  -23.609  59.497 0.0000000000
56129  32.151  -23.957  60.127 0.0000000000
59517  22.080  -21.768  66.230 0.0000000000
58343  21.469  -22.173  66.029 0.0000000000
57192  21.060  -22.562  66.065 0.0000000000
57194  19.537  -23.518  66.153 0.0000000000
57195  19.050  -23.793  65.999 0.0000000000
56031  18.522  -24.211  66.073 0.0000000000
56044  17.358  -24.479  65.261 0.0000000000
56096  11.585  -25.209  61.690 0.0000000000
54905  10.996  -25.526  62.225 0.0000000000
62071  22.008  -19.885  60.197 0.0000000000
60808  22.110  -20.469  61.051 0.0000000000
62047  21.853  -20.393  61.012 0.0000000000
62024  21.805  -20.782  61.648 0.0000000000
60768  21.818  -20.634  62.749 0.0000000000
60792  21.367  -21.088  62.540 0.0000000000
60769  21.527  -20.770  63.116 0.0000000000
60751  21.724  -20.785  63.562 0.0000000000
59532  21.845  -21.684  64.986 0.0000000000
93118  56.419  4.954  40.585 0.0000000000
93102  56.801  5.620  40.606 0.0000000000
94281  57.153  7.090  41.498 0.0000000000
94282  56.411  7.311  41.170 0.0000000000
95438  57.370  7.391  42.333 0.0000000000
96583  57.414  7.500  42.943 0.0000000000
96564  57.633  6.654  43.945 0.0000000000
90497  54.749  3.115  43.742 0.0000000000
90496  55.551  3.587  43.739 0.0000000000
90479  55.622  3.470  44.574 0.0000000000
90446  54.806  3.541  47.522 0.0000000000
90445  55.436  3.793  47.404 0.0000000000
86947  44.114  -0.234  42.808 0.0000000000
85722  45.530  -1.053  44.372 0.0000000000
85710  45.961  -1.533  45.172 0.0000000000
85606  47.187  -1.297  53.663 0.0000000000
76481  36.411  -8.143  52.966 0.0000000000
76440  38.078  -9.001  55.250 0.0000000000
75242  38.467  -9.141  56.791 0.0000000000
75256  38.615  -8.980  56.033 0.0000000000
75217  41.352  -9.881  58.097 0.0000000000
62114  34.295  -20.072  57.946 0.0000000000
62091  36.317  -19.652  58.899 0.0000000000
62046  36.149  -20.125  60.643 0.0000000000
62066  39.292  -18.508  60.125 0.0000000000
90576  53.534  3.296  37.669 0.0000000000
91859  53.739  4.158  39.835 0.0000000000
91857  55.837  4.400  40.588 0.0000000000
91875  60.299  6.296  34.213 0.0000000000
91882  59.955  5.909  33.811 0.0000000000
94361  58.990  6.407  33.991 0.0000000000
90602  60.210  4.331  33.243 0.0000000000
89442  60.302  2.979  32.659 0.0000000000
89424  60.265  2.168  32.711 0.0000000000
88237  59.558  1.765  33.495 0.0000000000
88221  58.598  1.652  34.412 0.0000000000
88209  57.650  1.530  35.385 0.0000000000
58411  26.226  -22.331  60.354 0.0000000000
58410  26.943  -22.718  60.293 0.0000000000
57248  27.774  -23.916  62.201 0.0000000000
57232  28.261  -24.326  62.965 0.0000000000
56057  28.503  -23.637  63.899 0.0000000000
56073  28.612  -23.883  63.546 0.0000000000
56040  30.541  -24.181  64.781 0.0000000000
57190  27.543  -22.708  66.960 0.0000000000
57189  28.887  -23.011  66.644 0.0000000000
57188  29.631  -23.208  67.067 0.0000000000
57280  17.949  -23.389  59.908 0.0000000000
54728  14.875  -24.809  73.261 0.0000000000
54720  15.096  -24.544  73.960 0.0000000000
54721  14.066  -24.651  74.384 0.0000000000
55918  14.026  -24.471  75.194 0.0000000000
55909  13.672  -24.546  75.874 0.0000000000
54714  13.282  -24.656  75.291 0.0000000000
55899  13.570  -24.111  76.541 0.0000000000
54702  12.948  -24.056  76.929 0.0000000000
53505  10.896  -26.330  72.779 0.0000000000
53494  11.305  -26.044  73.986 0.0000000000
54716  11.388  -25.578  74.884 0.0000000000
53490  10.763  -25.890  75.509 0.0000000000
95474  52.479  5.672  40.363 0.0000000000
94299  51.687  5.375  40.160 0.0000000000
94285  50.645  4.789  40.342 0.0000000000
93088  51.534  4.745  41.124 0.0000000000
94268  52.324  5.341  41.483 0.0000000000
93076  52.413  5.065  41.973 0.0000000000
91804  53.597  4.277  42.419 0.0000000000
91791  53.347  3.616  42.583 0.0000000000
93092  48.329  4.244  40.065 0.0000000000
91820  50.270  3.729  41.004 0.0000000000
91809  49.458  3.317  41.378 0.0000000000
91808  50.202  3.677  41.819 0.0000000000
91807  50.946  4.185  42.024 0.0000000000
90512  52.090  3.782  42.317 0.0000000000
89322  54.350  2.506  44.529 0.0000000000
89288  53.644  2.273  45.806 0.0000000000
89306  53.059  1.770  44.432 0.0000000000
89258  53.237  2.328  47.350 0.0000000000
90448  52.788  2.414  48.038 0.0000000000
90436  52.463  2.159  48.720 0.0000000000
83081  43.344  -2.869  47.217 0.0000000000
84407  44.018  -2.655  47.099 0.0000000000
84380  44.787  -2.837  48.919 0.0000000000
84354  45.532  -2.309  51.337 0.0000000000
84353  45.889  -2.049  51.902 0.0000000000
80174  44.610  -4.280  52.706 0.0000000000
81610  45.365  -3.603  52.723 0.0000000000
81560  45.739  -3.317  54.053 0.0000000000
81584  45.560  -3.474  53.424 0.0000000000
84331  46.468  -2.169  53.611 0.0000000000
85597  47.294  -1.524  54.300 0.0000000000
71554  37.898  -11.064  54.355 0.0000000000
71544  38.515  -11.354  55.203 0.0000000000
70269  38.998  -12.219  56.385 0.0000000000
58351  37.697  -22.036  64.465 0.0000000000
59527  37.885  -21.701  64.392 0.0000000000
58324  38.811  -21.885  65.308 0.0000000000
93147  49.239  5.256  37.408 0.0000000000
93137  50.613  4.716  38.765 0.0000000000
95512  57.036  7.309  35.137 0.0000000000
49807  6.419  -28.888  68.745 0.0000000000
49791  5.761  -29.183  69.148 0.0000000000
49774  5.665  -29.436  70.160 0.0000000000
48461  5.208  -29.768  70.931 0.0000000000
48452  5.300  -29.859  71.796 0.0000000000
48433  4.711  -30.224  73.360 0.0000000000
48476  3.220  -30.448  69.293 0.0000000000
48455  3.231  -30.743  70.660 0.0000000000
48446  3.293  -30.696  71.592 0.0000000000
48435  3.333  -30.620  72.541 0.0000000000
48425  3.926  -30.391  73.976 0.0000000000
85725  42.628  -1.410  43.985 0.0000000000
84438  42.878  -1.916  44.583 0.0000000000
84418  42.857  -2.590  46.050 0.0000000000
84427  41.650  -2.413  45.140 0.0000000000
84419  42.161  -2.602  45.742 0.0000000000
80233  43.669  -5.205  49.692 0.0000000000
80284  39.954  -5.195  46.988 0.0000000000
80272  40.628  -5.293  47.601 0.0000000000
78994  41.672  -6.211  48.374 0.0000000000
77771  41.228  -6.947  48.091 0.0000000000
80253  42.284  -5.987  48.344 0.0000000000
78946  43.212  -5.537  50.495 0.0000000000
80156  42.321  -5.277  54.061 0.0000000000
78900  42.614  -5.732  57.352 0.0000000000
63462  31.609  -18.823  54.481 0.0000000000
62152  32.039  -19.341  55.851 0.0000000000
62137  32.523  -19.603  56.453 0.0000000000
59678  29.162  -20.826  55.625 0.0000000000
60903  29.362  -20.440  55.192 0.0000000000
60889  30.131  -20.655  56.036 0.0000000000
59646  30.591  -20.979  57.348 0.0000000000
60875  30.776  -20.510  57.073 0.0000000000
60888  31.211  -19.848  56.102 0.0000000000
60873  33.097  -19.957  57.487 0.0000000000
60851  34.097  -20.251  58.502 0.0000000000
60834  34.278  -20.300  59.225 0.0000000000
59593  33.964  -21.532  60.322 0.0000000000
60806  34.869  -21.124  60.753 0.0000000000
60805  35.435  -20.910  60.999 0.0000000000
60788  35.860  -21.142  61.572 0.0000000000
59557  36.359  -21.767  62.997 0.0000000000
59544  36.723  -21.784  63.592 0.0000000000
56109  29.873  -24.199  61.145 0.0000000000
56107  31.777  -24.537  60.740 0.0000000000
53621  32.674  -26.040  64.821 0.0000000000
53637  32.521  -25.979  63.954 0.0000000000
53653  32.558  -25.756  63.070 0.0000000000
53664  33.122  -25.602  62.502 0.0000000000
54914  33.682  -24.480  61.404 0.0000000000
56085  34.599  -24.173  61.559 0.0000000000
57244  35.259  -23.716  61.730 0.0000000000
57230  35.743  -23.218  62.242 0.0000000000
54877  36.473  -25.026  63.153 0.0000000000
56070  36.042  -24.192  62.980 0.0000000000
56053  36.182  -23.486  63.017 0.0000000000
57215  36.344  -22.906  63.107 0.0000000000
57214  36.825  -22.793  63.902 0.0000000000
58362  37.026  -22.143  64.060 0.0000000000
59434  24.477  -21.625  71.732 0.0000000000
59435  23.800  -21.658  71.746 0.0000000000
59437  22.684  -22.177  71.371 0.0000000000
58265  22.154  -22.180  72.142 0.0000000000
58266  21.504  -22.387  72.124 0.0000000000
57119  20.688  -22.677  72.503 0.0000000000
58314  22.065  -22.538  68.218 0.0000000000
57151  21.454  -22.789  69.200 0.0000000000
57152  20.560  -23.156  69.284 0.0000000000
57143  20.977  -23.079  70.444 0.0000000000
57120  19.816  -23.188  72.549 0.0000000000
57121  19.249  -23.946  72.660 0.0000000000
55943  18.550  -24.302  72.649 0.0000000000
55944  17.731  -24.484  72.484 0.0000000000
54734  16.454  -24.736  72.583 0.0000000000
54735  15.682  -24.800  72.367 0.0000000000
57267  17.701  -23.667  60.953 0.0000000000
57253  17.872  -23.731  61.638 0.0000000000
56090  17.661  -23.865  62.157 0.0000000000
56075  17.424  -24.117  63.068 0.0000000000
56059  17.472  -24.498  64.061 0.0000000000
56093  14.995  -26.173  62.039 0.0000000000
56033  16.670  -25.233  66.995 0.0000000000
54815  16.545  -24.963  68.111 0.0000000000
54801  16.042  -25.077  68.598 0.0000000000
54817  15.365  -25.552  67.297 0.0000000000
54802  15.370  -25.325  68.271 0.0000000000
54783  16.187  -25.232  69.505 0.0000000000
54736  14.713  -24.915  72.177 0.0000000000
54751  13.048  -25.848  71.024 0.0000000000
53561  13.076  -26.195  68.248 0.0000000000
53511  13.000  -25.918  70.579 0.0000000000
53527  11.757  -26.234  70.468 0.0000000000
53544  11.124  -26.831  69.791 0.0000000000
54868  11.326  -26.180  64.518 0.0000000000
53623  11.086  -26.449  65.477 0.0000000000
54870  9.776  -25.820  64.331 0.0000000000
53624  10.339  -26.595  65.361 0.0000000000
53608  10.664  -26.850  66.197 0.0000000000
53564  10.454  -27.063  67.590 0.0000000000
52298  10.452  -26.860  69.144 0.0000000000
52280  9.941  -27.197  69.341 0.0000000000
52281  9.335  -27.195  69.070 0.0000000000
52300  8.954  -27.419  68.406 0.0000000000
52323  8.408  -27.606  67.769 0.0000000000
51064  6.666  -28.245  67.212 0.0000000000
51065  6.135  -28.330  66.458 0.0000000000
49851  4.427  -29.344  65.574 0.0000000000
49838  4.492  -29.412  66.357 0.0000000000
48522  3.953  -29.766  66.211 0.0000000000
59666  25.896  -21.667  56.233 0.0000000000
59628  25.845  -22.284  57.881 0.0000000000
58454  25.954  -22.223  58.639 0.0000000000
60893  23.748  -20.345  56.836 0.0000000000
60855  23.420  -21.141  58.054 0.0000000000
60877  23.926  -20.958  57.392 0.0000000000
58428  25.674  -22.029  59.395 0.0000000000
58386  25.733  -22.725  62.512 0.0000000000
57205  26.038  -22.451  65.335 0.0000000000
58366  23.785  -21.523  64.443 0.0000000000
58353  25.829  -22.120  66.020 0.0000000000
58341  26.096  -21.801  66.989 0.0000000000
58329  25.551  -21.608  67.728 0.0000000000
58313  25.837  -21.481  68.362 0.0000000000
59483  25.157  -21.127  68.567 0.0000000000
59457  25.341  -21.162  70.431 0.0000000000
55906  16.070  -24.169  76.208 0.0000000000
49789  7.006  -28.971  70.191 0.0000000000
49763  7.534  -28.974  71.790 0.0000000000
49753  7.849  -29.123  72.850 0.0000000000
49742  6.912  -29.571  73.607 0.0000000000
49741  7.673  -29.187  74.013 0.0000000000
50997  8.197  -28.687  74.367 0.0000000000
50985  8.018  -28.477  75.080 0.0000000000
94294  58.087  5.865  40.938 0.0000000000
93087  59.067  5.388  41.449 0.0000000000
95458  53.669  6.766  41.074 0.0000000000
96587  54.372  7.290  41.477 0.0000000000
95439  55.306  6.877  42.148 0.0000000000
96586  54.971  7.416  41.765 0.0000000000
96572  56.407  7.192  42.959 0.0000000000
96551  57.637  6.523  44.305 0.0000000000
93042  56.279  4.871  44.413 0.0000000000
93032  56.560  5.445  44.924 0.0000000000
93025  56.679  5.293  45.756 0.0000000000
94227  56.893  5.880  45.285 0.0000000000
95398  57.130  6.040  45.481 0.0000000000
95396  58.014  6.028  45.562 0.0000000000
94217  57.934  5.412  45.888 0.0000000000
89350  45.803  2.544  41.056 0.0000000000
88139  47.090  1.788  41.915 0.0000000000
86946  45.426  -0.018  42.895 0.0000000000
86945  46.476  0.195  43.036 0.0000000000
85746  47.456  -0.529  43.969 0.0000000000
86944  47.433  0.208  43.347 0.0000000000
88124  48.455  0.804  43.189 0.0000000000
88123  49.504  1.159  43.202 0.0000000000
86925  50.736  0.350  44.818 0.0000000000
86908  51.249  0.631  45.496 0.0000000000
88079  51.247  0.622  46.648 0.0000000000
88078  51.697  1.064  46.294 0.0000000000
90449  52.352  2.079  48.208 0.0000000000
84406  45.006  -2.418  47.375 0.0000000000
84405  45.933  -1.960  47.707 0.0000000000
84404  46.512  -1.805  48.412 0.0000000000
85668  47.965  -1.408  48.372 0.0000000000
85618  47.898  -0.991  52.430 0.0000000000
86838  47.519  -0.804  51.512 0.0000000000
86846  48.048  -0.689  50.714 0.0000000000
86871  49.176  -0.442  48.632 0.0000000000
88041  50.750  1.089  49.153 0.0000000000
88033  50.633  1.310  50.047 0.0000000000
89235  51.365  1.613  49.455 0.0000000000
89226  51.859  2.064  50.002 0.0000000000
90424  52.518  2.333  49.548 0.0000000000
76519  38.711  -8.565  49.627 0.0000000000
76479  38.460  -7.922  52.758 0.0000000000
77725  40.223  -7.412  51.759 0.0000000000
77715  40.697  -6.953  52.990 0.0000000000
77704  41.618  -6.679  54.215 0.0000000000
76436  41.683  -7.715  55.903 0.0000000000
77694  41.778  -6.893  55.173 0.0000000000
63440  34.970  -18.350  55.737 0.0000000000
63428  36.255  -18.336  56.562 0.0000000000
63439  35.916  -17.866  55.766 0.0000000000
67579  38.314  -14.375  55.481 0.0000000000
66208  38.416  -15.511  56.388 0.0000000000
67565  38.216  -14.822  56.044 0.0000000000
68954  38.857  -13.885  55.775 0.0000000000
70282  38.767  -13.317  56.316 0.0000000000
70268  38.764  -12.787  56.872 0.0000000000
60749  37.649  -21.392  63.835 0.0000000000
60747  38.707  -20.348  64.332 0.0000000000
62065  39.921  -18.171  60.467 0.0000000000
64723  40.241  -17.168  64.022 0.0000000000
64732  40.432  -17.092  63.410 0.0000000000
63329  40.295  -17.881  63.215 0.0000000000
63342  40.228  -17.724  62.001 0.0000000000
63359  40.546  -17.638  60.938 0.0000000000
63377  39.938  -17.640  60.137 0.0000000000
64782  40.119  -16.678  59.265 0.0000000000
66160  40.343  -15.583  58.898 0.0000000000
67528  40.059  -14.880  58.512 0.0000000000
68923  39.587  -13.688  58.254 0.0000000000
71520  39.600  -11.641  57.632 0.0000000000
71507  40.858  -11.918  58.095 0.0000000000
70237  41.344  -12.865  58.681 0.0000000000
72741  41.276  -10.879  58.264 0.0000000000
73990  41.496  -10.092  58.533 0.0000000000
73989  42.458  -9.886  58.987 0.0000000000
70199  42.966  -13.127  62.686 0.0000000000
70198  43.162  -12.292  61.948 0.0000000000
71472  43.086  -11.245  62.168 0.0000000000
71484  43.491  -11.559  61.085 0.0000000000
75215  43.140  -8.819  58.670 0.0000000000
76407  43.364  -7.433  59.450 0.0000000000
95497  56.715  7.889  35.163 0.0000000000
95513  56.281  7.192  34.713 0.0000000000
94365  56.406  6.361  34.541 0.0000000000
93170  56.366  5.977  34.476 0.0000000000
91877  56.167  4.945  34.779 0.0000000000
90588  56.108  3.690  34.287 0.0000000000
90583  55.134  3.718  34.968 0.0000000000
90582  55.840  3.211  34.827 0.0000000000
89411  56.351  2.925  34.359 0.0000000000
88210  56.716  1.686  35.513 0.0000000000
90575  54.180  3.157  37.300 0.0000000000
89395  54.577  2.612  37.612 0.0000000000
89394  55.274  2.079  37.324 0.0000000000
89380  56.044  2.031  39.648 0.0000000000
88196  56.234  1.528  37.330 0.0000000000
88195  57.250  1.259  37.273 0.0000000000
88194  58.351  1.385  37.326 0.0000000000
88185  59.673  1.947  38.205 0.0000000000
47157  2.607  -31.091  70.236 0.0000000000
48423  5.527  -30.393  74.181 0.0000000000
48506  4.629  -29.466  67.579 0.0000000000
49717  7.618  -28.707  75.387 0.0000000000
49731  5.501  -30.282  74.641 0.0000000000
49790  6.565  -28.996  69.671 0.0000000000
50972  8.305  -28.074  75.318 0.0000000000
50995  9.124  -27.917  73.244 0.0000000000
51012  8.078  -28.819  71.671 0.0000000000
51048  8.649  -27.762  68.621 0.0000000000
51077  6.080  -28.230  65.703 0.0000000000
52234  10.528  -26.760  73.075 0.0000000000
52279  10.477  -27.207  69.754 0.0000000000
52299  9.964  -27.231  68.317 0.0000000000
52301  8.556  -27.687  68.316 0.0000000000
52346  7.319  -27.715  66.298 0.0000000000
52373  37.005  -25.902  64.271 0.0000000000
52374  36.637  -26.099  64.067 0.0000000000
52376  35.243  -26.633  64.707 0.0000000000
52395  36.147  -26.187  63.712 0.0000000000
53503  12.194  -25.807  72.038 0.0000000000
53525  13.248  -25.900  69.876 0.0000000000
53559  14.303  -25.781  68.258 0.0000000000
53560  13.807  -25.988  68.188 0.0000000000
53610  9.362  -27.113  65.602 0.0000000000
53617  37.336  -25.766  64.506 0.0000000000
53633  36.624  -25.537  63.682 0.0000000000
53639  9.997  -26.236  64.706 0.0000000000
53649  36.157  -25.727  63.359 0.0000000000
54726  16.311  -24.790  73.123 0.0000000000
54727  15.817  -24.748  73.400 0.0000000000
54786  14.035  -25.681  69.047 0.0000000000
54833  13.683  -26.624  66.171 0.0000000000
54864  15.316  -26.335  64.455 0.0000000000
54883  14.580  -26.928  63.136 0.0000000000
54896  34.779  -25.176  62.380 0.0000000000
54898  32.686  -25.228  62.021 0.0000000000
54899  31.790  -25.321  61.989 0.0000000000
54915  33.166  -24.661  61.352 0.0000000000
55896  16.249  -23.791  76.747 0.0000000000
55919  13.641  -24.534  75.471 0.0000000000
55927  14.665  -24.561  74.652 0.0000000000
55928  14.237  -24.561  74.764 0.0000000000
55961  16.957  -24.629  71.971 0.0000000000
56002  17.310  -24.787  68.889 0.0000000000
56018  16.642  -25.033  67.661 0.0000000000
56030  19.086  -23.829  66.301 0.0000000000
56042  29.357  -23.456  65.310 0.0000000000
56046  15.523  -25.354  65.261 0.0000000000
56069  36.625  -24.434  63.288 0.0000000000
56086  33.974  -24.387  61.445 0.0000000000
56104  34.471  -23.633  61.157 0.0000000000
56110  17.524  -23.787  61.511 0.0000000000
56127  33.757  -23.396  60.437 0.0000000000
56150  32.865  -23.180  59.697 0.0000000000
56153  30.852  -23.702  59.570 0.0000000000
57180  19.596  -23.562  66.784 0.0000000000
57233  27.897  -23.843  63.350 0.0000000000
57246  34.506  -22.533  61.097 0.0000000000
57279  18.643  -22.972  59.872 0.0000000000
57298  32.671  -22.839  59.410 0.0000000000
58299  27.310  -21.671  69.448 0.0000000000
58311  27.109  -21.886  68.779 0.0000000000
58339  27.391  -22.164  67.597 0.0000000000
58373  35.665  -22.485  61.906 0.0000000000
58390  20.145  -22.350  61.963 0.0000000000
58409  33.055  -22.281  59.544 0.0000000000
58425  31.074  -22.489  58.689 0.0000000000
58448  31.317  -22.020  58.487 0.0000000000
58449  30.925  -22.175  58.364 0.0000000000
58485  28.784  -22.011  56.438 0.0000000000
59511  39.123  -20.925  65.411 0.0000000000
59542  37.843  -21.514  64.216 0.0000000000
59560  22.083  -20.531  63.043 0.0000000000
59561  21.381  -20.977  63.338 0.0000000000
59570  36.235  -21.482  62.096 0.0000000000
59576  20.588  -21.984  61.873 0.0000000000
59582  35.027  -21.374  61.169 0.0000000000
59583  34.501  -21.386  60.807 0.0000000000
59598  20.385  -20.914  60.092 0.0000000000
59608  32.294  -21.737  58.788 0.0000000000
59627  30.200  -21.722  57.380 0.0000000000
59648  29.557  -21.631  56.596 0.0000000000
59662  29.981  -21.043  56.409 0.0000000000
59663  29.379  -21.360  56.036 0.0000000000
60750  21.807  -20.624  63.311 0.0000000000
60770  21.362  -20.965  63.118 0.0000000000
60789  22.256  -20.773  61.620 0.0000000000
60809  21.626  -20.846  61.537 0.0000000000
60817  35.871  -20.243  60.496 0.0000000000
60820  33.739  -21.256  59.805 0.0000000000
60838  22.462  -20.218  59.796 0.0000000000
61960  39.499  -19.568  65.696 0.0000000000
62023  21.855  -20.665  61.429 0.0000000000
62041  40.266  -18.057  60.742 0.0000000000
62049  21.295  -20.838  60.909 0.0000000000
62064  40.114  -18.018  60.545 0.0000000000
62088  39.036  -18.144  59.518 0.0000000000
62111  37.340  -18.849  57.996 0.0000000000
62115  33.535  -20.037  57.618 0.0000000000
62149  35.007  -18.888  56.390 0.0000000000
62170  31.742  -18.951  55.150 0.0000000000
63358  40.210  -17.791  60.541 0.0000000000
63376  40.011  -17.887  60.394 0.0000000000
63412  38.717  -17.621  58.160 0.0000000000
63414  37.393  -18.461  57.416 0.0000000000
63426  37.746  -17.757  57.051 0.0000000000
64798  39.935  -16.169  58.589 0.0000000000
64816  38.963  -16.297  57.392 0.0000000000
64837  38.008  -16.479  56.326 0.0000000000
67519  39.892  -14.214  58.543 0.0000000000
67580  37.605  -14.853  55.229 0.0000000000
68897  43.210  -12.975  60.265 0.0000000000
68898  42.519  -13.419  60.030 0.0000000000
68908  43.215  -12.662  59.950 0.0000000000
68911  39.986  -13.719  58.780 0.0000000000
68968  38.321  -13.763  54.983 0.0000000000
70209  43.455  -12.076  60.667 0.0000000000
70221  43.396  -12.231  60.494 0.0000000000
70235  43.135  -12.341  59.622 0.0000000000
71483  43.460  -11.795  60.560 0.0000000000
71494  43.419  -12.013  60.415 0.0000000000
71534  38.863  -11.465  56.182 0.0000000000
72769  38.095  -10.651  56.326 0.0000000000
73991  40.794  -10.291  58.187 0.0000000000
74026  37.576  -10.133  56.410 0.0000000000
74039  37.114  -10.190  55.995 0.0000000000
74050  36.957  -10.254  55.460 0.0000000000
75258  36.991  -9.632  55.688 0.0000000000
77716  40.287  -7.235  52.490 0.0000000000
77752  42.331  -6.427  49.909 0.0000000000
77770  41.592  -6.607  48.728 0.0000000000
78934  42.653  -5.907  51.794 0.0000000000
78960  43.151  -5.523  49.945 0.0000000000
78962  42.438  -6.201  50.724 0.0000000000
78979  42.185  -6.223  48.770 0.0000000000
79009  39.904  -5.786  47.316 0.0000000000
79026  38.914  -5.612  46.828 0.0000000000
80273  40.160  -5.520  47.426 0.0000000000
80285  39.260  -5.363  46.997 0.0000000000
82958  43.947  -3.568  56.303 0.0000000000
84377  46.386  -1.628  49.695 0.0000000000
85659  46.780  -1.421  49.746 0.0000000000
85748  44.038  -1.110  43.473 0.0000000000
86924  51.275  0.563  45.163 0.0000000000
88063  50.865  0.591  47.559 0.0000000000
88064  50.472  0.552  48.082 0.0000000000
88096  51.277  0.862  46.063 0.0000000000
88121  51.999  1.421  43.769 0.0000000000
88122  50.095  1.367  43.149 0.0000000000
88156  46.002  2.146  41.379 0.0000000000
89234  52.084  1.890  49.289 0.0000000000
89273  53.816  2.532  46.793 0.0000000000
89287  54.161  2.649  46.117 0.0000000000
89304  54.306  2.450  45.322 0.0000000000
89365  57.216  2.649  40.264 0.0000000000
89366  57.027  2.420  40.293 0.0000000000
89367  56.511  2.124  40.184 0.0000000000
89428  56.768  2.884  33.806 0.0000000000
90464  55.709  3.579  45.168 0.0000000000
90478  55.936  3.664  44.956 0.0000000000
90502  49.745  2.301  42.438 0.0000000000
90543  56.432  2.600  40.464 0.0000000000
90589  55.650  3.669  34.594 0.0000000000
91745  54.076  3.449  48.525 0.0000000000
91759  55.736  3.658  45.488 0.0000000000
91838  55.120  4.790  40.730 0.0000000000
91876  60.109  6.269  34.060 0.0000000000
91899  56.666  3.935  33.996 0.0000000000
93057  56.249  5.791  43.577 0.0000000000
93074  54.268  5.619  42.212 0.0000000000
93119  55.999  4.963  40.635 0.0000000000
93120  54.170  5.522  40.345 0.0000000000
93158  60.427  6.466  34.361 0.0000000000
93159  60.027  6.538  34.341 0.0000000000
93160  56.372  5.110  34.663 0.0000000000
94202  57.953  5.026  46.813 0.0000000000
94203  57.494  4.978  46.976 0.0000000000
94204  56.808  5.028  47.088 0.0000000000
94209  58.098  4.921  46.491 0.0000000000
94210  56.970  5.486  46.178 0.0000000000
94211  56.909  5.259  46.484 0.0000000000
94218  56.921  5.740  46.088 0.0000000000
94226  58.407  6.301  44.872 0.0000000000
94248  56.609  6.136  43.709 0.0000000000
94318  50.294  4.884  39.389 0.0000000000
94362  58.300  6.321  34.205 0.0000000000
94369  58.817  6.146  33.779 0.0000000000
95377  57.193  5.074  46.643 0.0000000000
95378  57.003  5.204  46.717 0.0000000000
95389  57.227  5.542  46.076 0.0000000000
95404  58.273  6.253  45.183 0.0000000000
95405  57.896  6.395  44.752 0.0000000000
95415  57.989  6.547  43.935 0.0000000000
95416  56.995  6.510  43.992 0.0000000000
95422  57.989  6.682  43.541 0.0000000000
95440  54.514  6.842  41.768 0.0000000000
95457  56.372  7.520  41.502 0.0000000000
95471  54.253  6.684  40.538 0.0000000000
95481  53.580  6.020  40.259 0.0000000000
95482  52.893  6.040  40.021 0.0000000000
95483  52.650  5.691  40.172 0.0000000000
96552  57.544  6.452  44.523 0.0000000000
96565  57.358  6.577  44.161 0.0000000000
96569  57.857  7.142  43.140 0.0000000000
96570  57.746  7.028  43.363 0.0000000000
96582  57.797  7.325  43.083 0.0000000000
96584  56.687  7.406  42.696 0.0000000000
96601  56.246  7.539  41.989 0.0000000000
96603  54.683  7.622  41.371 0.0000000000
96605  53.805  6.870  41.075 0.0000000000
96617  55.788  7.700  41.439 0.0000000000
96619  54.467  7.511  40.890 0.0000000000
