#!ascii label  , from subject 3760 vox2ras=TkReg
919
128700  45.199  40.100  30.302 0.0000000000
132901  49.394  45.204  29.198 0.0000000000
123902  53.287  34.124  32.557 0.0000000000
126243  41.275  37.472  30.481 0.0000000000
124767  44.932  35.377  28.755 0.0000000000
129727  48.294  41.117  24.587 0.0000000000
132150  43.732  44.771  28.496 0.0000000000
132201  44.813  44.726  24.560 0.0000000000
123040  48.379  33.281  35.365 0.0000000000
121448  45.115  31.928  28.701 0.0000000000
128706  51.110  40.644  29.036 0.0000000000
125498  49.094  36.873  32.563 0.0000000000
128660  50.335  40.944  33.954 0.0000000000
126940  50.070  38.835  35.604 0.0000000000
133017  46.382  45.516  20.253 0.0000000000
130589  50.737  41.938  24.192 0.0000000000
123167  47.991  33.044  25.335 0.0000000000
127836  44.110  39.185  30.362 0.0000000000
125531  42.768  36.081  29.945 0.0000000000
126239  45.392  37.467  30.703 0.0000000000
129677  46.655  41.535  27.367 0.0000000000
128733  43.814  40.872  28.705 0.0000000000
133709  41.506  46.085  27.134 0.0000000000
121405  47.117  31.632  36.281 0.0000000000
121425  45.198  31.418  33.483 0.0000000000
119002  45.422  29.140  34.690 0.0000000000
151581  47.822  44.810  18.499 0.0000000000
130541  51.235  41.881  29.198 0.0000000000
129633  50.259  41.344  31.543 0.0000000000
131354  49.521  43.922  31.243 0.0000000000
130476  45.416  42.679  35.969 0.0000000000
129589  48.778  41.991  35.946 0.0000000000
127784  47.099  39.575  34.328 0.0000000000
125475  47.905  36.904  34.913 0.0000000000
132947  48.018  46.415  26.618 0.0000000000
131398  48.460  43.465  24.091 0.0000000000
132178  50.290  44.356  26.496 0.0000000000
129672  51.510  41.233  26.961 0.0000000000
124718  51.307  34.897  31.736 0.0000000000
123916  48.791  34.637  30.240 0.0000000000
123122  51.471  32.933  28.577 0.0000000000
123957  42.564  34.237  28.734 0.0000000000
123161  43.769  33.056  26.616 0.0000000000
127893  48.783  39.387  21.117 0.0000000000
129770  45.692  41.690  22.349 0.0000000000
132913  46.878  45.657  28.465 0.0000000000
132101  47.696  44.992  31.608 0.0000000000
133760  39.757  47.291  22.608 0.0000000000
133757  42.028  45.786  22.298 0.0000000000
133721  45.189  46.606  26.452 0.0000000000
123063  50.808  33.642  33.438 0.0000000000
123092  49.571  32.943  30.177 0.0000000000
122222  46.686  32.771  31.606 0.0000000000
120682  43.052  30.238  30.528 0.0000000000
128709  47.477  40.920  29.691 0.0000000000
127828  47.150  38.977  31.435 0.0000000000
127826  49.329  39.658  31.859 0.0000000000
127818  50.465  39.103  32.428 0.0000000000
126203  52.240  37.657  34.313 0.0000000000
131293  48.833  43.776  33.955 0.0000000000
127773  50.955  40.356  35.923 0.0000000000
124697  52.171  35.678  35.538 0.0000000000
124665  50.586  35.191  36.615 0.0000000000
123844  48.481  33.782  37.349 0.0000000000
134456  47.571  47.814  19.445 0.0000000000
130655  48.315  43.993  19.807 0.0000000000
130629  47.938  42.581  21.969 0.0000000000
129799  50.491  40.521  21.108 0.0000000000
128797  51.145  39.869  23.887 0.0000000000
129674  49.619  40.781  26.663 0.0000000000
123917  46.796  35.113  30.164 0.0000000000
123969  47.107  34.504  27.517 0.0000000000
122306  45.204  32.747  24.853 0.0000000000
122289  47.297  32.310  26.454 0.0000000000
128701  44.213  39.914  30.149 0.0000000000
126997  44.976  38.377  30.675 0.0000000000
126996  45.525  38.828  30.804 0.0000000000
129653  46.469  41.338  29.083 0.0000000000
129662  45.509  41.372  28.328 0.0000000000
129655  44.901  40.899  29.226 0.0000000000
128713  43.174  40.107  29.550 0.0000000000
121397  47.144  31.229  36.903 0.0000000000
120653  45.919  30.585  35.357 0.0000000000
119863  46.463  29.555  36.286 0.0000000000
122310  41.411  32.590  25.023 0.0000000000
130552  50.280  43.044  28.976 0.0000000000
130531  50.570  42.400  30.185 0.0000000000
130544  48.758  43.191  29.817 0.0000000000
130497  45.000  42.249  35.475 0.0000000000
129603  46.351  41.475  35.334 0.0000000000
132928  48.883  46.252  27.952 0.0000000000
132179  49.508  45.259  26.739 0.0000000000
132167  49.935  44.985  28.029 0.0000000000
131381  50.377  43.602  28.165 0.0000000000
124717  52.584  34.736  31.864 0.0000000000
123913  51.810  33.688  29.804 0.0000000000
123088  52.558  33.068  30.327 0.0000000000
125513  40.726  36.464  30.729 0.0000000000
124733  41.236  35.925  30.063 0.0000000000
124754  43.438  35.515  29.634 0.0000000000
123937  43.048  34.813  29.265 0.0000000000
123956  43.487  34.534  28.528 0.0000000000
123126  43.044  33.705  28.209 0.0000000000
123125  44.009  33.934  28.055 0.0000000000
128829  48.461  40.682  22.942 0.0000000000
129787  47.136  40.960  21.887 0.0000000000
129746  46.907  41.683  23.503 0.0000000000
127852  41.896  39.547  29.821 0.0000000000
127001  40.600  38.312  30.268 0.0000000000
132914  45.883  45.368  28.346 0.0000000000
132132  46.333  44.778  29.594 0.0000000000
132134  44.216  44.427  29.512 0.0000000000
132934  42.991  45.419  27.414 0.0000000000
133723  43.359  46.525  26.443 0.0000000000
132932  44.745  45.949  27.531 0.0000000000
132931  45.671  45.868  27.588 0.0000000000
123057  48.976  33.540  34.518 0.0000000000
123074  48.678  33.477  32.472 0.0000000000
123076  46.845  33.274  32.982 0.0000000000
119887  43.505  29.489  32.986 0.0000000000
120679  44.077  30.709  32.032 0.0000000000
119889  43.227  29.472  32.172 0.0000000000
128708  48.680  40.763  29.302 0.0000000000
128697  48.485  40.373  30.398 0.0000000000
128696  49.821  40.216  30.643 0.0000000000
129622  49.113  41.532  32.413 0.0000000000
127819  49.659  39.849  32.538 0.0000000000
127798  50.172  39.832  33.594 0.0000000000
126969  51.806  38.220  33.256 0.0000000000
127781  51.155  39.483  34.591 0.0000000000
131330  47.269  44.625  32.583 0.0000000000
132086  48.374  45.407  32.658 0.0000000000
131295  47.643  43.886  34.629 0.0000000000
128637  48.731  40.874  35.758 0.0000000000
128636  49.979  41.375  36.307 0.0000000000
127774  50.135  40.045  36.094 0.0000000000
126189  51.494  37.736  35.210 0.0000000000
126190  50.654  37.743  35.616 0.0000000000
124664  51.538  35.204  36.457 0.0000000000
125460  50.002  36.546  35.882 0.0000000000
125463  46.710  36.073  35.170 0.0000000000
124684  48.155  35.608  36.048 0.0000000000
133775  47.113  46.620  20.154 0.0000000000
151585  48.168  45.923  19.682 0.0000000000
151577  47.960  44.527  20.142 0.0000000000
132212  43.312  45.007  23.719 0.0000000000
133005  43.686  45.084  21.756 0.0000000000
132210  45.411  44.095  23.583 0.0000000000
131397  49.901  43.114  24.187 0.0000000000
131403  47.529  43.204  23.139 0.0000000000
130607  49.280  42.433  22.843 0.0000000000
130643  49.485  41.718  21.359 0.0000000000
129767  50.420  41.192  22.225 0.0000000000
127886  50.940  39.618  22.228 0.0000000000
129742  51.558  40.664  23.852 0.0000000000
128730  51.141  40.523  28.019 0.0000000000
128752  51.037  40.571  27.037 0.0000000000
128731  50.338  40.603  28.373 0.0000000000
129659  48.410  41.206  28.220 0.0000000000
126233  48.139  37.441  32.032 0.0000000000
125502  47.041  36.902  31.635 0.0000000000
124721  47.650  36.079  31.642 0.0000000000
123967  49.365  33.772  27.190 0.0000000000
123952  47.779  34.571  28.388 0.0000000000
123978  47.565  34.047  26.632 0.0000000000
123159  45.800  33.324  26.307 0.0000000000
123168  46.945  33.198  25.247 0.0000000000
122241  46.437  32.476  29.246 0.0000000000
122255  47.643  32.348  27.927 0.0000000000
122274  46.262  32.260  27.659 0.0000000000
126999  42.797  38.370  30.248 0.0000000000
126242  42.373  37.528  30.435 0.0000000000
126241  43.425  37.545  30.428 0.0000000000
125510  44.005  36.790  30.461 0.0000000000
124732  44.898  36.134  30.096 0.0000000000
129712  47.121  41.565  25.614 0.0000000000
127851  42.555  39.819  29.722 0.0000000000
123024  47.811  32.891  35.877 0.0000000000
122207  46.753  32.777  34.235 0.0000000000
121417  46.070  31.727  34.954 0.0000000000
120663  44.797  30.328  34.226 0.0000000000
128694  51.635  40.838  29.559 0.0000000000
128686  50.737  40.758  30.961 0.0000000000
129644  51.196  41.766  30.267 0.0000000000
130520  49.735  42.449  31.348 0.0000000000
130512  49.432  42.536  32.494 0.0000000000
131281  46.006  43.746  35.955 0.0000000000
130495  47.187  43.255  35.810 0.0000000000
130475  46.580  43.031  36.097 0.0000000000
128638  47.315  41.259  35.463 0.0000000000
127783  48.361  39.578  34.681 0.0000000000
126192  48.419  37.678  34.966 0.0000000000
126204  47.465  37.644  34.586 0.0000000000
126205  46.564  37.497  34.428 0.0000000000
125464  46.019  36.084  34.894 0.0000000000
133777  44.427  46.589  20.447 0.0000000000
132191  46.389  45.295  25.436 0.0000000000
132200  46.140  44.715  24.824 0.0000000000
132189  48.555  45.214  25.712 0.0000000000
132197  49.862  43.954  24.781 0.0000000000
131393  50.516  43.240  25.327 0.0000000000
129708  51.857  41.159  24.888 0.0000000000
130564  51.001  42.392  26.182 0.0000000000
129657  51.470  41.424  28.049 0.0000000000
124713  49.559  36.079  32.587 0.0000000000
124727  49.451  34.822  30.959 0.0000000000
123908  50.559  34.524  30.958 0.0000000000
123107  50.126  33.518  28.423 0.0000000000
123140  50.183  33.270  26.998 0.0000000000
120695  43.084  30.573  28.458 0.0000000000
121450  43.732  31.086  27.822 0.0000000000
123959  40.692  34.064  28.807 0.0000000000
125532  42.011  35.846  29.939 0.0000000000
123938  42.098  34.712  29.266 0.0000000000
123128  41.114  33.495  28.277 0.0000000000
123147  41.505  33.000  27.618 0.0000000000
122293  42.149  32.446  25.959 0.0000000000
122309  42.450  32.621  25.065 0.0000000000
127900  47.433  39.566  20.109 0.0000000000
128846  45.967  40.538  21.139 0.0000000000
132903  48.057  45.619  29.401 0.0000000000
132130  48.269  44.727  30.000 0.0000000000
132131  47.331  44.922  29.848 0.0000000000
131344  46.382  44.136  31.604 0.0000000000
131331  46.086  43.892  32.975 0.0000000000
131314  45.660  44.031  34.318 0.0000000000
131298  44.305  44.140  35.844 0.0000000000
133758  41.157  46.320  22.449 0.0000000000
132980  42.539  45.347  23.821 0.0000000000
132968  43.395  45.783  24.830 0.0000000000
132957  44.637  45.941  25.564 0.0000000000
133720  46.125  46.559  26.525 0.0000000000
133703  47.436  46.391  27.428 0.0000000000
123062  51.965  33.544  33.365 0.0000000000
123081  51.189  32.681  31.132 0.0000000000
123073  49.894  33.427  32.264 0.0000000000
123094  47.434  33.197  30.679 0.0000000000
122233  45.734  32.358  30.061 0.0000000000
121428  45.244  31.611  32.577 0.0000000000
121432  44.249  31.294  31.345 0.0000000000
121437  43.669  30.984  29.882 0.0000000000
128710  46.419  40.789  29.765 0.0000000000
127834  46.122  39.282  30.859 0.0000000000
127833  47.258  39.668  30.940 0.0000000000
127827  48.160  39.319  31.688 0.0000000000
126990  49.019  38.855  32.113 0.0000000000
128687  49.589  40.472  31.606 0.0000000000
127825  49.974  39.028  31.954 0.0000000000
126229  50.417  37.592  32.592 0.0000000000
126228  51.391  37.434  32.802 0.0000000000
125492  52.344  36.498  33.232 0.0000000000
125491  52.511  36.052  33.658 0.0000000000
132112  49.174  45.023  31.252 0.0000000000
132085  49.317  44.606  32.979 0.0000000000
130509  49.652  42.669  33.853 0.0000000000
130473  48.679  42.773  35.881 0.0000000000
130471  49.810  42.502  35.542 0.0000000000
128644  50.427  41.075  35.034 0.0000000000
126938  51.414  39.252  35.452 0.0000000000
126188  52.235  36.893  34.938 0.0000000000
123888  52.812  34.614  34.831 0.0000000000
123036  52.396  34.415  35.272 0.0000000000
123873  51.418  34.245  35.994 0.0000000000
123021  50.308  34.102  36.446 0.0000000000
124683  49.168  35.719  36.179 0.0000000000
123856  48.976  34.330  36.995 0.0000000000
123023  48.510  33.213  36.398 0.0000000000
122177  48.137  32.787  37.066 0.0000000000
133803  47.619  47.196  18.853 0.0000000000
151582  48.357  44.375  18.825 0.0000000000
130668  48.739  42.480  19.024 0.0000000000
131404  46.191  43.679  22.966 0.0000000000
131438  46.590  44.075  20.699 0.0000000000
130645  47.842  42.941  20.887 0.0000000000
129801  49.356  41.529  20.051 0.0000000000
128875  49.447  40.245  19.599 0.0000000000
127891  50.271  38.986  21.341 0.0000000000
128827  49.981  39.433  22.042 0.0000000000
128813  49.293  40.562  23.695 0.0000000000
128768  51.477  40.722  25.641 0.0000000000
128783  50.129  40.447  25.430 0.0000000000
129710  49.019  40.816  25.272 0.0000000000
129676  47.746  41.532  27.345 0.0000000000
129652  47.454  41.408  28.925 0.0000000000
126993  45.951  38.337  31.179 0.0000000000
125508  45.872  36.716  30.478 0.0000000000
123936  45.927  35.283  29.640 0.0000000000
124750  47.890  35.024  30.131 0.0000000000
123934  47.250  34.739  29.376 0.0000000000
123954  45.414  34.886  28.222 0.0000000000
123143  45.445  33.628  27.189 0.0000000000
122291  44.115  32.674  25.808 0.0000000000
122229  50.470  32.676  29.539 0.0000000000
122253  49.668  32.440  27.787 0.0000000000
122288  48.060  32.416  26.240 0.0000000000
121472  45.154  31.447  26.304 0.0000000000
122318  47.203  32.328  24.877 0.0000000000
117980  46.615  27.819  35.370 0.0000000000
117995  45.446  27.843  33.499 0.0000000000
127835  45.024  39.309  30.551 0.0000000000
128711  45.422  40.638  29.744 0.0000000000
129654  45.518  41.062  29.119 0.0000000000
120642  46.860  30.358  36.703 0.0000000000
131371  49.565  44.284  29.219 0.0000000000
130543  49.829  43.312  29.534 0.0000000000
131372  48.893  43.892  29.474 0.0000000000
132910  49.527  45.654  28.916 0.0000000000
132945  49.335  45.866  27.629 0.0000000000
132147  49.671  44.844  28.859 0.0000000000
131382  50.157  43.891  28.689 0.0000000000
124716  53.148  34.480  32.206 0.0000000000
123906  53.020  34.019  31.641 0.0000000000
122218  52.775  32.946  31.285 0.0000000000
125512  41.940  36.539  30.454 0.0000000000
124768  43.960  35.201  28.988 0.0000000000
123955  44.403  34.894  28.207 0.0000000000
129745  47.935  41.155  23.701 0.0000000000
129768  47.531  41.056  22.678 0.0000000000
127000  41.685  38.557  30.133 0.0000000000
132149  44.957  44.801  28.777 0.0000000000
132168  43.495  45.150  27.755 0.0000000000
132933  43.901  45.847  27.482 0.0000000000
132916  44.151  45.379  27.812 0.0000000000
132915  44.851  45.342  28.064 0.0000000000
123065  48.295  33.531  33.552 0.0000000000
123058  47.921  33.345  34.478 0.0000000000
128707  50.139  40.595  29.350 0.0000000000
128695  51.047  40.482  30.096 0.0000000000
129615  49.714  41.678  33.226 0.0000000000
128661  49.721  40.821  33.071 0.0000000000
131313  46.853  44.423  34.035 0.0000000000
131312  47.936  44.792  33.565 0.0000000000
127775  49.270  39.748  35.258 0.0000000000
125449  50.619  35.955  36.279 0.0000000000
126191  49.504  37.667  35.401 0.0000000000
124686  46.173  35.386  35.321 0.0000000000
133776  45.757  46.593  20.270 0.0000000000
134443  46.656  47.903  20.384 0.0000000000
151579  47.621  45.766  20.104 0.0000000000
151576  47.192  44.648  20.272 0.0000000000
132211  44.230  44.535  23.639 0.0000000000
130590  50.371  42.357  23.681 0.0000000000
131401  49.531  42.646  23.448 0.0000000000
130606  50.080  42.368  23.145 0.0000000000
130626  50.469  41.676  22.697 0.0000000000
130605  50.694  41.777  23.319 0.0000000000
129765  51.484  40.610  23.264 0.0000000000
129743  51.297  41.220  23.604 0.0000000000
128732  49.395  40.778  28.420 0.0000000000
126231  48.740  37.450  32.336 0.0000000000
125500  48.427  36.768  32.281 0.0000000000
123976  49.211  33.555  26.627 0.0000000000
123968  48.276  34.284  27.363 0.0000000000
123157  47.904  33.605  25.857 0.0000000000
123158  46.813  33.662  25.956 0.0000000000
122242  45.628  32.205  29.224 0.0000000000
122257  45.921  32.284  28.402 0.0000000000
127837  43.042  39.283  30.074 0.0000000000
126998  43.813  38.382  30.353 0.0000000000
126240  44.440  37.534  30.517 0.0000000000
125509  44.953  36.690  30.378 0.0000000000
125529  44.433  36.282  30.164 0.0000000000
129697  46.889  41.624  26.508 0.0000000000
129678  45.648  41.521  27.443 0.0000000000
129663  44.420  41.137  28.503 0.0000000000
129679  44.546  41.545  27.420 0.0000000000
128702  43.619  39.677  30.118 0.0000000000
122186  47.231  32.202  35.651 0.0000000000
122187  46.572  32.045  35.137 0.0000000000
121406  46.423  31.419  35.661 0.0000000000
119875  45.706  29.738  35.050 0.0000000000
120662  45.391  30.593  34.656 0.0000000000
119876  45.078  29.742  34.512 0.0000000000
119006  44.317  29.099  33.813 0.0000000000
119005  44.841  28.935  34.293 0.0000000000
133812  47.324  46.148  18.395 0.0000000000
133813  46.601  46.160  17.497 0.0000000000
129650  51.715  41.308  29.013 0.0000000000
129643  51.526  41.415  29.853 0.0000000000
130530  51.145  42.029  29.806 0.0000000000
130532  49.548  43.111  30.474 0.0000000000
130519  50.268  42.403  30.753 0.0000000000
131342  49.553  43.742  32.017 0.0000000000
131282  45.354  43.606  36.142 0.0000000000
128647  46.561  40.856  34.958 0.0000000000
128639  46.671  41.394  35.368 0.0000000000
128646  47.831  40.452  34.938 0.0000000000
126950  47.923  38.601  34.441 0.0000000000
126952  45.912  38.128  34.266 0.0000000000
125477  46.308  36.663  34.563 0.0000000000
126206  45.751  37.313  34.348 0.0000000000
132954  47.523  46.153  25.989 0.0000000000
132190  47.097  45.184  25.505 0.0000000000
132953  48.408  46.094  26.344 0.0000000000
132188  49.935  44.401  25.469 0.0000000000
131394  50.119  43.806  24.865 0.0000000000
131391  50.551  43.391  26.413 0.0000000000
130551  50.675  42.556  28.347 0.0000000000
129658  51.028  41.987  27.735 0.0000000000
130550  51.320  41.708  28.680 0.0000000000
124712  50.831  35.724  32.433 0.0000000000
124719  49.759  35.032  31.712 0.0000000000
123930  51.959  33.566  29.233 0.0000000000
123931  51.316  33.752  29.165 0.0000000000
123106  50.681  33.409  28.606 0.0000000000
123124  50.217  33.368  27.940 0.0000000000
123139  50.567  32.995  27.474 0.0000000000
123940  40.281  34.609  29.374 0.0000000000
123939  41.185  34.645  29.312 0.0000000000
125511  43.044  36.750  30.418 0.0000000000
123958  41.623  34.107  28.798 0.0000000000
123127  42.068  33.570  28.257 0.0000000000
123145  43.425  33.365  27.447 0.0000000000
123162  42.806  32.817  26.740 0.0000000000
122292  43.145  32.466  25.904 0.0000000000
127898  49.402  38.921  20.242 0.0000000000
127899  48.301  39.322  20.337 0.0000000000
129788  46.291  41.160  21.726 0.0000000000
128845  46.949  40.417  21.247 0.0000000000
129789  45.320  41.238  21.700 0.0000000000
129771  44.746  41.658  22.384 0.0000000000
132912  47.811  45.924  28.576 0.0000000000
132904  47.112  45.468  29.188 0.0000000000
131357  46.005  44.264  30.879 0.0000000000
131332  44.764  43.803  33.217 0.0000000000
131297  45.394  44.125  35.524 0.0000000000
133766  40.505  47.467  21.881 0.0000000000
133759  40.330  46.980  22.388 0.0000000000
132981  41.763  45.685  23.600 0.0000000000
132970  42.083  46.023  24.222 0.0000000000
132979  43.049  45.458  24.278 0.0000000000
133722  44.282  46.510  26.445 0.0000000000
133736  44.071  46.436  25.834 0.0000000000
133735  44.931  46.429  25.939 0.0000000000
133734  45.815  46.505  25.976 0.0000000000
132930  46.630  45.921  27.782 0.0000000000
132929  47.358  45.996  28.009 0.0000000000
123072  51.218  33.113  32.311 0.0000000000
123904  50.435  33.652  32.847 0.0000000000
122221  47.067  33.019  32.242 0.0000000000
123084  47.701  33.247  31.563 0.0000000000
123085  47.040  33.220  31.053 0.0000000000
122232  46.790  32.789  30.374 0.0000000000
122223  45.852  32.321  31.105 0.0000000000
122201  45.775  32.028  33.806 0.0000000000
122209  45.958  31.966  33.040 0.0000000000
121426  44.726  31.095  32.902 0.0000000000
120680  43.485  30.407  31.535 0.0000000000
121433  43.668  30.972  30.750 0.0000000000
120683  42.573  29.763  29.915 0.0000000000
119895  42.008  29.250  30.667 0.0000000000
128698  47.370  40.380  30.440 0.0000000000
127831  49.031  39.949  30.833 0.0000000000
127832  48.307  39.920  31.074 0.0000000000
126985  49.927  38.454  32.250 0.0000000000
126984  50.992  38.283  32.567 0.0000000000
126223  52.212  37.162  33.382 0.0000000000
126222  52.450  36.662  33.585 0.0000000000
132114  47.560  44.635  30.702 0.0000000000
132113  48.232  44.970  30.808 0.0000000000
131311  48.659  44.439  33.654 0.0000000000
132874  49.038  45.292  32.986 0.0000000000
131310  49.189  43.997  33.565 0.0000000000
131328  49.473  43.761  32.867 0.0000000000
130492  49.302  43.212  34.680 0.0000000000
130474  47.775  42.732  35.927 0.0000000000
130494  47.736  43.297  35.485 0.0000000000
128629  49.971  41.956  36.349 0.0000000000
128635  50.497  41.501  35.914 0.0000000000
129602  50.265  41.848  35.140 0.0000000000
127772  51.324  39.920  35.336 0.0000000000
125458  51.944  36.271  35.472 0.0000000000
125457  52.150  36.446  35.096 0.0000000000
125473  52.207  36.085  34.748 0.0000000000
124696  52.458  35.344  35.289 0.0000000000
123871  52.480  34.929  35.568 0.0000000000
123853  51.658  34.854  36.386 0.0000000000
123854  51.083  34.480  36.503 0.0000000000
123038  50.710  33.829  35.799 0.0000000000
125461  48.696  36.582  35.496 0.0000000000
123857  48.113  34.352  37.100 0.0000000000
124667  48.627  34.935  36.570 0.0000000000
123842  49.468  33.867  36.984 0.0000000000
123007  48.676  33.375  37.143 0.0000000000
135154  47.133  48.714  19.810 0.0000000000
135904  46.523  49.743  20.242 0.0000000000
151587  47.817  47.035  19.318 0.0000000000
151578  48.511  44.400  19.161 0.0000000000
151584  48.346  45.182  19.129 0.0000000000
151575  48.531  43.931  19.024 0.0000000000
131437  48.534  43.261  19.205 0.0000000000
132199  47.628  44.146  24.690 0.0000000000
132209  46.708  43.910  23.870 0.0000000000
132208  47.389  43.698  23.950 0.0000000000
130608  48.470  42.591  22.713 0.0000000000
131410  47.223  42.782  22.216 0.0000000000
130646  47.114  43.330  21.320 0.0000000000
129786  50.148  41.128  21.552 0.0000000000
130653  49.269  41.831  20.584 0.0000000000
129800  50.000  41.061  20.575 0.0000000000
129813  49.732  40.958  19.839 0.0000000000
128874  50.141  40.227  20.004 0.0000000000
127897  50.315  39.300  20.350 0.0000000000
127896  50.787  39.579  20.738 0.0000000000
127881  51.257  39.521  23.103 0.0000000000
127887  50.671  39.475  22.473 0.0000000000
128812  50.367  39.668  23.189 0.0000000000
128798  50.303  40.230  24.336 0.0000000000
130574  51.591  41.219  25.724 0.0000000000
129707  51.880  40.961  25.300 0.0000000000
128770  50.303  40.564  26.437 0.0000000000
128769  50.982  40.541  26.056 0.0000000000
129694  49.613  40.774  25.911 0.0000000000
129709  49.565  40.639  25.479 0.0000000000
129695  48.947  41.220  26.158 0.0000000000
129696  47.959  41.432  26.404 0.0000000000
129675  49.027  41.082  27.327 0.0000000000
129651  48.018  41.277  28.670 0.0000000000
127829  46.514  38.729  31.305 0.0000000000
126992  46.894  38.250  31.577 0.0000000000
125506  47.219  36.313  31.537 0.0000000000
125507  46.590  36.585  31.070 0.0000000000
124730  46.395  36.035  30.157 0.0000000000
124722  46.112  36.079  29.921 0.0000000000
123918  46.126  35.367  29.954 0.0000000000
124728  48.712  35.059  30.799 0.0000000000
124749  48.448  34.759  30.190 0.0000000000
123953  46.454  34.832  28.503 0.0000000000
123970  45.991  34.307  27.710 0.0000000000
123971  44.957  34.206  27.798 0.0000000000
123169  45.993  33.047  25.428 0.0000000000
122290  45.083  32.810  25.678 0.0000000000
122308  43.443  32.522  25.037 0.0000000000
122307  44.388  32.614  24.966 0.0000000000
123091  50.703  32.697  30.427 0.0000000000
123090  51.285  32.626  30.529 0.0000000000
123108  49.302  32.798  29.511 0.0000000000
122254  48.570  32.429  27.934 0.0000000000
122272  47.968  32.299  27.084 0.0000000000
122271  48.946  32.427  26.935 0.0000000000
121463  43.765  31.008  26.910 0.0000000000
121462  44.497  31.322  27.165 0.0000000000
121473  44.259  31.221  26.324 0.0000000000
126994  45.513  37.968  30.992 0.0000000000
129661  46.517  41.420  28.223 0.0000000000
128712  44.281  40.620  29.435 0.0000000000
121398  46.705  31.080  36.413 0.0000000000
120652  46.359  30.512  36.044 0.0000000000
119864  46.091  29.948  35.646 0.0000000000
119874  46.037  29.308  35.617 0.0000000000
130542  50.661  42.553  29.355 0.0000000000
131355  48.900  44.064  30.666 0.0000000000
129592  45.775  42.172  35.608 0.0000000000
129604  45.737  41.715  35.254 0.0000000000
127785  46.001  40.013  34.352 0.0000000000
132946  48.772  46.332  26.989 0.0000000000
132180  48.904  45.899  26.389 0.0000000000
132166  50.107  44.656  27.195 0.0000000000
131388  50.422  43.804  27.497 0.0000000000
124711  52.038  35.485  32.432 0.0000000000
123907  51.889  33.995  30.929 0.0000000000
123080  52.206  33.461  30.290 0.0000000000
122236  51.873  32.768  29.039 0.0000000000
125530  43.715  36.213  30.015 0.0000000000
128844  48.159  40.163  21.622 0.0000000000
129769  46.621  41.528  22.492 0.0000000000
129747  46.024  41.964  23.113 0.0000000000
127018  41.320  39.242  29.904 0.0000000000
127019  40.744  39.096  29.968 0.0000000000
126244  40.245  37.455  30.505 0.0000000000
132905  46.393  45.257  28.926 0.0000000000
132148  45.767  44.908  29.016 0.0000000000
132133  45.283  44.523  29.556 0.0000000000
133708  42.588  46.123  27.138 0.0000000000
133707  43.599  46.272  27.076 0.0000000000
133706  44.514  46.410  27.061 0.0000000000
133705  45.436  46.434  27.071 0.0000000000
123056  50.204  33.523  34.584 0.0000000000
123064  49.699  33.669  33.369 0.0000000000
123075  47.493  33.351  32.732 0.0000000000
122214  46.934  33.152  32.639 0.0000000000
120674  43.790  30.193  33.124 0.0000000000
120677  43.624  30.203  32.458 0.0000000000
119894  42.927  29.484  31.295 0.0000000000
129634  49.232  41.193  31.734 0.0000000000
128688  49.113  40.846  32.232 0.0000000000
128677  49.033  40.932  32.424 0.0000000000
127799  49.578  40.160  32.997 0.0000000000
127817  51.202  38.661  32.832 0.0000000000
127797  51.131  38.971  33.478 0.0000000000
126949  51.656  38.587  34.451 0.0000000000
131343  47.119  44.573  31.744 0.0000000000
132087  47.911  45.349  32.286 0.0000000000
131329  47.830  45.189  32.811 0.0000000000
131294  48.439  43.827  34.222 0.0000000000
126939  51.051  39.047  36.034 0.0000000000
125459  51.205  36.580  35.957 0.0000000000
124681  51.661  35.840  36.103 0.0000000000
124682  49.997  35.678  36.354 0.0000000000
125462  47.628  36.165  35.335 0.0000000000
124668  47.798  34.885  36.539 0.0000000000
133792  47.393  47.433  20.028 0.0000000000
133791  47.836  46.720  19.731 0.0000000000
133016  47.975  46.208  19.961 0.0000000000
151583  47.933  45.002  19.779 0.0000000000
132991  42.496  44.957  22.717 0.0000000000
132990  43.244  44.871  22.383 0.0000000000
132220  43.505  44.549  22.750 0.0000000000
132219  44.620  44.091  22.633 0.0000000000
131399  47.738  43.587  24.013 0.0000000000
131402  48.839  42.826  23.466 0.0000000000
130628  48.924  42.194  22.054 0.0000000000
130627  49.801  41.790  22.287 0.0000000000
129785  50.628  40.442  21.856 0.0000000000
128841  50.892  39.817  21.731 0.0000000000
128826  51.107  40.113  22.309 0.0000000000
127880  51.507  39.791  22.894 0.0000000000
127877  51.434  39.813  23.532 0.0000000000
128729  51.508  40.826  27.561 0.0000000000
128751  51.409  40.809  26.583 0.0000000000
128753  50.212  40.583  27.410 0.0000000000
128754  49.748  40.694  27.896 0.0000000000
126991  48.035  38.307  31.849 0.0000000000
126234  47.380  37.523  31.785 0.0000000000
124729  47.411  35.679  30.984 0.0000000000
123951  48.988  34.231  28.213 0.0000000000
123933  48.554  34.465  29.506 0.0000000000
123142  46.495  33.852  26.931 0.0000000000
122240  47.774  32.740  29.164 0.0000000000
123109  48.802  32.869  29.614 0.0000000000
122256  46.838  32.359  28.270 0.0000000000
121460  46.245  32.095  27.112 0.0000000000
124753  44.577  35.712  29.677 0.0000000000
129728  47.333  41.558  24.584 0.0000000000
129713  46.213  41.836  25.746 0.0000000000
127838  42.369  38.937  30.052 0.0000000000
132935  41.679  45.090  27.835 0.0000000000
132169  42.722  44.820  28.025 0.0000000000
123041  47.641  32.843  35.110 0.0000000000
123059  47.297  32.939  34.466 0.0000000000
122199  46.976  32.496  34.841 0.0000000000
122200  46.214  32.257  34.461 0.0000000000
121418  45.513  31.538  34.399 0.0000000000
121407  45.837  31.191  35.007 0.0000000000
120672  45.027  30.912  34.066 0.0000000000
119885  43.991  29.660  33.543 0.0000000000
119010  43.958  28.859  33.361 0.0000000000
128685  51.451  40.978  30.418 0.0000000000
129632  50.919  41.651  30.873 0.0000000000
130521  49.579  41.888  31.735 0.0000000000
129621  49.395  41.960  32.636 0.0000000000
131296  46.652  43.890  35.407 0.0000000000
129590  47.628  42.003  35.798 0.0000000000
129591  46.445  41.991  35.629 0.0000000000
128645  48.590  40.188  35.117 0.0000000000
126941  49.046  38.688  34.852 0.0000000000
125476  47.129  36.761  34.718 0.0000000000
132965  45.933  45.417  25.455 0.0000000000
132198  49.121  44.102  24.810 0.0000000000
131396  50.630  42.555  24.709 0.0000000000
129725  51.557  41.228  24.405 0.0000000000
130575  51.221  41.738  25.230 0.0000000000
130563  51.377  41.518  26.179 0.0000000000
130555  50.814  42.487  27.180 0.0000000000
129673  51.264  41.743  27.347 0.0000000000
128705  51.631  40.853  28.575 0.0000000000
124714  48.803  36.336  32.452 0.0000000000
123909  49.825  34.705  31.001 0.0000000000
123915  49.601  34.530  30.308 0.0000000000
123914  50.976  34.306  29.922 0.0000000000
123932  49.954  33.804  29.082 0.0000000000
123950  49.743  33.691  28.028 0.0000000000
123141  49.555  33.475  26.678 0.0000000000
123156  49.123  33.239  26.213 0.0000000000
121442  43.679  31.105  28.856 0.0000000000
121449  44.444  31.540  28.199 0.0000000000
123129  40.174  33.376  28.375 0.0000000000
124756  41.630  35.293  29.649 0.0000000000
124755  42.509  35.342  29.645 0.0000000000
123148  40.565  32.876  27.715 0.0000000000
123146  42.448  33.201  27.520 0.0000000000
122275  41.866  32.523  26.879 0.0000000000
128859  47.512  39.869  20.720 0.0000000000
128860  46.756  40.050  20.292 0.0000000000
130591  46.567  41.896  24.250 0.0000000000
130609  46.199  42.049  23.788 0.0000000000
132902  48.986  45.570  29.471 0.0000000000
132129  49.103  44.772  29.418 0.0000000000
132115  46.626  44.506  30.583 0.0000000000
132102  47.081  44.562  31.239 0.0000000000
133752  40.965  46.253  23.458 0.0000000000
132992  41.581  45.651  22.870 0.0000000000
132213  42.720  44.855  23.390 0.0000000000
132202  43.892  45.110  24.385 0.0000000000
132967  44.283  45.436  25.052 0.0000000000
133724  42.379  46.573  26.433 0.0000000000
132958  43.932  46.078  25.344 0.0000000000
132966  45.197  45.289  25.279 0.0000000000
132956  45.493  45.939  25.709 0.0000000000
133733  46.626  46.445  26.124 0.0000000000
133719  47.193  46.576  26.670 0.0000000000
133704  46.420  46.398  27.171 0.0000000000
133718  48.011  46.637  27.036 0.0000000000
133702  48.281  46.358  27.535 0.0000000000
132911  48.843  46.224  28.863 0.0000000000
123061  52.901  33.670  33.080 0.0000000000
122212  52.319  32.789  31.718 0.0000000000
123071  52.413  33.220  32.365 0.0000000000
123082  50.277  33.039  31.277 0.0000000000
123083  49.059  33.244  31.352 0.0000000000
123093  48.254  33.223  30.345 0.0000000000
122231  47.530  33.095  30.108 0.0000000000
121440  45.013  31.911  29.709 0.0000000000
123066  47.159  33.199  33.672 0.0000000000
123067  46.655  33.052  33.237 0.0000000000
122216  45.951  32.122  32.118 0.0000000000
121429  44.576  31.224  32.217 0.0000000000
121431  45.142  31.743  31.684 0.0000000000
121435  45.052  31.835  30.704 0.0000000000
121436  44.374  31.359  30.283 0.0000000000
121441  44.394  31.459  29.275 0.0000000000
120689  42.991  30.560  29.486 0.0000000000
128699  46.283  40.242  30.441 0.0000000000
126987  48.462  37.836  32.107 0.0000000000
126986  48.942  38.106  32.261 0.0000000000
126989  49.663  38.994  31.981 0.0000000000
126230  49.501  37.594  32.469 0.0000000000
125497  49.787  36.947  32.824 0.0000000000
125496  50.627  36.687  32.778 0.0000000000
125495  51.750  36.444  32.844 0.0000000000
125494  52.434  35.961  32.937 0.0000000000
124710  52.909  35.051  32.921 0.0000000000
131373  48.193  43.444  29.744 0.0000000000
132890  48.873  45.975  32.052 0.0000000000
132099  49.338  45.481  31.881 0.0000000000
132111  49.481  44.680  31.737 0.0000000000
129614  50.168  41.752  34.298 0.0000000000
130493  48.589  43.377  35.202 0.0000000000
129588  49.524  42.165  36.165 0.0000000000
130472  49.459  42.595  35.715 0.0000000000
130491  49.895  42.407  34.957 0.0000000000
130508  50.057  42.171  34.579 0.0000000000
127782  50.796  40.269  34.814 0.0000000000
126202  52.494  36.805  34.130 0.0000000000
124708  52.716  35.208  34.214 0.0000000000
123897  53.140  34.323  33.723 0.0000000000
123054  52.559  33.862  34.415 0.0000000000
123055  51.386  33.799  34.525 0.0000000000
124663  51.891  35.020  36.302 0.0000000000
123037  51.793  34.106  35.382 0.0000000000
123039  49.411  33.540  35.594 0.0000000000
124666  49.546  34.995  36.600 0.0000000000
123855  49.847  34.295  36.770 0.0000000000
123022  49.530  33.764  36.582 0.0000000000
122178  47.605  32.357  36.566 0.0000000000
151586  48.164  46.436  19.183 0.0000000000
130683  47.798  43.393  18.463 0.0000000000
129831  48.424  41.679  18.749 0.0000000000
128895  48.711  40.670  19.245 0.0000000000
133018  44.769  45.177  20.640 0.0000000000
132250  45.835  44.408  20.678 0.0000000000
131439  46.117  43.926  20.928 0.0000000000
131422  47.332  43.815  20.601 0.0000000000
151574  47.806  44.263  20.293 0.0000000000
130654  48.598  42.376  19.967 0.0000000000
130644  48.721  42.325  21.117 0.0000000000
129814  49.061  41.431  19.458 0.0000000000
127906  49.444  39.256  19.664 0.0000000000
127892  49.342  38.999  20.996 0.0000000000
127890  50.846  39.368  21.198 0.0000000000
128843  49.242  39.455  21.586 0.0000000000
128828  49.332  40.114  22.436 0.0000000000
128814  48.538  40.832  23.593 0.0000000000
129744  48.574  40.910  24.015 0.0000000000
129724  51.747  40.801  24.536 0.0000000000
128781  51.499  40.534  24.687 0.0000000000
128782  51.028  40.293  25.040 0.0000000000
128799  49.517  40.527  24.757 0.0000000000
129726  48.910  40.771  24.477 0.0000000000
129711  48.090  41.298  25.443 0.0000000000
129660  47.456  41.401  28.132 0.0000000000
126236  45.861  37.699  31.097 0.0000000000
126235  46.487  37.493  31.438 0.0000000000
126238  46.055  37.211  30.937 0.0000000000
124731  45.608  36.049  29.921 0.0000000000
124752  45.605  35.432  29.337 0.0000000000
124720  48.416  35.832  31.938 0.0000000000
123935  46.245  35.050  29.373 0.0000000000
124766  45.738  35.180  28.734 0.0000000000
123144  44.422  33.506  27.342 0.0000000000
123160  44.783  33.139  26.524 0.0000000000
122219  52.400  32.667  30.979 0.0000000000
122228  51.415  32.668  29.854 0.0000000000
122237  51.069  32.610  28.838 0.0000000000
122239  49.156  32.683  28.851 0.0000000000
122238  50.154  32.721  28.672 0.0000000000
122252  50.533  32.798  27.887 0.0000000000
122270  49.923  32.814  26.826 0.0000000000
122286  49.653  32.955  26.186 0.0000000000
122303  48.393  32.925  25.584 0.0000000000
121461  45.489  31.853  27.455 0.0000000000
121471  46.334  31.860  26.262 0.0000000000
121485  44.569  31.298  25.487 0.0000000000
122305  47.163  32.209  25.649 0.0000000000
122304  47.775  32.594  25.454 0.0000000000
123173  46.810  32.697  24.827 0.0000000000
123174  45.782  32.774  24.572 0.0000000000
119000  46.256  28.536  36.063 0.0000000000
117981  45.930  28.192  34.885 0.0000000000
117988  45.823  27.931  34.464 0.0000000000
119008  45.141  28.214  34.157 0.0000000000
119001  45.905  28.743  35.140 0.0000000000
119004  45.497  28.500  34.591 0.0000000000
119884  44.485  29.725  34.055 0.0000000000
120673  44.462  30.535  33.539 0.0000000000
120676  44.190  30.668  32.715 0.0000000000
121474  43.756  31.014  26.346 0.0000000000
121494  46.933  32.036  24.693 0.0000000000
122208  46.363  32.644  33.598 0.0000000000
122211  52.654  33.092  31.790 0.0000000000
122213  51.826  32.608  31.399 0.0000000000
122215  46.533  32.758  32.681 0.0000000000
122220  51.769  32.637  30.678 0.0000000000
122226  52.675  32.906  30.679 0.0000000000
122227  52.245  32.840  30.150 0.0000000000
122230  49.735  32.794  29.344 0.0000000000
122251  51.184  32.842  28.504 0.0000000000
122269  50.467  32.947  27.187 0.0000000000
122273  46.941  32.293  27.219 0.0000000000
122287  48.853  32.878  26.134 0.0000000000
122319  46.675  32.299  24.584 0.0000000000
123006  49.220  33.705  37.024 0.0000000000
123070  52.913  33.474  31.898 0.0000000000
123079  52.675  33.296  30.809 0.0000000000
123089  52.259  33.220  29.721 0.0000000000
123105  51.659  33.247  28.811 0.0000000000
123123  50.734  33.001  28.170 0.0000000000
123155  49.876  33.054  26.403 0.0000000000
123166  48.669  33.053  25.697 0.0000000000
123172  47.509  32.681  25.029 0.0000000000
123843  49.149  33.868  37.164 0.0000000000
123872  51.894  34.688  35.965 0.0000000000
123898  50.595  33.681  33.111 0.0000000000
123899  50.372  33.722  33.201 0.0000000000
123903  50.778  33.574  32.928 0.0000000000
123910  46.063  35.868  29.846 0.0000000000
123911  45.732  35.903  29.764 0.0000000000
123919  45.849  35.611  29.744 0.0000000000
123966  49.940  33.550  27.471 0.0000000000
123977  48.609  33.781  26.591 0.0000000000
124679  52.414  35.197  35.643 0.0000000000
124680  52.131  35.350  35.896 0.0000000000
124723  45.905  36.052  29.829 0.0000000000
124751  45.947  35.175  28.891 0.0000000000
124765  46.102  35.083  28.852 0.0000000000
125448  51.164  35.752  36.347 0.0000000000
125474  52.138  35.823  35.285 0.0000000000
125501  47.726  36.674  31.917 0.0000000000
127876  51.558  39.854  23.312 0.0000000000
127882  50.888  39.399  23.051 0.0000000000
127885  51.326  39.874  22.577 0.0000000000
127905  49.900  39.673  19.856 0.0000000000
128628  50.195  41.959  36.206 0.0000000000
128662  49.226  41.152  32.820 0.0000000000
128676  49.304  40.403  32.453 0.0000000000
128784  49.539  40.572  25.239 0.0000000000
128796  51.490  40.244  23.835 0.0000000000
128810  51.624  40.158  23.323 0.0000000000
128811  50.984  39.462  23.328 0.0000000000
128825  51.504  40.212  22.819 0.0000000000
128842  49.755  39.114  21.445 0.0000000000
128857  50.879  39.917  21.130 0.0000000000
128858  50.560  40.093  20.568 0.0000000000
129576  50.101  42.336  36.015 0.0000000000
129577  49.928  42.241  36.223 0.0000000000
129587  50.245  42.127  35.737 0.0000000000
129616  49.487  41.309  32.939 0.0000000000
129623  48.906  41.724  31.925 0.0000000000
129631  51.368  41.414  30.398 0.0000000000
129635  49.010  41.322  31.815 0.0000000000
129693  51.620  41.002  26.089 0.0000000000
129766  51.058  40.942  22.719 0.0000000000
130454  49.842  42.469  35.878 0.0000000000
130455  49.881  42.431  36.088 0.0000000000
130496  45.488  42.222  35.585 0.0000000000
130513  49.251  42.071  32.182 0.0000000000
130514  49.122  41.951  32.082 0.0000000000
130522  49.317  41.729  31.691 0.0000000000
130533  48.407  43.074  30.235 0.0000000000
130534  47.816  43.106  30.034 0.0000000000
130545  48.163  42.933  29.811 0.0000000000
130554  51.254  41.857  26.780 0.0000000000
130610  45.519  42.147  23.720 0.0000000000
130630  47.270  42.872  21.696 0.0000000000
131356  48.172  43.788  30.287 0.0000000000
131389  50.244  44.103  28.101 0.0000000000
132066  49.205  44.654  33.280 0.0000000000
132067  49.054  44.855  33.400 0.0000000000
132068  48.653  45.158  33.237 0.0000000000
132098  49.410  44.779  32.339 0.0000000000
132100  48.612  45.759  31.831 0.0000000000
132128  49.454  44.806  29.173 0.0000000000
132187  50.448  43.969  25.870 0.0000000000
132203  43.396  45.309  24.341 0.0000000000
132221  42.907  44.576  23.160 0.0000000000
132873  49.208  44.980  33.101 0.0000000000
132875  48.800  45.469  32.704 0.0000000000
132880  49.237  45.187  32.696 0.0000000000
132881  49.062  45.604  32.508 0.0000000000
132882  48.839  45.755  32.268 0.0000000000
132888  49.277  45.503  32.291 0.0000000000
132889  49.077  45.885  32.173 0.0000000000
132927  49.411  45.978  28.350 0.0000000000
132955  46.425  45.946  25.730 0.0000000000
133696  48.399  46.200  28.163 0.0000000000
133697  47.894  46.162  27.913 0.0000000000
133754  39.813  46.920  22.873 0.0000000000
133774  47.740  46.339  20.053 0.0000000000
134457  47.349  48.008  20.056 0.0000000000
