#!ascii label  , from subject 3365 vox2ras=TkReg
2092
19045  -30.959  -60.552  -32.387 0.1000000015
20393  -29.359  -59.550  -32.186 0.1000000015
19042  -27.925  -60.749  -32.204 0.1000000015
21724  -28.307  -59.046  -32.541 0.1000000015
21738  -27.916  -58.440  -33.307 0.1000000015
23027  -28.746  -57.942  -33.467 0.1000000015
21761  -27.385  -58.753  -35.250 0.1000000015
23061  -29.411  -57.766  -35.269 0.1000000015
23062  -30.244  -57.606  -35.831 0.1000000015
21770  -28.741  -58.197  -36.871 0.1000000015
23084  -29.448  -57.790  -37.219 0.1000000015
23085  -30.115  -57.557  -36.969 0.1000000015
23108  -29.844  -57.657  -37.858 0.1000000015
23107  -29.073  -57.966  -37.878 0.1000000015
23109  -30.683  -57.397  -37.677 0.1000000015
23167  -31.865  -56.938  -39.208 0.1000000015
23136  -29.361  -57.802  -38.863 0.1000000015
23165  -30.110  -57.487  -39.648 0.1000000015
23164  -29.539  -57.927  -39.691 0.1000000015
20350  -31.125  -59.313  -30.873 0.1000000015
19017  -30.270  -59.831  -31.769 0.1000000015
19001  -31.082  -59.730  -31.092 0.1000000015
20370  -29.670  -59.077  -31.802 0.1000000015
23001  -31.194  -57.871  -31.695 0.1000000015
23000  -30.501  -57.979  -31.865 0.1000000015
23014  -29.398  -57.928  -32.657 0.1000000015
23015  -30.396  -57.728  -32.531 0.1000000015
23042  -29.052  -57.829  -34.435 0.1000000015
23044  -31.094  -57.476  -34.778 0.1000000015
23086  -30.993  -57.446  -36.750 0.1000000015
23118  -39.583  -57.395  -38.332 0.1000000015
23171  -36.366  -57.535  -39.893 0.1000000015
23144  -36.923  -57.496  -38.941 0.1000000015
23143  -35.843  -57.278  -38.724 0.1000000015
23169  -34.234  -57.126  -39.388 0.1000000015
23168  -33.063  -56.944  -39.196 0.1000000015
23140  -32.944  -57.128  -38.147 0.1000000015
23139  -32.190  -57.138  -38.316 0.1000000015
23166  -30.916  -57.055  -39.309 0.1000000015
23138  -31.254  -57.181  -38.423 0.1000000015
19004  -33.542  -60.247  -30.646 0.1000000015
22983  -32.697  -57.587  -29.757 0.2000000030
20338  -33.040  -58.893  -29.567 0.2000000030
19003  -32.459  -60.229  -30.573 0.1000000015
24345  -32.890  -56.871  -29.993 0.1000000015
22993  -32.490  -57.506  -30.538 0.1000000015
20351  -32.129  -59.277  -30.101 0.1000000015
24358  -32.955  -56.967  -31.417 0.1000000015
21711  -31.834  -57.966  -30.886 0.1000000015
27318  -48.264  -54.148  -32.926 0.1000000015
25834  -47.515  -55.353  -33.838 0.1000000015
23003  -33.180  -57.212  -32.485 0.1000000015
23016  -31.525  -57.626  -32.696 0.1000000015
25862  -47.484  -55.309  -34.358 0.1000000015
25860  -46.079  -56.206  -34.656 0.1000000015
25859  -45.129  -56.118  -34.484 0.1000000015
25879  -43.685  -56.377  -35.542 0.1000000015
25877  -41.512  -55.810  -35.806 0.1000000015
25896  -41.037  -56.205  -36.354 0.1000000015
23017  -32.567  -57.487  -32.991 0.1000000015
23031  -32.916  -57.554  -34.019 0.1000000015
23063  -31.465  -57.452  -35.838 0.1000000015
25880  -44.477  -56.468  -35.234 0.1000000015
24423  -42.896  -56.735  -36.308 0.1000000015
25897  -41.887  -56.405  -36.368 0.1000000015
24448  -40.567  -56.613  -36.849 0.1000000015
24447  -39.440  -56.301  -36.423 0.1000000015
24445  -37.214  -56.740  -36.318 0.1000000015
23092  -36.264  -57.069  -36.885 0.1000000015
23045  -32.292  -57.482  -35.024 0.1000000015
23087  -31.917  -57.381  -36.705 0.1000000015
24449  -41.546  -56.754  -36.922 0.1000000015
24475  -40.071  -57.008  -37.499 0.1000000015
24474  -38.964  -56.869  -37.438 0.1000000015
24472  -36.876  -56.952  -37.114 0.1000000015
23113  -34.211  -57.086  -37.517 0.1000000015
23112  -33.287  -57.135  -37.453 0.1000000015
23116  -37.423  -57.225  -38.131 0.1000000015
23115  -36.312  -57.167  -37.705 0.1000000015
23141  -33.753  -57.083  -38.360 0.1000000015
23110  -31.576  -57.311  -37.546 0.1000000015
22984  -33.457  -57.239  -29.134 0.1000000015
21678  -33.696  -58.279  -29.167 0.2000000030
20353  -34.233  -59.687  -30.137 0.1000000015
20354  -35.327  -59.565  -30.495 0.2000000030
20373  -35.888  -59.932  -31.125 0.2000000030
24346  -33.554  -56.252  -29.540 0.1000000015
24353  -33.284  -56.311  -30.489 0.1000000015
30210  -48.084  -52.447  -33.582 0.1000000015
28843  -48.326  -53.174  -33.494 0.1000000015
24359  -33.510  -56.544  -31.666 0.1000000015
24380  -33.963  -57.210  -33.486 0.1000000015
25833  -46.807  -55.734  -33.635 0.1000000015
25858  -44.117  -55.804  -34.804 0.1000000015
25857  -43.081  -55.664  -34.935 0.1000000015
25856  -42.006  -55.382  -35.069 0.1000000015
25876  -40.516  -55.691  -35.741 0.1000000015
24422  -39.146  -55.946  -35.803 0.1000000015
24420  -37.490  -56.307  -35.486 0.1000000015
24418  -35.833  -56.887  -35.493 0.1000000015
23066  -33.962  -57.371  -35.784 0.1000000015
23046  -33.392  -57.347  -34.939 0.1000000015
23089  -33.642  -57.214  -36.630 0.1000000015
23088  -32.763  -57.258  -36.670 0.1000000015
25730  -35.313  -55.494  -28.229 0.1000000015
24340  -35.442  -56.264  -28.195 0.1000000015
27201  -34.790  -54.915  -29.231 0.1000000015
24339  -34.493  -56.128  -28.589 0.1000000015
22977  -34.984  -56.929  -28.541 0.1000000015
22986  -35.403  -57.690  -28.978 0.2000000030
21680  -35.751  -58.547  -29.815 0.2000000030
22985  -34.367  -57.611  -28.853 0.2000000030
21694  -35.986  -59.090  -30.334 0.2000000030
20356  -36.831  -59.152  -30.902 0.2000000030
25776  -33.690  -55.830  -30.820 0.1000000015
25760  -34.224  -55.359  -30.416 0.1000000015
25777  -34.314  -55.677  -31.347 0.1000000015
24360  -34.267  -56.054  -31.947 0.1000000015
28842  -48.020  -52.904  -33.154 0.1000000015
25783  -47.207  -55.192  -32.176 0.1000000015
25782  -46.519  -55.224  -31.612 0.1000000015
25803  -45.833  -55.427  -32.126 0.1000000015
24370  -34.559  -56.363  -32.602 0.1000000015
31484  -47.684  -51.673  -33.637 0.1000000015
31483  -47.209  -51.363  -33.167 0.1000000015
25805  -47.391  -55.286  -32.955 0.1000000015
25804  -46.655  -55.477  -32.621 0.1000000015
27377  -43.611  -55.013  -34.151 0.1000000015
27376  -42.518  -54.784  -34.234 0.1000000015
27374  -40.305  -54.703  -34.339 0.1000000015
25829  -38.704  -54.952  -34.019 0.1000000015
24399  -36.666  -56.023  -34.425 0.1000000015
24383  -36.319  -55.807  -33.641 0.1000000015
24381  -34.628  -56.916  -33.728 0.1000000015
32785  -47.511  -50.814  -34.412 0.1000000015
25854  -39.948  -55.313  -35.032 0.1000000015
24401  -38.363  -55.702  -34.918 0.1000000015
24419  -36.513  -56.639  -35.418 0.1000000015
24398  -35.593  -56.776  -34.612 0.1000000015
23033  -34.550  -57.181  -34.439 0.1000000015
34034  -47.109  -49.970  -35.118 0.1000000015
34051  -46.908  -49.232  -35.674 0.1000000015
34052  -47.607  -49.475  -36.148 0.1000000015
35300  -46.757  -48.503  -36.259 0.1000000015
28743  -36.622  -53.769  -28.857 0.1000000015
27202  -35.421  -54.662  -28.600 0.1000000015
28761  -37.413  -53.670  -29.414 0.1000000015
28779  -36.850  -53.662  -30.211 0.1000000015
24341  -35.966  -56.333  -27.975 0.1000000015
22987  -36.370  -57.706  -29.303 0.2000000030
28780  -37.702  -53.615  -30.282 0.1000000015
27250  -35.957  -53.960  -30.040 0.1000000015
27225  -35.276  -54.453  -29.600 0.1000000015
21681  -36.725  -58.208  -29.907 0.2000000030
28799  -38.007  -53.585  -31.039 0.1000000015
27274  -36.437  -54.178  -31.190 0.1000000015
35226  -45.192  -49.092  -33.420 0.1000000015
33982  -46.281  -50.232  -33.495 0.1000000015
32742  -46.210  -50.737  -32.696 0.1000000015
31468  -46.832  -51.539  -32.691 0.1000000015
30194  -47.250  -52.462  -32.603 0.1000000015
28805  -47.098  -53.977  -31.770 0.1000000015
28801  -39.437  -53.634  -31.297 0.1000000015
27276  -38.361  -53.743  -31.720 0.1000000015
27273  -35.693  -54.726  -31.486 0.1000000015
25778  -35.174  -55.238  -31.526 0.1000000015
31469  -47.386  -51.880  -32.977 0.1000000015
27315  -44.834  -55.162  -32.123 0.1000000015
27314  -43.649  -54.731  -32.044 0.1000000015
27346  -41.918  -54.285  -33.302 0.1000000015
27342  -37.673  -54.619  -32.916 0.1000000015
25800  -36.475  -55.089  -32.787 0.1000000015
24371  -35.167  -55.969  -32.614 0.1000000015
35246  -44.659  -48.616  -34.118 0.1000000015
27348  -44.179  -54.788  -33.186 0.1000000015
27347  -43.087  -54.440  -33.204 0.1000000015
27345  -40.757  -54.253  -33.400 0.1000000015
27344  -39.532  -54.367  -33.480 0.1000000015
27343  -38.434  -54.460  -33.158 0.1000000015
25827  -36.820  -55.378  -33.598 0.1000000015
25826  -36.163  -55.577  -33.178 0.1000000015
33981  -45.815  -49.634  -33.857 0.1000000015
34007  -46.477  -49.945  -34.366 0.1000000015
34006  -45.968  -49.459  -34.588 0.1000000015
34033  -46.369  -49.364  -35.160 0.1000000015
35277  -46.485  -48.940  -35.674 0.1000000015
36705  -47.099  -47.520  -37.199 0.1000000015
36706  -47.504  -47.971  -37.411 0.1000000015
25712  -35.793  -55.291  -27.861 0.1000000015
28762  -38.179  -53.730  -29.685 0.1000000015
27228  -38.566  -54.042  -29.123 0.1000000015
27185  -36.961  -54.664  -27.694 0.1000000015
22978  -36.176  -56.878  -28.401 0.1000000015
28782  -39.356  -53.740  -30.341 0.1000000015
27251  -39.997  -54.028  -30.102 0.1000000015
24330  -36.482  -56.316  -27.619 0.1000000015
22979  -36.985  -57.601  -28.850 0.1000000015
27252  -40.728  -54.442  -30.287 0.1000000015
28783  -40.005  -53.784  -30.604 0.1000000015
22988  -36.885  -57.839  -29.474 0.2000000030
33956  -45.683  -49.890  -32.872 0.1000000015
30193  -46.582  -52.326  -32.368 0.1000000015
28804  -46.119  -53.512  -31.522 0.1000000015
27278  -40.807  -53.932  -31.495 0.1000000015
27310  -39.061  -53.857  -32.296 0.1000000015
21668  -37.449  -58.115  -28.937 0.1000000015
21683  -37.704  -58.491  -29.283 0.2000000030
32741  -45.503  -50.464  -32.419 0.1000000015
25767  -46.112  -55.178  -30.938 0.1000000015
27282  -44.848  -55.390  -31.239 0.1000000015
27313  -42.477  -54.342  -32.126 0.1000000015
27312  -41.342  -54.010  -32.322 0.1000000015
35274  -44.239  -48.294  -34.715 0.1000000015
34032  -45.852  -49.194  -34.999 0.1000000015
36684  -45.161  -47.914  -35.832 0.1000000015
36703  -44.890  -47.121  -36.317 0.1000000015
35299  -46.063  -48.244  -36.166 0.1000000015
36704  -45.969  -47.571  -36.576 0.1000000015
38181  -46.560  -46.466  -37.291 0.1000000015
27230  -41.005  -55.543  -28.822 0.1000000015
27206  -39.973  -55.314  -28.207 0.1000000015
25762  -42.239  -56.066  -28.890 0.1000000015
27229  -39.713  -54.406  -29.345 0.1000000015
27187  -39.154  -55.113  -27.554 0.1000000015
25713  -36.362  -55.416  -27.569 0.1000000015
27186  -38.122  -54.749  -27.490 0.1000000015
22966  -36.549  -56.743  -27.888 0.1000000015
27280  -42.924  -55.121  -30.982 0.1000000015
27253  -42.115  -55.565  -29.755 0.1000000015
24331  -37.014  -56.444  -27.184 0.1000000015
35212  -45.088  -49.009  -32.466 0.1000000015
33941  -45.156  -49.580  -32.227 0.1000000015
32720  -45.039  -50.015  -32.118 0.1000000015
31467  -46.023  -51.482  -32.410 0.1000000015
30179  -45.249  -52.579  -31.665 0.1000000015
27258  -45.989  -55.001  -30.707 0.1000000015
25780  -45.005  -55.442  -30.711 0.1000000015
27281  -44.141  -55.456  -30.893 0.1000000015
27279  -41.764  -54.515  -31.112 0.1000000015
22955  -37.462  -57.285  -26.950 0.1000000015
21655  -37.383  -57.974  -28.176 0.1000000015
35225  -44.433  -48.398  -32.989 0.1000000015
27284  -46.382  -54.637  -31.117 0.1000000015
25802  -45.297  -55.408  -31.413 0.1000000015
20329  -38.094  -59.036  -28.380 0.1000000015
35245  -43.990  -48.220  -34.077 0.1000000015
35275  -44.774  -48.457  -35.099 0.1000000015
36702  -44.263  -46.807  -36.256 0.1000000015
39681  -44.410  -44.986  -36.107 0.1000000015
38179  -44.774  -46.202  -36.518 0.1000000015
41259  -45.476  -44.496  -36.394 0.1000000015
25747  -41.683  -55.989  -28.429 0.1000000015
25746  -41.289  -55.858  -28.356 0.1000000015
25731  -40.414  -55.677  -27.890 0.1000000015
25748  -42.409  -56.028  -28.438 0.1000000015
25763  -42.921  -56.132  -29.163 0.1000000015
25749  -43.214  -55.711  -28.574 0.1000000015
25715  -38.580  -55.487  -26.895 0.1000000015
25714  -37.323  -55.675  -27.052 0.1000000015
27255  -43.919  -55.680  -30.115 0.1000000015
25750  -43.944  -55.380  -29.141 0.1000000015
25691  -38.115  -56.068  -26.594 0.1000000015
36663  -44.213  -48.056  -32.173 0.1000000015
30180  -45.940  -52.481  -32.144 0.1000000015
27257  -45.524  -54.646  -30.515 0.1000000015
25765  -44.723  -55.273  -29.910 0.1000000015
27234  -44.229  -54.832  -29.355 0.1000000015
21640  -37.541  -57.864  -27.230 0.1000000015
35224  -43.865  -48.055  -33.364 0.1000000015
35211  -44.578  -48.513  -32.091 0.1000000015
33940  -44.720  -49.415  -31.931 0.1000000015
32740  -45.051  -50.643  -32.219 0.1000000015
31448  -44.827  -51.449  -31.993 0.1000000015
28787  -45.605  -53.917  -30.813 0.1000000015
22956  -37.905  -57.486  -26.266 0.1000000015
36670  -43.343  -47.851  -33.863 0.1000000015
38166  -42.349  -46.300  -34.748 0.1000000015
36669  -42.741  -47.274  -34.458 0.1000000015
39669  -42.856  -45.233  -35.337 0.1000000015
38172  -43.078  -46.278  -35.634 0.1000000015
39680  -43.641  -45.232  -35.779 0.1000000015
41249  -45.089  -44.030  -36.008 0.1000000015
41248  -44.326  -44.384  -35.537 0.1000000015
28784  -43.107  -53.490  -29.644 0.1000000015
27233  -43.511  -54.912  -28.578 0.1000000015
27210  -43.199  -55.315  -28.264 0.1000000015
25732  -40.981  -55.844  -27.967 0.1000000015
30160  -42.896  -52.661  -30.560 0.1000000015
25716  -39.864  -55.711  -27.255 0.1000000015
31447  -43.878  -51.342  -31.792 0.1000000015
30177  -43.551  -52.186  -31.324 0.1000000015
30161  -44.030  -52.934  -30.837 0.1000000015
28766  -43.651  -54.191  -29.323 0.1000000015
36662  -43.625  -47.780  -32.666 0.1000000015
36653  -43.783  -47.758  -31.706 0.1000000015
32719  -44.433  -50.327  -32.067 0.1000000015
30162  -44.748  -53.021  -31.121 0.1000000015
28786  -44.847  -53.763  -30.398 0.1000000015
24318  -38.377  -56.553  -26.118 0.1000000015
36661  -42.479  -47.353  -33.208 0.1000000015
24317  -37.516  -56.653  -26.741 0.1000000015
21641  -38.104  -58.593  -26.810 0.1000000015
38155  -42.247  -46.932  -34.034 0.1000000015
38165  -41.808  -45.849  -34.400 0.1000000015
39668  -42.153  -45.156  -34.774 0.1000000015
42742  -42.999  -43.533  -34.018 0.1000000015
41233  -43.166  -44.233  -34.710 0.1000000015
44217  -44.218  -42.315  -33.717 0.1000000015
41235  -44.799  -43.590  -35.395 0.1000000015
25734  -42.477  -55.572  -27.821 0.1000000015
25733  -41.710  -55.876  -27.803 0.1000000015
25718  -41.593  -55.392  -27.121 0.1000000015
25717  -40.793  -55.722  -27.126 0.1000000015
36637  -43.025  -47.213  -31.010 0.1000000015
33939  -43.987  -49.358  -31.752 0.1000000015
32718  -43.400  -50.318  -31.927 0.1000000015
31446  -42.787  -51.429  -31.495 0.1000000015
36660  -41.880  -46.982  -32.875 0.1000000015
36651  -42.147  -47.099  -32.468 0.1000000015
36652  -42.792  -47.271  -31.712 0.1000000015
35199  -44.312  -48.657  -31.746 0.1000000015
25692  -38.893  -55.887  -26.363 0.1000000015
39642  -41.143  -45.834  -33.258 0.1000000015
39656  -41.488  -45.291  -34.064 0.1000000015
42730  -41.671  -43.514  -33.265 0.1000000015
42741  -42.176  -43.697  -33.803 0.1000000015
42717  -42.233  -42.912  -32.921 0.1000000015
42731  -42.716  -43.051  -33.371 0.1000000015
44200  -42.706  -42.572  -32.996 0.1000000015
44201  -43.456  -42.032  -33.149 0.1000000015
45619  -44.142  -41.148  -33.205 0.1000000015
30159  -41.815  -52.281  -30.106 0.1000000015
28765  -42.724  -53.996  -28.747 0.1000000015
28747  -42.266  -54.283  -28.130 0.1000000015
25719  -42.152  -55.267  -27.375 0.1000000015
28746  -41.573  -53.988  -27.800 0.1000000015
31426  -42.060  -51.783  -30.865 0.1000000015
39641  -40.660  -45.386  -32.652 0.1000000015
38140  -41.524  -46.527  -32.179 0.1000000015
41219  -40.870  -44.303  -33.213 0.1000000015
42716  -41.529  -42.979  -32.610 0.1000000015
44186  -43.099  -41.657  -32.568 0.1000000015
45602  -43.644  -40.875  -32.537 0.1000000015
30145  -42.361  -53.088  -29.644 0.1000000015
28764  -41.837  -53.738  -28.428 0.1000000015
38141  -42.267  -46.744  -31.259 0.1000000015
36638  -43.266  -47.546  -30.996 0.1000000015
35198  -43.551  -48.425  -31.381 0.1000000015
32717  -42.404  -50.249  -31.624 0.1000000015
41205  -40.356  -44.287  -32.432 0.1000000015
42729  -40.922  -43.580  -32.821 0.1000000015
44185  -42.402  -42.236  -32.523 0.1000000015
45601  -42.814  -41.405  -32.096 0.1000000015
45586  -43.165  -40.713  -31.824 0.1000000015
46988  -43.679  -39.877  -31.742 0.1000000015
31425  -41.281  -51.339  -30.570 0.1000000015
33937  -42.154  -49.332  -31.458 0.1000000015
32716  -41.453  -50.112  -31.287 0.1000000015
32693  -41.231  -50.715  -30.981 0.1000000015
38117  -40.959  -46.055  -31.413 0.1000000015
38118  -41.762  -46.297  -30.807 0.1000000015
38119  -42.714  -46.904  -30.645 0.1000000015
36625  -42.807  -47.457  -30.612 0.1000000015
35181  -42.499  -48.017  -30.761 0.1000000015
38139  -40.753  -45.894  -31.940 0.1000000015
45585  -42.518  -41.056  -31.356 0.1000000015
46987  -43.070  -40.308  -31.377 0.1000000015
48313  -43.217  -39.376  -30.514 0.1000000015
35180  -41.733  -48.098  -30.694 0.1000000015
38096  -42.512  -46.999  -29.834 0.1000000015
36624  -42.325  -47.466  -30.275 0.1000000015
41181  -39.910  -44.051  -31.686 0.1000000015
44183  -40.865  -42.631  -31.850 0.1000000015
44167  -41.402  -42.055  -31.590 0.1000000015
46972  -42.657  -40.209  -30.804 0.1000000015
48312  -42.570  -39.678  -30.224 0.1000000015
39618  -40.221  -45.234  -31.471 0.1000000015
42715  -40.609  -43.115  -32.121 0.1000000015
44166  -40.701  -42.356  -31.364 0.1000000015
45584  -41.564  -41.580  -31.190 0.1000000015
45569  -42.061  -40.961  -30.743 0.1000000015
46971  -41.890  -40.353  -30.253 0.1000000015
48293  -42.064  -39.567  -29.627 0.1000000015
44165  -40.086  -42.791  -31.024 0.1000000015
45583  -40.869  -41.612  -30.900 0.1000000015
45568  -41.308  -41.057  -30.621 0.1000000015
46970  -41.065  -40.590  -30.150 0.1000000015
19043  -28.983  -60.633  -32.538 0.1000000015
20392  -28.260  -59.918  -32.459 0.1000000015
23013  -28.673  -58.303  -32.759 0.1000000015
21751  -28.003  -58.117  -34.344 0.1000000015
23028  -29.689  -57.630  -33.506 0.1000000015
21762  -28.499  -58.149  -35.520 0.1000000015
23043  -30.017  -57.523  -34.563 0.1000000015
21691  -30.985  -58.764  -30.923 0.1000000015
21692  -31.539  -58.661  -30.551 0.1000000015
21708  -29.905  -58.738  -31.683 0.1000000015
23029  -30.747  -57.547  -33.632 0.1000000015
23030  -31.857  -57.565  -33.842 0.1000000015
23117  -38.507  -57.343  -38.298 0.1000000015
23170  -35.300  -57.302  -39.665 0.1000000015
23142  -34.774  -57.125  -38.536 0.1000000015
20352  -33.200  -59.662  -29.947 0.1000000015
21693  -32.265  -58.277  -30.081 0.1000000015
20339  -33.947  -59.094  -29.496 0.2000000030
23002  -32.487  -57.411  -31.680 0.1000000015
28824  -47.837  -53.477  -32.574 0.1000000015
25832  -45.893  -55.672  -33.470 0.1000000015
25895  -40.142  -56.102  -36.216 0.1000000015
24446  -38.244  -56.484  -36.434 0.1000000015
24473  -37.857  -56.833  -37.348 0.1000000015
24421  -38.550  -55.983  -35.534 0.1000000015
24444  -36.295  -56.938  -36.232 0.1000000015
23114  -35.224  -57.124  -37.596 0.1000000015
23091  -35.574  -57.067  -36.541 0.1000000015
23064  -32.289  -57.384  -36.003 0.1000000015
23067  -34.790  -57.168  -35.743 0.1000000015
24338  -33.859  -56.590  -28.931 0.1000000015
21679  -34.674  -58.422  -29.266 0.2000000030
20340  -34.811  -59.093  -29.794 0.2000000030
25744  -33.732  -55.829  -29.636 0.1000000015
24369  -33.875  -56.967  -32.870 0.1000000015
23032  -33.899  -57.379  -34.107 0.1000000015
27378  -44.538  -55.355  -34.048 0.1000000015
25855  -40.931  -55.180  -35.106 0.1000000015
25853  -38.983  -55.544  -34.907 0.1000000015
25851  -37.415  -55.499  -34.220 0.1000000015
23048  -35.032  -57.190  -34.976 0.1000000015
27249  -35.293  -54.656  -30.656 0.1000000015
27316  -45.420  -55.365  -32.891 0.1000000015
24382  -35.615  -56.166  -33.378 0.1000000015
32784  -46.860  -50.548  -33.909 0.1000000015
27375  -41.388  -54.681  -34.294 0.1000000015
25830  -39.468  -54.953  -34.377 0.1000000015
25828  -37.754  -55.018  -33.648 0.1000000015
24397  -34.939  -57.020  -34.438 0.1000000015
32807  -47.883  -50.487  -35.429 0.1000000015
27204  -37.691  -53.977  -28.468 0.1000000015
27184  -36.023  -54.767  -27.915 0.1000000015
27226  -35.827  -53.994  -29.164 0.1000000015
27275  -37.497  -53.895  -31.640 0.1000000015
21697  -37.852  -58.650  -29.930 0.2000000030
27307  -36.111  -54.766  -32.059 0.1000000015
28802  -40.217  -53.744  -31.184 0.1000000015
27309  -37.993  -54.133  -32.382 0.1000000015
27308  -37.039  -54.493  -32.312 0.1000000015
27311  -40.220  -53.820  -32.433 0.1000000015
21656  -37.780  -58.603  -27.785 0.1000000015
38173  -43.921  -46.099  -36.286 0.1000000015
38180  -45.636  -46.353  -36.777 0.1000000015
27254  -43.341  -55.764  -30.038 0.1000000015
36683  -43.775  -47.560  -35.419 0.1000000015
39690  -45.416  -45.310  -36.608 0.1000000015
27256  -44.800  -54.592  -29.895 0.1000000015
28785  -43.813  -53.569  -30.081 0.1000000015
42743  -44.099  -43.093  -34.254 0.1000000015
44202  -44.386  -41.638  -33.577 0.1000000015
33938  -43.051  -49.319  -31.681 0.1000000015
17520  -49.125  -61.375  -21.641 0.5000000000
14949  -45.548  -63.649  -28.057 0.5000000000
14930  -45.796  -63.734  -26.986 0.5000000000
18857  -48.017  -61.144  -21.866 0.5000000000
18875  -47.333  -61.018  -22.438 0.5000000000
14931  -46.871  -64.176  -26.588 0.5000000000
17522  -51.188  -61.136  -21.481 0.5000000000
17521  -50.479  -61.380  -21.499 0.5000000000
17538  -50.059  -61.106  -22.358 0.5000000000
14932  -47.766  -63.773  -26.631 0.5000000000
17539  -50.995  -60.990  -22.290 0.5000000000
17540  -51.379  -60.733  -21.972 0.5000000000
18878  -50.537  -60.569  -23.008 0.5000000000
18879  -51.432  -60.196  -22.897 0.4000000060
14994  -47.649  -62.907  -29.930 0.5000000000
15016  -47.463  -62.383  -30.616 0.5000000000
16333  -48.095  -62.102  -29.581 0.5000000000
17646  -47.672  -61.795  -29.886 0.5000000000
18983  -47.101  -61.112  -28.719 0.5000000000
18984  -48.196  -60.849  -28.368 0.5000000000
18948  -47.115  -59.653  -27.290 0.4000000060
20302  -46.999  -58.970  -26.938 0.4000000060
10321  -43.240  -67.975  -25.717 0.1000000015
14912  -44.816  -63.705  -26.243 0.5000000000
17503  -49.957  -61.886  -20.692 0.5000000000
17502  -48.803  -61.975  -20.596 0.5000000000
18856  -47.521  -61.292  -21.799 0.5000000000
17535  -46.692  -61.697  -22.517 0.4000000060
17504  -51.118  -61.595  -20.353 0.5000000000
17505  -51.665  -61.075  -20.197 0.5000000000
18817  -51.664  -60.757  -19.432 0.5000000000
17523  -51.433  -60.882  -21.119 0.5000000000
18816  -51.231  -60.340  -19.537 0.4000000060
18841  -51.456  -60.387  -20.669 0.3000000119
18858  -51.489  -60.260  -21.874 0.5000000000
20208  -51.400  -59.739  -21.708 0.3000000119
20235  -48.964  -59.545  -24.007 0.6999999881
20255  -48.092  -59.722  -24.711 0.5000000000
18840  -50.880  -60.110  -20.287 0.3000000119
20192  -51.082  -59.862  -21.036 0.3000000119
20222  -51.645  -59.437  -22.661 0.4000000060
18897  -49.813  -60.020  -23.511 0.5000000000
20256  -49.122  -58.859  -24.771 0.6000000238
18929  -47.939  -60.601  -25.676 0.6000000238
16267  -47.883  -62.557  -25.593 0.6000000238
14951  -47.590  -63.689  -27.741 0.5000000000
14974  -47.304  -63.616  -28.955 0.3000000119
20207  -50.835  -59.399  -21.596 0.3000000119
20221  -51.373  -59.038  -22.283 0.3000000119
21591  -51.296  -58.352  -23.672 0.4000000060
18930  -48.378  -60.047  -25.891 0.6000000238
17592  -49.368  -60.876  -27.053 0.6000000238
16296  -48.635  -62.285  -28.077 0.5000000000
16315  -48.401  -62.180  -28.984 0.5000000000
21577  -51.093  -58.336  -22.805 0.4000000060
20258  -50.710  -58.561  -24.468 0.5000000000
21610  -49.768  -58.460  -25.318 0.5000000000
17610  -49.565  -60.561  -27.484 0.5000000000
17609  -49.160  -61.381  -27.571 0.5000000000
17647  -48.228  -61.804  -29.219 0.5000000000
21590  -49.818  -57.771  -22.978 0.4000000060
22914  -51.062  -57.902  -23.334 0.4000000060
22940  -50.746  -57.344  -24.559 0.5000000000
21631  -50.053  -57.862  -25.873 0.5000000000
21646  -49.532  -58.514  -26.894 0.4000000060
18970  -49.381  -60.348  -27.991 0.5000000000
18985  -48.849  -60.681  -28.248 0.5000000000
22928  -50.737  -57.374  -23.793 0.4000000060
22960  -49.957  -57.442  -26.610 0.5000000000
21659  -49.273  -58.690  -27.456 0.4000000060
18969  -48.648  -60.106  -28.014 0.4000000060
25680  -50.451  -55.834  -25.879 0.5000000000
24333  -49.404  -57.006  -27.167 0.4000000060
21657  -48.265  -58.253  -27.430 0.4000000060
20303  -47.756  -58.635  -27.311 0.4000000060
25699  -50.041  -55.656  -26.647 0.3000000119
24322  -49.032  -56.575  -27.181 0.4000000060
22959  -48.376  -57.114  -26.996 0.3000000119
22958  -47.582  -57.345  -26.704 0.3000000119
21629  -46.411  -57.989  -26.005 0.3000000119
9246  -42.453  -68.841  -25.729 0.1000000015
10320  -42.883  -68.547  -25.866 0.1000000015
9233  -43.009  -69.055  -24.533 0.1000000015
9247  -43.049  -68.644  -25.387 0.1000000015
11415  -44.247  -66.502  -23.897 0.4000000060
12514  -44.192  -65.766  -24.212 0.4000000060
12513  -43.810  -65.312  -24.864 0.4000000060
13733  -44.846  -64.098  -25.268 0.5000000000
13717  -44.813  -64.762  -24.207 0.4000000060
13734  -45.865  -64.275  -25.074 0.5000000000
14913  -45.823  -63.958  -25.951 0.5000000000
16200  -49.474  -62.375  -19.908 0.5000000000
17501  -48.059  -62.156  -20.412 0.5000000000
17519  -47.689  -61.681  -21.099 0.5000000000
17518  -46.768  -62.082  -21.566 0.4000000060
13718  -46.078  -64.726  -24.279 0.5000000000
13735  -46.904  -64.482  -25.375 0.5000000000
17481  -51.360  -61.836  -19.640 0.5000000000
16201  -50.392  -62.206  -19.903 0.5000000000
17482  -51.612  -61.575  -19.228 0.5000000000
14898  -47.451  -63.618  -24.576 0.6000000238
18796  -51.424  -60.351  -18.628 0.4000000060
18815  -50.543  -60.064  -19.381 0.2000000030
20206  -49.770  -59.207  -21.551 0.3000000119
20220  -50.644  -58.823  -22.110 0.4000000060
18839  -50.124  -60.052  -20.090 0.3000000119
20190  -49.268  -59.668  -20.423 0.3000000119
20205  -48.613  -59.170  -21.145 0.4000000060
21561  -48.915  -58.704  -21.837 0.4000000060
21576  -49.810  -58.311  -22.462 0.4000000060
22927  -49.763  -57.223  -23.416 0.4000000060
24279  -50.153  -56.527  -24.034 0.4000000060
21575  -48.448  -58.138  -22.436 0.3000000119
22926  -48.591  -57.126  -23.272 0.3000000119
25649  -49.282  -55.643  -24.314 0.3000000119
24296  -50.620  -56.422  -25.168 0.4000000060
25661  -48.975  -54.673  -24.795 0.3000000119
27145  -49.614  -54.804  -25.641 0.3000000119
25698  -49.435  -55.612  -26.924 0.4000000060
24321  -48.080  -56.399  -26.742 0.3000000119
27143  -48.521  -54.187  -24.807 0.2000000030
28688  -48.534  -53.777  -25.294 0.2000000030
27171  -49.031  -54.563  -26.622 0.3000000119
25696  -47.640  -55.445  -26.519 0.3000000119
28687  -47.919  -53.182  -24.942 0.1000000015
28717  -48.124  -53.348  -26.451 0.2000000030
31317  -44.968  -50.904  -24.306 0.1000000015
10298  -43.750  -68.487  -23.791 0.1000000015
11402  -44.026  -67.481  -23.928 0.1000000015
12501  -45.663  -65.886  -23.229 0.5000000000
12500  -44.830  -65.678  -23.633 0.4000000060
16172  -48.152  -63.321  -19.506 0.5000000000
16198  -47.433  -62.747  -20.324 0.4000000060
14859  -46.759  -64.177  -21.137 0.4000000060
14873  -46.828  -64.004  -22.397 0.4000000060
13720  -47.226  -64.731  -23.868 0.5000000000
13719  -46.919  -65.048  -24.167 0.5000000000
16175  -51.016  -62.232  -19.275 0.5000000000
16174  -50.018  -62.714  -19.208 0.5000000000
16173  -49.063  -63.020  -19.253 0.4000000060
18797  -51.720  -60.822  -18.221 0.4000000060
17462  -51.630  -61.529  -18.386 0.4000000060
20157  -51.496  -60.120  -17.857 0.4000000060
20156  -51.107  -59.820  -18.045 0.3000000119
20155  -50.155  -59.659  -18.289 0.3000000119
20172  -49.591  -59.852  -19.338 0.2000000030
21526  -49.267  -59.035  -17.901 0.1000000015
20171  -48.532  -59.366  -19.358 0.3000000119
21538  -47.886  -58.738  -19.047 0.1000000015
20189  -48.176  -59.269  -20.300 0.3000000119
20204  -47.767  -58.997  -20.908 0.3000000119
20170  -47.777  -58.984  -19.652 0.2000000030
20188  -47.371  -58.869  -20.247 0.2000000030
21559  -46.916  -58.566  -21.092 0.2000000030
22911  -47.764  -57.334  -22.847 0.2000000030
24277  -47.926  -56.400  -23.425 0.2000000030
22902  -45.958  -57.476  -21.549 0.2000000030
24261  -47.111  -56.674  -22.864 0.2000000030
22909  -46.006  -56.697  -22.350 0.2000000030
25631  -46.613  -55.559  -23.102 0.1000000015
27130  -47.823  -54.265  -24.254 0.2000000030
25629  -45.139  -55.014  -22.300 0.1000000015
27128  -46.154  -54.081  -23.305 0.1000000015
28686  -47.324  -52.684  -24.667 0.1000000015
30087  -47.418  -52.237  -25.609 0.1000000015
28653  -45.498  -53.698  -23.121 0.1000000015
28669  -45.864  -53.077  -23.600 0.1000000015
30069  -46.827  -52.096  -24.758 0.1000000015
28668  -45.394  -52.627  -23.580 0.1000000015
31318  -45.540  -51.524  -24.288 0.1000000015
30049  -44.416  -51.621  -23.562 0.1000000015
31295  -42.391  -51.434  -21.854 0.1000000015
10299  -44.365  -67.935  -23.269 0.3000000119
11404  -45.569  -66.625  -22.787 0.3000000119
10270  -45.902  -67.722  -20.781 0.3000000119
10284  -45.781  -67.736  -21.301 0.3000000119
12484  -46.122  -66.236  -22.796 0.3000000119
13703  -46.188  -65.247  -23.698 0.4000000060
12446  -46.800  -66.055  -19.827 0.3000000119
11390  -46.318  -67.155  -21.595 0.3000000119
12485  -46.685  -66.146  -22.496 0.5000000000
12502  -46.645  -65.539  -23.344 0.5000000000
13632  -47.722  -64.507  -19.078 0.4000000060
13651  -47.148  -64.552  -19.859 0.5000000000
13650  -46.949  -65.023  -20.594 0.4000000060
13671  -47.002  -64.887  -21.669 0.4000000060
13704  -47.365  -64.939  -23.045 0.5000000000
17436  -51.016  -61.668  -17.424 0.4000000060
16152  -51.047  -62.361  -18.427 0.4000000060
16151  -50.266  -62.862  -18.424 0.5000000000
14822  -49.560  -63.357  -18.597 0.5000000000
18773  -49.846  -60.793  -16.749 0.4000000060
18774  -50.744  -60.995  -16.912 0.4000000060
17437  -51.530  -61.479  -17.851 0.4000000060
16131  -51.268  -62.049  -17.945 0.5000000000
20118  -51.317  -60.005  -16.554 0.4000000060
20138  -51.547  -60.094  -17.260 0.4000000060
18757  -50.540  -60.357  -16.456 0.4000000060
18744  -50.262  -59.566  -15.937 0.3000000119
20117  -51.283  -59.503  -16.686 0.3000000119
20137  -51.189  -59.514  -17.232 0.3000000119
21479  -50.804  -58.802  -16.507 0.3000000119
21504  -50.708  -58.874  -17.061 0.2000000030
21502  -48.962  -58.173  -17.488 0.1000000015
21537  -47.179  -58.334  -19.393 0.1000000015
21547  -46.793  -58.461  -20.181 0.2000000030
21536  -46.575  -57.997  -19.832 0.2000000030
22893  -45.815  -57.383  -20.731 0.2000000030
22901  -45.722  -56.855  -21.942 0.1000000015
24249  -45.205  -56.154  -21.550 0.1000000015
25619  -45.237  -55.638  -22.164 0.1000000015
25618  -44.857  -55.281  -21.679 0.1000000015
27114  -45.316  -54.308  -22.733 0.1000000015
28652  -44.756  -53.250  -22.847 0.1000000015
28635  -44.221  -53.864  -21.785 0.1000000015
30020  -43.417  -52.373  -22.182 0.1000000015
30005  -43.285  -52.478  -21.226 0.1000000015
30019  -42.867  -51.949  -21.996 0.1000000015
31277  -42.538  -51.566  -21.134 0.1000000015
32522  -42.279  -50.597  -20.651 0.1000000015
33746  -42.832  -49.710  -20.281 0.1000000015
35009  -42.347  -48.669  -20.338 0.1000000015
9173  -45.117  -68.483  -20.751 0.3000000119
9185  -44.459  -68.421  -21.480 0.2000000030
10240  -46.144  -67.445  -19.097 0.3000000119
12433  -47.249  -65.323  -18.875 0.4000000060
12432  -46.841  -66.073  -18.640 0.3000000119
16129  -49.094  -62.638  -17.275 0.3000000119
16130  -50.326  -62.581  -17.744 0.3000000119
14791  -49.947  -63.197  -17.947 0.4000000060
13618  -48.689  -64.363  -17.997 0.4000000060
12418  -47.372  -65.505  -18.072 0.3000000119
17434  -49.168  -61.420  -17.114 0.3000000119
17435  -50.084  -61.718  -17.202 0.3000000119
13603  -48.622  -64.176  -17.582 0.4000000060
13602  -47.855  -64.729  -17.554 0.4000000060
12402  -47.064  -65.480  -17.620 0.3000000119
20135  -48.334  -59.457  -16.672 0.3000000119
18756  -49.689  -59.837  -16.202 0.3000000119
20115  -48.825  -59.224  -16.018 0.3000000119
20116  -49.435  -59.454  -15.926 0.3000000119
20099  -49.267  -58.665  -15.419 0.3000000119
20101  -50.750  -59.305  -16.066 0.3000000119
21457  -50.480  -58.391  -15.806 0.3000000119
22854  -50.299  -58.358  -16.682 0.2000000030
22853  -49.437  -57.563  -16.636 0.1000000015
22852  -48.789  -57.433  -17.272 0.1000000015
22870  -48.140  -57.446  -17.941 0.1000000015
22869  -47.359  -57.441  -18.783 0.1000000015
22881  -46.759  -57.433  -19.412 0.1000000015
22880  -46.229  -57.414  -19.991 0.2000000030
24229  -46.392  -56.578  -19.627 0.2000000030
24228  -45.660  -56.097  -19.973 0.2000000030
24238  -44.910  -55.876  -20.960 0.1000000015
25587  -45.573  -55.512  -19.933 0.1000000015
27084  -44.886  -54.623  -20.243 0.1000000015
27101  -44.459  -54.556  -21.332 0.1000000015
28618  -44.561  -54.214  -20.411 0.1000000015
28617  -44.023  -53.641  -20.759 0.1000000015
28616  -43.675  -53.098  -21.216 0.1000000015
32523  -43.499  -50.779  -20.198 0.1000000015
33747  -43.941  -49.775  -20.111 0.1000000015
35010  -43.394  -48.790  -20.298 0.1000000015
36428  -43.944  -47.928  -20.560 0.1000000015
37893  -43.612  -47.083  -20.730 0.1000000015
10267  -43.837  -68.229  -21.634 0.2000000030
10281  -43.048  -68.509  -21.950 0.2000000030
11372  -43.877  -67.137  -21.691 0.2000000030
10238  -45.008  -67.643  -19.420 0.3000000119
12466  -44.438  -66.000  -20.874 0.2000000030
11356  -44.756  -66.991  -19.666 0.3000000119
10224  -45.735  -67.358  -18.576 0.3000000119
14789  -48.429  -63.804  -17.293 0.3000000119
11314  -46.236  -66.450  -17.878 0.3000000119
17433  -47.946  -61.606  -17.452 0.3000000119
14788  -47.347  -64.009  -17.185 0.3000000119
18794  -47.100  -59.973  -17.862 0.3000000119
18771  -47.719  -60.408  -17.471 0.3000000119
13601  -46.788  -64.932  -17.402 0.3000000119
12400  -45.418  -65.899  -17.724 0.2000000030
20133  -46.791  -58.931  -17.612 0.2000000030
20134  -47.636  -59.396  -17.178 0.2000000030
21501  -47.712  -58.774  -16.677 0.3000000119
21478  -48.453  -58.635  -15.819 0.3000000119
20085  -49.468  -58.364  -15.250 0.3000000119
21443  -50.038  -58.208  -15.422 0.3000000119
22799  -49.797  -57.907  -15.275 0.2000000030
22833  -50.268  -57.937  -16.132 0.1000000015
22813  -49.537  -57.318  -15.474 0.2000000030
22832  -49.717  -57.328  -15.860 0.1000000015
24212  -48.975  -56.835  -16.471 0.1000000015
24211  -48.611  -56.647  -17.207 0.1000000015
25555  -48.466  -55.451  -17.295 0.1000000015
25575  -48.978  -55.035  -18.331 0.1000000015
25574  -48.243  -55.731  -18.273 0.1000000015
27051  -49.979  -54.792  -19.049 0.1000000015
27052  -51.067  -54.622  -19.260 0.1000000015
24222  -47.660  -56.501  -18.566 0.1000000015
24223  -48.102  -56.554  -17.905 0.1000000015
25591  -49.063  -55.100  -19.220 0.1000000015
27071  -50.891  -54.850  -19.769 0.1000000015
24230  -47.066  -56.753  -19.149 0.1000000015
25588  -46.108  -55.625  -19.688 0.2000000030
28600  -44.784  -53.916  -20.072 0.1000000015
28599  -44.393  -53.562  -20.287 0.1000000015
29988  -44.439  -53.102  -20.156 0.1000000015
30006  -43.803  -52.617  -20.473 0.1000000015
31278  -43.190  -51.730  -20.493 0.1000000015
32524  -44.625  -50.769  -19.964 0.1000000015
35011  -44.468  -48.795  -20.406 0.1000000015
16171  -43.290  -63.246  -19.684 0.2000000030
12445  -44.542  -65.850  -20.039 0.2000000030
11343  -44.858  -66.937  -18.805 0.3000000119
11328  -45.970  -67.008  -18.009 0.3000000119
14818  -42.919  -63.214  -18.820 0.2000000030
14840  -43.770  -63.816  -20.094 0.2000000030
13631  -44.100  -65.138  -19.149 0.2000000030
12431  -44.477  -66.106  -18.972 0.3000000119
11327  -45.289  -66.820  -18.167 0.3000000119
17432  -47.215  -62.374  -17.516 0.3000000119
16127  -46.661  -63.030  -17.467 0.3000000119
14787  -46.195  -64.077  -17.463 0.3000000119
17461  -47.097  -60.819  -17.821 0.3000000119
17460  -46.352  -61.741  -17.958 0.3000000119
16150  -45.995  -62.605  -17.797 0.3000000119
16126  -45.579  -63.188  -17.714 0.3000000119
21523  -45.531  -58.409  -18.058 0.2000000030
20152  -46.501  -59.483  -18.039 0.3000000119
13600  -45.701  -65.040  -17.585 0.2000000030
20132  -46.133  -58.855  -18.002 0.2000000030
21500  -47.160  -58.380  -16.873 0.2000000030
21499  -46.197  -58.165  -17.509 0.2000000030
21477  -47.937  -58.343  -15.993 0.3000000119
21476  -47.248  -57.748  -16.284 0.3000000119
21456  -48.588  -58.340  -15.457 0.3000000119
21441  -49.182  -58.153  -15.101 0.2000000030
21455  -48.167  -58.054  -15.472 0.3000000119
22831  -47.469  -57.382  -15.716 0.2000000030
24156  -48.389  -57.234  -15.115 0.2000000030
24157  -48.731  -57.124  -15.141 0.2000000030
24197  -48.694  -56.328  -16.372 0.1000000015
25590  -48.116  -55.344  -19.383 0.1000000015
25605  -48.702  -54.961  -19.790 0.1000000015
25606  -49.248  -54.855  -19.877 0.1000000015
27070  -49.912  -54.820  -19.749 0.1000000015
25589  -47.160  -55.833  -19.394 0.1000000015
27069  -48.098  -54.632  -19.994 0.1000000015
27085  -48.788  -54.409  -20.151 0.1000000015
27068  -47.363  -54.808  -19.702 0.1000000015
28603  -47.526  -54.125  -19.943 0.1000000015
28620  -48.023  -53.689  -20.233 0.1000000015
27067  -46.430  -54.844  -19.676 0.1000000015
28619  -47.297  -53.508  -19.945 0.1000000015
29991  -46.785  -53.135  -19.832 0.1000000015
28601  -45.749  -53.970  -19.756 0.1000000015
29990  -46.012  -53.068  -19.723 0.1000000015
31262  -45.928  -52.268  -19.741 0.1000000015
29989  -45.138  -53.209  -19.831 0.1000000015
31260  -44.763  -52.698  -19.906 0.1000000015
31279  -44.321  -51.993  -20.023 0.1000000015
17499  -41.803  -61.243  -19.930 0.3000000119
16147  -42.326  -62.724  -18.156 0.3000000119
14802  -42.868  -63.229  -18.454 0.3000000119
14803  -43.279  -63.871  -18.170 0.2000000030
13598  -43.736  -64.632  -17.979 0.2000000030
13616  -44.143  -65.318  -18.369 0.2000000030
14784  -42.856  -63.160  -17.886 0.3000000119
14785  -43.731  -63.835  -17.763 0.3000000119
12416  -44.689  -66.142  -18.258 0.2000000030
18792  -45.195  -60.671  -18.419 0.3000000119
17431  -44.020  -61.969  -18.126 0.3000000119
16125  -44.292  -62.824  -17.826 0.3000000119
13599  -44.611  -65.190  -17.847 0.2000000030
21522  -44.736  -58.561  -18.502 0.2000000030
18791  -43.977  -60.568  -18.521 0.3000000119
22867  -45.017  -57.607  -17.973 0.2000000030
22868  -45.566  -57.906  -17.729 0.2000000030
22851  -46.582  -57.384  -16.661 0.2000000030
24195  -47.000  -56.814  -15.858 0.2000000030
24176  -47.830  -56.810  -15.330 0.2000000030
30007  -46.509  -52.558  -19.843 0.1000000015
31280  -45.376  -51.635  -19.829 0.1000000015
20186  -39.182  -59.864  -20.151 0.1000000015
20187  -40.087  -59.959  -19.690 0.2000000030
18837  -40.717  -60.439  -20.206 0.3000000119
18814  -41.287  -60.992  -18.933 0.3000000119
18788  -41.172  -61.386  -18.359 0.3000000119
17455  -41.255  -61.787  -17.907 0.3000000119
17430  -43.331  -62.029  -17.835 0.3000000119
17429  -42.417  -61.743  -17.499 0.3000000119
20149  -43.296  -59.711  -18.564 0.3000000119
18790  -43.015  -60.640  -18.180 0.3000000119
17456  -42.914  -61.346  -17.831 0.3000000119
21520  -42.635  -58.810  -18.532 0.2000000030
22866  -44.081  -57.754  -18.527 0.2000000030
24221  -44.348  -57.025  -18.097 0.1000000015
22850  -45.633  -57.372  -17.409 0.2000000030
24207  -44.062  -56.218  -17.831 0.1000000015
24208  -45.000  -56.695  -17.421 0.2000000030
24209  -45.888  -56.671  -16.785 0.2000000030
25554  -45.351  -55.948  -16.565 0.2000000030
24194  -46.214  -56.123  -16.118 0.3000000119
18787  -40.677  -60.895  -17.855 0.3000000119
17454  -40.981  -61.425  -17.288 0.3000000119
17427  -41.046  -61.327  -16.989 0.3000000119
18770  -41.786  -60.985  -17.142 0.3000000119
21519  -41.634  -58.877  -17.808 0.3000000119
20148  -42.246  -59.875  -17.833 0.3000000119
18789  -42.378  -60.858  -17.568 0.3000000119
22864  -42.041  -57.833  -18.602 0.2000000030
24218  -41.575  -56.712  -18.632 0.1000000015
25572  -43.245  -55.914  -18.306 0.1000000015
25553  -44.518  -55.580  -16.992 0.1000000015
20146  -40.061  -60.093  -17.598 0.3000000119
21517  -39.219  -59.201  -17.509 0.2000000030
18768  -40.806  -61.006  -17.050 0.3000000119
18769  -41.118  -60.922  -16.915 0.3000000119
20129  -40.406  -59.999  -16.953 0.3000000119
21518  -41.189  -58.605  -17.596 0.2000000030
21498  -41.422  -59.381  -17.313 0.3000000119
20130  -41.440  -60.062  -17.115 0.3000000119
22863  -40.974  -57.933  -17.944 0.2000000030
24216  -39.825  -56.228  -18.129 0.1000000015
24217  -40.449  -56.655  -18.277 0.1000000015
25568  -39.333  -55.682  -17.955 0.1000000015
25570  -41.217  -55.537  -18.637 0.1000000015
25571  -42.328  -55.545  -18.478 0.1000000015
25551  -43.023  -55.054  -18.036 0.1000000015
21496  -39.338  -59.231  -16.975 0.2000000030
20113  -39.893  -59.328  -16.732 0.2000000030
22848  -40.168  -58.037  -17.059 0.2000000030
21475  -40.094  -58.955  -16.671 0.2000000030
24193  -39.284  -57.345  -16.717 0.1000000015
25550  -39.129  -56.195  -17.361 0.1000000015
25569  -40.203  -55.556  -18.519 0.1000000015
27049  -41.882  -54.390  -18.118 0.1000000015
27050  -42.571  -54.762  -18.024 0.1000000015
27046  -39.109  -54.720  -18.170 0.1000000015
27047  -39.846  -54.610  -18.510 0.1000000015
28579  -40.468  -53.486  -18.255 0.1000000015
28580  -41.196  -53.858  -18.214 0.1000000015
27023  -38.594  -54.790  -17.795 0.1000000015
28553  -38.998  -53.646  -18.074 0.1000000015
28578  -39.464  -53.789  -18.259 0.1000000015
18914  -46.883  -60.994  -23.842 0.4000000060
18876  -48.513  -60.717  -22.541 0.5000000000
18877  -49.527  -60.610  -22.870 0.5000000000
18894  -46.884  -61.074  -23.064 0.4000000060
18896  -48.767  -60.139  -23.362 0.5000000000
18895  -47.655  -60.411  -23.534 0.6000000238
14897  -47.143  -63.095  -24.255 0.5000000000
16233  -46.508  -62.726  -22.154 0.4000000060
14950  -46.624  -63.888  -27.911 0.5000000000
14885  -46.972  -63.436  -23.641 0.4000000060
18915  -47.346  -60.739  -24.601 0.5000000000
13755  -47.326  -64.184  -26.105 0.5000000000
17564  -46.988  -61.698  -24.356 0.6000000238
14933  -48.307  -63.225  -26.721 0.5000000000
14993  -46.798  -63.462  -30.065 0.5000000000
14915  -47.990  -63.454  -25.899 0.5000000000
14948  -44.488  -63.505  -28.136 0.5000000000
18899  -51.350  -59.624  -23.563 0.4000000060
14975  -48.172  -63.009  -28.739 0.4000000060
17628  -47.952  -61.453  -29.024 0.5000000000
18968  -47.481  -60.176  -27.727 0.4000000060
18967  -46.296  -60.486  -27.748 0.4000000060
20319  -48.136  -59.156  -27.657 0.4000000060
21643  -46.976  -58.065  -26.572 0.3000000119
21644  -47.612  -58.162  -27.042 0.4000000060
11414  -43.662  -66.795  -24.887 0.2000000030
16219  -46.995  -62.317  -20.948 0.5000000000
17552  -46.696  -61.763  -23.483 0.4000000060
20238  -51.637  -59.291  -23.428 0.3000000119
20236  -50.039  -59.295  -24.088 0.4000000060
20280  -48.210  -59.889  -25.520 0.6000000238
20191  -50.360  -59.767  -20.864 0.3000000119
21578  -51.695  -58.757  -22.918 0.4000000060
20237  -51.037  -59.035  -24.149 0.5000000000
20281  -48.687  -59.376  -25.756 0.6000000238
18949  -48.427  -61.228  -26.243 0.6000000238
17578  -48.391  -62.066  -26.168 0.6000000238
17565  -47.481  -61.635  -25.227 0.6000000238
16254  -47.290  -62.565  -24.704 0.6000000238
14916  -48.386  -62.970  -26.508 0.5000000000
14952  -48.314  -63.170  -27.516 0.5000000000
18951  -49.539  -60.159  -27.086 0.6000000238
20304  -49.274  -59.493  -26.652 0.5000000000
17591  -48.777  -61.623  -26.663 0.5000000000
16280  -48.655  -62.497  -27.060 0.5000000000
21611  -50.556  -58.072  -24.805 0.5000000000
21630  -49.365  -58.696  -26.168 0.5000000000
20321  -49.476  -59.426  -27.518 0.4000000060
20305  -49.616  -59.449  -27.146 0.5000000000
17629  -48.680  -61.383  -28.444 0.5000000000
22913  -50.456  -57.806  -23.122 0.4000000060
21589  -49.137  -57.755  -22.959 0.3000000119
24280  -50.585  -56.718  -24.439 0.5000000000
22950  -50.548  -57.228  -25.544 0.5000000000
22949  -50.293  -57.334  -26.125 0.5000000000
20320  -49.151  -59.311  -27.934 0.5000000000
24310  -50.524  -56.340  -25.905 0.5000000000
21658  -48.930  -58.399  -27.674 0.4000000060
22970  -49.426  -57.658  -27.232 0.4000000060
27159  -49.796  -54.999  -26.266 0.4000000060
25663  -50.239  -55.539  -25.514 0.4000000060
24324  -50.285  -56.243  -26.480 0.4000000060
22969  -48.814  -57.540  -27.343 0.4000000060
14843  -47.393  -63.825  -19.783 0.5000000000
16218  -46.652  -63.094  -21.238 0.4000000060
13736  -47.399  -64.294  -24.981 0.5000000000
16153  -51.485  -61.937  -18.488 0.5000000000
18795  -50.997  -60.021  -18.777 0.3000000119
21560  -47.957  -58.688  -21.626 0.3000000119
21574  -47.283  -58.112  -22.095 0.3000000119
22912  -48.466  -57.611  -22.881 0.3000000119
24278  -49.158  -56.303  -23.889 0.3000000119
24295  -50.275  -55.985  -24.667 0.3000000119
25648  -48.585  -55.222  -24.234 0.3000000119
25662  -49.551  -55.192  -24.824 0.3000000119
27144  -49.029  -54.312  -25.376 0.3000000119
27158  -49.237  -54.242  -26.086 0.3000000119
27172  -49.607  -55.173  -26.673 0.4000000060
25697  -48.628  -55.451  -26.837 0.4000000060
28704  -48.628  -53.555  -25.855 0.2000000030
28718  -48.845  -53.837  -26.355 0.3000000119
27170  -48.009  -54.396  -26.698 0.2000000030
28671  -47.471  -53.659  -24.213 0.2000000030
28703  -48.056  -52.820  -25.930 0.2000000030
31328  -46.071  -51.222  -25.092 0.1000000015
30050  -45.061  -52.036  -23.689 0.1000000015
14820  -47.984  -63.909  -19.251 0.4000000060
14842  -46.932  -64.257  -20.364 0.5000000000
12468  -47.137  -65.429  -22.184 0.4000000060
14886  -47.201  -64.275  -23.408 0.5000000000
18775  -51.444  -60.807  -17.202 0.4000000060
20136  -50.661  -59.376  -17.515 0.2000000030
20154  -49.134  -59.433  -18.584 0.2000000030
21525  -48.435  -58.687  -18.339 0.1000000015
21503  -49.950  -58.732  -17.306 0.1000000015
21573  -46.529  -57.943  -21.669 0.2000000030
22910  -46.522  -57.246  -22.320 0.2000000030
24276  -47.077  -56.027  -23.085 0.2000000030
22892  -45.543  -56.915  -21.304 0.2000000030
24260  -46.358  -56.277  -22.710 0.1000000015
25647  -47.370  -55.226  -23.583 0.2000000030
24259  -45.638  -56.209  -22.304 0.1000000015
25630  -45.821  -55.280  -22.782 0.1000000015
25646  -46.579  -54.882  -23.314 0.2000000030
27129  -47.073  -54.190  -23.741 0.2000000030
28670  -46.940  -53.141  -24.088 0.1000000015
30052  -46.417  -52.585  -24.126 0.1000000015
30086  -46.963  -51.831  -25.422 0.1000000015
30051  -45.962  -52.088  -24.176 0.1000000015
30068  -46.321  -51.767  -24.653 0.1000000015
28651  -43.992  -52.618  -22.576 0.1000000015
30035  -44.387  -52.297  -23.126 0.1000000015
30033  -43.186  -51.806  -22.588 0.1000000015
10282  -44.873  -67.857  -22.453 0.3000000119
11388  -45.285  -67.105  -22.640 0.3000000119
10254  -45.292  -68.156  -20.208 0.3000000119
9202  -44.899  -68.373  -21.639 0.3000000119
10255  -46.020  -67.645  -19.909 0.3000000119
11374  -46.487  -66.997  -20.575 0.3000000119
10283  -45.536  -67.768  -21.730 0.3000000119
11389  -45.855  -67.042  -22.362 0.3000000119
12467  -47.003  -65.909  -21.543 0.3000000119
11357  -46.434  -67.059  -19.670 0.3000000119
12447  -47.106  -65.093  -19.630 0.3000000119
14821  -48.676  -63.940  -18.760 0.4000000060
13617  -47.913  -64.859  -18.278 0.4000000060
20102  -50.982  -59.818  -16.264 0.3000000119
20087  -50.244  -58.709  -15.607 0.3000000119
21524  -47.710  -58.166  -18.617 0.1000000015
21546  -46.368  -58.026  -20.483 0.2000000030
24239  -45.353  -56.438  -20.688 0.1000000015
24248  -44.883  -55.676  -21.289 0.1000000015
27083  -44.568  -54.654  -20.656 0.1000000015
27113  -44.688  -54.432  -22.147 0.1000000015
28634  -43.789  -53.127  -21.790 0.1000000015
10268  -44.479  -68.104  -20.958 0.2000000030
9200  -43.036  -69.099  -22.218 0.2000000030
11344  -46.498  -66.800  -18.982 0.3000000119
16128  -47.827  -62.986  -17.263 0.3000000119
14790  -49.348  -63.618  -17.714 0.4000000060
18772  -48.709  -60.218  -16.827 0.3000000119
25604  -45.103  -55.440  -20.384 0.1000000015
27066  -45.495  -54.854  -19.896 0.1000000015
12465  -44.117  -65.983  -21.540 0.2000000030
11373  -44.500  -67.062  -20.882 0.2000000030
10253  -44.743  -67.883  -20.235 0.3000000119
20153  -47.010  -59.442  -17.712 0.3000000119
24178  -49.331  -56.986  -15.607 0.1000000015
24198  -49.265  -56.821  -16.031 0.1000000015
25573  -47.816  -55.869  -18.905 0.1000000015
16195  -42.761  -62.313  -20.365 0.2000000030
14819  -43.224  -63.651  -18.985 0.2000000030
13649  -44.178  -64.636  -19.996 0.2000000030
16170  -42.690  -62.770  -19.173 0.3000000119
13630  -43.751  -64.353  -19.383 0.2000000030
14786  -44.993  -64.058  -17.720 0.3000000119
18793  -46.323  -60.351  -18.185 0.3000000119
17459  -45.205  -61.666  -18.280 0.3000000119
16149  -45.348  -62.382  -18.023 0.3000000119
20151  -45.564  -59.408  -18.375 0.3000000119
20150  -44.417  -59.596  -18.625 0.3000000119
22812  -48.316  -57.818  -15.260 0.2000000030
24177  -48.718  -56.565  -15.576 0.1000000015
27087  -50.513  -54.552  -20.347 0.1000000015
28602  -46.740  -53.921  -19.759 0.1000000015
31261  -45.244  -52.473  -19.797 0.1000000015
16169  -42.104  -62.198  -19.016 0.3000000119
17480  -42.316  -61.924  -19.646 0.3000000119
16146  -41.903  -62.294  -18.432 0.3000000119
16122  -41.742  -62.285  -17.787 0.3000000119
16124  -43.075  -62.694  -17.717 0.3000000119
17458  -44.435  -61.390  -18.361 0.3000000119
17457  -43.585  -61.345  -18.195 0.3000000119
21521  -43.709  -58.697  -18.735 0.3000000119
22849  -45.201  -57.226  -17.612 0.2000000030
24210  -46.440  -56.715  -16.357 0.2000000030
18835  -38.764  -60.721  -20.562 0.1000000015
20169  -40.108  -60.056  -18.482 0.2000000030
18813  -40.722  -60.445  -19.122 0.3000000119
16123  -42.266  -62.404  -17.648 0.3000000119
17428  -41.511  -61.682  -17.245 0.3000000119
22865  -43.108  -57.783  -18.818 0.2000000030
24220  -43.588  -56.889  -18.512 0.1000000015
20147  -41.696  -59.547  -17.469 0.3000000119
24219  -42.641  -56.756  -18.748 0.1000000015
25552  -43.654  -55.273  -17.534 0.1000000015
20128  -39.698  -59.622  -17.204 0.3000000119
21497  -40.930  -59.001  -17.152 0.2000000030
24206  -40.281  -57.385  -17.658 0.1000000015
24205  -39.569  -56.875  -17.342 0.1000000015
21474  -39.456  -58.791  -16.713 0.2000000030
24192  -38.808  -56.874  -16.651 0.1000000015
27048  -40.825  -54.532  -18.534 0.1000000015
28577  -38.895  -54.157  -18.076 0.1000000015
15014  -46.199  -63.241  -30.998 0.3000000119
15032  -44.510  -63.214  -31.799 0.3000000119
15132  -38.747  -63.826  -36.182 0.2000000030
15130  -36.588  -63.440  -35.747 0.2000000030
15057  -42.889  -63.412  -33.008 0.4000000060
15085  -41.451  -63.752  -34.000 0.3000000119
15033  -45.609  -63.035  -31.764 0.4000000060
13887  -40.328  -64.312  -34.699 0.3000000119
15015  -47.027  -62.689  -30.994 0.4000000060
15087  -43.361  -62.922  -33.488 0.4000000060
15109  -40.667  -63.848  -34.990 0.3000000119
15154  -38.924  -63.538  -37.338 0.2000000030
16391  -45.725  -62.172  -32.357 0.4000000060
15059  -45.163  -62.698  -32.443 0.4000000060
15136  -42.142  -62.734  -35.166 0.4000000060
16368  -46.840  -62.047  -31.422 0.4000000060
16350  -47.418  -61.961  -30.784 0.4000000060
16409  -43.067  -62.532  -34.214 0.4000000060
15134  -40.496  -63.566  -35.811 0.3000000119
17706  -45.165  -61.802  -32.631 0.4000000060
16410  -43.597  -62.356  -33.823 0.4000000060
16454  -41.911  -62.513  -35.447 0.3000000119
15155  -39.693  -63.112  -37.081 0.4000000060
17660  -47.131  -61.684  -30.635 0.4000000060
17731  -43.431  -61.848  -33.919 0.4000000060
16478  -40.384  -62.472  -36.587 0.3000000119
17627  -47.456  -61.512  -29.411 0.4000000060
17679  -45.910  -61.685  -31.849 0.4000000060
17705  -44.239  -61.728  -33.206 0.4000000060
17754  -42.014  -61.748  -34.928 0.4000000060
17644  -46.168  -61.334  -30.184 0.4000000060
17704  -43.123  -61.401  -33.280 0.4000000060
18996  -46.325  -61.249  -29.378 0.4000000060
17678  -44.757  -61.461  -32.218 0.4000000060
17730  -42.621  -61.463  -34.091 0.4000000060
17657  -45.080  -61.418  -31.206 0.4000000060
17656  -43.948  -61.300  -31.301 0.4000000060
17677  -43.574  -61.351  -32.349 0.4000000060
17753  -41.000  -61.629  -34.812 0.3000000119
18995  -45.513  -61.113  -29.425 0.4000000060
17655  -42.762  -61.293  -31.345 0.4000000060
17703  -42.247  -61.039  -33.364 0.4000000060
17729  -41.620  -61.095  -33.957 0.3000000119
17752  -39.895  -61.329  -34.692 0.2000000030
18982  -45.882  -60.877  -28.577 0.3000000119
17642  -44.273  -61.207  -30.314 0.4000000060
18994  -44.573  -61.014  -29.445 0.4000000060
19028  -41.586  -60.745  -32.535 0.4000000060
17728  -40.613  -61.130  -33.988 0.2000000030
19085  -39.630  -60.949  -33.870 0.2000000030
17750  -37.956  -61.292  -34.966 0.3000000119
18981  -44.845  -60.737  -28.587 0.3000000119
17675  -41.395  -60.779  -31.976 0.3000000119
19072  -39.198  -60.529  -33.398 0.2000000030
19054  -40.588  -60.460  -32.768 0.2000000030
19083  -38.518  -61.076  -34.464 0.2000000030
17749  -36.835  -61.366  -35.184 0.2000000030
18947  -46.543  -59.833  -27.148 0.3000000119
18966  -45.176  -60.504  -27.699 0.3000000119
17641  -43.015  -61.290  -30.117 0.4000000060
19026  -40.418  -60.361  -31.946 0.1000000015
20301  -45.859  -59.402  -26.419 0.3000000119
18965  -44.111  -60.453  -27.720 0.3000000119
18979  -42.854  -60.913  -28.655 0.2000000030
17639  -41.064  -61.223  -30.433 0.2000000030
19071  -38.149  -60.720  -33.741 0.1000000015
17725  -36.374  -61.232  -34.226 0.2000000030
18964  -43.091  -60.574  -27.722 0.2000000030
18978  -41.836  -61.013  -28.659 0.2000000030
18991  -40.140  -60.587  -30.319 0.1000000015
19025  -39.730  -60.049  -31.608 0.1000000015
19052  -38.615  -60.133  -32.668 0.1000000015
19070  -37.005  -60.818  -33.443 0.1000000015
20278  -46.108  -58.658  -26.058 0.2000000030
18945  -44.421  -60.122  -26.865 0.3000000119
18944  -43.348  -60.211  -26.849 0.3000000119
24320  -47.034  -56.519  -26.265 0.2000000030
20277  -45.166  -58.937  -25.617 0.1000000015
20300  -44.787  -59.646  -26.127 0.3000000119
18977  -40.784  -61.045  -29.200 0.1000000015
20397  -39.367  -59.884  -31.833 0.1000000015
19051  -37.557  -60.166  -32.539 0.1000000015
22948  -46.282  -57.199  -25.805 0.2000000030
20299  -43.643  -59.734  -26.020 0.2000000030
18943  -42.337  -60.270  -26.918 0.1000000015
18963  -42.079  -60.631  -27.765 0.1000000015
18990  -39.411  -60.002  -30.088 0.1000000015
20395  -38.209  -59.587  -32.018 0.1000000015
19050  -36.496  -60.588  -32.620 0.1000000015
19049  -35.273  -61.045  -32.713 0.1000000015
20276  -44.059  -59.138  -25.355 0.1000000015
20298  -42.541  -59.817  -26.079 0.2000000030
20297  -41.558  -59.907  -26.242 0.1000000015
18961  -40.080  -60.412  -28.202 0.1000000015
20342  -38.856  -59.577  -29.628 0.1000000015
20376  -38.426  -59.204  -31.180 0.1000000015
20374  -36.560  -59.662  -31.349 0.1000000015
19048  -34.139  -60.928  -32.230 0.1000000015
20317  -40.032  -60.124  -27.329 0.1000000015
20341  -38.159  -59.021  -29.239 0.1000000015
21713  -38.009  -58.801  -30.601 0.1000000015
19005  -34.437  -60.128  -30.805 0.1000000015
19021  -33.925  -60.557  -31.414 0.1000000015
21696  -37.336  -58.667  -30.522 0.1000000015
25678  -46.725  -55.484  -26.055 0.2000000030
24309  -46.208  -56.312  -25.671 0.1000000015
21628  -45.516  -57.882  -25.382 0.1000000015
21608  -44.682  -57.617  -24.805 0.1000000015
20274  -41.704  -59.462  -25.452 0.1000000015
21626  -43.487  -58.502  -24.740 0.1000000015
20296  -40.595  -59.934  -26.589 0.1000000015
20316  -39.214  -59.847  -27.741 0.1000000015
19022  -35.037  -60.410  -31.477 0.1000000015
19023  -36.046  -60.301  -31.849 0.1000000015
21712  -37.838  -58.885  -30.995 0.1000000015
20330  -38.665  -59.539  -28.619 0.1000000015
15058  -44.027  -62.871  -32.941 0.3000000119
13900  -39.740  -64.025  -35.586 0.3000000119
15111  -42.026  -63.159  -34.794 0.3000000119
15086  -42.698  -63.096  -33.970 0.3000000119
15133  -39.512  -63.681  -36.356 0.3000000119
16390  -44.802  -62.186  -33.063 0.4000000060
15156  -40.399  -62.870  -36.651 0.3000000119
17680  -46.618  -61.632  -31.209 0.4000000060
17755  -42.792  -61.947  -34.592 0.4000000060
17781  -41.797  -62.203  -35.510 0.3000000119
17658  -46.033  -61.402  -30.995 0.4000000060
19075  -41.423  -60.791  -33.415 0.2000000030
17751  -38.910  -61.275  -35.060 0.2000000030
18993  -43.607  -61.047  -29.406 0.3000000119
17640  -41.982  -61.257  -30.447 0.2000000030
17726  -37.265  -61.098  -34.288 0.2000000030
18946  -45.515  -60.047  -26.952 0.3000000119
18980  -43.850  -60.772  -28.584 0.3000000119
17653  -40.784  -60.795  -31.321 0.2000000030
19053  -39.621  -60.178  -32.451 0.1000000015
17626  -42.522  -61.111  -29.254 0.4000000060
17625  -41.922  -61.193  -29.577 0.2000000030
19007  -40.135  -60.350  -31.209 0.1000000015
19069  -36.105  -61.058  -33.375 0.1000000015
19006  -39.621  -59.996  -30.849 0.1000000015
18962  -40.950  -60.600  -27.770 0.1000000015
20358  -39.028  -59.523  -30.542 0.1000000015
19024  -36.839  -59.992  -31.963 0.1000000015
22947  -45.711  -56.940  -25.392 0.1000000015
20275  -42.725  -59.116  -25.175 0.1000000015
18976  -39.533  -60.228  -29.101 0.1000000015
20357  -38.405  -59.099  -30.191 0.1000000015
19047  -33.402  -60.913  -31.952 0.1000000015
13769  -42.654  -65.392  -28.069 0.3000000119
13787  -42.444  -65.210  -28.924 0.2000000030
12574  -41.475  -66.553  -29.810 0.3000000119
13800  -42.127  -64.950  -29.790 0.2000000030
13732  -43.727  -64.460  -25.778 0.4000000060
13753  -42.886  -65.316  -27.210 0.2000000030
13754  -43.382  -64.433  -26.869 0.4000000060
13788  -42.742  -64.667  -28.445 0.3000000119
12586  -41.412  -66.022  -30.622 0.2000000030
14929  -44.751  -63.547  -27.241 0.4000000060
14989  -42.663  -64.302  -29.317 0.2000000030
13814  -41.803  -64.785  -30.780 0.2000000030
11482  -41.040  -66.305  -31.135 0.1000000015
12601  -41.132  -65.790  -31.601 0.2000000030
12599  -39.975  -65.600  -32.247 0.1000000015
14990  -43.441  -63.679  -29.601 0.3000000119
12584  -40.021  -65.511  -30.916 0.1000000015
13831  -41.819  -64.428  -31.730 0.2000000030
13829  -39.565  -64.905  -31.904 0.1000000015
13847  -39.044  -64.248  -32.607 0.1000000015
13848  -39.633  -65.041  -32.990 0.1000000015
13868  -39.185  -64.457  -34.003 0.1000000015
15054  -37.800  -63.277  -32.794 0.1000000015
15055  -38.396  -63.648  -32.472 0.1000000015
15083  -38.441  -63.720  -33.416 0.1000000015
15081  -36.545  -63.319  -33.921 0.1000000015
15082  -37.575  -63.328  -33.806 0.1000000015
14971  -44.036  -63.517  -28.907 0.3000000119
13850  -41.239  -64.879  -32.483 0.2000000030
12616  -40.517  -65.363  -32.633 0.2000000030
12635  -40.164  -65.193  -33.421 0.2000000030
15107  -37.140  -63.371  -34.853 0.1000000015
15052  -35.983  -63.127  -33.095 0.1000000015
14972  -45.139  -63.591  -29.009 0.2000000030
14991  -44.583  -63.542  -29.860 0.3000000119
13851  -42.098  -63.959  -32.416 0.2000000030
13869  -39.928  -65.017  -33.868 0.2000000030
15108  -38.352  -63.658  -34.802 0.1000000015
15080  -35.603  -63.524  -33.962 0.1000000015
15012  -43.851  -63.443  -30.675 0.3000000119
15056  -41.924  -63.864  -33.196 0.3000000119
14973  -46.249  -63.764  -29.030 0.2000000030
13886  -39.739  -64.386  -34.781 0.2000000030
13885  -39.202  -64.104  -35.231 0.1000000015
15105  -35.334  -63.794  -34.861 0.1000000015
15131  -37.670  -63.443  -35.993 0.1000000015
13898  -35.179  -64.122  -35.722 0.1000000015
15013  -45.141  -63.390  -30.897 0.2000000030
15152  -36.901  -63.456  -36.866 0.1000000015
15153  -37.974  -63.740  -37.224 0.1000000015
13897  -34.729  -65.073  -36.235 0.1000000015
13911  -35.337  -64.331  -36.895 0.1000000015
14992  -45.739  -63.593  -30.013 0.2000000030
15175  -37.110  -63.532  -38.006 0.1000000015
15176  -38.152  -63.240  -38.230 0.1000000015
11535  -34.590  -66.662  -36.051 0.1000000015
13910  -34.873  -65.097  -37.408 0.1000000015
15174  -36.138  -63.819  -37.490 0.1000000015
15201  -36.100  -63.601  -38.538 0.1000000015
16477  -39.797  -62.595  -37.067 0.3000000119
13929  -34.627  -64.981  -38.975 0.1000000015
14928  -43.809  -63.716  -27.448 0.3000000119
14970  -43.108  -64.000  -28.700 0.2000000030
15031  -42.867  -63.572  -31.674 0.3000000119
15129  -35.811  -63.645  -35.508 0.1000000015
13870  -40.615  -64.746  -33.484 0.2000000030
15011  -42.647  -63.919  -30.254 0.2000000030
12666  -34.594  -65.867  -36.173 0.1000000015
12681  -34.631  -65.908  -36.853 0.1000000015
13920  -35.429  -64.375  -37.986 0.1000000015
11516  -34.358  -66.702  -34.915 0.1000000015
13919  -34.853  -65.076  -38.380 0.1000000015
15177  -38.997  -62.929  -38.139 0.2000000030
15200  -34.768  -63.192  -39.272 0.1000000015
13918  -33.605  -64.108  -38.852 0.1000000015
16519  -34.055  -62.851  -38.604 0.2000000030
13917  -33.180  -64.676  -38.430 0.1000000015
17838  -36.829  -61.999  -39.149 0.2000000030
16521  -35.681  -62.417  -39.239 0.2000000030
15173  -33.571  -63.454  -38.327 0.2000000030
16500  -35.175  -62.082  -38.578 0.1000000015
15172  -33.082  -63.678  -37.501 0.1000000015
16499  -34.318  -62.242  -38.184 0.2000000030
16476  -34.765  -62.016  -37.900 0.1000000015
16502  -38.434  -62.361  -38.362 0.2000000030
17822  -36.824  -61.804  -38.487 0.1000000015
16497  -33.318  -62.936  -37.528 0.1000000015
17799  -33.805  -62.046  -37.337 0.1000000015
17825  -39.323  -62.038  -37.427 0.2000000030
17823  -37.842  -61.958  -38.327 0.2000000030
17801  -35.683  -61.769  -37.682 0.1000000015
17774  -35.011  -61.750  -36.295 0.1000000015
17803  -38.176  -61.737  -37.188 0.1000000015
17775  -36.284  -61.599  -36.320 0.1000000015
17805  -39.897  -62.091  -36.838 0.2000000030
17804  -39.096  -61.847  -36.977 0.2000000030
17777  -38.532  -61.561  -36.066 0.2000000030
17776  -37.472  -61.581  -36.180 0.1000000015
17779  -40.438  -61.840  -35.781 0.2000000030
16523  -37.643  -62.386  -38.858 0.1000000015
16536  -35.716  -62.960  -39.388 0.1000000015
12545  -43.116  -65.242  -26.434 0.2000000030
11462  -41.585  -66.945  -29.305 0.1000000015
9201  -44.136  -68.852  -22.194 0.2000000030
9217  -43.320  -69.177  -23.205 0.1000000015
17517  -42.266  -61.914  -21.224 0.1000000015
12482  -42.610  -66.446  -22.265 0.1000000015
11386  -41.896  -67.557  -22.206 0.1000000015
13670  -44.353  -65.111  -20.926 0.1000000015
11387  -43.011  -67.639  -22.016 0.1000000015
16216  -42.565  -62.638  -21.599 0.1000000015
12464  -40.945  -65.757  -21.805 0.1000000015
17500  -42.345  -61.807  -20.702 0.2000000030
16217  -43.234  -63.018  -21.359 0.1000000015
14856  -42.935  -63.358  -21.954 0.1000000015
14872  -43.071  -64.472  -22.331 0.1000000015
13686  -43.444  -65.294  -22.195 0.1000000015
12528  -43.225  -66.007  -25.865 0.2000000030
9218  -44.118  -68.590  -22.966 0.1000000015
12483  -43.480  -66.514  -22.071 0.1000000015
13669  -43.998  -64.885  -21.619 0.1000000015
14841  -44.099  -64.284  -20.811 0.1000000015
18854  -40.765  -60.967  -21.024 0.2000000030
12480  -40.576  -66.904  -21.944 0.1000000015
12481  -41.353  -66.370  -21.995 0.1000000015
14857  -43.513  -63.801  -21.618 0.1000000015
16231  -41.524  -63.085  -22.087 0.1000000015
12544  -42.973  -66.198  -26.670 0.1000000015
12552  -42.686  -66.366  -27.576 0.1000000015
21516  -38.724  -58.708  -18.012 0.1000000015
21534  -38.739  -58.899  -18.898 0.1000000015
21533  -38.239  -59.002  -19.358 0.1000000015
18812  -37.291  -60.897  -19.760 0.1000000015
21535  -39.151  -59.157  -18.254 0.1000000015
20168  -39.429  -59.434  -19.032 0.1000000015
21514  -36.832  -58.754  -18.647 0.1000000015
21513  -36.296  -59.122  -18.557 0.1000000015
20143  -36.651  -59.766  -19.047 0.1000000015
17453  -36.305  -61.603  -18.594 0.1000000015
21515  -37.892  -58.534  -18.824 0.1000000015
20166  -37.656  -59.706  -19.688 0.1000000015
20165  -37.023  -60.335  -19.474 0.1000000015
17477  -36.665  -62.005  -19.012 0.1000000015
21494  -38.224  -58.173  -17.657 0.1000000015
17426  -35.629  -61.465  -17.691 0.1000000015
21492  -35.904  -58.434  -17.968 0.1000000015
20142  -35.917  -59.675  -18.404 0.1000000015
18785  -35.641  -60.573  -18.027 0.1000000015
21493  -37.225  -58.017  -17.975 0.1000000015
18786  -36.136  -60.646  -18.625 0.1000000015
16144  -36.013  -61.939  -18.080 0.1000000015
22846  -38.438  -58.092  -16.925 0.1000000015
21473  -38.843  -58.251  -16.627 0.1000000015
20126  -34.833  -59.794  -17.049 0.1000000015
20127  -35.349  -59.663  -17.748 0.1000000015
18767  -35.206  -60.710  -17.286 0.1000000015
22845  -37.782  -57.698  -17.105 0.1000000015
22829  -39.676  -58.303  -16.673 0.1000000015
24175  -46.843  -56.055  -15.624 0.1000000015
25516  -47.376  -55.728  -15.699 0.1000000015
22844  -36.735  -57.511  -17.179 0.1000000015
22828  -39.164  -57.858  -16.495 0.1000000015
22847  -39.570  -57.703  -16.761 0.1000000015
25517  -48.039  -56.168  -15.559 0.1000000015
24174  -46.193  -55.581  -15.778 0.1000000015
27007  -48.073  -54.827  -16.834 0.1000000015
25536  -48.100  -55.688  -16.116 0.1000000015
25535  -47.625  -55.491  -15.983 0.1000000015
18754  -35.010  -61.148  -16.715 0.1000000015
17411  -35.338  -61.710  -16.978 0.1000000015
20185  -38.318  -60.023  -20.159 0.1000000015
18834  -37.964  -60.703  -20.201 0.1000000015
20167  -38.614  -59.360  -19.650 0.1000000015
21495  -38.854  -58.707  -17.088 0.1000000015
20144  -37.217  -59.118  -19.132 0.1000000015
18811  -36.645  -61.019  -19.233 0.1000000015
27169  -47.115  -54.556  -26.396 0.1000000015
28702  -46.701  -54.084  -26.296 0.1000000015
28716  -47.036  -53.449  -26.585 0.1000000015
12542  -40.860  -66.119  -27.138 0.1000000015
12551  -40.554  -66.286  -27.790 0.1000000015
11449  -40.746  -66.946  -28.551 0.1000000015
13751  -40.630  -65.220  -27.080 0.1000000015
13750  -39.898  -64.712  -27.542 0.1000000015
13767  -39.632  -64.809  -28.160 0.1000000015
11440  -41.016  -67.212  -27.797 0.1000000015
16279  -40.456  -63.296  -26.093 0.1000000015
11441  -41.250  -67.359  -27.348 0.1000000015
16264  -39.014  -62.242  -26.022 0.1000000015
16265  -39.938  -62.496  -25.643 0.1000000015
13752  -41.310  -64.995  -26.326 0.1000000015
17562  -38.883  -61.426  -24.730 0.1000000015
14909  -41.126  -63.768  -25.524 0.1000000015
11241  -31.061  -65.822  -12.558 0.1000000015
12327  -31.277  -65.627  -13.060 0.1000000015
14735  -29.732  -63.436  -14.479 0.1000000015
14749  -29.001  -62.882  -15.062 0.1000000015
16101  -29.747  -62.184  -16.331 0.1000000015
17450  -30.005  -61.104  -18.100 0.1000000015
10357  -41.523  -67.466  -28.471 0.1000000015
17449  -28.999  -60.873  -18.016 0.1000000015
18784  -30.125  -60.728  -18.844 0.1000000015
17575  -38.281  -61.527  -25.583 0.1000000015
18913  -38.161  -60.897  -24.722 0.1000000015
11461  -41.202  -66.859  -29.884 0.1000000015
18808  -29.733  -60.272  -19.307 0.1000000015
20199  -30.571  -59.252  -20.775 0.1000000015
21570  -33.387  -58.462  -22.570 0.1000000015
20251  -36.928  -60.043  -24.406 0.1000000015
20232  -36.540  -59.735  -23.726 0.1000000015
18893  -38.077  -60.730  -23.780 0.1000000015
16251  -39.978  -62.472  -24.558 0.1000000015
11472  -41.060  -66.536  -30.630 0.1000000015
18807  -28.656  -60.407  -19.202 0.1000000015
21569  -32.329  -58.413  -22.308 0.1000000015
20231  -35.765  -59.363  -23.450 0.1000000015
18891  -36.866  -60.079  -23.035 0.1000000015
12345  -30.895  -64.857  -13.530 0.1000000015
13540  -30.361  -64.417  -13.523 0.1000000015
14736  -30.685  -63.556  -14.886 0.1000000015
11434  -41.353  -67.303  -26.773 0.1000000015
9280  -41.991  -68.478  -27.077 0.1000000015
10358  -41.958  -67.728  -28.202 0.1000000015
14750  -30.011  -62.894  -15.256 0.1000000015
17424  -30.316  -61.724  -17.244 0.1000000015
16102  -30.654  -62.359  -16.633 0.1000000015
10374  -41.343  -67.224  -29.139 0.1000000015
21545  -31.963  -59.160  -20.783 0.1000000015
21556  -33.168  -58.751  -21.658 0.1000000015
21557  -34.013  -58.860  -21.976 0.1000000015
17550  -38.878  -61.510  -23.891 0.1000000015
20201  -32.915  -59.259  -21.002 0.1000000015
20217  -34.735  -59.260  -21.943 0.1000000015
20218  -35.537  -59.606  -22.524 0.1000000015
18873  -37.870  -60.802  -23.105 0.1000000015
11260  -32.079  -65.902  -13.494 0.1000000015
12346  -31.600  -65.253  -13.686 0.1000000015
12359  -32.625  -65.383  -14.500 0.1000000015
11273  -33.113  -66.040  -14.213 0.1000000015
9265  -41.965  -68.616  -26.585 0.1000000015
13541  -30.942  -64.594  -13.892 0.1000000015
14737  -31.371  -63.765  -15.242 0.1000000015
12543  -41.356  -66.112  -26.451 0.1000000015
10337  -42.699  -68.255  -26.385 0.1000000015
14927  -41.383  -64.472  -25.794 0.1000000015
11435  -42.843  -67.320  -26.927 0.1000000015
14751  -30.983  -63.053  -15.840 0.1000000015
17425  -30.853  -61.966  -17.452 0.1000000015
18810  -31.455  -61.120  -19.642 0.1000000015
20181  -32.356  -59.746  -20.589 0.1000000015
18809  -30.779  -60.560  -19.465 0.1000000015
18830  -31.766  -60.627  -20.098 0.1000000015
20203  -35.100  -60.111  -21.701 0.1000000015
18871  -36.481  -60.552  -22.527 0.1000000015
20182  -33.287  -60.022  -20.725 0.1000000015
20202  -34.069  -59.639  -21.214 0.1000000015
12360  -33.277  -65.912  -14.567 0.1000000015
10336  -41.638  -68.040  -26.273 0.1000000015
12370  -32.982  -65.150  -15.308 0.1000000015
12372  -34.060  -66.148  -15.619 0.1000000015
11287  -34.625  -66.724  -15.644 0.1000000015
14910  -41.414  -64.474  -25.016 0.1000000015
12526  -41.669  -66.222  -25.221 0.1000000015
9245  -41.844  -68.651  -25.335 0.1000000015
14753  -32.276  -63.991  -15.967 0.1000000015
13570  -32.550  -64.481  -15.716 0.1000000015
16266  -40.650  -63.033  -25.123 0.1000000015
11442  -42.371  -67.321  -27.947 0.1000000015
14767  -31.680  -63.098  -16.732 0.1000000015
14752  -31.893  -63.737  -15.843 0.1000000015
18872  -37.307  -60.696  -22.779 0.1000000015
17551  -39.278  -61.868  -23.919 0.1000000015
16103  -31.215  -62.630  -16.787 0.1000000015
18851  -34.725  -60.760  -21.248 0.1000000015
17476  -31.400  -61.654  -19.174 0.1000000015
17492  -31.857  -61.659  -19.832 0.1000000015
18831  -32.796  -60.772  -20.509 0.1000000015
12371  -33.536  -65.727  -15.300 0.1000000015
13571  -33.213  -65.071  -15.793 0.1000000015
16252  -40.466  -63.203  -24.349 0.1000000015
11436  -43.133  -67.234  -26.443 0.1000000015
18870  -35.791  -60.772  -22.031 0.1000000015
17533  -37.786  -61.508  -22.701 0.1000000015
17493  -32.500  -61.708  -20.269 0.1000000015
14780  -32.013  -62.940  -17.819 0.1000000015
16119  -31.271  -62.390  -17.387 0.1000000015
16188  -31.863  -62.097  -19.608 0.1000000015
14884  -40.331  -63.868  -23.893 0.1000000015
12512  -41.387  -66.447  -24.389 0.1000000015
16229  -38.186  -62.338  -22.878 0.1000000015
18852  -35.327  -61.037  -21.619 0.1000000015
17532  -37.063  -61.579  -22.456 0.1000000015
16228  -37.474  -62.503  -22.683 0.1000000015
14768  -32.304  -63.826  -16.419 0.1000000015
17494  -33.386  -61.727  -20.556 0.1000000015
14781  -32.383  -63.592  -17.412 0.1000000015
16189  -32.372  -62.640  -19.928 0.1000000015
14799  -32.119  -62.948  -18.401 0.1000000015
13700  -40.524  -65.473  -23.785 0.1000000015
12499  -40.804  -66.286  -23.745 0.1000000015
16227  -36.786  -62.687  -22.481 0.1000000015
14882  -38.550  -63.345  -23.198 0.1000000015
13584  -33.273  -64.813  -16.553 0.1000000015
16191  -34.040  -62.744  -20.722 0.1000000015
17512  -35.744  -61.812  -21.812 0.1000000015
17495  -34.335  -61.582  -20.856 0.1000000015
17511  -35.107  -61.790  -21.409 0.1000000015
14800  -32.409  -63.449  -18.510 0.1000000015
12498  -39.799  -66.091  -23.479 0.1000000015
13698  -38.724  -64.639  -23.409 0.1000000015
16226  -36.202  -62.759  -22.070 0.1000000015
14881  -37.774  -63.859  -23.101 0.1000000015
12395  -33.776  -65.346  -17.131 0.1000000015
16190  -33.124  -62.732  -20.457 0.1000000015
11399  -39.456  -66.420  -23.182 0.1000000015
13583  -32.805  -64.246  -16.961 0.1000000015
11274  -33.753  -66.645  -14.377 0.1000000015
9095  -36.446  -69.395  -16.098 0.1000000015
9114  -36.004  -68.529  -16.472 0.1000000015
11288  -35.209  -67.233  -16.188 0.1000000015
10181  -34.864  -67.444  -14.977 0.1000000015
13553  -29.858  -63.938  -13.902 0.1000000015
17475  -30.649  -61.165  -18.742 0.1000000015
18783  -29.392  -60.612  -18.641 0.1000000015
20164  -30.175  -60.064  -19.642 0.1000000015
20179  -30.381  -59.709  -20.126 0.1000000015
20180  -31.346  -59.503  -20.522 0.1000000015
21555  -32.098  -58.750  -21.286 0.1000000015
21571  -34.486  -58.786  -22.749 0.1000000015
21588  -35.224  -58.995  -23.937 0.1000000015
20271  -36.326  -60.091  -24.992 0.1000000015
17534  -38.361  -61.430  -23.173 0.1000000015
13556  -32.088  -64.631  -14.838 0.1000000015
18832  -33.645  -60.796  -20.664 0.1000000015
13715  -41.336  -65.377  -24.436 0.1000000015
16240  -39.409  -62.425  -23.691 0.1000000015
14883  -39.503  -63.705  -23.548 0.1000000015
17531  -36.353  -61.696  -22.190 0.1000000015
13699  -39.740  -64.943  -23.641 0.1000000015
9094  -35.803  -68.885  -15.397 0.1000000015
10462  -24.491  -67.532  -35.113 0.1000000015
9363  -24.744  -67.924  -34.311 0.1000000015
13908  -20.248  -64.391  -36.681 0.1000000015
13893  -20.640  -64.521  -35.763 0.1000000015
13894  -21.401  -64.368  -35.124 0.1000000015
12660  -22.005  -65.448  -35.110 0.1000000015
10497  -23.281  -66.740  -36.270 0.1000000015
15168  -21.502  -63.339  -37.450 0.1000000015
15218  -22.717  -63.358  -39.235 0.1000000015
15242  -23.421  -63.876  -39.910 0.1000000015
10463  -25.204  -67.490  -35.612 0.1000000015
9364  -25.232  -68.190  -34.014 0.1000000015
9365  -26.057  -68.602  -34.105 0.1000000015
10481  -24.835  -66.772  -36.208 0.1000000015
12676  -22.263  -65.784  -35.958 0.1000000015
11550  -23.775  -66.079  -37.027 0.1000000015
10480  -23.871  -66.832  -35.979 0.1000000015
9340  -25.232  -68.054  -33.460 0.1000000015
15125  -21.240  -63.739  -35.677 0.1000000015
11548  -22.415  -66.459  -36.550 0.1000000015
11547  -21.432  -66.158  -36.211 0.1000000015
15148  -21.349  -63.397  -36.562 0.1000000015
15192  -23.142  -62.962  -38.167 0.1000000015
15219  -23.801  -63.388  -39.180 0.1000000015
15220  -24.872  -63.405  -39.283 0.1000000015
8288  -34.785  -69.703  -31.123 0.1000000015
9346  -31.714  -69.059  -32.648 0.1000000015
8303  -33.747  -69.621  -32.400 0.1000000015
9386  -26.583  -69.026  -35.066 0.1000000015
9366  -27.026  -68.850  -33.938 0.1000000015
9343  -27.540  -68.314  -32.975 0.1000000015
9368  -29.478  -68.977  -33.855 0.1000000015
9345  -30.044  -68.251  -32.288 0.1000000015
9385  -25.757  -68.207  -35.382 0.1000000015
9344  -28.723  -68.312  -32.808 0.1000000015
10482  -25.660  -67.306  -36.590 0.1000000015
9342  -26.490  -68.279  -33.157 0.1000000015
12662  -23.918  -65.566  -36.334 0.1000000015
11529  -24.233  -66.059  -36.956 0.1000000015
15169  -22.264  -62.990  -37.482 0.1000000015
8304  -34.575  -69.426  -32.458 0.1000000015
9347  -32.942  -69.197  -32.256 0.1000000015
9326  -35.250  -69.332  -31.270 0.1000000015
9367  -28.133  -68.887  -33.823 0.1000000015
9369  -30.637  -69.076  -33.382 0.1000000015
9387  -27.539  -69.282  -34.817 0.1000000015
12661  -22.981  -65.395  -35.484 0.1000000015
12643  -21.864  -64.756  -34.732 0.1000000015
15099  -21.744  -63.745  -34.993 0.1000000015
15126  -22.068  -63.258  -35.399 0.1000000015
16468  -23.017  -62.470  -36.477 0.1000000015
11530  -25.316  -66.255  -36.794 0.1000000015
8287  -33.961  -69.461  -31.266 0.1000000015
8301  -32.125  -69.448  -33.104 0.1000000015
12663  -24.597  -65.807  -36.596 0.1000000015
9324  -32.449  -68.743  -31.459 0.1000000015
9404  -26.649  -68.529  -36.356 0.1000000015
10483  -26.116  -67.841  -36.659 0.1000000015
8270  -34.185  -69.532  -30.466 0.1000000015
11532  -27.145  -66.662  -36.551 0.1000000015
11533  -27.899  -66.914  -36.192 0.1000000015
11512  -28.554  -67.007  -35.306 0.1000000015
9370  -31.321  -69.343  -33.435 0.1000000015
9388  -28.568  -69.339  -34.695 0.1000000015
8332  -28.051  -69.633  -35.600 0.1000000015
9420  -26.922  -68.008  -36.882 0.1000000015
8353  -27.779  -69.535  -36.492 0.1000000015
10500  -27.175  -67.501  -36.936 0.1000000015
10501  -28.081  -67.792  -37.202 0.1000000015
8354  -28.583  -70.160  -36.199 0.1000000015
8334  -30.017  -69.774  -34.803 0.1000000015
8333  -28.996  -69.762  -35.360 0.1000000015
8373  -29.031  -70.381  -37.267 0.1000000015
8352  -27.207  -69.177  -36.273 0.1000000015
11511  -27.535  -66.491  -35.582 0.1000000015
9421  -27.639  -68.618  -37.009 0.1000000015
7283  -28.978  -70.536  -37.076 0.1000000015
7284  -29.416  -70.551  -37.217 0.1000000015
8316  -30.271  -69.358  -34.015 0.1000000015
8317  -30.926  -69.527  -34.039 0.1000000015
8331  -27.164  -69.408  -35.814 0.1000000015
8371  -28.198  -69.450  -37.174 0.1000000015
8372  -28.594  -70.174  -37.063 0.1000000015
8388  -29.239  -70.057  -37.661 0.1000000015
9172  -44.829  -68.391  -20.752 0.3000000119
9184  -43.871  -68.833  -21.800 0.2000000030
9186  -44.951  -68.540  -21.109 0.3000000119
9266  -42.250  -68.580  -26.607 0.1000000015
9281  -42.132  -68.592  -26.889 0.1000000015
9325  -33.361  -69.173  -31.692 0.1000000015
9341  -25.622  -68.124  -33.374 0.1000000015
9348  -33.406  -69.373  -32.145 0.1000000015
9384  -25.077  -67.915  -34.863 0.1000000015
9389  -29.269  -69.452  -34.691 0.1000000015
9403  -26.004  -67.998  -36.320 0.1000000015
9405  -27.304  -68.988  -36.510 0.1000000015
10162  -35.168  -68.238  -14.856 0.1000000015
10182  -35.396  -67.746  -15.702 0.1000000015
10223  -45.264  -67.357  -18.809 0.3000000119
10225  -46.189  -67.169  -18.511 0.3000000119
10239  -45.559  -67.669  -19.304 0.3000000119
10269  -45.382  -68.242  -21.065 0.3000000119
10310  -43.506  -68.172  -24.751 0.1000000015
10338  -43.070  -67.627  -26.326 0.1000000015
10347  -41.203  -67.419  -28.267 0.1000000015
10348  -41.652  -67.877  -27.456 0.1000000015
10349  -42.208  -68.172  -27.222 0.1000000015
10356  -41.063  -67.329  -28.938 0.1000000015
10373  -41.096  -67.171  -29.388 0.1000000015
10375  -41.693  -67.328  -28.771 0.1000000015
10427  -24.853  -67.918  -33.012 0.1000000015
10447  -24.760  -67.967  -33.791 0.1000000015
10484  -27.780  -67.153  -36.829 0.1000000015
10499  -26.310  -67.469  -36.977 0.1000000015
11218  -30.732  -66.186  -11.761 0.1000000015
11286  -34.000  -66.280  -15.214 0.1000000015
11312  -45.349  -66.381  -17.865 0.3000000119
11313  -45.746  -66.461  -17.806 0.3000000119
11329  -46.430  -66.640  -18.287 0.3000000119
11403  -44.816  -66.865  -23.146 0.3000000119
11422  -41.614  -67.149  -25.831 0.1000000015
11423  -43.155  -66.733  -26.397 0.1000000015
11424  -43.295  -67.098  -25.981 0.1000000015
11433  -41.020  -66.785  -27.227 0.1000000015
11471  -40.852  -66.601  -30.347 0.1000000015
11481  -40.866  -66.412  -30.922 0.1000000015
11496  -27.149  -66.188  -35.030 0.1000000015
11528  -23.699  -66.289  -36.758 0.1000000015
11549  -23.283  -66.244  -36.711 0.1000000015
12326  -30.709  -65.112  -13.004 0.1000000015
12347  -32.273  -65.700  -13.774 0.1000000015
12358  -31.946  -64.872  -14.350 0.1000000015
12384  -33.589  -65.364  -16.215 0.1000000015
12399  -45.018  -66.157  -17.881 0.2000000030
12401  -46.267  -65.828  -17.611 0.2000000030
12417  -46.769  -66.071  -17.933 0.3000000119
12486  -47.133  -65.474  -22.506 0.4000000060
12503  -47.131  -65.389  -23.178 0.5000000000
12515  -46.887  -65.288  -23.765 0.5000000000
12516  -47.095  -65.258  -23.686 0.5000000000
12527  -43.110  -66.338  -26.315 0.2000000030
12563  -42.381  -66.352  -28.507 0.3000000119
12575  -41.890  -66.158  -29.494 0.3000000119
12587  -41.740  -65.501  -30.149 0.2000000030
12600  -40.643  -65.935  -31.565 0.1000000015
12615  -40.048  -65.384  -33.098 0.2000000030
12617  -40.878  -65.595  -32.100 0.2000000030
12636  -40.279  -65.237  -33.172 0.2000000030
12644  -22.535  -65.028  -34.547 0.1000000015
12651  -34.452  -65.764  -35.489 0.1000000015
12659  -21.195  -65.240  -35.344 0.1000000015
12675  -21.598  -65.693  -35.611 0.1000000015
12677  -23.095  -65.736  -36.500 0.1000000015
12678  -23.679  -65.868  -36.892 0.1000000015
13554  -30.483  -64.071  -14.214 0.1000000015
13555  -31.384  -64.347  -14.518 0.1000000015
13569  -31.853  -64.196  -15.224 0.1000000015
13615  -43.627  -64.531  -18.579 0.2000000030
13633  -48.282  -64.444  -18.481 0.4000000060
13648  -43.912  -64.248  -19.789 0.2000000030
13668  -40.740  -65.342  -21.699 0.1000000015
13672  -47.136  -65.225  -22.040 0.4000000060
13687  -47.094  -64.793  -22.168 0.4000000060
13688  -47.243  -64.940  -22.460 0.4000000060
13701  -44.998  -65.155  -23.770 0.4000000060
13702  -45.432  -65.194  -23.726 0.4000000060
13714  -40.779  -64.646  -24.026 0.1000000015
13716  -44.211  -64.539  -24.934 0.5000000000
13731  -41.556  -65.233  -25.552 0.1000000015
13756  -47.550  -64.096  -25.811 0.5000000000
13768  -40.116  -65.369  -27.985 0.1000000015
13770  -43.092  -64.392  -27.816 0.3000000119
13813  -41.534  -65.404  -30.945 0.2000000030
13830  -41.466  -65.268  -31.381 0.2000000030
13849  -40.760  -65.033  -32.868 0.2000000030
13871  -41.278  -64.306  -33.284 0.2000000030
13878  -21.904  -64.114  -34.599 0.1000000015
13899  -39.313  -63.946  -35.866 0.3000000119
13901  -40.091  -64.130  -35.260 0.3000000119
14766  -31.156  -62.766  -16.475 0.1000000015
14804  -49.310  -63.864  -18.177 0.4000000060
14805  -49.740  -63.447  -18.101 0.4000000060
14858  -44.060  -64.467  -21.301 0.1000000015
14868  -37.826  -63.165  -22.937 0.1000000015
14874  -47.202  -64.579  -22.837 0.5000000000
14895  -41.019  -63.834  -24.541 0.1000000015
14896  -41.195  -64.550  -24.476 0.1000000015
14911  -44.015  -63.795  -26.661 0.4000000060
14914  -46.440  -64.245  -25.744 0.5000000000
14926  -40.933  -64.204  -26.378 0.1000000015
14947  -43.644  -63.693  -28.183 0.2000000030
14969  -42.706  -64.516  -28.831 0.2000000030
14995  -48.061  -62.480  -29.497 0.5000000000
15034  -46.358  -62.533  -31.714 0.4000000060
15035  -46.788  -62.406  -31.420 0.4000000060
15053  -36.948  -63.135  -33.047 0.1000000015
15060  -45.769  -62.598  -32.133 0.4000000060
15079  -34.887  -63.984  -34.210 0.1000000015
15084  -40.818  -64.050  -34.438 0.3000000119
15106  -36.139  -63.438  -34.809 0.1000000015
15110  -41.155  -63.531  -34.940 0.3000000119
15124  -20.820  -64.040  -35.832 0.1000000015
15135  -41.557  -63.038  -35.461 0.4000000060
15147  -20.743  -63.910  -36.208 0.1000000015
15149  -21.840  -63.121  -36.947 0.1000000015
15151  -35.982  -63.780  -36.380 0.1000000015
15167  -20.715  -63.714  -37.105 0.1000000015
15178  -39.468  -62.751  -37.590 0.3000000119
15199  -34.196  -63.674  -39.127 0.1000000015
15202  -37.096  -63.126  -38.952 0.1000000015
15203  -38.011  -62.880  -38.675 0.1000000015
15204  -38.469  -63.003  -38.465 0.2000000030
16088  -29.337  -62.521  -15.766 0.1000000015
16089  -30.153  -62.591  -15.955 0.1000000015
16118  -30.790  -62.100  -17.166 0.1000000015
16132  -51.523  -61.773  -18.153 0.4000000060
16142  -31.753  -62.515  -18.534 0.1000000015
16143  -32.158  -62.977  -18.684 0.1000000015
16148  -44.647  -62.075  -18.183 0.3000000119
16165  -31.905  -62.402  -19.335 0.1000000015
16176  -51.398  -62.092  -18.866 0.5000000000
16196  -43.305  -62.931  -20.601 0.2000000030
16197  -46.899  -63.615  -20.524 0.5000000000
16199  -48.473  -62.541  -19.929 0.5000000000
16232  -42.070  -63.302  -22.167 0.1000000015
16239  -38.769  -62.155  -23.257 0.1000000015
16241  -40.068  -63.055  -23.855 0.1000000015
16242  -46.619  -62.721  -23.053 0.4000000060
16253  -46.857  -62.577  -23.963 0.5000000000
16268  -48.413  -62.570  -26.324 0.5000000000
16278  -39.518  -62.991  -26.464 0.1000000015
16332  -47.743  -62.262  -30.078 0.5000000000
16349  -47.285  -62.241  -31.040 0.5000000000
16367  -46.270  -62.062  -31.907 0.4000000060
16369  -47.036  -61.739  -31.062 0.4000000060
16388  -37.267  -63.060  -32.334 0.1000000015
16389  -44.238  -62.331  -33.408 0.4000000060
16411  -44.242  -62.069  -33.520 0.4000000060
16429  -42.308  -62.202  -35.125 0.3000000119
16430  -42.679  -62.491  -34.674 0.4000000060
16431  -43.153  -62.315  -34.269 0.4000000060
16443  -21.847  -63.138  -36.115 0.1000000015
16444  -22.475  -62.731  -35.900 0.1000000015
16453  -41.119  -62.583  -36.002 0.3000000119
16455  -42.281  -62.458  -35.136 0.3000000119
16466  -21.838  -63.129  -36.571 0.1000000015
16467  -22.290  -62.836  -36.676 0.1000000015
16474  -33.373  -62.394  -37.059 0.1000000015
16475  -34.352  -62.005  -37.767 0.2000000030
16498  -33.745  -62.527  -37.846 0.2000000030
16501  -37.956  -62.175  -38.612 0.2000000030
16503  -39.294  -62.359  -37.690 0.2000000030
16520  -34.731  -62.717  -39.039 0.2000000030
16522  -36.541  -62.542  -39.325 0.1000000015
16524  -38.342  -62.722  -38.564 0.2000000030
16535  -35.160  -62.937  -39.365 0.1000000015
17407  -28.831  -61.643  -16.982 0.1000000015
17409  -30.086  -61.953  -16.700 0.1000000015
17451  -30.957  -61.714  -18.059 0.1000000015
17474  -27.980  -60.796  -19.120 0.1000000015
17479  -41.668  -61.703  -18.872 0.3000000119
17516  -41.702  -61.553  -21.148 0.2000000030
17536  -47.120  -61.468  -21.839 0.5000000000
17537  -49.328  -60.998  -22.379 0.5000000000
17563  -39.370  -61.849  -24.301 0.1000000015
17576  -39.353  -61.852  -25.171 0.1000000015
17577  -48.077  -61.664  -25.936 0.6000000238
17590  -48.473  -61.693  -26.266 0.6000000238
17624  -41.421  -61.264  -29.896 0.2000000030
17643  -45.298  -61.302  -30.287 0.4000000060
17645  -46.954  -61.493  -29.905 0.4000000060
17654  -41.700  -61.131  -31.335 0.2000000030
17659  -46.677  -61.525  -30.728 0.4000000060
17674  -40.907  -60.609  -31.901 0.3000000119
17676  -42.299  -61.051  -32.408 0.4000000060
17681  -46.883  -61.580  -30.957 0.4000000060
17702  -41.710  -60.833  -33.330 0.2000000030
17727  -40.044  -61.096  -33.916 0.2000000030
17732  -43.974  -61.951  -33.698 0.4000000060
17756  -43.193  -62.119  -34.319 0.4000000060
17778  -39.489  -61.669  -35.942 0.2000000030
17780  -41.283  -62.005  -35.676 0.3000000119
17800  -34.424  -61.894  -37.283 0.1000000015
17802  -37.055  -61.680  -37.402 0.1000000015
17806  -40.670  -62.222  -36.246 0.3000000119
17819  -33.955  -62.153  -37.773 0.2000000030
17820  -34.118  -62.002  -37.680 0.2000000030
17821  -36.085  -61.905  -38.893 0.2000000030
17824  -38.824  -61.907  -37.837 0.2000000030
17837  -36.306  -62.143  -39.269 0.2000000030
17839  -37.331  -61.966  -38.857 0.2000000030
18745  -50.603  -59.842  -16.139 0.4000000060
18746  -50.990  -60.108  -16.338 0.4000000060
18755  -49.073  -59.760  -16.358 0.3000000119
18758  -51.091  -60.459  -16.648 0.4000000060
18766  -34.827  -60.562  -16.740 0.1000000015
18829  -31.094  -60.029  -19.975 0.1000000015
18833  -34.173  -60.558  -20.880 0.1000000015
18838  -41.234  -60.698  -19.730 0.3000000119
18855  -41.298  -60.889  -20.453 0.2000000030
18874  -46.900  -61.207  -22.658 0.5000000000
18892  -37.315  -60.251  -23.556 0.1000000015
18898  -50.853  -59.889  -23.658 0.4000000060
18911  -36.762  -60.198  -24.779 0.1000000015
18912  -37.218  -60.286  -24.488 0.1000000015
18926  -36.473  -60.431  -25.227 0.1000000015
18942  -41.488  -60.280  -27.036 0.1000000015
18950  -48.802  -60.422  -26.455 0.6000000238
18971  -49.601  -60.000  -27.498 0.5000000000
18992  -43.001  -61.092  -29.346 0.3000000119
19027  -41.037  -60.572  -32.355 0.3000000119
19044  -30.044  -60.190  -32.284 0.1000000015
19055  -41.332  -60.614  -32.976 0.2000000030
19056  -41.850  -60.805  -32.931 0.2000000030
19073  -40.106  -60.639  -33.410 0.2000000030
19074  -40.969  -60.719  -33.423 0.2000000030
19084  -39.045  -60.942  -34.202 0.2000000030
20086  -49.767  -58.542  -15.390 0.3000000119
20100  -49.807  -59.212  -15.690 0.3000000119
20112  -39.713  -59.442  -16.860 0.2000000030
20114  -48.098  -59.026  -16.539 0.3000000119
20131  -41.961  -60.460  -17.341 0.3000000119
20145  -39.598  -59.615  -17.955 0.1000000015
20163  -29.764  -59.874  -19.817 0.1000000015
20183  -33.827  -60.204  -20.801 0.1000000015
20184  -37.944  -60.117  -20.080 0.1000000015
20200  -32.350  -59.156  -20.871 0.1000000015
20219  -36.298  -59.759  -22.985 0.1000000015
20233  -36.977  -59.941  -24.158 0.1000000015
20234  -48.297  -59.867  -23.882 0.5000000000
20250  -36.548  -59.975  -24.591 0.1000000015
20257  -50.254  -58.654  -24.580 0.5000000000
20279  -46.610  -58.448  -26.370 0.2000000030
20315  -38.374  -59.218  -27.688 0.1000000015
20318  -47.443  -59.519  -27.400 0.4000000060
20337  -32.578  -58.686  -29.756 0.2000000030
20349  -30.702  -58.997  -31.099 0.1000000015
20355  -36.211  -59.373  -30.753 0.2000000030
20371  -30.313  -59.345  -31.515 0.1000000015
20372  -30.841  -59.608  -31.226 0.1000000015
20375  -37.456  -59.338  -31.472 0.1000000015
20377  -39.205  -59.672  -31.330 0.1000000015
20394  -29.976  -59.734  -31.890 0.1000000015
20396  -38.914  -59.733  -31.922 0.1000000015
21442  -49.637  -58.117  -15.198 0.3000000119
21544  -31.613  -58.998  -20.907 0.1000000015
21554  -31.039  -58.906  -21.227 0.1000000015
21558  -46.245  -57.956  -21.112 0.2000000030
21572  -35.159  -58.998  -23.250 0.1000000015
21592  -51.780  -58.936  -23.189 0.3000000119
21609  -49.155  -58.743  -25.523 0.6000000238
21627  -44.490  -58.372  -24.975 0.1000000015
21632  -50.416  -57.694  -25.392 0.5000000000
21645  -49.531  -59.026  -26.779 0.5000000000
21669  -37.732  -58.561  -28.634 0.2000000030
21677  -32.875  -58.180  -29.434 0.2000000030
21682  -37.298  -58.177  -29.593 0.2000000030
21695  -36.502  -58.815  -30.381 0.2000000030
21709  -30.552  -58.489  -31.401 0.1000000015
21710  -31.194  -58.313  -31.040 0.1000000015
21723  -27.760  -59.542  -32.605 0.1000000015
21725  -29.289  -58.655  -32.172 0.1000000015
21726  -29.960  -58.157  -31.981 0.1000000015
21763  -29.314  -57.950  -36.000 0.1000000015
21771  -29.557  -57.778  -36.562 0.1000000015
22796  -48.250  -57.411  -15.171 0.2000000030
22797  -48.695  -57.654  -15.072 0.2000000030
22798  -49.389  -57.605  -15.163 0.2000000030
22811  -47.966  -57.638  -15.391 0.2000000030
22814  -49.956  -57.775  -15.544 0.2000000030
22830  -47.078  -57.316  -16.118 0.3000000119
22925  -48.058  -56.994  -23.223 0.3000000119
22957  -46.851  -57.438  -26.248 0.3000000119
22961  -50.341  -56.858  -26.334 0.5000000000
22967  -36.997  -57.077  -27.660 0.1000000015
22968  -48.145  -57.685  -27.133 0.4000000060
22975  -33.800  -56.922  -28.905 0.1000000015
22976  -34.128  -56.914  -28.743 0.1000000015
23018  -33.411  -57.358  -33.311 0.1000000015
23047  -34.271  -57.287  -34.984 0.1000000015
23049  -35.462  -56.999  -35.163 0.1000000015
23065  -33.050  -57.309  -35.827 0.1000000015
23068  -35.393  -57.015  -35.635 0.1000000015
23090  -34.566  -57.164  -36.619 0.1000000015
23111  -32.442  -57.245  -37.466 0.1000000015
23135  -28.849  -58.188  -38.467 0.1000000015
23137  -30.346  -57.390  -38.611 0.1000000015
23194  -34.674  -57.235  -40.560 0.1000000015
24158  -49.197  -57.060  -15.305 0.1000000015
24196  -47.413  -56.989  -15.535 0.2000000030
24204  -39.029  -56.434  -17.078 0.1000000015
24240  -45.815  -56.831  -20.129 0.2000000030
24294  -49.732  -55.911  -24.337 0.3000000119
24323  -49.846  -56.599  -26.966 0.4000000060
24329  -35.844  -55.858  -27.819 0.1000000015
24332  -49.199  -57.180  -27.270 0.4000000060
24347  -33.906  -56.080  -29.015 0.1000000015
24352  -32.857  -56.884  -30.950 0.1000000015
24400  -37.768  -55.820  -34.842 0.1000000015
24424  -43.312  -56.774  -36.228 0.1000000015
24443  -35.766  -56.953  -35.970 0.1000000015
25603  -44.678  -55.303  -21.030 0.1000000015
25664  -50.529  -56.010  -25.604 0.5000000000
25679  -50.243  -55.539  -26.141 0.5000000000
25700  -50.373  -55.894  -26.247 0.5000000000
25729  -34.757  -55.300  -28.739 0.1000000015
25735  -43.006  -55.471  -28.107 0.1000000015
25745  -34.111  -55.542  -29.404 0.1000000015
25759  -33.646  -55.759  -30.030 0.1000000015
25761  -34.755  -55.205  -30.872 0.1000000015
25764  -43.796  -55.743  -29.550 0.1000000015
25766  -45.563  -55.173  -30.662 0.1000000015
25779  -44.337  -55.588  -30.178 0.1000000015
25781  -45.790  -55.401  -31.145 0.1000000015
25798  -34.866  -55.821  -32.061 0.1000000015
25799  -35.621  -55.430  -32.458 0.1000000015
25801  -37.162  -54.945  -33.042 0.1000000015
25831  -45.315  -55.601  -33.753 0.1000000015
25852  -38.169  -55.449  -34.415 0.1000000015
25861  -47.046  -55.718  -34.396 0.1000000015
25874  -39.058  -55.807  -35.486 0.1000000015
25875  -39.607  -55.834  -35.714 0.1000000015
25878  -42.633  -56.323  -35.874 0.1000000015
25883  -47.339  -55.308  -34.774 0.1000000015
25894  -39.722  -56.073  -36.116 0.1000000015
27157  -46.392  -54.638  -25.947 0.1000000015
27183  -35.586  -55.017  -28.066 0.1000000015
27190  -42.415  -55.082  -27.531 0.1000000015
27203  -36.450  -54.025  -28.505 0.1000000015
27205  -38.931  -54.479  -28.289 0.1000000015
27207  -40.617  -55.650  -28.214 0.1000000015
27208  -42.244  -54.643  -27.699 0.1000000015
27209  -42.869  -54.907  -28.031 0.1000000015
27224  -34.668  -54.913  -29.953 0.1000000015
27227  -37.971  -53.823  -29.166 0.1000000015
27231  -41.816  -55.884  -28.924 0.1000000015
27232  -43.081  -54.645  -28.412 0.1000000015
27248  -34.738  -55.042  -30.460 0.1000000015
27277  -38.902  -53.689  -31.631 0.1000000015
27283  -45.962  -54.216  -30.909 0.1000000015
27285  -47.156  -54.694  -31.798 0.1000000015
27306  -35.634  -55.026  -31.891 0.1000000015
27317  -47.763  -54.604  -32.437 0.1000000015
27349  -44.990  -55.258  -33.359 0.1000000015
27350  -45.407  -55.488  -33.366 0.1000000015
27351  -48.023  -54.770  -33.340 0.1000000015
27379  -45.022  -55.550  -33.955 0.1000000015
28552  -38.446  -53.880  -17.858 0.1000000015
28744  -36.937  -53.728  -28.863 0.1000000015
28760  -36.542  -53.720  -29.282 0.1000000015
28763  -38.893  -53.823  -29.747 0.1000000015
28767  -44.320  -54.217  -29.754 0.1000000015
28781  -38.493  -53.621  -30.370 0.1000000015
28798  -37.277  -53.697  -30.907 0.1000000015
28800  -38.764  -53.601  -31.091 0.1000000015
28803  -45.305  -53.408  -31.121 0.1000000015
28806  -47.562  -54.217  -32.043 0.1000000015
28820  -39.824  -53.639  -31.821 0.1000000015
28821  -40.286  -53.694  -31.753 0.1000000015
28822  -46.377  -52.908  -32.128 0.1000000015
28823  -46.901  -53.138  -32.171 0.1000000015
28825  -48.314  -53.703  -33.111 0.1000000015
30004  -42.748  -51.873  -21.509 0.1000000015
30034  -43.775  -51.900  -22.991 0.1000000015
30070  -47.430  -52.497  -24.972 0.1000000015
30128  -41.263  -53.451  -28.369 0.1000000015
30178  -44.360  -52.278  -31.503 0.1000000015
30195  -47.731  -52.478  -33.066 0.1000000015
31329  -46.672  -51.651  -25.320 0.1000000015
31445  -41.794  -50.986  -31.252 0.1000000015
31449  -45.481  -51.828  -32.136 0.1000000015
31466  -45.384  -51.153  -32.282 0.1000000015
32766  -46.739  -50.805  -33.152 0.1000000015
32767  -47.250  -51.008  -33.609 0.1000000015
33936  -41.403  -49.283  -31.257 0.1000000015
33957  -46.221  -50.425  -33.004 0.1000000015
34008  -46.971  -50.352  -34.466 0.1000000015
35182  -43.086  -47.991  -30.870 0.1000000015
35196  -41.960  -48.616  -31.152 0.1000000015
35197  -42.749  -48.565  -31.250 0.1000000015
35200  -44.900  -48.965  -31.940 0.1000000015
35247  -45.398  -49.072  -34.537 0.1000000015
35276  -45.828  -48.675  -35.562 0.1000000015
36623  -41.552  -47.655  -30.156 0.1000000015
36639  -43.892  -48.067  -31.465 0.1000000015
36654  -44.194  -48.187  -31.787 0.1000000015
36682  -42.898  -46.923  -35.138 0.1000000015
36685  -45.740  -48.121  -36.069 0.1000000015
38097  -42.698  -47.201  -30.212 0.1000000015
38120  -42.774  -47.221  -30.452 0.1000000015
38154  -41.714  -46.503  -33.649 0.1000000015
39617  -39.785  -44.443  -31.062 0.1000000015
39655  -41.085  -45.030  -33.426 0.1000000015
39682  -44.992  -44.814  -36.382 0.1000000015
39689  -44.679  -45.476  -36.426 0.1000000015
41220  -41.483  -44.298  -33.787 0.1000000015
41232  -42.159  -44.284  -34.325 0.1000000015
41234  -44.224  -43.817  -34.949 0.1000000015
41247  -43.629  -44.559  -35.280 0.1000000015
41250  -45.692  -43.995  -36.360 0.1000000015
42695  -40.058  -43.219  -31.378 0.1000000015
42732  -43.562  -42.836  -33.665 0.1000000015
44145  -40.515  -41.933  -30.753 0.1000000015
44184  -41.350  -42.453  -31.992 0.1000000015
45600  -42.005  -41.800  -31.800 0.1000000015
46957  -41.358  -40.124  -29.760 0.1000000015
46973  -43.299  -39.711  -31.098 0.1000000015
