#!ascii label  , from subject 3368 vox2ras=TkReg
1052
72204  -22.958  -14.086  -34.894 0.4285714328
74136  -23.711  -12.785  -35.764 0.2857142985
73171  -23.202  -13.116  -36.035 0.4285714328
74137  -24.595  -12.469  -35.405 0.4285714328
75172  -25.038  -11.611  -35.855 0.4285714328
75186  -23.832  -11.695  -36.838 0.2857142985
75188  -25.318  -10.880  -36.106 0.4285714328
77293  -24.769  -9.607  -37.674 0.4285714328
77280  -24.988  -9.683  -37.154 0.4285714328
78444  -24.829  -9.008  -38.207 0.4285714328
79520  -25.546  -7.911  -37.324 0.4285714328
80549  -24.405  -6.823  -39.477 0.5714285970
79555  -25.101  -7.350  -38.577 0.5714285970
80508  -25.706  -7.221  -37.614 0.4285714328
80509  -26.206  -6.648  -37.503 0.2857142985
81538  -25.744  -6.093  -38.596 0.7142857313
82595  -26.817  -4.488  -38.700 0.7142857313
82578  -27.299  -4.194  -37.825 0.4285714328
81539  -26.291  -5.439  -38.442 0.7142857313
83548  -27.631  -3.255  -38.005 0.5714285970
83564  -26.820  -4.180  -39.379 0.5714285970
83565  -27.189  -3.463  -39.145 0.5714285970
84529  -27.273  -2.340  -39.711 0.5714285970
84515  -27.751  -2.319  -38.620 0.5714285970
83577  -26.683  -3.955  -39.951 0.5714285970
85473  -27.794  -1.369  -39.406 0.5714285970
87348  -29.042  0.023  -39.410 0.5714285970
85482  -27.051  -1.911  -41.078 0.7142857313
86407  -28.536  -0.493  -39.615 0.7142857313
87360  -29.037  0.488  -40.026 0.7142857313
87349  -29.347  0.629  -38.995 0.5714285970
85483  -27.373  -1.493  -40.408 0.5714285970
84548  -26.009  -1.790  -41.143 0.5714285970
86414  -27.594  -0.490  -40.781 0.8571428657
87361  -29.367  1.123  -39.529 0.7142857313
88286  -29.971  1.661  -39.287 0.5714285970
86425  -27.004  -0.550  -41.471 0.7142857313
89262  -29.661  2.375  -39.730 0.7142857313
88287  -30.461  2.186  -39.008 0.5714285970
87373  -28.090  0.496  -40.609 0.7142857313
88285  -29.187  1.608  -39.815 0.7142857313
90287  -29.898  3.243  -39.466 0.5714285970
88299  -28.462  1.443  -40.360 0.7142857313
91271  -30.300  3.778  -39.259 0.5714285970
88298  -27.735  1.420  -40.997 0.5714285970
89275  -28.144  2.113  -40.764 0.7142857313
90286  -29.283  3.021  -39.861 0.7142857313
92202  -29.275  4.876  -39.734 0.7142857313
91270  -29.806  4.241  -39.440 0.7142857313
90310  -28.419  3.289  -41.149 0.7142857313
90300  -29.054  3.485  -40.437 0.7142857313
91283  -29.215  4.296  -40.146 0.7142857313
93135  -28.346  6.197  -39.893 0.7142857313
92192  -28.913  5.539  -39.456 0.5714285970
91282  -28.699  4.311  -40.869 0.7142857313
89287  -27.682  2.499  -41.516 0.5714285970
93122  -28.662  6.389  -38.849 0.5714285970
93998  -28.537  7.465  -38.416 0.5714285970
92213  -28.382  5.288  -41.341 0.8571428657
91293  -28.015  4.310  -41.510 0.8571428657
94012  -28.161  7.424  -39.468 0.7142857313
94011  -27.892  7.756  -39.762 0.7142857313
93142  -28.573  6.131  -40.875 0.8571428657
94023  -28.193  6.951  -40.546 0.7142857313
95802  -27.224  9.154  -39.572 0.8571428657
94882  -27.813  8.647  -38.799 0.5714285970
94022  -27.833  7.693  -40.220 0.8571428657
94033  -27.861  7.549  -41.472 0.8571428657
94034  -28.264  6.695  -41.260 0.8571428657
96748  -26.598  10.556  -40.533 0.8571428657
96740  -26.570  10.801  -39.454 0.8571428657
98563  -25.911  12.766  -39.378 0.8571428657
94907  -27.502  8.453  -40.495 0.8571428657
97652  -26.423  11.567  -41.125 1.0000000000
95814  -27.109  9.541  -40.741 0.8571428657
98576  -25.981  12.693  -40.589 1.0000000000
96760  -26.894  10.535  -41.624 1.0000000000
99568  -25.965  13.724  -41.270 1.0000000000
100483  -26.209  14.519  -42.121 0.7142857313
99555  -25.749  13.424  -40.534 1.0000000000
98590  -26.364  12.561  -41.779 1.0000000000
99567  -25.833  14.350  -40.890 1.0000000000
103739  -25.099  18.772  -40.963 1.0000000000
103748  -25.402  18.558  -42.037 0.8571428657
105432  -24.472  20.499  -41.506 0.8571428657
104562  -24.942  19.698  -41.841 1.0000000000
107810  -23.931  23.631  -41.544 0.8571428657
107080  -23.974  22.627  -41.610 0.8571428657
106284  -24.224  21.616  -41.266 1.0000000000
110645  -23.891  26.115  -40.842 0.8571428657
108529  -23.545  24.856  -41.095 0.8571428657
110638  -23.393  27.182  -41.037 0.7142857313
134256  -22.461  25.339  -43.154 0.5714285970
111411  -22.099  28.055  -42.050 0.7142857313
110637  -22.642  27.629  -41.457 0.5714285970
112242  -20.193  28.179  -42.450 0.5714285970
134257  -22.025  26.130  -42.831 0.5714285970
112234  -19.927  28.496  -41.960 0.4285714328
112223  -20.902  29.305  -41.354 0.4285714328
113007  -21.583  30.456  -41.160 0.4285714328
110618  -20.706  27.356  -39.578 0.2857142985
110609  -21.367  27.373  -39.050 0.2857142985
111386  -20.285  27.994  -40.400 0.2857142985
110610  -22.052  27.746  -38.740 0.2857142985
75171  -24.065  -11.922  -36.018 0.2857142985
94883  -28.212  8.048  -38.728 0.5714285970
96741  -26.914  10.119  -39.039 0.8571428657
97643  -26.242  11.666  -39.952 0.8571428657
101326  -26.247  15.470  -41.912 0.8571428657
109901  -24.014  26.777  -37.793 0.1428571492
74162  -23.346  -12.042  -37.079 0.2857142985
75201  -24.161  -11.014  -37.190 0.2857142985
76226  -25.198  -10.394  -36.500 0.4285714328
78413  -25.652  -8.928  -36.847 0.4285714328
76239  -24.105  -10.511  -37.850 0.2857142985
79536  -24.853  -8.121  -38.506 0.4285714328
76225  -24.734  -10.251  -37.072 0.4285714328
79505  -25.737  -8.469  -36.903 0.4285714328
80550  -25.175  -6.642  -39.020 0.5714285970
81523  -26.541  -5.828  -37.652 0.4285714328
81577  -25.166  -5.609  -40.225 0.2857142985
81558  -25.680  -5.564  -39.330 0.7142857313
81559  -26.226  -4.995  -38.984 0.7142857313
83592  -26.123  -3.489  -40.632 0.5714285970
85447  -28.789  -1.400  -37.497 0.4285714328
83593  -26.556  -2.826  -40.549 0.7142857313
84541  -26.957  -2.382  -40.542 0.7142857313
85459  -28.124  -1.587  -38.723 0.7142857313
85474  -28.347  -1.019  -38.938 0.5714285970
86394  -28.851  -0.397  -38.663 0.4285714328
86415  -28.350  -0.222  -40.346 0.7142857313
85491  -26.590  -1.445  -41.378 0.5714285970
85492  -27.253  -1.263  -41.193 0.5714285970
91259  -30.541  4.273  -38.781 0.5714285970
87384  -26.514  0.345  -41.683 0.5714285970
89264  -30.851  2.623  -38.823 0.5714285970
89288  -28.319  2.584  -40.993 0.7142857313
89276  -28.766  2.494  -40.316 0.7142857313
92193  -29.530  5.056  -39.152 0.5714285970
92201  -28.834  5.244  -40.369 0.7142857313
94917  -27.380  8.678  -41.351 1.0000000000
98575  -25.623  13.266  -40.047 1.0000000000
96769  -26.765  10.469  -42.748 1.0000000000
102157  -26.094  16.124  -42.327 0.7142857313
102146  -26.260  16.406  -41.743 1.0000000000
102145  -25.735  16.500  -40.967 1.0000000000
102940  -25.758  17.481  -41.635 0.7142857313
102931  -25.512  17.445  -40.528 1.0000000000
102952  -25.817  16.730  -42.447 0.7142857313
103738  -25.059  19.362  -41.439 0.8571428657
105423  -24.873  20.767  -40.771 1.0000000000
110644  -22.532  26.266  -42.380 0.7142857313
111418  -21.795  27.698  -42.362 0.7142857313
111410  -21.313  28.500  -42.221 0.7142857313
110636  -20.207  26.801  -41.752 0.4285714328
111387  -20.983  28.435  -39.905 0.2857142985
112212  -21.138  29.821  -40.472 0.4285714328
111399  -21.704  28.929  -41.686 0.4285714328
113006  -21.452  31.058  -41.023 0.4285714328
82624  -25.252  -4.577  -40.537 0.4285714328
112211  -20.286  29.120  -40.655 0.4285714328
112235  -20.526  28.448  -42.309 0.7142857313
111379  -21.588  28.302  -39.221 0.2857142985
73158  -23.187  -13.560  -35.416 0.4285714328
73159  -23.994  -13.104  -35.245 0.4285714328
74151  -23.282  -12.554  -36.528 0.2857142985
73170  -22.567  -13.484  -36.331 0.2857142985
75187  -24.618  -11.110  -36.511 0.4285714328
77309  -24.155  -9.875  -38.618 0.2857142985
78428  -24.964  -9.183  -37.781 0.4285714328
78429  -25.258  -8.929  -37.409 0.4285714328
78445  -25.117  -8.294  -37.874 0.4285714328
79554  -24.632  -7.615  -39.105 0.4285714328
80569  -25.046  -6.264  -39.761 0.2857142985
80527  -25.607  -6.799  -38.195 0.4285714328
82608  -25.809  -5.054  -40.118 0.5714285970
82625  -26.175  -4.450  -40.320 0.5714285970
83578  -26.812  -3.089  -40.117 0.5714285970
85460  -28.510  -1.354  -38.297 0.4285714328
86406  -27.844  -0.756  -40.080 0.7142857313
86395  -29.370  0.028  -38.406 0.5714285970
84540  -26.298  -2.336  -40.858 0.7142857313
87372  -27.294  0.440  -41.207 0.5714285970
89263  -30.314  2.539  -39.280 0.5714285970
90301  -29.430  3.638  -39.844 0.7142857313
88312  -26.850  1.481  -41.768 0.7142857313
90309  -27.700  3.546  -41.746 0.8571428657
94895  -27.759  8.170  -39.631 0.8571428657
96749  -26.627  9.916  -39.837 0.8571428657
93150  -28.098  6.649  -41.725 0.8571428657
95813  -26.979  10.158  -41.057 1.0000000000
99583  -26.550  13.522  -42.415 1.0000000000
101337  -26.217  15.217  -42.590 0.8571428657
107809  -23.420  24.506  -42.275 0.8571428657
112243  -20.497  28.056  -42.486 0.5714285970
111416  -20.593  27.589  -42.385 0.5714285970
110626  -19.850  27.387  -41.448 0.4285714328
112221  -19.523  28.249  -41.120 0.4285714328
109905  -21.525  26.770  -38.897 0.2857142985
109907  -22.658  27.239  -38.425 0.2857142985
102941  -26.069  16.901  -42.228 1.0000000000
115204  -22.964  33.756  -40.571 0.2857142985
115189  -22.860  33.706  -38.565 0.1428571492
113754  -21.489  32.071  -40.885 0.2857142985
114493  -22.760  33.493  -41.208 0.2857142985
114477  -22.183  33.332  -38.561 0.1428571492
114479  -23.554  32.946  -38.514 0.1428571492
112213  -21.675  30.024  -39.570 0.1428571492
112998  -21.466  31.184  -40.245 0.2857142985
112999  -21.870  30.984  -39.332 0.1428571492
113766  -23.054  32.159  -41.388 0.2857142985
114498  -21.824  32.473  -41.186 0.2857142985
112215  -25.651  29.650  -39.764 0.2857142985
113001  -24.423  30.971  -40.363 0.2857142985
113741  -23.245  32.197  -37.998 0.1428571492
111402  -24.307  28.905  -40.497 0.2857142985
113764  -21.573  31.968  -41.187 0.2857142985
110620  -25.934  27.646  -39.390 0.1428571492
113008  -23.421  30.659  -41.226 0.2857142985
112995  -22.817  31.309  -38.773 0.1428571492
112237  -22.561  30.509  -41.357 0.2857142985
113018  -22.067  31.254  -41.323 0.2857142985
109910  -28.012  26.008  -38.808 0.1428571492
110614  -27.103  26.784  -38.875 0.1428571492
111389  -24.938  28.793  -39.866 0.4285714328
111400  -22.539  28.715  -41.312 0.2857142985
107794  -25.364  23.665  -39.514 0.2857142985
109206  -24.709  26.361  -40.278 0.4285714328
110629  -23.971  28.030  -40.742 0.2857142985
112224  -22.003  29.744  -41.222 0.2857142985
107052  -26.705  22.887  -38.536 0.1428571492
108517  -25.829  25.008  -39.185 0.2857142985
109923  -24.542  27.132  -40.381 0.4285714328
108515  -24.732  25.044  -40.154 0.5714285970
106269  -26.336  21.214  -38.948 0.1428571492
107063  -26.193  22.209  -38.949 0.1428571492
105405  -26.740  20.546  -38.232 0.2857142985
105414  -26.205  20.428  -38.943 0.7142857313
108523  -24.250  24.633  -40.444 0.7142857313
104554  -24.809  19.789  -41.163 0.8571428657
106276  -25.480  21.461  -40.170 0.8571428657
107061  -24.820  23.173  -40.085 0.5714285970
103709  -26.574  17.897  -37.746 0.2857142985
104527  -26.718  19.213  -37.810 0.2857142985
107071  -25.085  22.326  -40.322 0.7142857313
107079  -23.445  23.149  -42.356 0.5714285970
106275  -24.840  21.768  -40.681 0.8571428657
104537  -25.663  18.751  -39.087 0.7142857313
102902  -27.111  17.154  -37.199 0.1428571492
95844  -25.892  9.448  -43.785 0.5714285970
98605  -26.972  12.458  -42.822 0.8571428657
97679  -26.699  11.412  -43.235 0.4285714328
99594  -26.861  13.429  -43.455 0.5714285970
101313  -25.643  15.637  -40.404 0.8571428657
102104  -26.722  16.330  -37.415 0.2857142985
102925  -25.478  17.223  -39.588 0.8571428657
104544  -25.509  19.565  -39.730 0.8571428657
102105  -27.298  16.066  -36.898 0.4285714328
102915  -25.546  17.023  -38.881 0.7142857313
95843  -25.395  8.972  -44.083 0.2857142985
96779  -26.372  10.512  -43.604 0.5714285970
100465  -25.791  14.875  -40.657 0.8571428657
101325  -25.951  15.619  -41.212 0.8571428657
102134  -25.513  16.444  -40.068 0.8571428657
101295  -26.087  15.187  -37.983 0.4285714328
101294  -25.727  15.560  -38.639 0.8571428657
100431  -27.044  14.419  -37.333 0.4285714328
90318  -26.221  3.340  -42.986 0.7142857313
91307  -25.635  4.897  -43.649 0.4285714328
90319  -27.040  3.290  -42.372 0.7142857313
92225  -27.566  5.452  -42.800 0.8571428657
93176  -26.831  6.313  -43.810 0.5714285970
94070  -26.253  7.451  -44.025 0.5714285970
94069  -25.479  7.533  -44.167 0.4285714328
94047  -27.288  7.451  -42.701 0.8571428657
94060  -26.752  7.436  -43.599 0.5714285970
94935  -25.611  8.599  -43.740 0.5714285970
95833  -26.780  9.351  -42.839 0.7142857313
95845  -26.135  8.830  -43.146 0.5714285970
97626  -26.529  11.808  -38.725 0.7142857313
99541  -25.541  14.155  -39.331 0.7142857313
100453  -25.483  14.838  -39.873 0.8571428657
98534  -27.569  12.639  -37.127 0.2857142985
98533  -26.930  12.853  -37.661 0.4285714328
99514  -26.687  13.678  -37.700 0.5714285970
88311  -25.999  1.017  -42.100 0.4285714328
88318  -26.237  1.708  -42.578 0.4285714328
90317  -25.433  3.291  -43.057 0.4285714328
92226  -27.935  5.789  -41.964 0.7142857313
93165  -28.023  6.278  -41.893 0.7142857313
94926  -27.204  8.443  -42.206 0.8571428657
96724  -26.882  10.927  -38.770 0.7142857313
97615  -27.035  11.758  -37.746 0.2857142985
87382  -24.953  0.593  -42.005 0.5714285970
89297  -26.954  2.331  -42.133 0.5714285970
89296  -26.464  2.481  -42.584 0.5714285970
92212  -27.828  5.041  -41.966 0.7142857313
94867  -27.653  9.033  -38.156 0.4285714328
96725  -27.176  10.597  -38.214 0.4285714328
97602  -27.565  11.732  -36.952 0.4285714328
84547  -25.312  -2.198  -41.133 0.5714285970
88277  -30.518  1.914  -38.509 0.4285714328
90288  -30.635  3.313  -39.111 0.4285714328
93986  -28.840  7.602  -37.750 0.4285714328
94869  -28.872  7.883  -37.376 0.4285714328
94868  -28.284  8.485  -37.715 0.4285714328
79506  -26.225  -7.861  -36.706 0.1428571492
92180  -29.844  5.210  -38.370 0.4285714328
93123  -29.178  5.952  -38.208 0.4285714328
93110  -29.761  6.073  -37.455 0.4285714328
81510  -26.675  -6.173  -36.919 0.1428571492
82564  -26.835  -5.432  -37.059 0.1428571492
83549  -27.976  -2.790  -37.730 0.2857142985
87322  -29.981  1.155  -36.675 0.2857142985
90243  -31.063  3.284  -36.132 0.2857142985
89247  -31.056  2.646  -37.199 0.2857142985
91234  -31.281  4.326  -36.904 0.2857142985
90270  -31.326  3.393  -37.568 0.2857142985
88265  -30.012  1.299  -37.827 0.2857142985
91248  -30.908  4.170  -37.825 0.4285714328
80497  -27.031  -6.594  -36.292 0.1428571492
79521  -26.019  -7.301  -37.159 0.1428571492
82565  -27.358  -4.689  -36.792 0.2857142985
83541  -27.639  -3.794  -37.255 0.2857142985
85434  -29.262  -1.479  -36.419 0.2857142985
87300  -29.789  0.048  -36.269 0.2857142985
86367  -29.245  -0.583  -36.867 0.2857142985
87321  -29.568  0.475  -36.951 0.2857142985
81497  -27.627  -6.229  -35.875 0.1428571492
82552  -28.743  -4.182  -35.453 0.2857142985
82550  -27.661  -5.367  -36.015 0.2857142985
83530  -28.518  -3.418  -36.128 0.2857142985
82566  -27.943  -3.889  -36.621 0.2857142985
84489  -28.783  -2.263  -36.750 0.2857142985
78402  -26.498  -9.007  -36.118 0.1428571492
77269  -25.864  -9.570  -36.211 0.2857142985
78415  -26.731  -8.189  -36.237 0.1428571492
72187  -23.275  -14.243  -34.295 0.2857142985
71305  -22.845  -15.168  -34.307 0.2857142985
72186  -22.809  -14.656  -34.800 0.2857142985
76214  -25.758  -10.123  -36.011 0.2857142985
72188  -24.164  -14.009  -33.719 0.1428571492
71320  -22.471  -15.423  -35.157 0.2857142985
70352  -22.543  -16.210  -34.435 0.1428571492
82551  -28.119  -4.572  -35.879 0.2857142985
84477  -28.953  -2.673  -35.892 0.2857142985
87301  -30.142  0.677  -36.003 0.2857142985
85448  -29.041  -1.077  -37.057 0.2857142985
88250  -30.346  1.885  -36.659 0.2857142985
88276  -29.890  1.237  -38.562 0.4285714328
90279  -31.100  3.399  -38.447 0.4285714328
93099  -31.037  5.632  -36.460 0.2857142985
91309  -26.617  5.246  -43.775 0.7142857313
94937  -26.585  8.229  -42.909 0.5714285970
95787  -27.315  9.507  -38.550 0.4285714328
96710  -27.512  10.880  -37.366 0.2857142985
98522  -27.819  12.298  -36.616 0.2857142985
105431  -23.871  21.061  -41.984 0.7142857313
99527  -25.683  14.167  -38.651 0.7142857313
104555  -25.028  19.854  -40.514 0.8571428657
107819  -22.738  24.354  -43.131 0.4285714328
107070  -24.418  22.699  -40.850 0.8571428657
103721  -26.096  18.426  -38.427 0.5714285970
112225  -22.992  29.716  -41.215 0.2857142985
107051  -25.959  23.224  -38.968 0.4285714328
108516  -25.408  24.771  -39.521 0.4285714328
112990  -23.869  31.261  -37.483 0.1428571492
110619  -25.018  27.738  -39.748 0.2857142985
109917  -26.238  26.752  -39.189 0.1428571492
113756  -23.630  31.660  -41.286 0.2857142985
73141  -23.823  -13.465  -34.549 0.1428571492
73157  -22.652  -13.918  -35.763 0.2857142985
74138  -25.606  -12.069  -35.354 0.1428571492
77270  -26.352  -9.405  -35.984 0.1428571492
79507  -26.881  -7.449  -36.237 0.1428571492
80486  -28.217  -6.835  -35.545 0.1428571492
81498  -28.273  -5.770  -35.435 0.1428571492
83542  -28.122  -3.085  -37.175 0.2857142985
85433  -28.945  -1.550  -36.907 0.2857142985
86347  -29.908  -0.451  -35.804 0.2857142985
84501  -28.355  -2.269  -37.846 0.2857142985
86382  -28.807  -0.877  -38.023 0.2857142985
86383  -29.208  -0.434  -37.706 0.2857142985
89294  -24.812  2.244  -43.009 0.2857142985
91235  -31.137  4.864  -36.500 0.2857142985
93086  -31.246  6.026  -36.085 0.2857142985
91303  -26.806  4.523  -43.274 0.7142857313
91292  -27.531  4.338  -42.335 0.5714285970
92230  -24.991  5.778  -43.528 0.4285714328
93098  -30.619  5.920  -36.733 0.4285714328
95857  -25.558  9.271  -44.687 0.2857142985
94949  -25.549  8.335  -44.010 0.5714285970
93097  -29.909  6.767  -36.571 0.2857142985
92179  -29.157  5.593  -38.777 0.4285714328
93186  -26.883  6.818  -43.831 0.7142857313
95858  -26.049  9.906  -44.729 0.2857142985
94859  -28.961  8.131  -36.796 0.1428571492
95773  -27.937  9.423  -36.937 0.4285714328
95761  -28.205  9.896  -36.194 0.1428571492
96696  -28.182  10.915  -36.344 0.1428571492
97614  -26.637  12.359  -38.056 0.5714285970
99515  -27.497  13.604  -37.270 0.2857142985
100430  -26.335  14.464  -37.741 0.5714285970
102117  -25.735  16.454  -38.578 0.7142857313
105424  -25.384  20.467  -40.166 0.8571428657
102894  -27.681  16.833  -36.745 0.2857142985
102903  -27.894  17.614  -36.889 0.1428571492
111388  -21.564  29.072  -39.703 0.2857142985
102916  -25.931  17.255  -38.256 0.4285714328
103710  -27.347  18.316  -37.325 0.1428571492
106268  -25.920  21.618  -39.465 0.5714285970
104528  -27.688  19.399  -37.424 0.1428571492
106261  -26.812  21.790  -38.396 0.1428571492
107062  -25.543  22.517  -39.625 0.5714285970
107783  -26.502  23.909  -38.683 0.1428571492
109916  -25.164  26.767  -39.729 0.2857142985
108506  -25.833  24.708  -39.154 0.2857142985
108508  -27.109  24.615  -38.577 0.1428571492
109192  -26.896  25.441  -38.647 0.1428571492
109909  -27.411  26.141  -38.710 0.1428571492
112216  -26.548  29.328  -39.675 0.2857142985
111391  -26.730  28.433  -39.511 0.1428571492
110621  -26.923  27.542  -39.223 0.1428571492
74123  -26.303  -12.506  -34.820 0.1428571492
79496  -27.368  -8.037  -35.913 0.1428571492
88236  -30.587  1.905  -35.639 0.2857142985
98535  -28.015  12.873  -36.660 0.2857142985
110622  -27.939  27.208  -39.267 0.1428571492
113004  -27.057  29.807  -39.871 0.2857142985
72217  -22.328  -14.266  -35.938 0.2857142985
74121  -24.495  -13.054  -34.891 0.1428571492
74122  -25.251  -12.806  -34.850 0.1428571492
75173  -25.910  -11.085  -35.615 0.1428571492
80496  -26.492  -6.985  -36.771 0.1428571492
82577  -26.828  -4.984  -37.726 0.2857142985
82596  -27.308  -3.882  -38.441 0.4285714328
84500  -27.911  -2.646  -38.029 0.2857142985
98545  -25.780  13.563  -38.817 0.7142857313
97667  -26.725  11.500  -42.227 0.8571428657
95826  -27.165  9.423  -41.798 0.8571428657
96770  -27.108  9.978  -42.201 0.8571428657
99554  -25.534  14.014  -40.275 0.8571428657
100482  -26.012  14.768  -41.359 0.8571428657
110628  -23.152  28.062  -40.978 0.2857142985
84539  -25.672  -2.848  -40.861 0.5714285970
93164  -27.776  6.530  -42.316 0.8571428657
114492  -22.042  32.898  -40.699 0.2857142985
115195  -22.706  33.643  -39.260 0.1428571492
114485  -22.160  33.025  -39.423 0.2857142985
113749  -22.203  32.026  -39.887 0.2857142985
114499  -22.981  33.245  -41.686 0.2857142985
113740  -22.301  32.632  -38.562 0.1428571492
113765  -22.049  32.165  -41.362 0.2857142985
112214  -24.731  29.870  -40.092 0.2857142985
113000  -23.959  31.247  -40.935 0.2857142985
112226  -23.845  29.932  -40.653 0.2857142985
112996  -23.429  31.081  -38.030 0.1428571492
111401  -23.431  28.874  -40.814 0.2857142985
110630  -24.561  28.101  -40.265 0.2857142985
113019  -22.920  31.216  -41.450 0.2857142985
109915  -24.850  27.202  -39.905 0.2857142985
110615  -27.593  26.665  -38.939 0.1428571492
109908  -26.621  26.064  -38.861 0.1428571492
111390  -25.797  28.579  -39.621 0.1428571492
134249  -24.159  25.276  -40.532 0.5714285970
109199  -25.111  25.717  -39.930 0.4285714328
107784  -27.370  23.653  -38.480 0.1428571492
109200  -25.867  25.681  -39.266 0.2857142985
109191  -26.417  25.512  -38.932 0.2857142985
107793  -24.757  24.177  -40.012 0.5714285970
107801  -24.232  23.843  -40.629 0.7142857313
105413  -25.867  20.692  -39.550 0.4285714328
104538  -26.077  19.589  -38.734 0.5714285970
102901  -26.455  16.962  -37.673 0.4285714328
103730  -25.452  18.261  -39.815 0.8571428657
95832  -26.489  9.944  -43.302 0.5714285970
98613  -26.703  12.260  -43.941 0.4285714328
97686  -26.362  11.262  -43.947 0.4285714328
101303  -25.516  15.587  -39.545 0.8571428657
102125  -25.526  16.363  -39.216 0.8571428657
101287  -26.686  15.359  -37.457 0.5714285970
103720  -25.602  17.832  -38.967 0.8571428657
100441  -25.565  14.797  -39.022 0.7142857313
89295  -25.802  2.313  -43.098 0.5714285970
91302  -25.909  4.194  -43.483 0.4285714328
92233  -26.967  5.641  -43.592 0.7142857313
93177  -27.278  6.524  -43.357 0.7142857313
92238  -25.985  6.248  -44.350 0.4285714328
94071  -26.696  7.092  -43.953 0.5714285970
94936  -25.976  8.257  -43.379 0.5714285970
93184  -26.060  6.807  -44.268 0.4285714328
93174  -24.761  6.508  -43.728 0.2857142985
98546  -26.354  12.995  -38.334 0.5714285970
99528  -25.986  13.838  -38.099 0.7142857313
88317  -25.330  1.377  -42.647 0.5714285970
95772  -27.538  9.708  -37.638 0.4285714328
97603  -27.950  11.702  -36.405 0.2857142985
89256  -31.134  2.594  -38.079 0.2857142985
93999  -29.094  6.826  -37.999 0.4285714328
93987  -29.372  7.318  -37.227 0.4285714328
92166  -30.209  5.331  -37.666 0.4285714328
88266  -30.556  1.985  -37.593 0.2857142985
90255  -31.384  3.335  -36.744 0.2857142985
87338  -29.601  0.532  -38.097 0.2857142985
93111  -30.341  5.599  -37.292 0.4285714328
80485  -27.561  -7.157  -35.875 0.1428571492
86346  -29.551  -0.530  -36.348 0.2857142985
83531  -29.055  -3.409  -35.301 0.2857142985
71306  -23.503  -14.994  -33.669 0.1428571492
70353  -22.934  -15.702  -33.784 0.1428571492
72170  -24.707  -14.577  -33.754 0.1428571492
95760  -27.771  10.315  -36.829 0.2857142985
112207  -23.360  30.109  -38.262 0.1428571492
72189  -25.146  -14.132  -34.196 0.1428571492
112206  -22.451  30.076  -38.850 0.1428571492
105439  -23.807  20.421  -42.755 0.5714285970
104571  -24.690  19.394  -42.470 0.4285714328
104570  -23.921  19.367  -43.115 0.4285714328
103759  -25.075  18.596  -42.446 0.4285714328
105440  -24.437  20.247  -42.163 0.5714285970
101352  -25.549  15.568  -43.342 0.4285714328
102951  -25.341  17.484  -42.690 0.4285714328
102962  -25.134  17.142  -43.110 0.4285714328
104563  -25.190  19.181  -42.116 0.5714285970
100498  -26.556  14.406  -42.991 0.5714285970
90233  -31.284  3.446  -34.740 0.1428571492
91220  -31.146  3.906  -36.242 0.1428571492
92138  -31.479  5.345  -35.701 0.1428571492
89236  -30.868  2.689  -36.396 0.1428571492
89206  -31.650  2.407  -33.677 0.1428571492
89216  -31.294  2.469  -34.366 0.1428571492
90226  -31.977  3.362  -33.530 0.1428571492
91197  -32.682  4.179  -33.109 0.1428571492
79553  -23.842  -7.746  -39.552 0.2857142985
87286  -30.504  0.729  -34.885 0.1428571492
88224  -30.905  1.675  -34.622 0.1428571492
89193  -32.473  2.399  -32.421 0.1428571492
88174  -35.778  2.116  -31.317 0.1428571492
89173  -33.792  2.630  -31.414 0.1428571492
90201  -35.002  3.742  -31.257 0.1428571492
78461  -24.197  -8.856  -39.153 0.2857142985
78460  -23.178  -8.666  -39.551 0.2857142985
84478  -29.539  -2.284  -35.404 0.1428571492
84479  -30.135  -2.022  -34.733 0.1428571492
85417  -30.008  -1.285  -35.253 0.1428571492
86325  -30.211  -0.328  -35.076 0.1428571492
87272  -31.654  0.598  -33.298 0.1428571492
86326  -30.592  -0.316  -34.178 0.1428571492
87273  -32.369  0.662  -33.012 0.1428571492
87287  -30.982  0.660  -33.980 0.1428571492
88194  -33.029  1.487  -32.330 0.1428571492
87254  -34.873  0.728  -31.946 0.1428571492
88172  -34.342  2.192  -31.543 0.1428571492
77322  -23.344  -9.705  -39.286 0.2857142985
76270  -23.006  -10.186  -39.204 0.2857142985
84458  -30.114  -2.779  -34.564 0.1428571492
85394  -30.433  -1.296  -34.513 0.1428571492
86306  -31.402  -0.389  -33.515 0.1428571492
86282  -32.918  0.109  -33.002 0.1428571492
87253  -33.886  0.643  -32.605 0.1428571492
87252  -33.081  0.686  -32.973 0.1428571492
88176  -37.618  1.834  -31.670 0.1428571492
88175  -36.692  1.971  -31.418 0.1428571492
81499  -28.779  -5.010  -35.334 0.1428571492
83515  -29.814  -3.556  -34.745 0.1428571492
82537  -29.377  -4.620  -34.868 0.1428571492
83489  -31.321  -3.573  -33.521 0.1428571492
83516  -30.589  -3.604  -34.153 0.1428571492
84436  -32.360  -2.519  -33.273 0.1428571492
84459  -30.900  -2.462  -34.127 0.1428571492
85374  -32.822  -1.668  -32.928 0.1428571492
84460  -31.571  -2.131  -33.595 0.1428571492
86307  -32.453  -0.486  -32.916 0.1428571492
87255  -35.525  0.354  -31.736 0.1428571492
86265  -36.363  0.176  -31.611 0.1428571492
86264  -35.826  0.230  -31.633 0.1428571492
81486  -29.796  -5.680  -34.121 0.1428571492
81466  -31.666  -5.566  -33.188 0.1428571492
82514  -30.943  -4.552  -33.407 0.1428571492
82538  -30.155  -4.594  -34.099 0.1428571492
84437  -33.344  -2.487  -33.420 0.1428571492
83491  -33.155  -3.402  -33.345 0.1428571492
85375  -33.692  -1.601  -33.382 0.1428571492
85357  -34.664  -1.142  -33.474 0.1428571492
86308  -33.173  -1.120  -32.809 0.1428571492
81467  -32.740  -5.486  -33.138 0.1428571492
81465  -30.673  -5.631  -33.564 0.1428571492
82516  -32.999  -4.414  -33.165 0.1428571492
85376  -34.596  -1.759  -34.227 0.1428571492
82515  -31.915  -4.505  -33.007 0.1428571492
84435  -31.642  -2.847  -33.524 0.1428571492
85373  -31.929  -1.443  -33.253 0.1428571492
85416  -29.642  -1.213  -35.841 0.1428571492
87234  -36.937  0.975  -31.540 0.1428571492
87232  -35.205  1.541  -31.592 0.1428571492
88212  -32.384  1.501  -32.789 0.1428571492
88195  -33.926  1.691  -31.982 0.1428571492
89227  -30.808  2.805  -35.786 0.1428571492
91211  -31.904  4.351  -34.679 0.1428571492
76253  -23.827  -10.474  -38.444 0.2857142985
85358  -35.477  -1.162  -33.141 0.1428571492
86285  -35.704  -0.340  -32.101 0.1428571492
87235  -37.851  0.784  -31.771 0.1428571492
89178  -38.126  2.710  -31.935 0.1428571492
101353  -26.266  15.114  -43.330 0.4285714328
89177  -37.361  2.854  -31.517 0.1428571492
88173  -35.008  2.250  -31.553 0.1428571492
89176  -36.441  2.976  -31.369 0.1428571492
90199  -33.404  3.275  -31.612 0.1428571492
90202  -36.002  3.837  -31.475 0.1428571492
92128  -31.904  5.264  -35.021 0.1428571492
106296  -23.276  21.799  -42.668 0.4285714328
107089  -22.877  22.892  -42.995 0.4285714328
112227  -27.863  29.694  -40.106 0.1428571492
106283  -23.594  22.033  -41.875 0.4285714328
77323  -23.884  -9.635  -39.097 0.2857142985
113003  -26.512  30.247  -39.966 0.1428571492
91209  -31.038  3.689  -35.863 0.1428571492
93084  -29.887  7.127  -36.053 0.1428571492
93975  -29.523  7.578  -36.318 0.1428571492
89215  -30.854  2.646  -35.082 0.1428571492
91210  -31.278  4.257  -35.472 0.1428571492
90225  -31.572  3.094  -34.099 0.1428571492
90234  -31.848  3.709  -34.231 0.1428571492
89207  -31.962  2.411  -33.002 0.1428571492
88211  -31.833  1.525  -33.215 0.1428571492
90214  -32.277  3.200  -32.811 0.1428571492
90215  -32.873  3.490  -32.241 0.1428571492
88225  -31.382  1.559  -33.851 0.1428571492
89194  -33.083  2.437  -31.832 0.1428571492
89174  -34.571  2.877  -31.255 0.1428571492
85395  -31.166  -1.343  -33.919 0.1428571492
86283  -33.646  -0.535  -32.924 0.1428571492
86284  -34.675  -0.360  -32.668 0.1428571492
81485  -29.105  -5.898  -34.835 0.1428571492
83490  -32.200  -3.538  -33.229 0.1428571492
84438  -34.102  -2.400  -34.095 0.1428571492
85356  -34.175  -1.269  -33.501 0.1428571492
69322  -21.894  -17.248  -36.038 0.1428571492
71319  -22.063  -15.848  -35.771 0.1428571492
71332  -20.934  -16.049  -36.373 0.1428571492
71333  -21.549  -15.671  -36.208 0.1428571492
71334  -22.121  -15.027  -35.811 0.1428571492
73185  -22.397  -13.071  -36.996 0.1428571492
73184  -22.180  -12.885  -37.260 0.1428571492
75199  -22.576  -11.609  -37.839 0.1428571492
74161  -22.733  -12.376  -37.226 0.1428571492
75200  -23.431  -11.410  -37.579 0.1428571492
74149  -21.266  -12.797  -37.104 0.1428571492
75198  -21.730  -11.313  -37.980 0.1428571492
75215  -22.558  -10.995  -38.464 0.1428571492
76250  -21.544  -10.339  -38.337 0.1428571492
77306  -21.489  -9.269  -38.747 0.1428571492
78459  -22.311  -8.446  -39.621 0.1428571492
77321  -22.441  -9.380  -39.210 0.1428571492
79552  -22.921  -7.595  -39.726 0.2857142985
80548  -23.599  -6.739  -39.748 0.1428571492
80568  -24.355  -6.132  -40.019 0.1428571492
81576  -24.301  -5.356  -40.471 0.2857142985
85489  -24.895  -1.376  -41.694 0.4285714328
86424  -26.213  -0.576  -41.750 0.4285714328
87383  -25.743  0.291  -41.920 0.4285714328
100513  -26.627  14.397  -43.960 0.2857142985
103767  -23.432  18.477  -44.112 0.2857142985
106308  -23.155  21.088  -43.348 0.4285714328
79551  -22.099  -7.461  -39.707 0.1428571492
80547  -22.709  -6.337  -39.863 0.2857142985
72216  -21.830  -14.503  -36.369 0.1428571492
74159  -21.232  -11.963  -37.266 0.1428571492
76236  -20.752  -10.561  -37.817 0.1428571492
77320  -21.948  -8.866  -39.282 0.1428571492
78458  -21.601  -8.337  -39.307 0.1428571492
81557  -22.243  -5.803  -39.806 0.2857142985
80567  -23.532  -5.886  -40.141 0.2857142985
80566  -22.973  -5.648  -40.229 0.2857142985
81575  -23.375  -5.229  -40.571 0.2857142985
83591  -24.868  -3.346  -40.873 0.4285714328
83600  -24.657  -2.627  -41.138 0.4285714328
85488  -24.020  -1.441  -41.798 0.2857142985
97693  -26.217  11.519  -44.467 0.2857142985
99602  -26.660  13.373  -44.477 0.2857142985
100521  -26.150  14.362  -44.920 0.2857142985
101366  -26.165  15.059  -44.066 0.2857142985
102156  -25.595  16.344  -42.724 0.2857142985
102169  -24.399  16.585  -43.548 0.2857142985
102168  -23.802  16.484  -43.908 0.2857142985
103757  -23.835  18.405  -43.391 0.2857142985
82623  -24.096  -4.481  -40.794 0.2857142985
98619  -26.490  12.400  -44.907 0.2857142985
99611  -26.270  13.252  -45.277 0.2857142985
97702  -26.148  11.789  -45.108 0.2857142985
100520  -25.196  14.709  -45.027 0.2857142985
101350  -24.244  15.908  -43.885 0.2857142985
101351  -24.837  15.757  -43.624 0.2857142985
102961  -24.729  17.216  -43.260 0.2857142985
100525  -25.407  13.918  -45.428 0.2857142985
99601  -24.396  13.912  -45.340 0.2857142985
101364  -24.628  15.233  -44.269 0.2857142985
85490  -25.755  -1.320  -41.499 0.4285714328
76238  -23.571  -10.830  -38.236 0.1428571492
102950  -24.297  17.814  -43.110 0.2857142985
76251  -22.484  -10.248  -38.842 0.1428571492
70366  -21.839  -16.451  -36.028 0.1428571492
73169  -21.719  -13.502  -36.983 0.1428571492
74160  -21.922  -12.397  -37.459 0.1428571492
76237  -21.180  -10.909  -37.979 0.1428571492
75214  -22.086  -10.731  -38.412 0.1428571492
80546  -21.903  -6.410  -39.562 0.2857142985
84546  -24.419  -2.173  -41.511 0.4285714328
102960  -23.808  17.520  -43.690 0.2857142985
83599  -24.118  -2.844  -41.092 0.4285714328
100519  -24.282  14.461  -44.780 0.2857142985
87388  -24.433  0.981  -42.364 0.2857142985
87381  -24.174  0.416  -41.843 0.2857142985
114502  -26.194  33.128  -42.919 0.1428571492
114503  -26.437  32.863  -42.990 0.1428571492
113768  -25.669  32.768  -42.594 0.1428571492
113010  -25.995  31.451  -41.132 0.1428571492
113002  -25.556  31.007  -40.329 0.1428571492
114509  -26.622  33.409  -43.146 0.1428571492
113758  -25.381  32.013  -41.813 0.1428571492
114507  -24.006  33.700  -42.503 0.1428571492
115206  -25.107  33.765  -40.858 0.1428571492
88316  -24.627  1.437  -42.698 0.2857142985
89286  -24.554  1.795  -42.747 0.2857142985
113011  -26.583  31.019  -40.761 0.1428571492
113770  -27.201  32.373  -42.552 0.1428571492
113759  -26.445  31.813  -41.632 0.1428571492
114500  -24.085  32.872  -42.140 0.1428571492
114501  -25.145  33.084  -42.950 0.1428571492
115214  -25.042  33.873  -42.207 0.1428571492
115222  -24.622  34.021  -43.032 0.1428571492
115954  -23.635  34.214  -41.440 0.1428571492
115205  -24.053  34.088  -40.805 0.1428571492
115220  -23.542  34.117  -42.242 0.1428571492
113751  -24.530  31.778  -40.982 0.1428571492
113757  -24.413  32.156  -41.758 0.1428571492
86423  -25.360  -0.502  -41.864 0.2857142985
115223  -26.663  33.469  -42.747 0.1428571492
113769  -26.181  32.641  -42.352 0.1428571492
114495  -24.921  32.461  -42.287 0.1428571492
114508  -24.537  33.521  -42.764 0.1428571492
98636  -25.603  12.301  -46.609 0.1428571492
98628  -26.218  12.436  -45.837 0.1428571492
99610  -25.663  13.203  -45.793 0.1428571492
101363  -23.664  15.540  -44.217 0.1428571492
101349  -22.215  14.966  -44.209 0.1428571492
101361  -21.846  16.170  -44.339 0.1428571492
97692  -25.879  11.347  -44.649 0.1428571492
102180  -21.555  16.681  -43.815 0.1428571492
102973  -21.777  17.678  -43.929 0.1428571492
103776  -22.106  18.566  -44.148 0.2857142985
92224  -25.228  5.230  -43.502 0.2857142985
92223  -24.646  5.443  -43.025 0.1428571492
95856  -24.495  9.310  -44.773 0.1428571492
95868  -25.730  10.074  -45.030 0.1428571492
96794  -25.148  10.720  -45.505 0.1428571492
101288  -27.306  15.117  -36.973 0.1428571492
98626  -23.947  12.762  -46.385 0.1428571492
102182  -23.120  16.837  -44.295 0.1428571492
104586  -22.977  19.082  -44.365 0.1428571492
104585  -22.507  19.092  -44.209 0.1428571492
104578  -22.035  19.519  -43.657 0.2857142985
106307  -22.497  21.650  -43.503 0.2857142985
107816  -20.664  24.630  -42.613 0.2857142985
107077  -20.646  24.058  -42.004 0.2857142985
134267  -20.340  25.989  -41.784 0.2857142985
111380  -22.084  28.916  -38.899 0.1428571492
109183  -22.217  25.261  -37.685 0.1428571492
105447  -22.382  20.587  -43.469 0.2857142985
107088  -22.291  23.030  -43.431 0.2857142985
107826  -21.537  23.420  -43.547 0.2857142985
107087  -20.769  23.100  -42.686 0.2857142985
134262  -21.598  25.087  -43.326 0.2857142985
107824  -20.948  24.424  -43.055 0.2857142985
107086  -20.661  23.890  -42.696 0.2857142985
134265  -20.699  26.250  -42.232 0.2857142985
110617  -20.384  26.514  -40.085 0.1428571492
107808  -20.716  24.820  -40.502 0.2857142985
110611  -22.817  28.093  -38.550 0.1428571492
110604  -23.400  27.409  -38.236 0.1428571492
107078  -20.793  23.070  -41.402 0.1428571492
106282  -21.106  21.783  -41.894 0.1428571492
103766  -21.470  18.609  -43.505 0.2857142985
134260  -20.221  26.339  -40.585 0.1428571492
109912  -20.826  25.981  -39.411 0.1428571492
134244  -21.492  25.147  -39.805 0.1428571492
102959  -21.112  17.527  -43.135 0.2857142985
107060  -21.304  23.128  -39.410 0.1428571492
108498  -21.867  24.518  -37.368 0.1428571492
107792  -21.613  24.440  -39.056 0.1428571492
101321  -19.866  15.669  -41.347 0.1428571492
102092  -27.940  16.302  -36.525 0.1428571492
98523  -28.209  12.534  -36.129 0.1428571492
94948  -25.044  8.545  -44.303 0.1428571492
95866  -23.961  9.739  -45.441 0.1428571492
101275  -27.975  15.422  -36.537 0.1428571492
96793  -24.035  10.225  -46.445 0.1428571492
98624  -22.723  12.318  -45.989 0.1428571492
98618  -22.420  12.616  -45.149 0.1428571492
99600  -23.841  13.790  -45.335 0.1428571492
100512  -22.079  14.318  -44.007 0.1428571492
102167  -20.970  16.333  -43.026 0.1428571492
102975  -23.194  17.978  -44.425 0.1428571492
106306  -21.878  21.696  -43.343 0.1428571492
107097  -21.849  22.516  -43.522 0.2857142985
106294  -21.407  21.798  -42.829 0.1428571492
107096  -21.300  22.733  -43.322 0.1428571492
107050  -21.071  23.083  -38.123 0.1428571492
107069  -20.880  22.904  -40.370 0.2857142985
134245  -21.574  24.805  -39.930 0.1428571492
134248  -21.463  25.518  -39.268 0.1428571492
108497  -21.610  24.241  -37.321 0.1428571492
109914  -21.798  25.935  -38.589 0.1428571492
99502  -28.059  13.880  -36.863 0.1428571492
100416  -27.704  14.466  -36.883 0.1428571492
100417  -28.378  14.529  -36.508 0.1428571492
134251  -22.202  25.045  -43.464 0.2857142985
110643  -21.376  26.118  -42.583 0.2857142985
109913  -21.267  26.363  -39.059 0.1428571492
109906  -22.036  26.579  -38.615 0.1428571492
134264  -20.503  25.730  -42.107 0.2857142985
134250  -20.204  25.928  -40.850 0.2857142985
111398  -19.784  27.785  -40.803 0.2857142985
94068  -24.610  7.840  -44.263 0.1428571492
94057  -24.270  7.323  -43.931 0.1428571492
96787  -25.945  10.921  -44.401 0.1428571492
104587  -23.202  18.878  -44.256 0.1428571492
105449  -23.430  20.125  -43.407 0.1428571492
105448  -22.965  20.409  -43.638 0.1428571492
97710  -25.777  11.519  -46.267 0.1428571492
99608  -23.568  13.178  -45.944 0.1428571492
100518  -23.293  14.494  -44.710 0.1428571492
98633  -23.250  11.874  -46.431 0.1428571492
96792  -23.747  10.800  -47.115 0.1428571492
100517  -22.612  14.379  -44.502 0.1428571492
101362  -22.539  15.614  -44.397 0.1428571492
102181  -22.218  16.804  -44.218 0.1428571492
96795  -25.734  10.776  -44.685 0.1428571492
102974  -22.513  17.749  -44.360 0.1428571492
103777  -22.741  18.546  -44.461 0.1428571492
95867  -24.830  9.953  -45.311 0.1428571492
104579  -22.729  19.612  -43.834 0.2857142985
106295  -22.796  22.089  -43.276 0.2857142985
107807  -20.441  24.887  -41.738 0.2857142985
134266  -20.871  25.519  -42.509 0.2857142985
134252  -20.296  25.697  -41.403 0.2857142985
107818  -21.942  24.218  -43.635 0.2857142985
107825  -20.937  23.821  -43.229 0.2857142985
108543  -21.379  24.180  -43.475 0.2857142985
108541  -21.112  25.048  -42.965 0.2857142985
110612  -23.602  28.307  -38.316 0.1428571492
105438  -21.778  20.635  -43.114 0.1428571492
108505  -21.737  25.185  -38.299 0.1428571492
80565  -20.686  -5.513  -39.997 0.1428571492
81574  -22.405  -5.344  -40.482 0.1428571492
82621  -22.163  -4.548  -41.100 0.1428571492
81571  -20.211  -5.092  -40.297 0.1428571492
83586  -20.368  -3.630  -40.402 0.1428571492
84535  -20.659  -2.969  -40.578 0.1428571492
82620  -21.387  -4.298  -41.024 0.1428571492
85479  -20.828  -2.285  -40.472 0.1428571492
83588  -21.846  -3.609  -40.786 0.1428571492
82622  -23.077  -4.496  -40.791 0.1428571492
85472  -21.309  -1.338  -40.203 0.1428571492
84544  -22.950  -2.188  -41.036 0.1428571492
85487  -23.204  -1.467  -41.382 0.1428571492
84545  -23.590  -2.309  -41.357 0.1428571492
85471  -20.942  -1.593  -40.200 0.1428571492
86412  -21.445  -0.647  -40.407 0.1428571492
86421  -23.645  -0.492  -41.622 0.1428571492
87380  -23.395  0.561  -41.676 0.1428571492
89293  -24.195  2.826  -42.480 0.1428571492
90316  -24.659  3.442  -42.792 0.1428571492
103756  -21.070  18.593  -42.585 0.1428571492
83590  -23.729  -3.641  -40.853 0.1428571492
80545  -20.987  -6.110  -39.439 0.1428571492
80544  -20.037  -5.818  -39.958 0.1428571492
82619  -20.706  -4.491  -40.673 0.1428571492
91301  -25.135  4.397  -43.205 0.1428571492
86422  -24.513  -0.463  -41.763 0.1428571492
81573  -21.570  -5.379  -40.617 0.1428571492
81556  -21.759  -5.587  -39.844 0.1428571492
83598  -23.485  -3.000  -40.829 0.1428571492
80564  -20.430  -5.380  -40.211 0.1428571492
82632  -21.571  -4.855  -41.257 0.1428571492
82630  -20.793  -4.901  -40.983 0.1428571492
83585  -19.741  -3.471  -39.893 0.1428571492
83587  -21.051  -3.653  -40.708 0.1428571492
84536  -21.369  -2.845  -40.616 0.1428571492
85480  -21.598  -1.791  -40.458 0.1428571492
84537  -22.328  -2.648  -40.612 0.1428571492
83589  -22.803  -3.550  -40.763 0.1428571492
85481  -22.503  -1.640  -40.789 0.1428571492
86404  -20.762  -1.011  -39.767 0.1428571492
84538  -23.055  -2.741  -40.819 0.1428571492
86420  -22.521  -0.565  -41.209 0.1428571492
85469  -19.092  -1.550  -39.530 0.1428571492
80526  -20.099  -6.429  -39.124 0.1428571492
70382  -21.340  -16.833  -36.364 0.1428571492
71290  -23.959  -15.272  -33.424 0.1428571492
72203  -22.610  -14.402  -35.382 0.2857142985
73140  -23.282  -13.804  -34.766 0.2857142985
73142  -24.783  -13.480  -34.450 0.1428571492
74150  -22.726  -12.872  -36.779 0.1428571492
75216  -23.127  -11.164  -38.298 0.1428571492
76252  -23.354  -10.512  -38.880 0.2857142985
76269  -22.824  -9.939  -39.229 0.2857142985
77281  -25.459  -9.531  -36.702 0.2857142985
77282  -25.957  -9.311  -36.302 0.4285714328
77294  -25.111  -9.429  -37.234 0.4285714328
77307  -22.013  -9.776  -38.736 0.1428571492
77308  -23.698  -9.960  -39.022 0.2857142985
78414  -26.188  -8.830  -36.422 0.1428571492
79537  -25.258  -7.581  -37.981 0.5714285970
80528  -26.171  -6.201  -38.126 0.7142857313
81511  -27.184  -5.727  -36.462 0.1428571492
81555  -21.199  -5.440  -40.019 0.1428571492
81572  -20.836  -5.234  -40.643 0.1428571492
81582  -20.953  -5.110  -41.138 0.1428571492
81583  -21.307  -5.195  -41.128 0.1428571492
81584  -21.856  -5.221  -41.154 0.1428571492
82609  -26.335  -4.678  -39.570 0.7142857313
82631  -21.089  -4.793  -41.158 0.1428571492
84490  -29.167  -2.184  -36.130 0.2857142985
84516  -28.217  -1.897  -38.376 0.4285714328
84534  -20.114  -2.858  -40.247 0.1428571492
85478  -20.458  -2.542  -40.347 0.1428571492
86405  -21.167  -1.180  -39.986 0.1428571492
86413  -22.064  -1.160  -40.626 0.1428571492
87233  -35.863  0.964  -31.436 0.1428571492
87387  -24.032  0.905  -42.229 0.2857142985
87389  -24.842  1.080  -42.434 0.2857142985
88196  -34.652  1.675  -31.773 0.1428571492
88249  -30.005  1.435  -37.135 0.2857142985
88309  -24.421  1.557  -42.522 0.2857142985
88310  -25.470  0.859  -42.124 0.5714285970
88319  -26.659  1.964  -42.328 0.5714285970
89175  -35.479  2.984  -31.362 0.1428571492
89285  -24.295  2.156  -42.413 0.2857142985
90232  -30.958  3.367  -35.516 0.1428571492
91221  -31.203  4.659  -36.172 0.2857142985
91258  -29.994  4.729  -38.980 0.5714285970
91308  -26.180  5.025  -43.851 0.5714285970
92151  -30.999  5.183  -36.691 0.2857142985
92152  -31.201  5.298  -36.285 0.2857142985
92167  -30.684  5.029  -37.288 0.4285714328
92181  -30.420  4.776  -37.971 0.4285714328
92231  -25.584  5.731  -43.972 0.4285714328
92232  -26.407  5.880  -44.065 0.4285714328
92239  -26.262  6.386  -44.234 0.4285714328
93151  -28.297  6.150  -41.549 0.8571428657
93175  -25.498  6.637  -44.171 0.4285714328
93185  -26.533  6.678  -44.076 0.5714285970
94058  -24.935  7.141  -44.112 0.1428571492
94059  -26.245  7.733  -43.691 0.5714285970
94896  -28.037  8.100  -39.167 0.8571428657
94950  -25.860  8.013  -43.696 0.5714285970
95825  -27.103  9.940  -41.390 0.8571428657
95869  -25.990  10.219  -44.575 0.1428571492
96695  -27.801  11.112  -36.766 0.1428571492
96761  -27.150  9.986  -41.756 0.8571428657
96788  -26.020  10.562  -44.307 0.2857142985
96796  -26.069  10.472  -44.455 0.1428571492
96800  -23.971  11.098  -47.123 0.1428571492
96801  -24.348  10.881  -47.018 0.1428571492
96802  -24.773  10.872  -46.328 0.1428571492
97627  -26.932  11.271  -38.366 0.5714285970
97698  -22.944  11.080  -46.594 0.1428571492
97700  -25.342  11.126  -45.984 0.1428571492
97701  -25.722  11.329  -45.290 0.1428571492
97707  -23.619  11.393  -46.844 0.1428571492
97708  -24.213  11.530  -46.878 0.1428571492
97709  -25.001  11.493  -46.676 0.1428571492
97711  -26.224  11.682  -45.835 0.2857142985
98562  -25.608  13.555  -39.534 0.7142857313
98625  -23.326  12.543  -46.256 0.1428571492
98627  -25.803  12.754  -46.201 0.1428571492
98634  -23.808  12.065  -46.532 0.1428571492
98635  -24.598  12.393  -46.703 0.1428571492
98637  -26.113  11.951  -46.331 0.1428571492
99516  -27.999  13.301  -36.942 0.2857142985
99599  -22.875  13.458  -45.383 0.1428571492
99607  -23.069  12.886  -45.924 0.1428571492
99609  -24.657  13.379  -46.017 0.2857142985
99615  -25.083  12.831  -46.593 0.1428571492
99616  -25.405  12.966  -46.340 0.1428571492
100442  -25.820  14.622  -38.293 0.4285714328
100524  -24.804  14.076  -45.314 0.2857142985
100526  -25.921  13.706  -45.404 0.1428571492
101336  -25.914  15.636  -42.810 0.4285714328
101365  -25.481  15.185  -44.267 0.2857142985
102118  -26.194  16.139  -38.008 0.4285714328
102170  -25.107  16.607  -43.192 0.4285714328
102949  -23.928  17.905  -43.346 0.2857142985
103747  -25.213  19.135  -41.718 0.8571428657
103758  -24.477  18.494  -42.780 0.2857142985
103778  -23.130  18.621  -44.413 0.1428571492
104545  -25.898  20.080  -39.223 0.7142857313
104572  -25.145  18.951  -42.282 0.5714285970
104580  -23.317  19.309  -43.845 0.1428571492
107775  -22.017  24.094  -36.819 0.1428571492
107782  -25.849  24.191  -39.064 0.2857142985
107817  -20.675  23.836  -42.942 0.2857142985
108504  -21.560  24.352  -37.621 0.1428571492
108507  -26.266  24.884  -38.894 0.2857142985
108514  -21.500  24.486  -38.113 0.1428571492
108542  -21.167  24.453  -43.245 0.2857142985
109190  -21.990  25.787  -38.169 0.1428571492
109197  -20.849  25.592  -39.732 0.2857142985
109198  -24.563  25.706  -40.384 0.5714285970
109918  -27.905  26.483  -38.959 0.1428571492
109924  -24.768  26.741  -40.124 0.2857142985
110627  -20.057  26.915  -40.995 0.2857142985
110635  -19.897  27.372  -41.692 0.4285714328
110642  -20.596  26.995  -42.230 0.2857142985
111397  -19.661  27.797  -41.241 0.4285714328
111408  -19.780  27.769  -41.737 0.4285714328
111409  -20.021  27.731  -42.283 0.5714285970
111417  -21.196  27.609  -42.443 0.7142857313
112222  -19.726  28.711  -41.127 0.4285714328
112233  -19.596  28.284  -41.453 0.4285714328
112236  -22.009  30.521  -41.257 0.2857142985
113009  -23.867  30.687  -40.756 0.2857142985
113017  -21.659  31.664  -41.271 0.2857142985
113748  -21.714  31.906  -40.478 0.2857142985
113750  -24.100  31.766  -41.193 0.2857142985
113752  -25.007  31.610  -40.682 0.1428571492
113755  -21.773  32.290  -40.550 0.2857142985
113767  -23.816  32.221  -41.635 0.2857142985
114478  -22.560  33.282  -38.093 0.1428571492
114491  -21.575  32.461  -41.027 0.2857142985
114494  -24.684  32.653  -42.319 0.1428571492
114497  -21.540  32.235  -41.109 0.2857142985
114506  -23.614  33.853  -42.350 0.1428571492
115187  -22.256  33.518  -38.705 0.1428571492
115188  -22.396  33.613  -38.564 0.1428571492
115194  -22.375  33.412  -39.006 0.2857142985
115203  -22.403  33.406  -39.791 0.2857142985
115212  -23.252  33.952  -41.614 0.1428571492
115221  -24.062  34.112  -42.669 0.1428571492
115965  -24.334  34.202  -42.723 0.1428571492
115966  -24.418  34.100  -42.949 0.1428571492
134246  -22.239  25.558  -43.149 0.2857142985
134247  -20.327  25.485  -40.902 0.2857142985
134253  -20.318  25.915  -40.481 0.1428571492
134254  -22.026  25.402  -43.358 0.2857142985
134255  -21.998  25.802  -43.066 0.5714285970
134258  -20.396  25.313  -41.976 0.2857142985
134259  -20.367  25.677  -41.829 0.2857142985
134261  -20.160  26.351  -41.247 0.2857142985
134263  -21.370  25.375  -42.964 0.2857142985
