#!ascii label  , from subject 3368 vox2ras=TkReg
1056
56306  33.132  -31.601  18.874 0.0000000000
78476  43.872  -9.907  6.822 0.0000000000
67314  37.722  -21.929  10.869 0.0000000000
53100  13.605  -34.508  28.706 0.0000000000
62886  27.675  -24.975  24.156 0.0000000000
72270  36.770  -16.733  11.430 0.0000000000
54111  20.137  -33.203  24.083 0.0000000000
50236  17.444  -37.003  27.296 0.0000000000
57403  24.119  -30.176  23.534 0.0000000000
79491  48.194  -9.550  6.374 0.0000000000
59828  34.166  -28.319  18.053 0.0000000000
61981  35.393  -26.239  16.447 0.0000000000
56301  37.838  -31.044  19.600 0.0000000000
84483  45.692  -4.887  6.461 0.0000000000
83542  48.720  -5.306  3.349 0.0000000000
78441  40.414  -10.452  8.889 0.0000000000
73298  45.255  -15.672  8.157 0.0000000000
73283  40.474  -15.777  8.960 0.0000000000
68328  41.810  -20.587  11.170 0.0000000000
54158  31.113  -33.505  22.453 0.0000000000
49150  11.582  -38.718  31.563 0.0000000000
50120  8.573  -37.880  34.024 0.0000000000
50065  6.699  -36.518  37.097 0.0000000000
59808  30.153  -28.411  20.805 0.0000000000
58609  27.466  -29.440  23.512 0.0000000000
68263  33.087  -20.859  15.236 0.0000000000
65131  38.639  -24.040  16.869 0.0000000000
88369  51.523  -0.641  2.803 0.0000000000
78474  45.688  -10.257  6.471 0.0000000000
76314  46.335  -12.384  7.861 0.0000000000
58684  33.622  -29.885  18.466 0.0000000000
57499  35.581  -30.023  17.443 0.0000000000
56303  36.100  -31.548  19.130 0.0000000000
81556  43.258  -7.579  7.873 0.0000000000
83498  45.444  -5.585  8.282 0.0000000000
81571  44.188  -7.494  6.495 0.0000000000
81580  46.617  -7.306  5.117 0.0000000000
45574  6.155  -42.104  38.648 0.0000000000
75249  40.363  -13.502  8.226 0.0000000000
75231  38.525  -13.831  10.004 0.0000000000
70335  37.227  -19.096  10.478 0.0000000000
70333  39.177  -18.593  10.169 0.0000000000
67324  39.797  -21.417  10.607 0.0000000000
65241  40.632  -23.545  12.307 0.0000000000
51182  15.650  -35.752  28.268 0.0000000000
50199  17.109  -37.919  29.056 0.0000000000
50202  14.518  -37.199  29.620 0.0000000000
49147  14.665  -38.682  31.484 0.0000000000
51169  12.524  -36.145  29.606 0.0000000000
52081  9.807  -35.482  32.981 0.0000000000
50092  7.383  -37.793  35.786 0.0000000000
61911  29.565  -26.181  22.733 0.0000000000
59794  27.940  -28.360  21.209 0.0000000000
60855  26.755  -27.068  21.837 0.0000000000
53179  23.707  -35.029  23.850 0.0000000000
54108  25.428  -32.865  24.532 0.0000000000
61971  38.115  -26.818  18.007 0.0000000000
65134  36.459  -24.232  16.926 0.0000000000
74224  37.629  -14.069  11.886 0.0000000000
71290  36.469  -17.736  12.805 0.0000000000
68311  35.519  -19.893  12.017 0.0000000000
51231  21.252  -36.084  24.386 0.0000000000
50248  20.133  -37.869  26.519 0.0000000000
51222  19.230  -36.251  25.315 0.0000000000
53142  16.507  -34.120  26.233 0.0000000000
55058  14.967  -32.159  27.497 0.0000000000
60826  24.791  -27.303  23.120 0.0000000000
59759  22.765  -28.059  24.042 0.0000000000
55118  22.244  -31.877  23.399 0.0000000000
61958  34.033  -26.460  19.639 0.0000000000
62992  32.888  -25.202  17.818 0.0000000000
60909  34.358  -27.281  16.975 0.0000000000
59834  37.596  -28.318  17.041 0.0000000000
86490  48.371  -2.470  4.453 0.0000000000
84505  46.407  -4.928  4.779 0.0000000000
81587  48.106  -7.096  4.803 0.0000000000
78466  42.143  -10.443  7.462 0.0000000000
76316  44.509  -12.503  7.521 0.0000000000
75261  42.231  -13.435  7.639 0.0000000000
73301  42.033  -15.564  8.131 0.0000000000
71310  43.733  -17.749  10.174 0.0000000000
72305  38.550  -15.996  10.005 0.0000000000
70331  41.284  -18.474  10.363 0.0000000000
55164  32.111  -32.632  20.224 0.0000000000
55145  34.697  -32.535  21.103 0.0000000000
80525  42.637  -8.768  9.406 0.0000000000
53085  11.718  -34.172  30.745 0.0000000000
51143  10.686  -36.261  31.637 0.0000000000
49107  9.776  -38.854  33.166 0.0000000000
46777  9.900  -39.967  34.466 0.0000000000
46759  8.230  -40.062  35.154 0.0000000000
46744  6.588  -39.916  36.511 0.0000000000
49034  5.421  -38.799  37.514 0.0000000000
50054  4.495  -37.492  38.261 0.0000000000
57469  31.197  -30.339  19.240 0.0000000000
56292  29.639  -31.553  20.011 0.0000000000
57426  28.611  -31.163  22.657 0.0000000000
58593  25.551  -29.605  24.057 0.0000000000
66267  34.401  -21.989  12.426 0.0000000000
65154  33.830  -23.619  16.032 0.0000000000
65200  35.565  -23.706  14.657 0.0000000000
65223  38.149  -24.191  13.295 0.0000000000
55127  37.837  -32.558  21.951 0.0000000000
87448  53.017  -1.421  1.445 0.0000000000
86505  49.756  -2.743  2.804 0.0000000000
85550  51.751  -3.409  1.329 0.0000000000
78475  44.703  -10.094  6.558 0.0000000000
78462  46.262  -10.909  7.287 0.0000000000
78463  45.280  -10.884  7.053 0.0000000000
56325  33.631  -31.055  18.509 0.0000000000
56324  34.518  -31.159  18.351 0.0000000000
56305  34.074  -31.685  18.876 0.0000000000
80553  43.181  -8.724  6.945 0.0000000000
81564  43.410  -7.977  7.032 0.0000000000
79495  44.145  -9.296  6.418 0.0000000000
79494  45.064  -9.224  6.006 0.0000000000
45597  5.440  -41.208  38.395 0.0000000000
75222  38.812  -12.871  10.530 0.0000000000
75212  39.382  -12.736  12.009 0.0000000000
68345  36.997  -20.688  10.679 0.0000000000
68343  38.623  -20.500  10.334 0.0000000000
67313  38.598  -21.940  10.828 0.0000000000
66284  40.468  -22.698  11.387 0.0000000000
65258  39.450  -23.344  11.790 0.0000000000
52158  14.758  -35.196  28.454 0.0000000000
52138  15.043  -35.761  28.514 0.0000000000
52139  14.194  -35.389  28.709 0.0000000000
50203  13.694  -37.364  29.650 0.0000000000
52140  13.137  -35.346  29.173 0.0000000000
62899  28.480  -25.252  23.241 0.0000000000
62943  27.811  -25.779  21.372 0.0000000000
62900  27.217  -25.116  22.911 0.0000000000
51218  23.378  -36.207  25.347 0.0000000000
66173  33.183  -22.170  19.836 0.0000000000
61956  38.978  -26.162  19.451 0.0000000000
70311  36.023  -18.344  12.598 0.0000000000
69297  35.865  -18.306  13.587 0.0000000000
52231  20.923  -34.756  23.389 0.0000000000
52209  20.160  -35.948  24.438 0.0000000000
52224  19.878  -34.815  24.191 0.0000000000
53163  17.711  -33.432  25.449 0.0000000000
54065  16.231  -33.031  26.326 0.0000000000
54066  15.847  -33.108  26.654 0.0000000000
61867  23.520  -26.122  24.880 0.0000000000
55103  21.419  -31.932  24.366 0.0000000000
55102  21.739  -31.653  23.991 0.0000000000
54131  21.161  -33.422  23.230 0.0000000000
53189  21.496  -34.224  23.059 0.0000000000
61967  33.654  -26.791  18.468 0.0000000000
60901  34.044  -27.521  17.755 0.0000000000
57481  37.146  -30.267  18.098 0.0000000000
58691  37.123  -29.345  17.359 0.0000000000
58682  37.738  -29.605  17.984 0.0000000000
58681  38.536  -29.331  18.333 0.0000000000
57463  39.419  -30.084  19.486 0.0000000000
83506  45.262  -5.388  7.399 0.0000000000
85517  46.840  -3.689  5.469 0.0000000000
84493  46.246  -4.563  5.540 0.0000000000
80570  47.155  -8.536  5.518 0.0000000000
81579  47.652  -7.756  5.171 0.0000000000
80569  48.141  -8.681  5.686 0.0000000000
78453  40.922  -10.210  8.192 0.0000000000
77444  41.367  -11.278  7.576 0.0000000000
77445  40.894  -12.007  7.756 0.0000000000
74269  40.309  -14.504  8.490 0.0000000000
74268  41.273  -14.466  8.213 0.0000000000
72314  41.519  -16.096  8.604 0.0000000000
72301  42.383  -16.549  9.138 0.0000000000
71323  41.750  -17.044  9.613 0.0000000000
74225  37.308  -14.896  12.494 0.0000000000
74238  37.986  -14.520  10.490 0.0000000000
73266  37.260  -16.087  10.781 0.0000000000
68341  40.421  -19.982  10.495 0.0000000000
70332  40.253  -18.499  10.288 0.0000000000
69334  41.718  -19.005  10.646 0.0000000000
70322  42.653  -19.065  11.199 0.0000000000
55148  31.728  -33.147  21.157 0.0000000000
54155  33.155  -32.943  21.602 0.0000000000
78427  40.722  -10.367  9.721 0.0000000000
78440  41.165  -9.813  9.224 0.0000000000
79475  41.935  -9.059  8.304 0.0000000000
50249  19.058  -37.486  26.421 0.0000000000
50220  18.409  -38.376  27.826 0.0000000000
49149  12.867  -39.001  31.244 0.0000000000
47962  14.049  -39.307  32.648 0.0000000000
47963  13.117  -39.548  32.725 0.0000000000
47964  11.943  -39.591  32.659 0.0000000000
53956  11.493  -32.928  31.884 0.0000000000
53086  11.454  -34.999  30.902 0.0000000000
53053  10.661  -34.319  32.501 0.0000000000
51121  8.960  -37.154  33.680 0.0000000000
50118  9.645  -37.672  33.086 0.0000000000
49108  9.177  -38.664  33.746 0.0000000000
47945  9.653  -39.276  33.646 0.0000000000
49088  9.005  -39.067  34.174 0.0000000000
46758  9.175  -40.456  35.242 0.0000000000
47901  8.397  -39.294  34.840 0.0000000000
50081  7.144  -37.357  36.412 0.0000000000
49051  6.913  -38.357  36.083 0.0000000000
49052  6.407  -38.578  36.544 0.0000000000
47865  6.030  -39.331  36.773 0.0000000000
49033  5.844  -38.174  36.960 0.0000000000
58643  31.244  -29.287  21.584 0.0000000000
57454  31.580  -30.013  19.968 0.0000000000
58672  30.322  -29.723  19.446 0.0000000000
57470  30.254  -30.400  19.158 0.0000000000
58657  29.422  -29.208  19.675 0.0000000000
59779  27.814  -28.889  22.234 0.0000000000
57441  28.377  -30.332  21.573 0.0000000000
57427  28.307  -30.431  22.528 0.0000000000
58611  24.240  -29.151  23.637 0.0000000000
59756  25.092  -28.394  23.387 0.0000000000
58594  24.750  -29.672  23.822 0.0000000000
56215  26.333  -31.833  25.499 0.0000000000
74281  44.660  -14.144  7.616 0.0000000000
75247  45.992  -13.711  8.008 0.0000000000
74264  45.533  -14.645  7.859 0.0000000000
69283  33.699  -19.610  14.479 0.0000000000
68313  34.191  -20.331  12.843 0.0000000000
66245  33.343  -21.847  13.734 0.0000000000
61983  33.645  -25.531  16.797 0.0000000000
64099  33.351  -24.401  16.564 0.0000000000
64098  34.389  -24.475  16.375 0.0000000000
65132  37.722  -24.060  16.957 0.0000000000
65174  35.315  -23.671  15.509 0.0000000000
65172  37.306  -23.897  15.351 0.0000000000
65199  36.556  -23.930  14.473 0.0000000000
65171  38.312  -24.076  15.164 0.0000000000
65196  39.670  -24.374  14.024 0.0000000000
55143  36.556  -32.423  21.104 0.0000000000
87438  52.316  -1.361  1.913 0.0000000000
85531  47.929  -3.437  3.824 0.0000000000
86495  48.558  -2.881  3.661 0.0000000000
84513  49.139  -4.474  2.965 0.0000000000
84526  50.813  -4.649  2.038 0.0000000000
84525  51.819  -4.978  1.868 0.0000000000
54083  20.551  -32.242  24.676 0.0000000000
54112  19.503  -33.307  24.419 0.0000000000
79492  47.174  -9.561  5.982 0.0000000000
78460  48.357  -10.420  7.409 0.0000000000
78461  47.369  -10.904  7.733 0.0000000000
58683  33.852  -29.226  18.326 0.0000000000
58694  34.352  -29.125  17.512 0.0000000000
57500  34.692  -29.875  17.518 0.0000000000
57482  36.089  -30.714  18.130 0.0000000000
56302  37.140  -31.355  19.373 0.0000000000
82531  45.029  -6.841  9.033 0.0000000000
82541  44.242  -6.651  7.829 0.0000000000
82549  44.406  -6.389  7.206 0.0000000000
83515  44.796  -5.922  6.639 0.0000000000
82567  45.914  -6.581  5.311 0.0000000000
81570  45.002  -7.369  5.950 0.0000000000
79502  45.760  -8.822  5.672 0.0000000000
44497  7.190  -42.320  37.887 0.0000000000
77414  40.001  -10.866  9.621 0.0000000000
76308  40.021  -12.514  8.319 0.0000000000
76309  39.447  -12.773  8.823 0.0000000000
75230  38.979  -13.343  9.432 0.0000000000
73304  39.618  -14.865  9.011 0.0000000000
71301  36.585  -17.595  11.031 0.0000000000
71315  38.236  -17.799  10.025 0.0000000000
70334  38.137  -18.821  10.237 0.0000000000
68342  39.757  -20.482  10.435 0.0000000000
67311  41.308  -21.576  11.135 0.0000000000
66283  41.692  -22.376  11.520 0.0000000000
65240  41.591  -23.529  12.421 0.0000000000
54127  30.650  -33.501  23.937 0.0000000000
51195  16.799  -36.128  27.483 0.0000000000
50221  17.349  -37.651  28.167 0.0000000000
51165  16.310  -36.686  28.564 0.0000000000
50178  16.064  -37.699  30.065 0.0000000000
50157  15.767  -38.074  30.964 0.0000000000
50181  13.084  -37.871  29.959 0.0000000000
49171  12.391  -38.275  30.611 0.0000000000
53036  10.152  -34.269  33.063 0.0000000000
51108  9.160  -35.775  34.502 0.0000000000
51109  8.758  -36.692  34.408 0.0000000000
50091  7.845  -37.708  35.136 0.0000000000
51097  8.180  -36.811  35.187 0.0000000000
51084  7.350  -36.526  36.467 0.0000000000
51050  6.909  -35.784  37.819 0.0000000000
60869  29.926  -27.699  21.353 0.0000000000
60884  29.128  -27.793  20.635 0.0000000000
60885  28.851  -27.608  20.758 0.0000000000
59795  27.487  -27.545  21.491 0.0000000000
59780  27.164  -28.053  22.248 0.0000000000
54128  24.056  -33.006  23.305 0.0000000000
55116  24.612  -32.180  23.535 0.0000000000
54082  24.921  -33.953  24.470 0.0000000000
72312  44.954  -16.278  8.623 0.0000000000
67227  32.476  -21.408  16.831 0.0000000000
61973  36.919  -26.052  17.048 0.0000000000
63000  36.538  -25.398  16.934 0.0000000000
62991  37.654  -25.481  17.925 0.0000000000
64055  37.967  -24.828  18.159 0.0000000000
88359  50.858  -0.585  3.836 0.0000000000
46716  4.030  -40.205  39.188 0.0000000000
74217  38.121  -14.377  13.411 0.0000000000
73244  37.302  -15.672  13.268 0.0000000000
72271  36.476  -17.334  12.018 0.0000000000
71302  36.234  -18.045  11.782 0.0000000000
70336  36.524  -19.397  10.932 0.0000000000
68346  36.508  -20.837  10.993 0.0000000000
51204  22.300  -37.239  26.273 0.0000000000
50246  22.017  -37.654  27.175 0.0000000000
51205  20.903  -37.288  25.791 0.0000000000
51206  19.750  -36.998  25.824 0.0000000000
51208  17.966  -36.273  25.872 0.0000000000
53162  18.283  -33.856  25.040 0.0000000000
52190  17.815  -35.732  25.709 0.0000000000
52173  17.001  -35.727  26.726 0.0000000000
53127  16.029  -34.625  27.121 0.0000000000
54022  15.030  -33.727  27.582 0.0000000000
53116  13.819  -33.707  28.298 0.0000000000
62888  25.512  -25.112  23.430 0.0000000000
61866  24.299  -25.747  24.301 0.0000000000
60827  23.849  -27.281  23.671 0.0000000000
57404  23.320  -29.803  23.467 0.0000000000
58595  22.234  -28.837  24.526 0.0000000000
56248  22.455  -30.480  23.641 0.0000000000
56247  23.310  -30.901  23.198 0.0000000000
54129  23.048  -33.082  22.915 0.0000000000
52221  22.857  -35.637  24.144 0.0000000000
64037  33.668  -24.354  20.333 0.0000000000
64038  33.201  -24.284  19.464 0.0000000000
62976  33.120  -25.209  18.766 0.0000000000
61975  33.447  -25.849  17.276 0.0000000000
60915  35.098  -27.013  16.358 0.0000000000
59837  34.587  -28.272  17.098 0.0000000000
59844  35.563  -27.630  16.333 0.0000000000
60913  36.724  -27.171  16.455 0.0000000000
60906  37.996  -27.452  17.468 0.0000000000
59826  39.549  -28.361  19.028 0.0000000000
86485  47.623  -2.900  5.122 0.0000000000
85526  47.477  -3.477  4.589 0.0000000000
83533  47.289  -5.257  3.922 0.0000000000
82566  46.386  -6.227  4.899 0.0000000000
82580  46.908  -6.356  4.544 0.0000000000
78465  43.203  -10.314  7.222 0.0000000000
77442  43.854  -11.499  7.329 0.0000000000
77443  42.735  -11.395  7.360 0.0000000000
75260  43.186  -13.382  7.573 0.0000000000
74282  43.888  -14.227  7.600 0.0000000000
75262  41.393  -13.457  7.830 0.0000000000
74284  41.962  -14.318  7.877 0.0000000000
73300  43.181  -15.531  7.996 0.0000000000
73280  43.784  -16.100  8.667 0.0000000000
72283  44.136  -17.172  9.807 0.0000000000
75223  38.306  -13.431  11.205 0.0000000000
74250  38.688  -14.708  9.686 0.0000000000
72303  40.188  -16.373  9.272 0.0000000000
71314  39.396  -17.510  9.947 0.0000000000
71325  39.949  -17.056  9.558 0.0000000000
71324  40.895  -17.060  9.604 0.0000000000
71312  41.601  -17.703  10.085 0.0000000000
55181  32.585  -32.134  19.415 0.0000000000
55162  34.150  -32.496  20.251 0.0000000000
55146  33.707  -32.783  21.181 0.0000000000
55131  34.402  -32.834  21.829 0.0000000000
80539  42.537  -8.449  8.764 0.0000000000
79485  42.305  -9.497  7.560 0.0000000000
55014  13.425  -32.165  28.976 0.0000000000
54998  12.428  -32.095  30.125 0.0000000000
53101  12.556  -34.248  29.582 0.0000000000
52123  11.865  -35.372  30.178 0.0000000000
51155  11.321  -36.339  30.653 0.0000000000
50160  11.071  -37.355  31.346 0.0000000000
52095  10.161  -35.501  32.514 0.0000000000
51144  10.590  -36.986  31.886 0.0000000000
49151  10.949  -37.929  31.958 0.0000000000
47965  11.021  -39.594  32.863 0.0000000000
46776  10.801  -40.224  34.734 0.0000000000
45614  7.917  -41.210  36.491 0.0000000000
47902  7.860  -39.270  35.268 0.0000000000
46743  7.306  -40.361  36.113 0.0000000000
46728  7.103  -40.874  36.722 0.0000000000
46729  6.448  -40.510  37.076 0.0000000000
46730  5.500  -40.579  37.965 0.0000000000
47851  4.877  -39.511  38.154 0.0000000000
50067  5.429  -37.736  37.665 0.0000000000
49015  4.941  -38.257  38.095 0.0000000000
47852  4.165  -39.670  38.850 0.0000000000
57486  32.777  -30.705  18.892 0.0000000000
57468  32.375  -30.478  19.278 0.0000000000
56307  32.115  -31.199  19.000 0.0000000000
55182  31.512  -31.960  19.564 0.0000000000
55183  30.459  -31.864  19.686 0.0000000000
55166  29.883  -32.071  20.519 0.0000000000
57455  28.909  -30.126  19.890 0.0000000000
55167  29.256  -31.921  20.940 0.0000000000
56278  29.411  -32.396  22.115 0.0000000000
61915  25.280  -26.810  22.535 0.0000000000
59755  26.195  -28.400  23.049 0.0000000000
59736  26.381  -29.062  23.792 0.0000000000
56231  25.700  -31.587  24.735 0.0000000000
57385  26.470  -30.552  24.813 0.0000000000
58579  26.939  -30.277  24.813 0.0000000000
76315  45.581  -12.634  7.700 0.0000000000
68295  35.105  -18.980  12.783 0.0000000000
68332  35.416  -20.693  11.821 0.0000000000
66288  36.212  -22.424  11.308 0.0000000000
65122  32.561  -23.091  18.451 0.0000000000
65136  32.542  -23.067  17.008 0.0000000000
66217  32.984  -22.728  15.280 0.0000000000
65153  34.899  -23.899  16.072 0.0000000000
65175  34.402  -23.415  15.491 0.0000000000
66229  33.248  -22.388  14.408 0.0000000000
66244  34.251  -22.926  13.457 0.0000000000
65246  35.584  -23.361  12.651 0.0000000000
65260  37.362  -23.295  11.558 0.0000000000
65222  39.191  -24.177  13.239 0.0000000000
55161  35.085  -32.260  20.303 0.0000000000
55159  36.914  -32.165  20.471 0.0000000000
56277  38.102  -31.750  20.826 0.0000000000
55140  39.027  -32.052  21.623 0.0000000000
56288  39.293  -31.032  20.564 0.0000000000
88374  54.753  -0.393  1.646 0.0000000000
87431  49.889  -1.336  3.484 0.0000000000
87440  51.056  -1.595  2.537 0.0000000000
84527  49.957  -4.601  2.549 0.0000000000
85551  50.874  -3.464  1.754 0.0000000000
86503  51.465  -2.084  2.096 0.0000000000
86522  52.575  -2.559  1.176 0.0000000000
85548  53.647  -3.253  1.121 0.0000000000
78464  44.299  -10.723  7.065 0.0000000000
79496  43.521  -9.284  6.763 0.0000000000
80564  43.680  -8.644  6.595 0.0000000000
46715  4.626  -40.775  38.849 0.0000000000
67327  37.389  -21.272  10.663 0.0000000000
67326  38.191  -21.274  10.533 0.0000000000
66285  39.177  -22.582  11.195 0.0000000000
66286  38.074  -22.646  11.166 0.0000000000
53099  14.096  -34.809  28.548 0.0000000000
51203  23.679  -36.506  26.041 0.0000000000
65114  33.432  -23.263  20.107 0.0000000000
53181  20.349  -34.336  23.779 0.0000000000
53182  19.813  -34.017  24.239 0.0000000000
54110  20.876  -32.835  23.864 0.0000000000
54132  20.621  -33.577  23.601 0.0000000000
53190  20.856  -34.089  23.322 0.0000000000
60893  34.091  -27.482  18.784 0.0000000000
57465  37.579  -30.700  18.906 0.0000000000
57480  37.913  -30.061  18.504 0.0000000000
57464  38.514  -30.361  19.217 0.0000000000
84474  45.817  -4.779  7.167 0.0000000000
84482  46.172  -4.404  6.668 0.0000000000
84494  45.665  -5.072  5.861 0.0000000000
80561  47.760  -9.106  5.886 0.0000000000
80560  48.079  -9.116  5.987 0.0000000000
79499  48.544  -9.095  6.021 0.0000000000
44495  8.605  -41.950  37.792 0.0000000000
78454  40.529  -10.743  8.372 0.0000000000
77431  40.702  -10.902  8.068 0.0000000000
77432  40.228  -11.488  8.343 0.0000000000
73303  40.096  -15.104  8.822 0.0000000000
73302  40.964  -15.439  8.570 0.0000000000
73282  40.900  -15.942  8.782 0.0000000000
72302  41.152  -16.423  9.035 0.0000000000
73252  36.881  -15.780  11.953 0.0000000000
69326  41.471  -20.040  10.863 0.0000000000
69335  41.057  -19.455  10.494 0.0000000000
54157  31.653  -33.459  22.109 0.0000000000
50235  18.110  -37.681  27.000 0.0000000000
50219  19.039  -38.482  27.876 0.0000000000
47982  13.500  -39.389  31.925 0.0000000000
47983  12.571  -39.407  31.947 0.0000000000
53957  11.209  -33.268  32.246 0.0000000000
50119  8.865  -37.843  33.693 0.0000000000
47925  8.833  -39.371  34.473 0.0000000000
49089  8.655  -38.746  34.376 0.0000000000
49032  6.478  -37.669  36.704 0.0000000000
50066  5.894  -37.050  37.282 0.0000000000
59792  30.355  -28.100  21.473 0.0000000000
58632  30.917  -28.585  22.164 0.0000000000
58644  30.581  -28.886  21.150 0.0000000000
58655  30.994  -29.521  20.599 0.0000000000
58656  30.283  -29.068  20.208 0.0000000000
59753  27.744  -29.310  22.939 0.0000000000
58633  28.116  -29.672  22.338 0.0000000000
58608  27.917  -29.925  23.286 0.0000000000
57402  28.349  -30.633  23.402 0.0000000000
58590  27.988  -30.320  23.989 0.0000000000
74265  44.583  -14.951  7.772 0.0000000000
68244  33.191  -20.294  15.922 0.0000000000
69245  33.507  -19.790  15.727 0.0000000000
69284  33.407  -20.109  14.885 0.0000000000
67278  33.247  -20.850  13.824 0.0000000000
67266  33.077  -21.398  14.433 0.0000000000
63012  34.873  -25.355  16.482 0.0000000000
63013  33.990  -25.199  16.542 0.0000000000
65151  37.046  -23.780  16.298 0.0000000000
65150  37.996  -23.897  16.129 0.0000000000
65149  38.952  -24.092  15.919 0.0000000000
88368  52.087  -0.386  2.375 0.0000000000
87439  51.684  -1.298  2.398 0.0000000000
84514  48.216  -4.363  3.198 0.0000000000
85530  48.741  -3.443  3.181 0.0000000000
54060  20.220  -31.584  25.639 0.0000000000
55088  20.848  -31.571  25.344 0.0000000000
79493  46.141  -9.633  5.902 0.0000000000
78473  46.713  -10.320  6.620 0.0000000000
77439  46.808  -11.775  7.863 0.0000000000
57501  34.175  -29.654  17.750 0.0000000000
57484  34.042  -30.278  18.066 0.0000000000
56323  35.362  -31.195  18.441 0.0000000000
57466  36.842  -30.982  18.684 0.0000000000
81545  43.232  -7.741  8.673 0.0000000000
81555  43.922  -7.009  8.351 0.0000000000
81563  43.792  -7.074  7.432 0.0000000000
82556  44.648  -6.680  6.357 0.0000000000
79501  46.489  -8.987  5.630 0.0000000000
45596  6.232  -41.625  38.009 0.0000000000
77402  40.030  -11.371  10.448 0.0000000000
77415  39.591  -11.828  9.495 0.0000000000
74249  39.163  -14.372  9.206 0.0000000000
71316  37.236  -18.141  10.345 0.0000000000
67325  39.060  -21.279  10.490 0.0000000000
68330  40.230  -21.033  10.616 0.0000000000
67312  40.444  -21.596  10.834 0.0000000000
65257  40.078  -23.392  11.947 0.0000000000
66264  41.307  -23.058  11.869 0.0000000000
65220  41.053  -23.933  13.128 0.0000000000
51181  16.352  -36.152  28.035 0.0000000000
50222  16.670  -36.902  28.310 0.0000000000
51167  14.769  -36.440  28.985 0.0000000000
50201  15.466  -37.126  29.461 0.0000000000
50179  15.178  -37.619  30.291 0.0000000000
50204  12.939  -37.075  29.501 0.0000000000
50182  12.064  -37.171  30.103 0.0000000000
51095  8.724  -35.243  35.085 0.0000000000
51096  8.590  -36.031  35.161 0.0000000000
51082  8.408  -35.427  35.656 0.0000000000
51068  7.490  -35.632  37.096 0.0000000000
60824  30.242  -26.524  23.238 0.0000000000
60854  29.870  -26.853  22.264 0.0000000000
60853  30.149  -27.488  21.847 0.0000000000
60870  29.328  -27.321  21.216 0.0000000000
61932  29.241  -26.442  21.946 0.0000000000
61934  27.411  -26.370  21.412 0.0000000000
60872  27.443  -27.048  21.380 0.0000000000
53187  23.788  -33.940  23.228 0.0000000000
53186  24.326  -33.583  23.568 0.0000000000
53178  24.457  -34.144  23.945 0.0000000000
67226  32.736  -20.909  17.537 0.0000000000
67215  32.453  -21.558  17.681 0.0000000000
61972  37.532  -26.425  17.450 0.0000000000
61966  37.820  -26.181  18.292 0.0000000000
62974  38.726  -25.511  19.138 0.0000000000
62990  38.176  -25.501  18.537 0.0000000000
64054  38.720  -24.720  18.513 0.0000000000
47836  3.676  -39.777  39.250 0.0000000000
73243  37.840  -15.159  13.488 0.0000000000
72261  36.649  -17.318  12.562 0.0000000000
69314  35.678  -18.993  12.294 0.0000000000
70323  36.113  -18.850  11.639 0.0000000000
69327  36.056  -19.683  11.537 0.0000000000
69340  36.546  -20.203  11.013 0.0000000000
68331  35.980  -20.585  11.409 0.0000000000
51220  21.610  -36.564  24.933 0.0000000000
52210  19.622  -35.596  24.587 0.0000000000
51221  20.328  -36.408  24.867 0.0000000000
51207  18.834  -36.686  25.921 0.0000000000
51223  18.579  -36.194  25.561 0.0000000000
54085  18.949  -32.720  24.897 0.0000000000
53161  19.132  -34.280  24.548 0.0000000000
53141  17.192  -34.067  25.707 0.0000000000
52212  17.687  -34.476  25.414 0.0000000000
52191  17.246  -35.383  26.126 0.0000000000
52192  16.560  -34.961  26.623 0.0000000000
52174  16.616  -35.566  27.103 0.0000000000
54044  15.406  -33.044  26.992 0.0000000000
53128  15.513  -33.964  27.189 0.0000000000
54045  14.903  -33.048  27.430 0.0000000000
54023  14.393  -33.193  27.821 0.0000000000
62874  25.820  -24.674  24.491 0.0000000000
61849  25.216  -24.987  25.276 0.0000000000
60805  22.858  -27.094  24.769 0.0000000000
60804  23.619  -26.622  24.128 0.0000000000
59758  23.089  -27.794  23.913 0.0000000000
58612  23.331  -28.783  23.641 0.0000000000
58613  22.719  -28.462  23.965 0.0000000000
52230  21.611  -35.159  23.367 0.0000000000
52229  22.369  -35.319  23.593 0.0000000000
52222  21.820  -35.829  24.128 0.0000000000
52208  22.429  -36.080  24.707 0.0000000000
62960  34.043  -25.394  20.453 0.0000000000
62975  33.533  -25.324  19.648 0.0000000000
61974  33.732  -26.700  17.468 0.0000000000
61982  34.290  -26.288  16.649 0.0000000000
60916  34.637  -27.091  16.568 0.0000000000
58693  35.109  -29.255  17.033 0.0000000000
59835  36.684  -28.620  16.586 0.0000000000
59843  36.283  -27.835  16.245 0.0000000000
59842  37.055  -27.885  16.420 0.0000000000
60907  37.397  -27.317  16.857 0.0000000000
58680  39.267  -29.019  18.712 0.0000000000
59827  39.057  -28.349  18.324 0.0000000000
82539  45.740  -5.762  8.941 0.0000000000
86484  48.133  -2.338  5.662 0.0000000000
86478  47.369  -2.771  6.043 0.0000000000
84492  46.626  -4.198  5.176 0.0000000000
84504  46.893  -4.417  4.601 0.0000000000
85532  47.467  -3.943  4.199 0.0000000000
81588  47.272  -6.920  4.756 0.0000000000
82579  47.580  -6.213  4.212 0.0000000000
76318  42.403  -12.423  7.395 0.0000000000
76320  40.688  -12.710  7.880 0.0000000000
75263  40.877  -13.360  7.977 0.0000000000
74267  41.841  -14.818  8.027 0.0000000000
73319  42.436  -14.981  7.861 0.0000000000
73281  42.992  -16.094  8.626 0.0000000000
72284  43.300  -17.076  9.699 0.0000000000
75213  38.438  -13.401  12.583 0.0000000000
73265  37.947  -15.594  10.343 0.0000000000
73285  38.598  -15.431  9.840 0.0000000000
72304  39.207  -16.342  9.665 0.0000000000
71313  40.582  -17.684  10.042 0.0000000000
55163  33.159  -32.595  20.202 0.0000000000
54141  33.595  -33.200  22.320 0.0000000000
80538  43.324  -8.375  9.429 0.0000000000
79476  41.590  -9.694  7.943 0.0000000000
50247  21.245  -37.757  26.842 0.0000000000
50232  21.505  -37.865  27.753 0.0000000000
50218  21.093  -38.096  28.305 0.0000000000
47980  14.803  -39.008  32.015 0.0000000000
54983  12.049  -32.206  31.004 0.0000000000
53994  12.132  -33.125  30.367 0.0000000000
52109  11.074  -35.485  31.255 0.0000000000
52124  11.387  -35.542  30.716 0.0000000000
50183  11.460  -37.190  30.663 0.0000000000
52061  9.844  -34.759  33.316 0.0000000000
52080  10.264  -34.965  32.763 0.0000000000
51134  10.154  -36.333  32.420 0.0000000000
50139  10.438  -37.513  32.269 0.0000000000
49128  10.530  -38.704  32.469 0.0000000000
46795  10.657  -40.055  34.143 0.0000000000
46742  8.454  -40.775  35.913 0.0000000000
45613  8.727  -41.203  36.590 0.0000000000
49069  8.119  -38.587  34.939 0.0000000000
49070  7.537  -38.507  35.483 0.0000000000
47883  6.742  -39.324  36.291 0.0000000000
47882  7.255  -39.296  35.732 0.0000000000
45615  7.395  -41.023  36.592 0.0000000000
47866  5.619  -39.759  37.475 0.0000000000
51070  5.522  -36.936  37.919 0.0000000000
51052  5.510  -36.305  38.566 0.0000000000
50053  5.143  -37.229  38.263 0.0000000000
49016  4.174  -38.720  38.354 0.0000000000
57485  33.262  -30.407  18.786 0.0000000000
56327  32.518  -30.824  18.875 0.0000000000
56308  30.860  -31.188  19.105 0.0000000000
56309  29.799  -31.164  19.479 0.0000000000
55184  29.917  -31.707  19.846 0.0000000000
59810  28.753  -28.178  20.423 0.0000000000
58658  28.534  -29.225  20.422 0.0000000000
57440  28.464  -30.962  21.938 0.0000000000
56280  28.538  -31.044  21.271 0.0000000000
56279  28.856  -31.729  21.673 0.0000000000
56263  29.586  -32.511  22.919 0.0000000000
56264  29.064  -31.855  22.786 0.0000000000
61884  24.986  -25.899  22.966 0.0000000000
61883  25.486  -25.788  22.445 0.0000000000
59737  25.655  -28.897  23.636 0.0000000000
60825  25.586  -27.736  22.810 0.0000000000
55101  25.291  -32.274  24.265 0.0000000000
56232  25.125  -31.361  23.993 0.0000000000
57367  26.226  -31.107  24.988 0.0000000000
77441  44.891  -11.633  7.425 0.0000000000
68280  35.391  -18.498  14.272 0.0000000000
68296  34.500  -19.316  13.255 0.0000000000
67293  34.413  -21.081  12.440 0.0000000000
68312  34.889  -20.258  12.396 0.0000000000
67292  35.052  -21.436  11.941 0.0000000000
66289  35.596  -21.900  11.456 0.0000000000
66266  35.292  -22.771  12.092 0.0000000000
64056  32.680  -24.193  18.481 0.0000000000
65115  32.899  -23.223  19.283 0.0000000000
65155  33.007  -23.481  16.290 0.0000000000
65135  32.724  -23.699  16.831 0.0000000000
66203  32.591  -22.587  16.259 0.0000000000
66202  33.219  -23.212  15.809 0.0000000000
64075  36.775  -24.676  17.148 0.0000000000
64096  36.178  -24.640  16.769 0.0000000000
65201  34.706  -23.423  14.702 0.0000000000
66228  33.908  -22.957  14.864 0.0000000000
65226  34.991  -23.525  14.074 0.0000000000
65224  36.977  -23.997  13.356 0.0000000000
65225  35.641  -23.636  13.469 0.0000000000
65245  36.366  -23.484  12.291 0.0000000000
65244  37.661  -23.839  12.368 0.0000000000
65243  38.770  -23.859  12.432 0.0000000000
55128  37.038  -32.680  21.854 0.0000000000
55142  37.471  -32.208  21.134 0.0000000000
56290  37.540  -31.679  20.206 0.0000000000
56276  38.820  -31.655  20.978 0.0000000000
56287  40.042  -30.878  20.687 0.0000000000
88375  53.519  -0.420  1.574 0.0000000000
87447  53.968  -1.332  1.149 0.0000000000
87416  48.742  -1.699  5.364 0.0000000000
86494  49.362  -2.352  3.377 0.0000000000
86493  49.927  -1.729  2.938 0.0000000000
86504  50.403  -2.515  2.408 0.0000000000
84535  51.421  -4.214  1.480 0.0000000000
86514  51.239  -2.781  1.749 0.0000000000
86513  52.341  -2.406  1.436 0.0000000000
77440  45.850  -11.682  7.564 0.0000000000
56304  35.011  -31.710  18.916 0.0000000000
81565  43.041  -8.396  7.222 0.0000000000
81572  43.837  -8.132  6.536 0.0000000000
80563  44.252  -8.497  6.253 0.0000000000
80562  44.842  -8.217  5.961 0.0000000000
45575  5.572  -41.760  38.896 0.0000000000
76284  39.648  -12.063  10.941 0.0000000000
69339  37.139  -19.958  10.563 0.0000000000
69338  37.975  -19.754  10.343 0.0000000000
68344  37.723  -20.579  10.461 0.0000000000
66295  39.310  -21.883  10.765 0.0000000000
66294  39.862  -22.098  10.854 0.0000000000
52157  15.221  -35.166  28.194 0.0000000000
51168  13.676  -36.442  29.265 0.0000000000
51066  8.483  -34.992  35.905 0.0000000000
61882  29.203  -25.729  23.136 0.0000000000
61912  28.846  -25.826  22.379 0.0000000000
62925  27.934  -25.372  21.986 0.0000000000
62926  26.769  -25.667  21.898 0.0000000000
52220  23.545  -35.631  24.481 0.0000000000
53160  24.030  -35.421  24.543 0.0000000000
52189  24.438  -36.107  25.583 0.0000000000
66179  32.694  -22.177  19.021 0.0000000000
60899  39.193  -27.480  18.810 0.0000000000
61965  38.586  -26.493  18.727 0.0000000000
61964  39.238  -26.792  19.297 0.0000000000
70296  36.329  -18.030  13.506 0.0000000000
52223  20.639  -35.609  24.047 0.0000000000
51232  20.947  -36.250  24.495 0.0000000000
54086  18.281  -32.646  25.392 0.0000000000
54087  17.785  -32.612  25.559 0.0000000000
54064  17.060  -32.726  25.727 0.0000000000
54043  15.890  -33.677  26.726 0.0000000000
56216  21.400  -30.865  25.271 0.0000000000
56233  21.701  -31.106  24.440 0.0000000000
56234  21.458  -31.481  24.641 0.0000000000
55119  21.468  -32.620  23.402 0.0000000000
54130  21.969  -33.257  22.895 0.0000000000
61959  33.423  -26.028  18.975 0.0000000000
57498  36.425  -29.976  17.565 0.0000000000
58692  36.103  -29.349  16.978 0.0000000000
58690  37.924  -29.020  17.631 0.0000000000
58668  39.107  -29.616  18.997 0.0000000000
83505  45.746  -4.850  7.673 0.0000000000
85509  46.853  -3.310  6.531 0.0000000000
85518  46.525  -4.059  5.718 0.0000000000
80571  46.185  -8.206  5.437 0.0000000000
81578  48.575  -7.922  5.252 0.0000000000
80568  48.982  -8.717  5.727 0.0000000000
78467  41.530  -10.289  7.712 0.0000000000
76319  41.469  -12.567  7.559 0.0000000000
71311  42.661  -17.607  9.939 0.0000000000
74239  37.232  -15.033  11.210 0.0000000000
72286  38.343  -16.643  10.034 0.0000000000
69336  39.945  -19.411  10.435 0.0000000000
55147  32.745  -32.894  21.017 0.0000000000
54156  32.572  -33.206  21.809 0.0000000000
78426  41.561  -10.243  10.058 0.0000000000
78439  41.977  -9.698  9.679 0.0000000000
79465  42.007  -9.190  9.125 0.0000000000
79466  41.474  -9.550  8.567 0.0000000000
50233  20.530  -38.229  27.592 0.0000000000
50234  19.290  -38.280  27.315 0.0000000000
49210  19.312  -38.505  27.903 0.0000000000
49148  13.878  -39.005  31.286 0.0000000000
47981  14.366  -39.231  31.943 0.0000000000
47942  12.747  -39.682  33.711 0.0000000000
47943  11.409  -39.984  33.956 0.0000000000
54970  11.570  -32.260  31.982 0.0000000000
53976  11.612  -33.200  31.398 0.0000000000
53977  11.367  -33.691  31.644 0.0000000000
53071  11.180  -34.399  31.591 0.0000000000
52094  10.554  -35.392  32.081 0.0000000000
51120  9.427  -36.326  33.549 0.0000000000
47924  9.320  -39.450  34.111 0.0000000000
46778  8.982  -39.923  34.614 0.0000000000
46779  8.608  -39.681  34.757 0.0000000000
58671  30.846  -29.747  19.829 0.0000000000
58673  29.875  -29.865  19.283 0.0000000000
57471  29.565  -30.234  19.420 0.0000000000
58645  28.195  -29.430  21.373 0.0000000000
57401  28.839  -31.242  23.564 0.0000000000
59757  24.094  -28.134  23.611 0.0000000000
58610  25.052  -29.126  23.743 0.0000000000
54081  25.535  -33.531  24.983 0.0000000000
55100  25.694  -32.450  24.984 0.0000000000
55087  26.189  -32.764  25.551 0.0000000000
75259  44.141  -13.360  7.558 0.0000000000
75258  45.095  -13.504  7.597 0.0000000000
68261  34.251  -19.158  15.515 0.0000000000
69282  34.034  -19.238  14.487 0.0000000000
68297  33.707  -19.866  13.687 0.0000000000
67277  33.706  -21.304  12.989 0.0000000000
63001  33.157  -25.113  17.021 0.0000000000
64076  32.661  -24.322  17.374 0.0000000000
63014  33.510  -25.077  16.698 0.0000000000
65133  36.908  -24.074  16.994 0.0000000000
65152  36.033  -23.901  16.448 0.0000000000
65173  36.304  -23.742  15.505 0.0000000000
65198  37.655  -24.135  14.323 0.0000000000
65197  38.702  -24.264  14.178 0.0000000000
65170  39.285  -24.210  14.954 0.0000000000
55130  35.222  -32.644  21.909 0.0000000000
55144  35.639  -32.443  21.089 0.0000000000
55129  36.146  -32.555  21.926 0.0000000000
54137  37.532  -32.965  22.512 0.0000000000
88376  52.701  -0.711  1.761 0.0000000000
85542  49.614  -3.400  2.724 0.0000000000
84534  52.268  -4.275  1.263 0.0000000000
84524  52.881  -4.967  1.865 0.0000000000
54084  19.761  -32.321  24.774 0.0000000000
57368  21.560  -30.277  25.415 0.0000000000
56217  21.272  -31.290  25.139 0.0000000000
78472  47.575  -10.197  6.784 0.0000000000
59821  34.260  -28.239  19.144 0.0000000000
57483  35.042  -30.621  17.883 0.0000000000
81554  44.561  -7.002  8.874 0.0000000000
82540  44.889  -6.271  8.316 0.0000000000
82548  44.812  -5.934  7.536 0.0000000000
83507  44.785  -5.856  7.193 0.0000000000
83514  45.299  -5.473  6.219 0.0000000000
82555  45.204  -6.395  5.806 0.0000000000
81581  45.687  -7.334  5.461 0.0000000000
79503  45.272  -8.606  5.791 0.0000000000
80572  45.438  -8.105  5.650 0.0000000000
77433  39.699  -12.115  8.677 0.0000000000
76292  39.100  -12.481  9.791 0.0000000000
75250  39.547  -13.853  8.681 0.0000000000
74270  39.724  -14.554  8.790 0.0000000000
72287  37.286  -17.115  10.447 0.0000000000
69337  38.956  -19.589  10.247 0.0000000000
68329  40.833  -20.598  10.735 0.0000000000
66263  42.085  -22.923  11.948 0.0000000000
65239  42.471  -23.419  12.453 0.0000000000
54144  30.841  -33.560  23.019 0.0000000000
54143  31.634  -33.701  22.925 0.0000000000
54126  31.430  -33.703  23.812 0.0000000000
51180  16.972  -36.666  27.726 0.0000000000
50200  16.450  -37.306  29.042 0.0000000000
51166  15.761  -36.405  28.775 0.0000000000
50177  16.921  -37.992  29.850 0.0000000000
50159  14.549  -38.369  30.888 0.0000000000
50180  14.237  -38.032  30.285 0.0000000000
49169  14.192  -38.577  30.872 0.0000000000
49170  13.438  -38.540  30.633 0.0000000000
49172  11.667  -37.782  30.807 0.0000000000
53015  9.650  -34.443  34.074 0.0000000000
52062  9.550  -35.280  33.837 0.0000000000
50104  8.598  -37.460  34.119 0.0000000000
50105  8.285  -37.996  34.389 0.0000000000
51110  8.330  -37.322  34.649 0.0000000000
50080  7.659  -37.060  35.846 0.0000000000
51083  7.918  -36.087  35.938 0.0000000000
59793  29.870  -27.935  21.021 0.0000000000
59809  29.553  -28.265  20.526 0.0000000000
60871  28.165  -27.260  20.968 0.0000000000
61933  28.462  -26.211  21.419 0.0000000000
59754  27.207  -28.833  23.173 0.0000000000
55117  23.595  -32.027  23.094 0.0000000000
56246  24.294  -31.164  23.415 0.0000000000
54109  24.922  -33.219  23.986 0.0000000000
53159  24.699  -34.866  24.944 0.0000000000
68224  33.036  -20.357  16.856 0.0000000000
68245  32.974  -21.023  15.781 0.0000000000
61980  36.360  -26.283  16.621 0.0000000000
63011  35.806  -25.396  16.572 0.0000000000
62999  37.154  -25.432  17.349 0.0000000000
64074  37.480  -24.637  17.511 0.0000000000
64073  38.291  -24.362  17.645 0.0000000000
87429  51.211  -1.020  2.857 0.0000000000
75202  38.636  -13.646  13.327 0.0000000000
72260  36.778  -16.764  12.683 0.0000000000
71317  36.503  -18.512  10.895 0.0000000000
67328  36.799  -21.227  10.840 0.0000000000
67315  36.894  -21.845  10.896 0.0000000000
50250  18.351  -36.980  26.369 0.0000000000
51193  17.722  -36.755  26.615 0.0000000000
52211  18.325  -35.406  25.235 0.0000000000
51209  17.494  -36.180  26.366 0.0000000000
51194  17.156  -36.189  26.937 0.0000000000
52156  15.873  -35.241  27.727 0.0000000000
53113  15.767  -34.833  27.514 0.0000000000
53114  15.420  -34.587  27.670 0.0000000000
53115  14.498  -34.491  28.228 0.0000000000
62887  26.504  -24.830  23.758 0.0000000000
61865  25.068  -25.207  24.076 0.0000000000
61885  24.223  -26.559  23.530 0.0000000000
57388  22.009  -29.883  24.509 0.0000000000
57405  22.603  -29.364  23.815 0.0000000000
53188  22.630  -34.465  23.082 0.0000000000
53180  22.896  -35.135  23.637 0.0000000000
52207  23.142  -35.967  24.878 0.0000000000
51219  22.746  -36.411  25.385 0.0000000000
61968  33.268  -26.030  18.118 0.0000000000
60908  34.925  -27.668  16.527 0.0000000000
59836  35.578  -28.456  16.496 0.0000000000
60914  35.915  -27.053  16.409 0.0000000000
61979  37.054  -26.637  16.794 0.0000000000
60900  38.609  -27.483  18.124 0.0000000000
59833  38.393  -28.347  17.708 0.0000000000
86491  47.792  -2.933  4.608 0.0000000000
84515  47.544  -4.416  3.786 0.0000000000
83543  47.874  -5.190  3.428 0.0000000000
83525  45.780  -5.645  5.447 0.0000000000
83524  46.216  -5.368  4.944 0.0000000000
81589  46.779  -6.721  4.794 0.0000000000
83534  46.733  -5.546  4.455 0.0000000000
82590  47.720  -5.664  3.768 0.0000000000
82589  48.266  -5.901  3.754 0.0000000000
78477  43.414  -9.711  7.003 0.0000000000
76317  43.475  -12.421  7.469 0.0000000000
75248  41.093  -13.740  8.087 0.0000000000
74283  42.942  -14.442  7.641 0.0000000000
74266  43.782  -15.035  7.736 0.0000000000
73299  44.291  -15.747  8.273 0.0000000000
72299  44.454  -16.613  9.070 0.0000000000
72300  43.514  -16.554  9.226 0.0000000000
73284  39.469  -15.404  9.229 0.0000000000
72285  39.093  -16.869  9.819 0.0000000000
71326  39.404  -16.960  9.697 0.0000000000
70330  42.358  -18.588  10.616 0.0000000000
70329  43.404  -18.317  10.642 0.0000000000
55180  33.612  -32.218  19.423 0.0000000000
81546  42.768  -8.009  8.180 0.0000000000
80547  42.388  -8.561  7.917 0.0000000000
81557  42.894  -8.177  7.587 0.0000000000
80554  42.740  -8.759  7.337 0.0000000000
79484  43.027  -9.381  7.097 0.0000000000
49196  17.946  -38.520  28.599 0.0000000000
54024  13.831  -32.790  28.377 0.0000000000
54008  13.325  -33.385  28.919 0.0000000000
54009  12.822  -32.826  29.611 0.0000000000
52141  12.497  -35.277  29.601 0.0000000000
51154  11.807  -36.271  29.971 0.0000000000
51133  10.410  -35.975  32.018 0.0000000000
50161  10.789  -37.440  31.884 0.0000000000
49127  11.238  -39.222  32.315 0.0000000000
47944  10.306  -39.597  33.506 0.0000000000
46794  10.946  -40.171  34.241 0.0000000000
45594  8.453  -41.725  37.168 0.0000000000
46760  7.597  -39.798  35.477 0.0000000000
45595  7.314  -41.505  37.141 0.0000000000
50052  6.273  -36.389  37.694 0.0000000000
56326  32.892  -30.976  18.738 0.0000000000
55165  30.960  -32.618  20.378 0.0000000000
55149  30.374  -33.079  21.847 0.0000000000
57456  28.547  -30.164  20.707 0.0000000000
56294  28.529  -30.707  20.936 0.0000000000
56293  29.038  -31.174  20.421 0.0000000000
55150  29.538  -32.301  21.396 0.0000000000
55132  30.091  -33.166  23.276 0.0000000000
62901  25.876  -25.324  22.580 0.0000000000
62927  26.018  -25.637  21.952 0.0000000000
61914  25.826  -26.208  22.023 0.0000000000
60857  25.369  -27.282  22.694 0.0000000000
60856  25.833  -27.175  22.327 0.0000000000
59781  26.312  -27.687  22.454 0.0000000000
59735  27.061  -29.318  23.908 0.0000000000
57387  24.889  -30.413  23.930 0.0000000000
57386  25.750  -30.604  24.464 0.0000000000
58592  26.512  -29.838  24.372 0.0000000000
58591  27.430  -29.918  24.227 0.0000000000
57384  27.831  -30.404  24.581 0.0000000000
76307  46.358  -13.050  8.053 0.0000000000
73297  46.387  -15.773  8.293 0.0000000000
69281  35.956  -18.082  14.382 0.0000000000
67317  35.641  -21.221  11.515 0.0000000000
67316  36.198  -21.448  11.114 0.0000000000
66287  37.139  -22.575  11.138 0.0000000000
66180  32.394  -22.196  18.156 0.0000000000
64077  32.548  -23.560  17.364 0.0000000000
65123  32.466  -22.991  17.705 0.0000000000
66190  32.331  -22.313  17.275 0.0000000000
67238  32.665  -21.553  16.035 0.0000000000
66218  32.677  -22.031  15.608 0.0000000000
64097  35.370  -24.566  16.472 0.0000000000
66201  33.576  -23.340  15.790 0.0000000000
66216  33.672  -23.175  15.575 0.0000000000
67252  32.868  -21.812  15.056 0.0000000000
66243  35.151  -23.250  12.888 0.0000000000
66265  36.104  -22.958  11.779 0.0000000000
65261  36.609  -23.024  11.533 0.0000000000
65259  38.424  -23.373  11.647 0.0000000000
65242  39.715  -23.772  12.464 0.0000000000
65221  40.147  -24.112  13.147 0.0000000000
55179  34.554  -32.094  19.538 0.0000000000
55178  35.377  -32.014  19.596 0.0000000000
55160  36.103  -32.329  20.135 0.0000000000
56291  36.799  -31.908  19.819 0.0000000000
54136  38.079  -32.818  22.438 0.0000000000
55141  38.305  -32.122  21.474 0.0000000000
56289  38.435  -31.135  20.222 0.0000000000
57450  39.091  -30.634  19.915 0.0000000000
57449  39.763  -30.452  20.125 0.0000000000
86489  49.082  -1.938  4.180 0.0000000000
87425  50.418  -0.680  4.063 0.0000000000
87430  50.589  -1.155  3.134 0.0000000000
85541  50.230  -3.735  2.171 0.0000000000
86502  52.022  -1.850  2.060 0.0000000000
86512  53.277  -2.275  1.018 0.0000000000
85549  52.667  -3.326  1.023 0.0000000000
85554  52.996  -2.837  0.833 0.0000000000
47923  9.786  -39.616  33.909 0.0000000000
49109  8.687  -38.234  34.021 0.0000000000
49126  15.037  -38.856  32.150 0.0000000000
51065  8.556  -34.933  35.669 0.0000000000
51081  8.599  -34.961  35.515 0.0000000000
52017  8.651  -34.789  35.828 0.0000000000
52206  23.971  -35.906  25.064 0.0000000000
53070  11.465  -33.868  31.349 0.0000000000
56197  20.962  -31.176  25.766 0.0000000000
56310  29.311  -30.677  19.732 0.0000000000
59738  22.820  -27.591  24.321 0.0000000000
59739  22.574  -27.950  24.418 0.0000000000
60828  23.326  -27.173  24.058 0.0000000000
61913  26.672  -26.337  21.718 0.0000000000
62902  25.386  -25.446  22.961 0.0000000000
62944  27.447  -25.738  21.602 0.0000000000
64057  32.471  -23.659  17.888 0.0000000000
65156  32.688  -23.214  16.587 0.0000000000
67253  32.886  -21.406  15.548 0.0000000000
68203  33.222  -20.367  17.719 0.0000000000
68225  32.850  -20.916  16.288 0.0000000000
68262  33.765  -19.419  15.697 0.0000000000
68264  33.015  -21.098  15.537 0.0000000000
68281  34.417  -19.067  14.435 0.0000000000
68282  33.949  -19.345  14.226 0.0000000000
68283  33.240  -20.577  14.477 0.0000000000
68298  33.389  -20.233  14.089 0.0000000000
69246  33.393  -20.068  15.713 0.0000000000
69264  34.014  -19.226  14.831 0.0000000000
69265  33.692  -19.563  15.227 0.0000000000
69266  33.385  -20.103  15.457 0.0000000000
69298  33.531  -19.909  14.150 0.0000000000
69299  33.439  -20.071  14.414 0.0000000000
71289  36.719  -17.342  12.889 0.0000000000
72313  44.482  -16.211  8.644 0.0000000000
72315  41.118  -16.014  8.695 0.0000000000
73279  44.240  -16.166  8.659 0.0000000000
73320  42.068  -14.929  7.958 0.0000000000
74216  38.840  -13.872  13.684 0.0000000000
74218  37.694  -15.041  13.097 0.0000000000
74285  41.464  -13.982  8.033 0.0000000000
79486  41.873  -9.968  7.665 0.0000000000
79500  48.298  -9.119  6.012 0.0000000000
85510  46.503  -3.955  6.158 0.0000000000
85525  47.850  -3.041  4.334 0.0000000000
85555  52.647  -2.756  1.042 0.0000000000
86515  50.792  -2.910  1.898 0.0000000000
86521  52.779  -2.544  1.041 0.0000000000
