#!ascii label  , from subject 3355 vox2ras=TkReg
1115
109249  -52.965  11.900  5.161 0.0000000000
119379  -41.682  25.847  6.849 0.0000000000
113991  -43.885  17.861  8.989 0.0000000000
115464  -49.928  19.229  0.419 0.0000000000
121857  -45.785  30.198  2.963 0.0000000000
119446  -48.068  25.457  1.714 0.0000000000
118810  -45.502  24.289  -4.077 0.0000000000
116773  -43.194  21.674  1.557 0.0000000000
102399  -50.062  4.334  9.552 0.0000000000
106413  -53.399  7.996  10.224 0.0000000000
122359  -36.739  30.676  7.602 0.0000000000
123971  -41.612  33.645  7.386 0.0000000000
124929  -43.931  35.197  6.731 0.0000000000
111802  -49.990  14.921  10.282 0.0000000000
118705  -45.296  24.323  7.646 0.0000000000
115395  -47.496  19.882  5.726 0.0000000000
114010  -51.078  17.934  6.635 0.0000000000
114031  -47.162  17.109  5.302 0.0000000000
113341  -41.672  16.068  6.105 0.0000000000
110132  -51.605  12.506  4.693 0.0000000000
122432  -46.037  31.089  1.704 0.0000000000
121342  -46.354  28.404  -1.333 0.0000000000
119465  -44.508  26.164  -1.450 0.0000000000
117521  -41.934  23.017  -4.955 0.0000000000
102417  -53.194  4.032  9.233 0.0000000000
103364  -52.723  4.826  10.873 0.0000000000
121229  -34.732  27.932  9.016 0.0000000000
124427  -44.180  34.702  8.591 0.0000000000
110068  -48.901  12.742  9.192 0.0000000000
113286  -46.864  15.963  10.373 0.0000000000
120019  -41.697  26.515  10.015 0.0000000000
119369  -46.170  26.308  8.545 0.0000000000
117452  -48.638  21.971  0.451 0.0000000000
117414  -46.506  22.647  3.188 0.0000000000
116122  -49.398  20.510  2.953 0.0000000000
115379  -50.081  19.438  7.400 0.0000000000
114743  -50.821  18.987  3.772 0.0000000000
114033  -49.336  17.274  5.258 0.0000000000
114757  -48.264  18.281  3.163 0.0000000000
115413  -42.431  18.879  3.970 0.0000000000
120677  -42.944  27.714  4.517 0.0000000000
119416  -46.240  25.790  4.437 0.0000000000
120097  -45.815  26.839  1.420 0.0000000000
119467  -47.467  25.083  -1.207 0.0000000000
116175  -47.625  20.963  -2.695 0.0000000000
116146  -47.432  20.333  0.194 0.0000000000
117475  -44.313  22.692  -2.293 0.0000000000
118113  -41.390  22.967  -0.463 0.0000000000
103410  -51.503  5.207  6.474 0.0000000000
104417  -53.156  6.152  6.887 0.0000000000
107364  -52.400  9.569  8.010 0.0000000000
118697  -38.172  24.719  10.686 0.0000000000
120636  -38.929  27.200  9.702 0.0000000000
121808  -39.850  29.170  8.407 0.0000000000
121816  -41.229  29.754  7.426 0.0000000000
122371  -43.907  30.919  6.570 0.0000000000
123518  -45.217  32.202  5.386 0.0000000000
122958  -43.661  31.962  4.386 0.0000000000
124941  -41.612  35.193  4.911 0.0000000000
106419  -50.914  8.740  9.373 0.0000000000
108290  -52.124  10.661  10.007 0.0000000000
110973  -52.326  13.498  9.033 0.0000000000
116055  -43.156  20.952  7.075 0.0000000000
118731  -47.801  25.506  5.515 0.0000000000
117394  -44.767  22.250  5.362 0.0000000000
114686  -45.259  19.035  7.253 0.0000000000
113995  -48.198  17.960  8.936 0.0000000000
113312  -50.810  16.744  9.767 0.0000000000
111839  -52.162  14.927  6.706 0.0000000000
111858  -50.095  14.529  6.348 0.0000000000
111868  -47.810  14.298  5.975 0.0000000000
111865  -45.417  15.049  5.943 0.0000000000
115431  -45.442  19.546  3.218 0.0000000000
114028  -44.357  17.549  5.385 0.0000000000
111002  -43.093  13.541  6.160 0.0000000000
107387  -52.261  10.063  5.462 0.0000000000
109263  -52.891  11.518  4.317 0.0000000000
110135  -53.389  12.913  3.800 0.0000000000
121306  -44.165  28.795  1.192 0.0000000000
121322  -44.791  28.989  0.040 0.0000000000
120106  -44.147  26.804  0.252 0.0000000000
119476  -42.359  25.603  -2.454 0.0000000000
113978  -45.570  16.997  9.470 0.0000000000
120027  -41.296  26.348  8.724 0.0000000000
116790  -49.667  20.524  -0.045 0.0000000000
116777  -49.216  21.167  1.316 0.0000000000
116136  -50.122  20.358  1.607 0.0000000000
116106  -50.586  20.060  3.446 0.0000000000
115444  -50.687  19.292  2.176 0.0000000000
114759  -50.015  18.634  2.760 0.0000000000
114779  -49.875  18.640  1.137 0.0000000000
121287  -44.518  28.859  3.388 0.0000000000
120089  -44.743  27.093  2.780 0.0000000000
121298  -45.603  28.970  2.260 0.0000000000
120141  -46.606  26.317  -2.491 0.0000000000
120132  -46.947  26.921  -1.720 0.0000000000
118800  -46.455  24.097  -2.903 0.0000000000
118142  -47.230  23.390  -2.359 0.0000000000
117511  -46.468  22.094  -3.748 0.0000000000
116829  -46.123  21.343  -3.010 0.0000000000
117509  -44.657  22.251  -3.938 0.0000000000
117489  -41.649  22.774  -3.045 0.0000000000
104410  -53.243  6.071  9.422 0.0000000000
104409  -53.068  5.250  8.816 0.0000000000
104413  -53.083  6.680  9.017 0.0000000000
106429  -52.824  8.381  8.757 0.0000000000
106421  -53.118  8.955  9.593 0.0000000000
121803  -35.475  29.537  7.894 0.0000000000
120643  -36.574  27.642  8.873 0.0000000000
121241  -37.384  28.483  8.600 0.0000000000
121234  -39.335  28.412  9.327 0.0000000000
122352  -38.224  29.922  8.358 0.0000000000
123502  -40.290  32.950  6.825 0.0000000000
122935  -40.408  31.469  7.380 0.0000000000
122936  -41.504  31.557  7.471 0.0000000000
122370  -43.066  30.459  7.071 0.0000000000
123491  -43.292  32.613  8.071 0.0000000000
124913  -44.525  35.462  7.954 0.0000000000
123974  -45.005  33.341  7.482 0.0000000000
123984  -43.754  33.588  6.378 0.0000000000
122959  -44.713  32.155  4.367 0.0000000000
124466  -42.963  34.169  5.905 0.0000000000
123507  -42.404  32.922  5.106 0.0000000000
125396  -42.852  35.793  5.825 0.0000000000
106416  -46.275  8.239  9.152 0.0000000000
105438  -47.189  7.334  9.571 0.0000000000
105446  -48.031  7.865  8.733 0.0000000000
105440  -49.558  7.286  9.174 0.0000000000
106426  -48.584  8.708  8.575 0.0000000000
110970  -49.311  13.571  9.590 0.0000000000
109193  -50.714  11.815  9.561 0.0000000000
110070  -51.084  12.950  10.222 0.0000000000
109195  -51.944  11.652  9.601 0.0000000000
110958  -51.916  13.746  10.412 0.0000000000
118031  -44.434  24.230  9.209 0.0000000000
118045  -42.852  23.334  8.221 0.0000000000
118049  -43.812  23.136  6.922 0.0000000000
119429  -47.363  25.750  3.569 0.0000000000
119417  -47.949  26.452  4.697 0.0000000000
119430  -48.081  25.646  3.949 0.0000000000
116084  -46.848  20.827  4.655 0.0000000000
117403  -45.536  22.332  4.255 0.0000000000
116070  -45.552  20.829  5.349 0.0000000000
115382  -44.901  20.038  6.494 0.0000000000
114699  -46.271  19.360  6.588 0.0000000000
113994  -47.151  17.646  8.744 0.0000000000
114689  -48.211  18.659  7.510 0.0000000000
114692  -50.998  19.070  6.964 0.0000000000
113998  -50.390  18.765  8.852 0.0000000000
113999  -51.378  17.419  8.150 0.0000000000
112584  -51.800  15.880  8.175 0.0000000000
112597  -51.994  15.889  7.120 0.0000000000
112618  -51.605  15.512  6.583 0.0000000000
113371  -51.109  16.141  6.434 0.0000000000
114032  -48.163  16.906  5.032 0.0000000000
113369  -48.568  16.083  5.634 0.0000000000
113368  -47.460  16.161  5.450 0.0000000000
111020  -46.545  14.029  5.984 0.0000000000
112623  -45.864  15.600  6.041 0.0000000000
116775  -45.086  21.290  1.056 0.0000000000
116133  -46.173  20.442  1.472 0.0000000000
116120  -44.873  20.550  2.433 0.0000000000
114046  -42.090  17.814  4.856 0.0000000000
114717  -43.219  18.274  4.890 0.0000000000
113364  -43.356  16.978  5.761 0.0000000000
113343  -43.564  16.117  6.255 0.0000000000
112612  -42.116  15.243  6.313 0.0000000000
111001  -41.909  13.409  6.152 0.0000000000
105464  -52.907  7.629  4.893 0.0000000000
110122  -50.322  11.726  5.540 0.0000000000
122421  -46.386  31.026  2.378 0.0000000000
121883  -46.911  29.967  0.944 0.0000000000
121896  -46.258  29.944  0.317 0.0000000000
120748  -45.435  27.122  -1.820 0.0000000000
119490  -45.232  25.602  -2.676 0.0000000000
118157  -43.175  23.326  -5.011 0.0000000000
118807  -42.496  24.426  -4.260 0.0000000000
102400  -51.096  4.185  9.656 0.0000000000
101405  -52.260  3.382  10.745 0.0000000000
104402  -52.986  6.427  10.481 0.0000000000
122357  -34.965  30.929  7.507 0.0000000000
124440  -43.519  34.506  8.322 0.0000000000
125897  -44.543  37.286  6.944 0.0000000000
125901  -44.184  37.305  5.653 0.0000000000
109204  -47.915  11.152  8.405 0.0000000000
111815  -47.762  14.396  9.512 0.0000000000
112562  -48.623  15.648  10.248 0.0000000000
119370  -47.568  25.841  8.650 0.0000000000
118104  -48.023  23.629  0.827 0.0000000000
118085  -47.249  23.713  2.606 0.0000000000
117437  -48.108  22.549  1.364 0.0000000000
116748  -48.122  21.044  3.294 0.0000000000
116086  -48.728  20.209  4.635 0.0000000000
115397  -48.922  19.421  6.094 0.0000000000
116075  -50.150  19.916  5.445 0.0000000000
115398  -50.669  19.559  5.210 0.0000000000
114704  -50.723  18.736  5.994 0.0000000000
114009  -50.539  17.466  5.922 0.0000000000
114053  -49.659  18.086  4.225 0.0000000000
114064  -48.988  17.900  3.554 0.0000000000
114741  -47.885  17.753  3.729 0.0000000000
116118  -43.169  20.665  2.728 0.0000000000
114674  -42.309  18.776  8.667 0.0000000000
120055  -42.069  26.840  5.352 0.0000000000
119390  -43.738  25.592  6.146 0.0000000000
119414  -43.899  26.246  3.978 0.0000000000
119428  -45.706  25.757  3.102 0.0000000000
119445  -46.914  25.922  1.194 0.0000000000
120720  -46.567  27.859  -0.234 0.0000000000
119453  -47.367  25.976  0.177 0.0000000000
118770  -48.404  24.997  0.601 0.0000000000
118117  -48.168  23.609  -0.129 0.0000000000
117479  -48.492  21.886  -1.242 0.0000000000
116161  -48.590  20.327  -1.528 0.0000000000
115462  -48.278  19.811  -0.245 0.0000000000
116159  -47.168  20.714  -1.511 0.0000000000
117464  -45.528  21.726  -1.308 0.0000000000
117450  -44.304  22.168  0.096 0.0000000000
117490  -42.933  22.644  -3.251 0.0000000000
118127  -42.742  23.120  -1.513 0.0000000000
103393  -52.026  4.961  8.389 0.0000000000
103404  -52.594  5.535  7.292 0.0000000000
103412  -53.347  5.986  5.596 0.0000000000
105453  -52.573  7.530  6.654 0.0000000000
106438  -51.944  9.045  6.394 0.0000000000
108312  -52.484  10.682  7.294 0.0000000000
118679  -40.215  24.847  11.305 0.0000000000
120002  -38.194  26.392  9.779 0.0000000000
120004  -40.564  26.662  10.876 0.0000000000
120638  -40.241  27.393  10.456 0.0000000000
120026  -40.568  27.067  9.397 0.0000000000
120047  -40.763  27.020  7.354 0.0000000000
122933  -38.267  31.265  7.269 0.0000000000
122354  -39.326  30.170  8.129 0.0000000000
121250  -40.783  28.817  7.579 0.0000000000
120665  -41.238  27.742  6.651 0.0000000000
121265  -42.506  28.707  5.601 0.0000000000
121831  -43.182  29.329  5.524 0.0000000000
121833  -44.832  30.434  4.864 0.0000000000
123492  -44.333  32.459  8.220 0.0000000000
122947  -45.130  31.509  6.229 0.0000000000
122391  -46.098  30.964  4.352 0.0000000000
122978  -45.432  31.592  3.681 0.0000000000
122408  -44.744  31.214  3.271 0.0000000000
122957  -42.562  31.649  4.274 0.0000000000
123996  -41.196  33.329  4.438 0.0000000000
125906  -43.220  37.117  4.382 0.0000000000
104401  -52.193  6.458  10.260 0.0000000000
106411  -52.552  8.197  10.393 0.0000000000
108299  -49.414  10.591  8.681 0.0000000000
107347  -50.824  9.831  9.433 0.0000000000
107349  -52.909  9.376  10.056 0.0000000000
108291  -52.414  10.554  9.545 0.0000000000
109206  -52.261  11.611  9.018 0.0000000000
110091  -52.526  12.640  7.224 0.0000000000
115369  -43.750  19.259  7.916 0.0000000000
119391  -45.155  25.680  6.539 0.0000000000
120052  -47.989  26.398  6.924 0.0000000000
118720  -46.921  25.291  6.282 0.0000000000
118749  -46.887  24.075  3.613 0.0000000000
118729  -45.787  23.781  5.178 0.0000000000
118050  -44.440  23.282  6.373 0.0000000000
116720  -44.038  21.578  6.321 0.0000000000
116056  -43.836  20.463  6.932 0.0000000000
113992  -44.876  17.751  8.807 0.0000000000
113993  -45.992  17.745  8.777 0.0000000000
113980  -47.771  17.341  9.582 0.0000000000
113289  -49.009  16.328  10.428 0.0000000000
114681  -49.434  18.959  8.450 0.0000000000
113982  -49.684  18.049  9.944 0.0000000000
112547  -50.458  15.935  10.611 0.0000000000
112582  -51.663  14.866  9.731 0.0000000000
111826  -52.320  14.300  8.377 0.0000000000
111012  -53.145  13.674  5.985 0.0000000000
111871  -52.596  13.947  5.267 0.0000000000
111010  -51.397  13.739  6.018 0.0000000000
111008  -49.500  13.433  6.397 0.0000000000
113345  -49.281  16.163  6.122 0.0000000000
111857  -48.927  14.508  6.168 0.0000000000
111007  -48.279  13.430  6.350 0.0000000000
111006  -47.330  13.034  6.272 0.0000000000
111005  -46.232  13.234  6.173 0.0000000000
115452  -47.820  19.651  1.175 0.0000000000
114756  -46.907  18.780  3.079 0.0000000000
114739  -46.242  18.340  4.187 0.0000000000
114753  -43.986  19.314  3.755 0.0000000000
114738  -44.954  18.302  4.380 0.0000000000
114029  -45.171  17.132  5.277 0.0000000000
112622  -45.033  15.576  5.908 0.0000000000
111003  -44.097  13.547  5.948 0.0000000000
108324  -52.537  10.836  5.984 0.0000000000
108336  -52.606  10.874  4.888 0.0000000000
109264  -53.304  12.293  4.139 0.0000000000
109250  -53.282  12.407  4.654 0.0000000000
121296  -43.273  28.516  2.099 0.0000000000
120705  -43.224  27.578  1.463 0.0000000000
113306  -45.050  16.236  9.977 0.0000000000
113977  -44.457  16.996  9.375 0.0000000000
119365  -41.894  25.621  7.929 0.0000000000
119366  -43.034  25.404  8.218 0.0000000000
119380  -42.703  25.336  7.003 0.0000000000
116778  -49.729  20.589  0.746 0.0000000000
116147  -50.025  19.883  0.654 0.0000000000
116137  -50.540  19.615  1.450 0.0000000000
116148  -50.409  19.297  0.861 0.0000000000
114780  -50.227  18.746  1.564 0.0000000000
121856  -45.177  29.573  3.381 0.0000000000
121297  -44.934  28.542  2.791 0.0000000000
119491  -45.917  25.421  -3.165 0.0000000000
119492  -46.528  25.232  -2.760 0.0000000000
118811  -46.173  24.557  -3.523 0.0000000000
118141  -46.584  23.372  -3.084 0.0000000000
118151  -46.185  23.414  -3.931 0.0000000000
117526  -45.849  22.141  -4.153 0.0000000000
118159  -45.251  23.287  -4.567 0.0000000000
102413  -49.776  4.444  8.636 0.0000000000
105443  -53.519  7.241  9.977 0.0000000000
105450  -53.333  7.261  9.424 0.0000000000
106430  -53.314  7.836  9.232 0.0000000000
106422  -53.469  8.280  9.776 0.0000000000
121812  -36.243  30.030  7.720 0.0000000000
121804  -36.703  29.318  8.112 0.0000000000
121813  -37.028  30.046  8.062 0.0000000000
121805  -37.729  29.516  8.358 0.0000000000
124456  -41.020  34.535  7.144 0.0000000000
123982  -40.143  33.679  6.665 0.0000000000
123983  -40.747  33.468  7.120 0.0000000000
123489  -40.974  32.529  7.132 0.0000000000
123490  -42.143  32.578  7.561 0.0000000000
122937  -42.617  31.663  7.628 0.0000000000
124930  -44.373  35.249  7.358 0.0000000000
124459  -44.287  34.138  7.129 0.0000000000
124458  -43.552  34.409  6.590 0.0000000000
124938  -43.193  35.182  6.170 0.0000000000
107352  -45.527  9.721  8.810 0.0000000000
106424  -46.801  8.731  8.772 0.0000000000
106417  -47.010  8.125  8.899 0.0000000000
106425  -47.559  8.608  8.621 0.0000000000
111817  -49.669  14.333  9.861 0.0000000000
110971  -50.277  13.651  9.862 0.0000000000
110058  -51.373  13.343  10.367 0.0000000000
111803  -50.826  14.620  10.326 0.0000000000
118699  -46.398  24.947  9.145 0.0000000000
118698  -45.393  24.485  8.689 0.0000000000
118039  -44.377  24.036  8.157 0.0000000000
118047  -44.347  23.804  7.190 0.0000000000
119438  -47.758  25.387  2.876 0.0000000000
116072  -47.283  20.345  5.231 0.0000000000
116083  -46.136  21.045  4.842 0.0000000000
115394  -46.949  20.067  5.584 0.0000000000
116061  -45.914  20.335  6.005 0.0000000000
115384  -46.626  19.743  6.064 0.0000000000
114700  -46.921  19.165  6.684 0.0000000000
115385  -47.625  19.499  6.324 0.0000000000
114684  -51.133  18.055  7.957 0.0000000000
114001  -51.446  17.575  7.327 0.0000000000
113323  -51.638  16.712  7.599 0.0000000000
113347  -51.380  16.668  6.615 0.0000000000
113372  -51.353  16.023  6.552 0.0000000000
113367  -46.476  16.331  5.633 0.0000000000
116774  -44.272  21.446  1.500 0.0000000000
116132  -45.215  20.974  1.779 0.0000000000
116761  -44.074  21.013  2.125 0.0000000000
113363  -42.206  16.815  5.640 0.0000000000
114026  -42.659  17.633  5.234 0.0000000000
113342  -42.665  16.093  6.077 0.0000000000
106437  -52.067  8.424  5.746 0.0000000000
109261  -51.138  12.117  4.608 0.0000000000
109247  -51.236  12.316  5.326 0.0000000000
122447  -46.650  30.729  0.683 0.0000000000
122446  -46.153  31.008  0.965 0.0000000000
120120  -44.572  26.796  -0.787 0.0000000000
120731  -44.970  28.121  -0.773 0.0000000000
120130  -44.861  26.698  -1.711 0.0000000000
120139  -45.247  26.509  -2.182 0.0000000000
119478  -44.486  25.697  -2.142 0.0000000000
118798  -44.263  25.181  -3.295 0.0000000000
118788  -43.756  25.309  -2.753 0.0000000000
118796  -42.127  25.255  -3.375 0.0000000000
103375  -53.138  5.344  10.608 0.0000000000
103374  -52.535  5.524  10.615 0.0000000000
122350  -34.520  30.505  7.976 0.0000000000
125886  -44.497  37.202  7.722 0.0000000000
126460  -44.276  37.811  5.994 0.0000000000
126452  -43.871  38.193  6.267 0.0000000000
112577  -46.500  15.169  9.935 0.0000000000
111814  -46.839  14.358  9.682 0.0000000000
112578  -47.322  15.055  9.925 0.0000000000
112579  -48.215  15.052  9.895 0.0000000000
112561  -47.732  15.593  10.266 0.0000000000
120005  -41.743  26.738  10.979 0.0000000000
120030  -47.015  26.675  8.833 0.0000000000
117451  -48.316  22.808  0.771 0.0000000000
116135  -49.528  20.609  2.174 0.0000000000
116764  -48.773  21.065  2.388 0.0000000000
116749  -48.834  20.723  3.086 0.0000000000
116103  -48.260  20.397  3.941 0.0000000000
116104  -49.040  20.390  3.722 0.0000000000
116087  -49.696  20.193  4.623 0.0000000000
115415  -50.796  19.573  4.138 0.0000000000
114720  -50.828  18.980  4.732 0.0000000000
114034  -50.347  18.225  5.058 0.0000000000
114054  -50.480  18.573  4.262 0.0000000000
114758  -49.298  18.293  2.775 0.0000000000
114065  -49.613  18.331  3.369 0.0000000000
114063  -48.298  17.681  3.769 0.0000000000
120068  -42.550  27.076  4.719 0.0000000000
120056  -42.691  26.491  4.826 0.0000000000
120069  -43.198  26.803  4.319 0.0000000000
120090  -45.270  26.701  2.277 0.0000000000
120082  -44.866  26.453  2.981 0.0000000000
119436  -46.139  26.143  1.953 0.0000000000
119444  -46.310  26.384  1.438 0.0000000000
121336  -46.435  28.797  -0.597 0.0000000000
121324  -46.354  28.888  0.474 0.0000000000
120733  -46.547  27.803  -1.105 0.0000000000
119466  -47.312  25.771  -0.979 0.0000000000
120121  -46.784  26.816  -0.653 0.0000000000
118769  -48.138  25.635  0.473 0.0000000000
118778  -47.915  25.437  0.008 0.0000000000
118779  -47.767  24.722  -0.592 0.0000000000
117495  -47.425  22.093  -2.755 0.0000000000
117478  -48.008  22.085  -1.732 0.0000000000
116811  -48.372  21.407  -1.922 0.0000000000
116812  -48.805  21.024  -1.569 0.0000000000
116169  -48.458  20.749  -2.067 0.0000000000
116160  -47.887  20.415  -1.737 0.0000000000
116167  -47.090  20.602  -2.472 0.0000000000
117493  -45.574  21.796  -2.700 0.0000000000
116819  -46.082  21.403  -2.352 0.0000000000
117476  -45.027  22.283  -2.068 0.0000000000
117463  -44.987  22.071  -1.024 0.0000000000
117522  -42.418  22.958  -4.888 0.0000000000
117523  -43.387  22.864  -4.721 0.0000000000
117507  -42.575  22.769  -4.147 0.0000000000
117473  -41.234  22.689  -1.810 0.0000000000
118139  -41.924  23.109  -2.061 0.0000000000
102415  -51.907  4.421  8.885 0.0000000000
104412  -52.853  6.115  8.296 0.0000000000
103411  -52.961  5.556  5.989 0.0000000000
104421  -53.560  6.150  6.097 0.0000000000
105466  -53.372  6.779  5.755 0.0000000000
105458  -53.195  6.866  6.288 0.0000000000
106434  -52.284  8.481  7.070 0.0000000000
107375  -52.338  9.723  6.613 0.0000000000
118677  -38.098  24.449  11.186 0.0000000000
118013  -38.863  24.081  11.693 0.0000000000
118014  -39.680  24.413  11.716 0.0000000000
118678  -39.113  25.025  11.258 0.0000000000
120641  -34.682  27.379  9.617 0.0000000000
120642  -35.522  27.372  9.174 0.0000000000
120017  -38.129  27.215  9.388 0.0000000000
120016  -37.290  27.050  9.471 0.0000000000
120003  -39.389  26.568  10.254 0.0000000000
120637  -39.791  27.442  10.276 0.0000000000
121244  -39.671  28.679  8.836 0.0000000000
120647  -40.060  27.983  9.831 0.0000000000
120651  -40.337  28.036  8.770 0.0000000000
120038  -40.602  27.060  8.198 0.0000000000
121249  -40.223  28.724  8.210 0.0000000000
122361  -38.887  30.562  7.657 0.0000000000
122934  -39.295  31.459  7.203 0.0000000000
122363  -40.869  30.614  7.699 0.0000000000
120657  -41.065  28.248  7.226 0.0000000000
121258  -41.583  28.788  7.002 0.0000000000
121264  -41.800  28.432  6.230 0.0000000000
121259  -42.230  29.106  6.388 0.0000000000
122366  -43.544  31.075  7.312 0.0000000000
121822  -43.138  29.771  6.206 0.0000000000
121823  -43.741  30.414  5.871 0.0000000000
121832  -43.981  29.877  5.175 0.0000000000
122378  -44.311  30.690  5.809 0.0000000000
124426  -43.988  34.357  8.550 0.0000000000
123478  -43.941  33.028  8.446 0.0000000000
123960  -44.673  33.882  8.320 0.0000000000
123503  -44.871  32.213  6.666 0.0000000000
123504  -45.189  31.783  6.031 0.0000000000
122380  -45.770  31.104  5.224 0.0000000000
122960  -45.619  31.757  4.825 0.0000000000
122979  -46.105  31.304  3.732 0.0000000000
123516  -43.921  32.951  4.670 0.0000000000
122977  -44.308  31.587  3.785 0.0000000000
122407  -43.762  31.017  3.264 0.0000000000
122976  -43.352  31.482  3.792 0.0000000000
124936  -41.918  34.773  5.221 0.0000000000
123989  -41.778  33.562  4.988 0.0000000000
124464  -41.677  34.415  5.004 0.0000000000
124470  -41.086  34.284  4.395 0.0000000000
124945  -41.240  35.139  4.226 0.0000000000
125406  -43.591  36.912  5.162 0.0000000000
104399  -49.826  6.043  10.339 0.0000000000
105441  -50.491  7.668  9.427 0.0000000000
104408  -50.701  7.073  9.801 0.0000000000
105431  -51.119  7.340  9.840 0.0000000000
105432  -51.903  7.507  10.090 0.0000000000
105442  -51.312  7.957  9.710 0.0000000000
109191  -48.414  11.969  8.659 0.0000000000
109205  -48.778  11.181  8.535 0.0000000000
108288  -50.339  10.766  9.249 0.0000000000
108289  -51.313  10.761  9.741 0.0000000000
107348  -51.909  9.575  9.855 0.0000000000
110072  -52.219  12.691  9.642 0.0000000000
109219  -52.402  11.642  7.882 0.0000000000
110080  -52.320  12.590  8.487 0.0000000000
117383  -42.816  22.663  7.758 0.0000000000
115368  -42.592  19.818  8.057 0.0000000000
119401  -44.973  25.790  5.322 0.0000000000
119418  -48.295  25.889  4.929 0.0000000000
120070  -48.038  26.557  5.456 0.0000000000
119404  -48.129  25.979  5.802 0.0000000000
118716  -48.048  25.751  7.093 0.0000000000
117424  -46.963  22.728  2.694 0.0000000000
118078  -47.014  23.847  3.255 0.0000000000
118077  -46.322  23.461  3.569 0.0000000000
117395  -45.272  22.284  4.907 0.0000000000
118067  -45.477  23.114  4.586 0.0000000000
118059  -45.161  22.982  5.171 0.0000000000
118718  -45.142  23.754  5.856 0.0000000000
118058  -44.816  23.003  5.691 0.0000000000
116721  -44.488  21.482  5.717 0.0000000000
115378  -45.341  19.293  7.005 0.0000000000
115377  -44.583  19.566  7.148 0.0000000000
115370  -44.385  18.867  7.756 0.0000000000
114677  -45.187  18.475  7.818 0.0000000000
113309  -48.403  16.922  10.180 0.0000000000
113981  -48.826  17.554  9.643 0.0000000000
115387  -49.456  19.420  6.611 0.0000000000
114703  -49.216  19.139  7.249 0.0000000000
114691  -49.571  19.284  7.664 0.0000000000
113984  -50.763  17.438  8.787 0.0000000000
113983  -50.447  18.077  9.579 0.0000000000
113291  -50.481  16.342  10.555 0.0000000000
112565  -51.080  15.462  10.342 0.0000000000
112581  -51.406  15.756  9.275 0.0000000000
112598  -52.149  15.082  7.710 0.0000000000
111840  -52.364  14.249  7.201 0.0000000000
110993  -52.645  13.515  6.662 0.0000000000
111861  -52.785  14.164  6.053 0.0000000000
111872  -52.960  13.713  5.378 0.0000000000
111859  -51.127  14.559  6.463 0.0000000000
111009  -50.537  13.593  6.283 0.0000000000
114008  -49.730  16.825  5.915 0.0000000000
113370  -49.209  16.596  5.700 0.0000000000
112626  -48.344  15.030  5.913 0.0000000000
112615  -48.906  15.538  6.083 0.0000000000
111869  -48.336  14.510  6.016 0.0000000000
111856  -48.327  14.180  6.073 0.0000000000
111021  -47.058  13.801  6.052 0.0000000000
111866  -45.998  14.524  5.967 0.0000000000
111855  -45.513  13.825  5.981 0.0000000000
111004  -45.056  13.170  6.027 0.0000000000
115453  -48.750  19.190  0.973 0.0000000000
116134  -46.988  20.321  1.011 0.0000000000
115442  -46.466  19.647  2.287 0.0000000000
115432  -46.175  19.322  3.161 0.0000000000
114755  -45.738  18.950  3.698 0.0000000000
115429  -43.238  19.410  3.648 0.0000000000
114718  -44.098  18.211  4.937 0.0000000000
114719  -44.640  17.989  4.935 0.0000000000
114048  -44.963  17.723  4.931 0.0000000000
113366  -45.517  16.395  5.694 0.0000000000
113365  -44.479  16.510  5.911 0.0000000000
111853  -43.643  14.421  6.136 0.0000000000
112614  -44.130  15.406  6.170 0.0000000000
107374  -51.866  9.374  5.859 0.0000000000
108335  -52.110  10.179  4.482 0.0000000000
108362  -52.330  10.617  3.346 0.0000000000
121880  -44.600  29.834  1.354 0.0000000000
121307  -44.878  29.706  0.825 0.0000000000
120718  -44.519  27.727  0.038 0.0000000000
119477  -43.407  25.376  -2.295 0.0000000000
120119  -43.665  26.050  -0.278 0.0000000000
112576  -45.547  15.305  9.946 0.0000000000
113307  -46.403  16.166  10.184 0.0000000000
119355  -42.209  25.675  9.139 0.0000000000
119382  -45.242  25.756  7.708 0.0000000000
117438  -48.614  21.832  1.200 0.0000000000
116789  -49.428  21.136  0.364 0.0000000000
116123  -50.144  20.348  2.724 0.0000000000
116105  -50.024  20.447  3.696 0.0000000000
116124  -50.608  19.910  2.414 0.0000000000
114760  -50.620  18.944  2.888 0.0000000000
114742  -50.260  18.598  3.542 0.0000000000
114771  -50.367  18.892  2.072 0.0000000000
114770  -49.827  18.572  2.002 0.0000000000
114769  -49.051  18.290  1.940 0.0000000000
121286  -43.881  28.422  3.856 0.0000000000
120687  -44.045  27.762  3.520 0.0000000000
120688  -44.517  27.826  2.990 0.0000000000
120696  -45.036  27.798  2.448 0.0000000000
120697  -45.484  27.815  1.712 0.0000000000
120131  -46.376  27.103  -2.002 0.0000000000
119479  -47.130  25.920  -2.116 0.0000000000
119480  -47.242  25.248  -1.732 0.0000000000
118789  -47.437  24.467  -1.543 0.0000000000
117494  -46.843  22.693  -3.282 0.0000000000
117512  -47.164  22.033  -3.472 0.0000000000
116830  -46.647  21.093  -3.290 0.0000000000
117510  -45.720  21.865  -3.639 0.0000000000
117492  -44.964  22.403  -3.032 0.0000000000
102444  -51.195  4.768  7.438 0.0000000000
103384  -53.270  4.732  9.127 0.0000000000
103383  -53.122  4.871  8.753 0.0000000000
105449  -53.086  7.255  8.734 0.0000000000
105454  -52.757  7.208  7.564 0.0000000000
107357  -52.723  9.586  9.210 0.0000000000
118688  -37.072  24.888  10.575 0.0000000000
121239  -34.968  28.560  8.368 0.0000000000
121230  -35.620  28.013  8.807 0.0000000000
121240  -36.231  28.504  8.439 0.0000000000
120650  -37.122  27.957  8.672 0.0000000000
120645  -38.467  27.804  9.318 0.0000000000
120646  -39.261  27.882  9.591 0.0000000000
121233  -38.724  28.408  9.234 0.0000000000
121243  -38.989  28.947  8.946 0.0000000000
121807  -39.391  29.580  8.510 0.0000000000
123501  -39.580  32.940  6.669 0.0000000000
122364  -41.978  30.688  7.475 0.0000000000
121821  -42.208  29.887  6.933 0.0000000000
122369  -42.543  30.494  7.278 0.0000000000
122365  -42.938  30.929  7.573 0.0000000000
122938  -43.666  31.734  7.713 0.0000000000
124428  -44.562  34.591  8.194 0.0000000000
123961  -45.109  33.741  8.064 0.0000000000
124442  -44.715  34.401  7.794 0.0000000000
123985  -44.498  33.024  6.646 0.0000000000
123510  -44.777  32.391  5.887 0.0000000000
123517  -44.747  32.592  5.107 0.0000000000
123992  -44.230  32.988  5.786 0.0000000000
123997  -43.842  33.226  4.988 0.0000000000
123508  -43.153  33.060  5.073 0.0000000000
123990  -42.618  33.509  5.387 0.0000000000
124465  -42.211  34.262  5.327 0.0000000000
124937  -42.350  35.194  5.513 0.0000000000
108286  -44.615  10.503  9.290 0.0000000000
107345  -45.749  8.787  9.243 0.0000000000
106415  -45.609  8.382  9.674 0.0000000000
104406  -49.129  6.650  9.834 0.0000000000
105447  -49.088  7.869  8.623 0.0000000000
106427  -49.758  8.789  8.922 0.0000000000
109192  -49.605  11.748  8.868 0.0000000000
110069  -50.011  12.758  9.554 0.0000000000
109194  -51.555  11.787  9.679 0.0000000000
110071  -51.837  12.605  10.095 0.0000000000
110060  -52.120  13.178  10.274 0.0000000000
110959  -52.361  13.627  10.017 0.0000000000
118038  -43.543  23.747  8.623 0.0000000000
118046  -43.499  23.390  7.657 0.0000000000
117384  -43.346  22.543  7.153 0.0000000000
118741  -47.785  25.134  4.522 0.0000000000
116747  -46.910  21.773  3.002 0.0000000000
117413  -45.965  22.511  3.642 0.0000000000
116735  -46.269  21.612  4.034 0.0000000000
116728  -45.643  21.603  4.789 0.0000000000
116727  -44.993  21.492  5.155 0.0000000000
116069  -44.816  20.865  5.582 0.0000000000
116060  -45.160  20.359  6.014 0.0000000000
115383  -45.585  19.692  6.549 0.0000000000
114687  -46.008  18.913  7.086 0.0000000000
114678  -46.523  18.239  7.954 0.0000000000
114688  -47.198  18.619  7.298 0.0000000000
114679  -47.672  18.182  8.063 0.0000000000
114680  -48.699  18.349  8.208 0.0000000000
115380  -50.455  19.244  7.385 0.0000000000
115372  -50.363  19.187  7.859 0.0000000000
114683  -50.633  18.771  7.899 0.0000000000
114667  -51.108  17.818  8.430 0.0000000000
113315  -51.210  16.635  8.589 0.0000000000
112628  -51.359  15.775  6.559 0.0000000000
112617  -50.851  15.569  6.490 0.0000000000
112625  -47.647  15.244  5.703 0.0000000000
111867  -46.959  14.577  5.974 0.0000000000
112624  -46.735  15.424  5.820 0.0000000000
116145  -46.486  20.884  0.501 0.0000000000
116144  -45.689  20.983  1.024 0.0000000000
116121  -45.586  20.332  2.164 0.0000000000
115441  -45.223  20.040  2.736 0.0000000000
114047  -42.527  18.118  4.768 0.0000000000
114736  -42.799  18.570  4.414 0.0000000000
114027  -43.543  17.803  5.321 0.0000000000
112613  -43.120  15.280  6.313 0.0000000000
111852  -42.576  14.366  6.371 0.0000000000
111851  -41.536  14.390  6.523 0.0000000000
104427  -52.483  6.654  4.677 0.0000000000
121868  -46.640  30.113  1.726 0.0000000000
121869  -47.090  30.537  1.279 0.0000000000
122448  -46.828  30.335  0.616 0.0000000000
121904  -46.176  29.323  -0.274 0.0000000000
121902  -45.479  29.362  -0.157 0.0000000000
120732  -45.536  28.361  -1.328 0.0000000000
121341  -46.198  28.309  -1.581 0.0000000000
120140  -45.920  26.556  -2.333 0.0000000000
118799  -45.101  24.976  -3.473 0.0000000000
118818  -44.755  23.873  -4.583 0.0000000000
118809  -44.523  24.584  -4.179 0.0000000000
118816  -43.054  23.982  -4.777 0.0000000000
118156  -42.325  23.451  -4.935 0.0000000000
119488  -42.615  25.366  -2.987 0.0000000000
118806  -41.565  24.369  -3.848 0.0000000000
102401  -52.136  3.778  9.832 0.0000000000
102402  -53.023  3.588  9.609 0.0000000000
101406  -52.972  3.483  11.104 0.0000000000
101413  -53.026  3.486  10.294 0.0000000000
102403  -53.336  4.067  9.917 0.0000000000
103376  -53.459  5.126  10.040 0.0000000000
104403  -53.394  6.285  10.212 0.0000000000
105434  -53.244  7.276  10.290 0.0000000000
121802  -34.343  29.542  8.416 0.0000000000
122351  -35.264  30.329  7.632 0.0000000000
122358  -35.767  30.709  7.436 0.0000000000
123972  -42.732  33.561  7.869 0.0000000000
125368  -44.121  36.597  8.435 0.0000000000
125375  -44.438  36.462  8.113 0.0000000000
125389  -44.354  36.381  7.251 0.0000000000
125388  -44.093  35.808  6.926 0.0000000000
125397  -43.690  36.247  6.170 0.0000000000
125398  -44.467  36.939  6.388 0.0000000000
110968  -47.297  13.604  9.304 0.0000000000
110969  -48.293  13.601  9.334 0.0000000000
111816  -48.737  14.361  9.635 0.0000000000
112580  -49.168  15.066  9.926 0.0000000000
118700  -47.095  25.522  9.404 0.0000000000
118707  -47.129  25.384  8.510 0.0000000000
118763  -48.012  24.594  1.383 0.0000000000
118757  -47.648  24.701  2.224 0.0000000000
118092  -47.614  23.703  1.678 0.0000000000
117425  -47.407  22.801  2.111 0.0000000000
116762  -47.281  22.280  2.522 0.0000000000
116776  -48.501  21.677  1.687 0.0000000000
116763  -47.838  21.856  2.293 0.0000000000
116736  -47.298  21.125  3.923 0.0000000000
116085  -47.758  20.494  4.513 0.0000000000
116073  -48.172  20.133  5.322 0.0000000000
115396  -48.345  19.695  5.943 0.0000000000
116074  -49.271  19.803  5.640 0.0000000000
116063  -49.866  19.777  6.080 0.0000000000
116088  -50.405  20.036  4.453 0.0000000000
115388  -50.390  19.487  6.415 0.0000000000
114052  -48.666  17.524  4.340 0.0000000000
114051  -47.714  17.401  4.299 0.0000000000
114050  -46.722  17.693  4.715 0.0000000000
116760  -43.574  21.074  2.116 0.0000000000
116101  -42.706  20.162  3.292 0.0000000000
115428  -42.133  19.527  3.639 0.0000000000
114735  -41.894  18.309  4.518 0.0000000000
114025  -41.695  17.507  5.298 0.0000000000
113362  -41.211  16.830  5.814 0.0000000000
120049  -41.636  26.527  5.961 0.0000000000
119389  -42.432  26.065  5.975 0.0000000000
119399  -42.613  26.282  5.266 0.0000000000
119400  -43.462  26.007  4.940 0.0000000000
119415  -44.787  25.954  4.227 0.0000000000
119426  -44.155  26.570  3.654 0.0000000000
119427  -44.624  26.271  3.571 0.0000000000
119437  -47.096  25.677  2.394 0.0000000000
121308  -46.113  28.906  1.255 0.0000000000
121323  -46.234  28.346  0.853 0.0000000000
120107  -46.122  27.112  0.870 0.0000000000
120108  -46.461  26.765  0.343 0.0000000000
120098  -46.333  26.619  1.078 0.0000000000
119454  -48.175  25.851  0.888 0.0000000000
118118  -48.446  22.610  -0.155 0.0000000000
118130  -47.916  23.526  -1.223 0.0000000000
117465  -48.337  22.618  -0.865 0.0000000000
117466  -48.646  21.858  -0.657 0.0000000000
116801  -49.210  21.188  -0.452 0.0000000000
116802  -49.270  20.456  -0.851 0.0000000000
115477  -49.113  19.812  -0.996 0.0000000000
115472  -49.361  19.566  -0.601 0.0000000000
115471  -48.860  19.716  -0.942 0.0000000000
116153  -47.863  20.314  -0.882 0.0000000000
116152  -46.985  20.838  -0.518 0.0000000000
116820  -46.434  20.893  -2.721 0.0000000000
116800  -46.532  21.298  -1.125 0.0000000000
116788  -46.312  21.332  -0.288 0.0000000000
116787  -45.574  21.386  0.302 0.0000000000
116786  -44.681  21.510  0.554 0.0000000000
117435  -43.695  22.039  0.871 0.0000000000
117524  -44.397  22.670  -4.563 0.0000000000
117508  -43.648  22.571  -4.038 0.0000000000
117491  -43.959  22.457  -3.196 0.0000000000
118140  -42.502  22.837  -2.474 0.0000000000
118128  -43.820  23.036  -1.466 0.0000000000
102414  -50.790  4.414  8.790 0.0000000000
102431  -51.401  4.802  8.216 0.0000000000
103403  -51.924  5.159  7.734 0.0000000000
103394  -52.734  4.903  8.500 0.0000000000
103421  -52.034  5.551  5.063 0.0000000000
104428  -53.264  6.877  4.946 0.0000000000
105457  -52.775  7.590  6.011 0.0000000000
119342  -37.636  25.197  10.000 0.0000000000
120015  -36.262  26.820  9.459 0.0000000000
120001  -36.948  26.179  9.848 0.0000000000
119343  -38.796  25.543  10.443 0.0000000000
119329  -39.404  25.444  10.756 0.0000000000
119345  -40.284  25.976  10.890 0.0000000000
119990  -41.252  26.051  11.330 0.0000000000
119991  -41.776  26.241  11.459 0.0000000000
120018  -40.699  27.034  10.335 0.0000000000
120039  -41.141  26.369  7.595 0.0000000000
122932  -37.291  31.388  7.238 0.0000000000
122360  -37.861  30.412  7.849 0.0000000000
122353  -38.714  30.086  8.295 0.0000000000
122362  -39.836  30.558  7.779 0.0000000000
121815  -40.245  29.675  8.050 0.0000000000
120656  -40.595  27.844  7.558 0.0000000000
120664  -40.906  27.304  7.028 0.0000000000
120048  -41.130  26.699  6.633 0.0000000000
120054  -41.402  27.099  5.944 0.0000000000
120668  -42.402  27.739  5.095 0.0000000000
121273  -42.883  28.360  4.931 0.0000000000
121274  -43.591  28.658  4.538 0.0000000000
121840  -44.155  29.414  4.476 0.0000000000
121841  -44.891  30.136  4.028 0.0000000000
122939  -44.581  31.959  7.743 0.0000000000
123493  -45.225  32.648  7.931 0.0000000000
122946  -44.757  31.671  7.014 0.0000000000
122372  -44.979  30.940  6.301 0.0000000000
122379  -45.087  30.675  5.485 0.0000000000
122390  -45.474  30.698  4.834 0.0000000000
121842  -45.961  30.660  3.731 0.0000000000
122409  -46.359  30.997  3.448 0.0000000000
122994  -46.207  31.519  3.126 0.0000000000
122420  -45.478  31.196  2.633 0.0000000000
121867  -45.343  30.727  1.987 0.0000000000
121866  -44.211  30.083  2.189 0.0000000000
121855  -43.844  30.614  2.762 0.0000000000
123514  -41.721  32.428  4.566 0.0000000000
125405  -42.503  36.315  5.146 0.0000000000
103373  -51.627  5.430  10.698 0.0000000000
104407  -50.154  6.766  9.676 0.0000000000
104400  -50.990  6.579  10.335 0.0000000000
105433  -52.724  7.370  10.398 0.0000000000
106412  -53.098  8.009  10.449 0.0000000000
108298  -48.448  10.385  8.530 0.0000000000
107356  -49.043  9.626  8.644 0.0000000000
107346  -49.967  9.813  9.012 0.0000000000
106420  -51.905  8.509  10.012 0.0000000000
107338  -52.517  8.888  10.253 0.0000000000
107350  -53.283  8.546  10.218 0.0000000000
108300  -52.585  10.625  8.576 0.0000000000
109232  -52.585  11.767  6.562 0.0000000000
114675  -43.276  18.640  8.449 0.0000000000
119392  -46.212  26.191  7.044 0.0000000000
119402  -46.693  26.150  5.777 0.0000000000
120057  -46.994  26.577  6.727 0.0000000000
120050  -46.791  26.607  7.547 0.0000000000
120042  -47.549  26.336  7.808 0.0000000000
119384  -47.548  25.715  8.097 0.0000000000
118714  -46.261  24.602  7.066 0.0000000000
118750  -47.517  24.673  3.399 0.0000000000
118740  -46.567  24.236  4.256 0.0000000000
118076  -45.538  23.060  3.893 0.0000000000
118739  -45.905  23.672  4.575 0.0000000000
118730  -46.806  24.810  5.276 0.0000000000
118719  -45.996  24.408  6.059 0.0000000000
117386  -43.856  22.446  6.551 0.0000000000
116718  -43.450  21.715  6.792 0.0000000000
116059  -44.396  20.639  6.314 0.0000000000
116058  -43.711  21.036  6.624 0.0000000000
115376  -43.462  20.138  7.516 0.0000000000
114676  -44.219  18.483  8.336 0.0000000000
113979  -46.700  17.122  9.550 0.0000000000
113308  -47.414  16.673  10.134 0.0000000000
113288  -48.070  16.207  10.338 0.0000000000
112563  -49.518  15.647  10.458 0.0000000000
114702  -48.733  19.039  7.051 0.0000000000
114690  -49.017  18.865  7.667 0.0000000000
113996  -49.174  18.301  9.100 0.0000000000
114682  -50.129  19.279  8.279 0.0000000000
113997  -49.916  18.852  9.274 0.0000000000
113310  -49.375  17.125  10.348 0.0000000000
113290  -49.958  16.350  10.856 0.0000000000
112564  -50.315  15.590  10.531 0.0000000000
111804  -51.442  14.376  10.316 0.0000000000
111805  -51.972  14.271  10.168 0.0000000000
111819  -52.253  14.303  9.453 0.0000000000
112585  -52.106  15.101  8.852 0.0000000000
110981  -52.498  13.474  7.854 0.0000000000
110108  -53.098  12.845  5.947 0.0000000000
110109  -53.209  13.028  5.167 0.0000000000
111024  -52.920  13.478  4.748 0.0000000000
111023  -52.533  13.496  4.679 0.0000000000
111860  -52.042  14.339  5.934 0.0000000000
111011  -51.838  13.778  5.239 0.0000000000
109231  -51.500  12.800  5.452 0.0000000000
110106  -51.002  12.902  6.049 0.0000000000
110105  -50.258  12.324  6.223 0.0000000000
113346  -50.383  16.358  6.299 0.0000000000
112616  -49.712  15.462  6.349 0.0000000000
113344  -48.878  15.930  5.952 0.0000000000
110104  -49.037  12.366  6.291 0.0000000000
110103  -47.992  12.248  6.251 0.0000000000
110102  -47.010  12.039  6.054 0.0000000000
115463  -49.016  19.315  0.215 0.0000000000
114768  -48.008  18.838  2.010 0.0000000000
115451  -46.817  19.949  1.447 0.0000000000
115443  -47.392  19.336  1.981 0.0000000000
114740  -47.281  17.981  3.831 0.0000000000
116119  -44.053  20.479  2.540 0.0000000000
114737  -43.745  18.764  4.217 0.0000000000
114754  -44.706  19.246  3.897 0.0000000000
114049  -45.691  17.770  4.859 0.0000000000
114030  -46.123  17.127  5.319 0.0000000000
111854  -44.846  14.435  5.967 0.0000000000
101412  -52.682  3.494  10.083 0.0000000000
101414  -53.281  3.760  10.649 0.0000000000
102416  -52.829  4.046  9.070 0.0000000000
103372  -50.520  5.521  11.022 0.0000000000
103395  -53.072  4.313  8.938 0.0000000000
103422  -52.971  6.084  5.131 0.0000000000
103423  -53.301  6.442  5.302 0.0000000000
104415  -52.537  7.600  6.502 0.0000000000
104416  -52.715  7.238  6.800 0.0000000000
104419  -52.672  7.442  6.366 0.0000000000
104420  -52.900  7.075  6.460 0.0000000000
104422  -53.446  6.442  5.673 0.0000000000
104429  -53.383  6.790  5.388 0.0000000000
105445  -47.412  7.933  8.849 0.0000000000
105448  -49.891  7.941  8.899 0.0000000000
105452  -52.393  7.800  6.508 0.0000000000
105456  -52.477  7.834  6.276 0.0000000000
105459  -53.458  6.536  5.975 0.0000000000
105465  -53.215  7.205  5.497 0.0000000000
106418  -50.363  9.296  9.188 0.0000000000
106428  -50.255  8.291  9.156 0.0000000000
106432  -52.089  7.997  6.280 0.0000000000
106433  -52.239  8.098  6.399 0.0000000000
106436  -52.230  8.025  6.087 0.0000000000
107339  -53.010  8.603  10.374 0.0000000000
107340  -53.224  8.315  10.345 0.0000000000
107344  -45.021  9.270  9.377 0.0000000000
107353  -46.099  9.291  8.823 0.0000000000
108287  -45.296  10.271  8.860 0.0000000000
109229  -51.085  12.165  6.056 0.0000000000
109230  -51.276  12.616  5.689 0.0000000000
109246  -50.797  11.893  5.475 0.0000000000
109248  -51.431  12.596  5.356 0.0000000000
109277  -53.343  12.577  3.783 0.0000000000
110059  -51.642  13.270  10.375 0.0000000000
110107  -51.508  13.122  5.627 0.0000000000
110123  -51.533  12.550  5.132 0.0000000000
110124  -51.881  12.907  5.076 0.0000000000
110125  -53.204  12.610  5.051 0.0000000000
110126  -53.328  12.837  4.510 0.0000000000
110144  -53.382  12.773  3.664 0.0000000000
110957  -51.341  13.735  10.380 0.0000000000
110972  -50.863  13.864  10.188 0.0000000000
111013  -53.163  13.455  5.519 0.0000000000
111022  -47.594  13.644  6.174 0.0000000000
111025  -53.114  13.296  4.911 0.0000000000
111029  -53.063  13.353  4.085 0.0000000000
111030  -53.194  13.203  4.311 0.0000000000
111818  -50.386  14.310  10.062 0.0000000000
111862  -53.085  13.807  5.737 0.0000000000
111870  -52.206  14.116  5.073 0.0000000000
112546  -50.220  15.974  10.788 0.0000000000
112560  -46.994  15.654  10.283 0.0000000000
112566  -51.443  14.642  10.138 0.0000000000
112627  -51.175  15.911  6.515 0.0000000000
113274  -50.093  16.155  10.912 0.0000000000
113275  -50.251  16.190  10.765 0.0000000000
113287  -47.231  16.051  10.389 0.0000000000
113311  -50.200  17.245  10.404 0.0000000000
114666  -50.787  18.217  8.644 0.0000000000
114693  -51.176  18.395  7.246 0.0000000000
114701  -47.863  19.094  6.926 0.0000000000
114705  -51.044  18.594  6.728 0.0000000000
114716  -41.722  17.883  4.897 0.0000000000
114767  -47.222  19.179  2.378 0.0000000000
114777  -48.439  19.117  1.367 0.0000000000
114778  -48.961  18.693  1.183 0.0000000000
114784  -49.108  19.000  0.761 0.0000000000
114785  -49.439  18.935  0.712 0.0000000000
115371  -50.228  19.313  7.746 0.0000000000
115386  -48.501  19.333  6.481 0.0000000000
115414  -43.045  18.910  4.055 0.0000000000
115433  -50.796  19.478  3.135 0.0000000000
115440  -44.594  20.184  2.744 0.0000000000
115454  -50.302  18.891  0.821 0.0000000000
115455  -50.561  18.967  1.265 0.0000000000
115465  -50.419  19.054  0.772 0.0000000000
115470  -48.442  19.927  -0.884 0.0000000000
115476  -48.985  19.910  -1.181 0.0000000000
116062  -49.606  19.675  6.108 0.0000000000
116071  -46.451  20.431  5.384 0.0000000000
116102  -43.512  20.088  3.100 0.0000000000
116131  -44.499  20.949  2.142 0.0000000000
116154  -48.446  20.154  -1.213 0.0000000000
116155  -49.619  19.881  -0.344 0.0000000000
116162  -49.119  20.073  -1.096 0.0000000000
116168  -47.863  20.656  -2.291 0.0000000000
116174  -47.326  20.799  -2.915 0.0000000000
116717  -42.948  21.823  7.363 0.0000000000
116737  -47.808  20.653  3.863 0.0000000000
116746  -46.374  22.106  3.446 0.0000000000
116798  -44.955  21.579  -0.212 0.0000000000
116799  -45.701  21.583  -0.751 0.0000000000
116809  -46.027  21.543  -1.583 0.0000000000
116810  -46.469  20.889  -2.010 0.0000000000
116813  -49.056  20.427  -1.228 0.0000000000
116821  -48.071  21.208  -2.294 0.0000000000
116822  -48.549  20.975  -2.073 0.0000000000
116831  -47.320  21.389  -3.191 0.0000000000
117387  -44.393  22.331  6.008 0.0000000000
117436  -44.220  21.739  0.746 0.0000000000
117460  -41.219  22.659  -1.132 0.0000000000
117474  -43.362  22.748  -2.379 0.0000000000
117477  -45.543  21.820  -1.850 0.0000000000
117506  -41.511  22.956  -4.289 0.0000000000
117525  -45.292  22.358  -4.328 0.0000000000
118068  -45.879  23.554  4.162 0.0000000000
118084  -46.820  23.288  3.072 0.0000000000
118105  -48.347  22.952  0.369 0.0000000000
118112  -40.785  22.836  -0.099 0.0000000000
118150  -45.642  23.658  -4.242 0.0000000000
118155  -41.778  23.224  -4.685 0.0000000000
118158  -44.153  23.255  -4.918 0.0000000000
118160  -45.805  22.593  -4.231 0.0000000000
118689  -37.676  24.668  10.660 0.0000000000
118690  -38.376  24.915  10.830 0.0000000000
118696  -37.995  24.622  10.488 0.0000000000
118706  -46.342  24.838  8.105 0.0000000000
118713  -45.155  24.146  6.663 0.0000000000
118715  -47.358  25.404  7.443 0.0000000000
118721  -47.859  25.721  6.479 0.0000000000
118728  -45.227  23.365  5.480 0.0000000000
118787  -43.437  25.319  -2.788 0.0000000000
118797  -43.165  25.227  -3.257 0.0000000000
118801  -46.931  24.659  -2.221 0.0000000000
118808  -43.555  24.695  -4.241 0.0000000000
118817  -43.851  23.924  -4.619 0.0000000000
118819  -45.175  23.821  -4.482 0.0000000000
119330  -39.948  25.435  10.891 0.0000000000
119331  -40.805  25.594  11.119 0.0000000000
119344  -39.771  25.935  10.599 0.0000000000
119353  -37.809  24.734  10.180 0.0000000000
119354  -38.263  24.865  10.300 0.0000000000
119361  -47.357  26.355  8.907 0.0000000000
119371  -47.526  26.186  8.521 0.0000000000
119383  -46.104  26.320  7.988 0.0000000000
119385  -47.928  25.983  7.686 0.0000000000
119388  -41.657  26.230  6.309 0.0000000000
119393  -48.238  26.019  6.677 0.0000000000
119403  -47.765  26.544  5.433 0.0000000000
119463  -42.985  25.771  -1.289 0.0000000000
119464  -44.044  25.735  -1.261 0.0000000000
119489  -42.866  25.369  -2.754 0.0000000000
119493  -47.014  25.334  -2.251 0.0000000000
119498  -45.944  24.892  -3.576 0.0000000000
119499  -46.126  25.064  -3.288 0.0000000000
120024  -47.195  26.485  9.076 0.0000000000
120031  -47.289  26.435  8.567 0.0000000000
120040  -46.653  26.519  8.338 0.0000000000
120041  -47.164  26.588  8.054 0.0000000000
120051  -47.436  26.601  7.198 0.0000000000
120058  -47.608  26.365  6.170 0.0000000000
120059  -47.955  26.196  5.988 0.0000000000
120071  -48.206  26.308  5.331 0.0000000000
120080  -43.816  26.946  3.764 0.0000000000
120081  -44.385  26.966  3.335 0.0000000000
120644  -37.627  27.763  8.928 0.0000000000
120649  -36.833  28.129  8.613 0.0000000000
120667  -41.780  27.774  5.718 0.0000000000
120678  -43.512  27.689  4.028 0.0000000000
120706  -45.992  27.784  1.100 0.0000000000
120717  -43.972  27.577  0.765 0.0000000000
120719  -46.315  27.786  0.556 0.0000000000
120740  -45.247  27.524  -1.422 0.0000000000
120741  -45.915  27.786  -1.876 0.0000000000
120742  -46.345  27.772  -1.607 0.0000000000
120749  -45.694  26.998  -1.989 0.0000000000
121231  -37.722  28.141  8.772 0.0000000000
121232  -38.069  28.232  8.910 0.0000000000
121242  -38.276  28.848  8.755 0.0000000000
121266  -43.208  28.975  5.140 0.0000000000
121275  -44.148  29.110  4.040 0.0000000000
121288  -45.219  29.227  2.968 0.0000000000
121309  -46.485  29.356  1.021 0.0000000000
121321  -44.354  28.271  0.510 0.0000000000
121334  -45.455  28.935  -0.712 0.0000000000
121335  -46.113  28.922  -1.269 0.0000000000
121806  -38.560  29.533  8.626 0.0000000000
121811  -35.687  30.132  7.649 0.0000000000
121814  -39.722  30.040  8.220 0.0000000000
121881  -45.280  30.519  1.293 0.0000000000
121882  -46.590  29.637  1.217 0.0000000000
121895  -45.708  30.010  0.464 0.0000000000
121897  -46.331  29.626  0.341 0.0000000000
121903  -45.905  29.422  -0.290 0.0000000000
122373  -45.365  31.129  5.791 0.0000000000
122419  -44.424  30.871  2.805 0.0000000000
122422  -47.046  30.835  1.513 0.0000000000
122433  -46.759  31.082  1.324 0.0000000000
122434  -47.140  30.729  1.026 0.0000000000
122945  -44.141  31.468  7.316 0.0000000000
122950  -45.441  31.521  5.628 0.0000000000
122995  -46.361  31.254  3.191 0.0000000000
123479  -44.676  33.168  8.428 0.0000000000
123480  -45.056  33.344  8.285 0.0000000000
123509  -43.610  33.174  4.987 0.0000000000
123511  -45.278  31.971  5.736 0.0000000000
123515  -42.917  32.397  4.836 0.0000000000
123959  -44.106  33.864  8.471 0.0000000000
123973  -43.512  33.492  8.332 0.0000000000
123991  -43.480  33.263  5.518 0.0000000000
123998  -44.126  33.188  5.077 0.0000000000
124441  -43.821  35.047  8.656 0.0000000000
124903  -44.327  35.597  8.394 0.0000000000
124912  -43.644  35.237  8.472 0.0000000000
124942  -42.021  35.679  5.158 0.0000000000
125404  -41.914  35.800  4.887 0.0000000000
125902  -44.424  37.456  6.305 0.0000000000
126436  -44.418  37.700  7.986 0.0000000000
126444  -44.353  37.792  7.483 0.0000000000
