#!ascii label  , from subject 3355 vox2ras=TkReg
1293
42605  -10.845  -52.130  27.598 0.0000000000
53185  -37.789  -43.334  21.288 0.0000000000
60204  -33.356  -36.245  19.767 0.0000000000
50784  -28.647  -41.844  23.760 0.0000000000
75516  -40.246  -21.994  10.242 0.0000000000
68018  -35.722  -30.181  12.845 0.0000000000
51996  -37.143  -44.386  26.060 0.0000000000
54279  -33.396  -41.606  22.707 0.0000000000
78825  -45.772  -19.556  12.885 0.0000000000
78874  -49.668  -19.777  8.711 0.0000000000
84045  -49.910  -14.814  8.844 0.0000000000
65585  -34.611  -31.593  21.299 0.0000000000
65648  -32.660  -31.950  15.898 0.0000000000
66795  -37.676  -30.028  17.395 0.0000000000
69230  -41.603  -28.039  14.011 0.0000000000
56321  -21.187  -40.050  22.944 0.0000000000
38821  -8.221  -54.124  30.465 0.0000000000
57309  -36.711  -40.030  21.671 0.0000000000
61184  -34.478  -35.322  25.102 0.0000000000
56439  -25.380  -40.428  18.047 0.0000000000
55425  -29.724  -40.724  17.355 0.0000000000
85034  -46.343  -13.704  3.745 0.0000000000
87982  -49.274  -10.082  8.411 0.0000000000
71448  -37.794  -26.720  11.571 0.0000000000
74501  -43.209  -23.717  14.544 0.0000000000
46366  -12.753  -49.645  24.484 0.0000000000
34117  -6.242  -59.208  27.244 0.0000000000
78847  -47.362  -18.714  11.305 0.0000000000
67918  -36.289  -29.918  19.258 0.0000000000
54302  -19.403  -42.175  20.823 0.0000000000
40047  -9.665  -53.193  29.477 0.0000000000
56424  -38.413  -40.749  18.880 0.0000000000
56368  -37.484  -41.024  21.726 0.0000000000
52026  -27.506  -41.421  21.864 0.0000000000
55423  -27.465  -41.174  17.827 0.0000000000
135675  -28.978  -40.731  20.913 0.0000000000
52046  -35.314  -43.638  21.721 0.0000000000
53221  -34.267  -42.554  19.977 0.0000000000
52137  -35.811  -43.629  19.312 0.0000000000
53124  -27.172  -41.636  25.054 0.0000000000
55332  -25.071  -40.972  22.666 0.0000000000
78904  -45.385  -18.973  6.527 0.0000000000
83114  -45.820  -15.678  4.729 0.0000000000
85931  -48.780  -12.553  8.904 0.0000000000
66824  -34.802  -30.840  14.154 0.0000000000
70364  -36.808  -27.978  12.312 0.0000000000
72481  -42.604  -25.903  14.629 0.0000000000
49644  -16.718  -45.034  23.872 0.0000000000
48544  -15.145  -46.351  25.097 0.0000000000
47494  -14.501  -47.847  26.027 0.0000000000
47558  -14.027  -48.441  23.099 0.0000000000
36506  -7.327  -58.192  25.508 0.0000000000
52032  -37.674  -44.278  23.353 0.0000000000
55321  -38.028  -41.546  24.115 0.0000000000
55259  -38.396  -41.812  25.946 0.0000000000
51993  -30.122  -43.270  25.546 0.0000000000
135676  -30.182  -41.842  23.388 0.0000000000
53104  -32.773  -43.401  25.604 0.0000000000
52012  -34.886  -44.002  24.302 0.0000000000
77676  -42.811  -20.783  12.527 0.0000000000
77700  -44.987  -20.127  10.123 0.0000000000
78871  -46.399  -20.219  8.674 0.0000000000
79970  -46.967  -18.587  7.264 0.0000000000
82064  -46.914  -16.055  7.134 0.0000000000
80982  -50.164  -17.540  8.181 0.0000000000
62383  -33.107  -34.174  20.939 0.0000000000
62444  -32.240  -34.731  17.598 0.0000000000
65615  -33.851  -31.567  18.805 0.0000000000
66777  -34.762  -30.602  17.203 0.0000000000
68000  -36.796  -29.857  14.835 0.0000000000
69227  -38.708  -28.856  14.007 0.0000000000
67979  -39.722  -29.009  15.923 0.0000000000
55269  -19.005  -40.986  24.564 0.0000000000
52044  -17.944  -43.295  22.505 0.0000000000
89017  -49.730  -9.376  2.679 0.0000000000
38819  -6.670  -54.765  30.686 0.0000000000
58241  -36.912  -39.756  19.599 0.0000000000
58223  -34.922  -38.602  20.678 0.0000000000
58203  -37.663  -39.619  23.640 0.0000000000
58183  -35.639  -37.602  23.274 0.0000000000
61220  -34.323  -35.456  21.965 0.0000000000
63407  -33.934  -33.177  23.463 0.0000000000
56385  -32.104  -40.463  20.180 0.0000000000
56303  -23.458  -39.880  24.399 0.0000000000
56378  -22.727  -39.723  20.619 0.0000000000
85016  -46.670  -13.382  6.377 0.0000000000
86933  -47.432  -11.431  5.433 0.0000000000
87997  -48.336  -10.286  4.559 0.0000000000
88996  -49.879  -9.014  6.564 0.0000000000
42656  -9.951  -52.110  24.324 0.0000000000
41337  -8.644  -53.677  26.020 0.0000000000
74535  -38.712  -23.803  10.896 0.0000000000
71439  -40.131  -27.322  12.890 0.0000000000
72502  -40.125  -24.849  12.967 0.0000000000
75490  -41.365  -22.292  12.895 0.0000000000
76533  -44.379  -21.344  14.399 0.0000000000
43873  -11.900  -50.638  25.708 0.0000000000
38869  -7.750  -55.495  27.538 0.0000000000
36473  -7.118  -56.352  28.655 0.0000000000
37657  -5.321  -56.700  28.604 0.0000000000
41286  -9.971  -52.793  29.057 0.0000000000
53201  -37.194  -42.703  20.313 0.0000000000
54308  -37.801  -41.996  20.281 0.0000000000
54296  -37.909  -42.469  21.247 0.0000000000
135677  -28.420  -40.780  20.963 0.0000000000
50807  -28.780  -41.560  22.552 0.0000000000
52068  -36.485  -43.745  21.008 0.0000000000
50868  -35.395  -43.658  20.291 0.0000000000
52090  -36.353  -43.483  20.304 0.0000000000
53224  -36.418  -43.232  19.402 0.0000000000
51990  -27.992  -42.170  25.258 0.0000000000
51970  -27.681  -42.067  25.712 0.0000000000
51989  -27.649  -41.873  24.649 0.0000000000
53156  -26.552  -41.506  22.854 0.0000000000
82081  -45.996  -16.734  5.613 0.0000000000
59201  -34.046  -37.552  19.005 0.0000000000
60236  -33.210  -37.151  17.730 0.0000000000
66844  -35.407  -30.611  13.477 0.0000000000
66864  -35.446  -30.769  12.533 0.0000000000
69239  -36.605  -28.868  12.899 0.0000000000
49680  -15.878  -46.253  22.721 0.0000000000
49643  -16.153  -45.614  24.379 0.0000000000
49661  -15.253  -46.451  23.741 0.0000000000
48558  -14.680  -47.412  24.148 0.0000000000
47559  -14.650  -48.055  22.719 0.0000000000
50790  -37.377  -45.245  24.813 0.0000000000
135698  -38.390  -43.760  24.421 0.0000000000
53107  -37.891  -42.994  25.904 0.0000000000
135655  -30.417  -43.774  26.606 0.0000000000
53147  -30.960  -43.246  25.490 0.0000000000
51974  -32.162  -43.598  26.989 0.0000000000
50743  -35.850  -44.971  26.100 0.0000000000
50764  -34.449  -44.390  25.943 0.0000000000
49650  -36.017  -44.654  24.882 0.0000000000
50810  -36.485  -44.990  23.740 0.0000000000
77677  -43.906  -20.366  12.850 0.0000000000
77687  -44.104  -20.131  11.449 0.0000000000
78832  -44.702  -19.721  11.874 0.0000000000
78861  -48.837  -19.555  9.514 0.0000000000
78859  -46.584  -19.570  9.766 0.0000000000
77730  -47.843  -21.134  8.477 0.0000000000
78895  -47.641  -19.870  7.206 0.0000000000
78896  -48.784  -19.718  7.097 0.0000000000
80980  -49.219  -17.807  7.031 0.0000000000
79958  -49.624  -18.643  8.152 0.0000000000
64522  -33.651  -32.553  20.733 0.0000000000
64521  -32.963  -32.861  20.011 0.0000000000
65596  -34.276  -31.988  20.162 0.0000000000
66780  -37.443  -29.948  17.970 0.0000000000
66762  -35.878  -29.881  18.553 0.0000000000
66793  -36.372  -30.166  16.788 0.0000000000
66807  -35.921  -30.118  16.309 0.0000000000
67953  -36.988  -29.845  16.615 0.0000000000
67978  -38.538  -29.015  16.032 0.0000000000
67955  -39.447  -29.183  16.941 0.0000000000
56280  -21.467  -40.295  24.590 0.0000000000
55270  -20.291  -40.659  24.965 0.0000000000
56299  -19.758  -40.458  23.245 0.0000000000
53167  -18.397  -42.291  22.114 0.0000000000
89009  -50.842  -8.816  3.955 0.0000000000
90030  -51.295  -8.403  3.573 0.0000000000
38820  -7.350  -54.571  30.325 0.0000000000
57315  -37.728  -40.343  20.258 0.0000000000
57325  -37.999  -40.322  19.344 0.0000000000
58226  -37.201  -39.920  20.433 0.0000000000
58240  -36.268  -39.004  19.448 0.0000000000
58224  -35.596  -39.345  20.581 0.0000000000
57288  -37.820  -40.466  24.574 0.0000000000
56346  -37.842  -40.634  23.671 0.0000000000
58174  -37.470  -39.537  24.915 0.0000000000
62310  -36.075  -35.831  25.138 0.0000000000
135872  -36.202  -36.713  24.298 0.0000000000
61206  -35.737  -36.305  24.340 0.0000000000
60164  -34.860  -36.600  22.894 0.0000000000
61193  -34.492  -35.463  24.353 0.0000000000
62336  -33.887  -34.321  23.599 0.0000000000
62323  -34.302  -34.563  24.785 0.0000000000
55424  -28.568  -40.566  17.800 0.0000000000
55318  -32.265  -41.165  23.464 0.0000000000
135674  -31.122  -41.414  21.743 0.0000000000
55335  -32.612  -41.281  22.357 0.0000000000
55401  -33.411  -41.455  18.147 0.0000000000
56304  -24.457  -40.376  24.660 0.0000000000
55363  -25.195  -40.371  20.401 0.0000000000
56365  -24.584  -40.200  21.327 0.0000000000
56396  -24.066  -39.862  19.566 0.0000000000
56415  -23.293  -39.951  18.583 0.0000000000
83093  -48.337  -15.504  7.906 0.0000000000
84061  -47.052  -14.465  6.886 0.0000000000
84043  -47.934  -14.097  8.314 0.0000000000
87981  -48.692  -10.997  8.883 0.0000000000
86925  -47.584  -11.804  7.218 0.0000000000
86930  -47.981  -10.845  6.703 0.0000000000
87996  -47.890  -10.696  5.177 0.0000000000
87990  -49.041  -9.977  5.979 0.0000000000
89003  -49.368  -9.553  5.575 0.0000000000
88995  -49.333  -9.284  7.391 0.0000000000
63505  -32.161  -33.571  16.946 0.0000000000
62462  -32.242  -34.585  16.283 0.0000000000
72537  -38.407  -25.498  9.551 0.0000000000
73545  -38.302  -25.241  11.426 0.0000000000
69228  -39.724  -28.364  13.878 0.0000000000
70352  -39.031  -27.866  13.519 0.0000000000
70354  -40.699  -27.457  13.512 0.0000000000
73513  -42.760  -24.774  14.559 0.0000000000
72493  -41.415  -25.626  13.876 0.0000000000
73524  -41.902  -24.484  13.831 0.0000000000
74512  -41.228  -23.707  13.386 0.0000000000
74513  -42.184  -23.282  13.568 0.0000000000
76546  -43.231  -21.572  13.696 0.0000000000
75478  -43.325  -22.270  14.158 0.0000000000
46368  -14.089  -49.237  25.591 0.0000000000
45109  -13.208  -49.792  26.349 0.0000000000
45087  -12.930  -50.228  26.769 0.0000000000
45107  -12.363  -50.337  25.095 0.0000000000
45127  -11.726  -50.712  24.454 0.0000000000
45128  -12.188  -50.435  23.792 0.0000000000
40110  -8.367  -55.357  24.833 0.0000000000
38888  -8.271  -55.122  26.723 0.0000000000
38902  -8.116  -55.652  25.827 0.0000000000
35324  -7.133  -58.815  26.940 0.0000000000
36490  -7.363  -57.793  27.070 0.0000000000
35311  -6.467  -58.595  27.698 0.0000000000
36471  -5.943  -57.039  28.931 0.0000000000
35310  -5.758  -58.588  28.028 0.0000000000
50723  -32.725  -45.279  27.636 0.0000000000
78826  -46.626  -19.404  13.118 0.0000000000
78834  -46.449  -19.005  12.134 0.0000000000
79912  -47.791  -18.402  12.761 0.0000000000
66731  -35.829  -30.588  20.287 0.0000000000
56376  -20.800  -40.201  20.792 0.0000000000
55350  -19.622  -41.063  21.481 0.0000000000
40023  -9.607  -53.195  30.203 0.0000000000
38844  -8.838  -53.926  29.549 0.0000000000
54323  -38.018  -41.859  19.172 0.0000000000
55367  -38.053  -41.413  20.751 0.0000000000
57310  -37.129  -40.362  21.387 0.0000000000
63384  -35.102  -33.068  25.736 0.0000000000
55396  -25.990  -41.043  20.346 0.0000000000
55422  -26.492  -40.971  18.156 0.0000000000
55397  -27.331  -41.127  19.758 0.0000000000
55398  -28.337  -40.684  19.342 0.0000000000
56442  -29.577  -40.410  18.450 0.0000000000
53181  -34.054  -42.728  21.899 0.0000000000
54293  -33.641  -41.785  21.529 0.0000000000
53199  -34.695  -43.223  20.432 0.0000000000
53222  -34.626  -43.080  19.584 0.0000000000
53244  -36.107  -43.339  18.426 0.0000000000
55275  -26.248  -41.070  25.590 0.0000000000
55292  -25.613  -41.563  24.333 0.0000000000
54261  -25.418  -41.901  23.858 0.0000000000
55316  -25.958  -41.235  22.272 0.0000000000
77754  -44.633  -20.324  6.644 0.0000000000
84086  -45.538  -15.138  3.965 0.0000000000
84988  -50.931  -13.710  9.950 0.0000000000
85938  -49.140  -13.369  8.710 0.0000000000
65665  -33.623  -31.814  14.881 0.0000000000
69258  -36.320  -28.564  10.795 0.0000000000
71447  -36.902  -27.117  11.289 0.0000000000
69218  -43.188  -27.784  14.800 0.0000000000
70356  -42.069  -27.484  14.124 0.0000000000
71410  -43.762  -26.728  15.259 0.0000000000
51988  -17.170  -43.950  25.515 0.0000000000
50737  -16.716  -44.502  25.506 0.0000000000
48514  -15.465  -45.985  26.685 0.0000000000
47495  -14.790  -47.004  25.870 0.0000000000
47513  -14.406  -48.545  24.941 0.0000000000
46386  -13.457  -49.304  23.982 0.0000000000
46385  -12.656  -49.652  23.325 0.0000000000
46401  -12.672  -49.750  22.142 0.0000000000
53172  -37.781  -43.451  22.429 0.0000000000
53173  -37.995  -42.986  22.422 0.0000000000
135700  -38.219  -43.177  23.559 0.0000000000
55298  -38.349  -41.704  24.939 0.0000000000
50761  -29.036  -42.804  24.202 0.0000000000
50785  -29.550  -42.478  23.741 0.0000000000
52010  -30.115  -43.713  23.974 0.0000000000
135667  -31.298  -42.654  24.568 0.0000000000
56288  -33.180  -41.328  24.609 0.0000000000
50763  -33.734  -44.270  26.381 0.0000000000
51995  -33.823  -43.852  25.309 0.0000000000
135666  -33.949  -42.422  23.533 0.0000000000
53159  -35.468  -43.616  23.043 0.0000000000
53160  -36.187  -44.101  22.852 0.0000000000
51972  -28.702  -43.284  26.542 0.0000000000
76563  -41.021  -21.184  11.332 0.0000000000
76583  -40.722  -21.527  9.608 0.0000000000
77710  -42.262  -20.691  10.113 0.0000000000
77711  -43.295  -20.326  9.718 0.0000000000
77727  -44.283  -20.410  8.520 0.0000000000
78846  -46.378  -18.929  10.926 0.0000000000
78870  -45.780  -20.344  9.056 0.0000000000
77728  -45.060  -20.099  8.277 0.0000000000
77745  -45.727  -19.794  7.488 0.0000000000
78893  -45.867  -18.676  6.911 0.0000000000
80989  -46.653  -17.667  7.170 0.0000000000
80998  -46.081  -16.999  6.242 0.0000000000
80990  -47.410  -17.713  7.242 0.0000000000
82065  -48.550  -16.341  7.351 0.0000000000
83086  -49.741  -15.630  8.387 0.0000000000
82057  -51.106  -17.137  8.897 0.0000000000
84046  -50.459  -15.323  9.160 0.0000000000
62402  -33.572  -34.780  20.130 0.0000000000
61280  -32.500  -35.509  18.509 0.0000000000
62401  -32.768  -34.225  19.937 0.0000000000
63472  -32.897  -32.962  18.816 0.0000000000
64555  -32.854  -32.081  17.486 0.0000000000
66746  -35.048  -30.300  19.190 0.0000000000
66760  -34.104  -30.793  17.946 0.0000000000
66790  -33.832  -31.302  16.420 0.0000000000
66805  -34.888  -30.969  15.089 0.0000000000
66825  -35.632  -30.157  14.564 0.0000000000
66826  -36.299  -30.095  14.197 0.0000000000
69225  -36.771  -29.156  13.384 0.0000000000
68020  -37.631  -29.341  14.247 0.0000000000
68002  -39.031  -29.119  14.913 0.0000000000
68004  -41.062  -29.227  15.004 0.0000000000
67957  -41.837  -28.742  16.382 0.0000000000
69198  -42.718  -28.259  15.350 0.0000000000
54220  -17.722  -41.705  25.073 0.0000000000
54275  -19.189  -41.620  22.323 0.0000000000
53155  -18.295  -42.687  23.288 0.0000000000
52006  -17.329  -43.378  24.083 0.0000000000
50802  -17.249  -44.018  23.216 0.0000000000
58239  -35.184  -38.624  19.692 0.0000000000
59175  -34.168  -37.504  20.340 0.0000000000
56345  -37.753  -41.175  22.759 0.0000000000
57299  -37.308  -40.333  22.919 0.0000000000
57298  -36.755  -39.916  22.419 0.0000000000
58185  -36.544  -38.570  23.516 0.0000000000
58200  -35.888  -38.581  22.565 0.0000000000
58199  -35.400  -37.884  22.135 0.0000000000
59166  -34.417  -37.351  21.329 0.0000000000
60181  -33.713  -36.095  20.892 0.0000000000
62366  -33.811  -34.782  21.538 0.0000000000
63421  -33.673  -33.334  22.501 0.0000000000
64497  -34.149  -32.522  22.677 0.0000000000
64477  -34.819  -32.173  24.725 0.0000000000
64485  -35.133  -31.724  23.862 0.0000000000
56398  -29.661  -40.920  21.378 0.0000000000
56399  -30.452  -40.435  20.379 0.0000000000
56422  -31.346  -40.548  18.732 0.0000000000
54319  -33.424  -41.281  19.718 0.0000000000
55400  -32.958  -40.801  18.640 0.0000000000
56281  -22.284  -39.676  25.042 0.0000000000
56322  -22.171  -39.772  23.128 0.0000000000
56324  -24.835  -40.057  23.739 0.0000000000
56342  -22.896  -39.964  22.384 0.0000000000
56363  -22.333  -39.856  21.497 0.0000000000
56394  -22.031  -40.085  19.795 0.0000000000
136066  -45.856  -15.850  6.167 0.0000000000
84066  -45.853  -14.688  5.701 0.0000000000
85024  -46.211  -13.670  4.865 0.0000000000
85936  -47.428  -12.903  8.295 0.0000000000
85952  -46.927  -12.304  5.892 0.0000000000
85958  -47.024  -12.475  4.805 0.0000000000
85969  -47.094  -12.257  3.671 0.0000000000
86940  -47.734  -11.582  3.308 0.0000000000
86941  -48.402  -11.082  3.083 0.0000000000
89012  -48.929  -9.626  4.325 0.0000000000
89004  -50.149  -9.324  5.148 0.0000000000
41339  -10.368  -52.422  26.115 0.0000000000
41319  -9.441  -53.052  27.068 0.0000000000
42636  -9.235  -53.097  25.235 0.0000000000
60252  -32.659  -36.436  17.186 0.0000000000
74546  -39.155  -23.125  10.378 0.0000000000
69240  -37.283  -28.279  12.931 0.0000000000
70366  -38.576  -27.347  12.584 0.0000000000
71437  -38.715  -26.529  12.504 0.0000000000
71429  -41.107  -26.642  13.701 0.0000000000
72492  -40.341  -25.717  13.387 0.0000000000
73534  -38.835  -25.172  12.434 0.0000000000
73535  -39.431  -24.414  12.422 0.0000000000
74524  -39.792  -23.182  12.299 0.0000000000
75489  -40.524  -22.100  12.345 0.0000000000
76556  -42.295  -21.241  12.663 0.0000000000
76558  -43.539  -21.065  13.320 0.0000000000
77667  -45.186  -20.338  13.508 0.0000000000
42607  -11.746  -51.044  28.634 0.0000000000
43836  -12.374  -50.582  27.568 0.0000000000
43854  -11.187  -51.317  27.116 0.0000000000
42638  -10.738  -51.771  25.507 0.0000000000
42678  -10.730  -51.498  23.536 0.0000000000
41301  -8.921  -53.483  28.108 0.0000000000
38855  -8.231  -54.745  28.892 0.0000000000
37647  -8.577  -55.458  28.865 0.0000000000
36500  -7.439  -57.224  26.314 0.0000000000
36483  -7.604  -56.601  27.730 0.0000000000
37632  -7.420  -55.461  29.409 0.0000000000
37631  -6.745  -55.603  29.479 0.0000000000
37630  -6.305  -55.499  29.299 0.0000000000
34126  -5.816  -59.600  26.527 0.0000000000
36489  -5.164  -57.842  27.799 0.0000000000
41305  -11.389  -51.925  28.743 0.0000000000
41304  -10.862  -52.382  28.447 0.0000000000
52070  -37.641  -43.323  20.808 0.0000000000
53186  -37.894  -42.872  20.688 0.0000000000
52008  -28.127  -41.684  22.913 0.0000000000
53184  -37.127  -43.634  21.585 0.0000000000
52069  -37.189  -43.613  20.885 0.0000000000
52091  -37.080  -43.174  20.697 0.0000000000
50760  -28.472  -42.177  24.514 0.0000000000
50759  -28.035  -42.017  24.658 0.0000000000
50783  -28.066  -42.011  24.195 0.0000000000
52007  -27.638  -41.770  23.482 0.0000000000
81009  -46.265  -17.387  5.663 0.0000000000
59189  -33.806  -37.076  19.215 0.0000000000
59200  -33.784  -37.600  18.521 0.0000000000
60219  -33.389  -36.685  18.737 0.0000000000
68033  -35.714  -30.308  12.427 0.0000000000
68034  -36.027  -29.808  12.254 0.0000000000
48579  -15.921  -46.947  22.082 0.0000000000
49679  -15.442  -46.360  23.208 0.0000000000
48578  -15.184  -47.011  22.824 0.0000000000
50768  -37.937  -44.750  25.288 0.0000000000
135695  -38.387  -43.962  25.087 0.0000000000
135693  -37.857  -44.049  25.515 0.0000000000
50721  -30.804  -43.784  27.609 0.0000000000
50739  -31.878  -44.893  27.789 0.0000000000
50744  -36.546  -44.919  25.890 0.0000000000
50767  -37.050  -44.900  25.464 0.0000000000
49651  -36.461  -45.183  24.955 0.0000000000
77678  -44.962  -19.729  12.653 0.0000000000
77702  -49.139  -20.242  9.295 0.0000000000
77715  -48.213  -21.072  9.086 0.0000000000
76599  -48.743  -21.368  8.534 0.0000000000
77747  -48.569  -20.566  7.624 0.0000000000
77748  -49.259  -20.485  7.774 0.0000000000
79972  -49.483  -19.247  7.229 0.0000000000
64523  -34.423  -32.129  21.051 0.0000000000
65597  -34.678  -31.675  20.564 0.0000000000
66779  -36.586  -30.138  17.716 0.0000000000
66794  -37.225  -30.094  17.220 0.0000000000
67954  -38.186  -29.942  17.024 0.0000000000
56301  -21.457  -40.250  23.744 0.0000000000
56279  -20.773  -40.557  24.179 0.0000000000
56320  -20.322  -40.259  22.751 0.0000000000
90024  -51.009  -8.699  4.544 0.0000000000
89015  -50.840  -8.565  3.630 0.0000000000
90031  -51.582  -8.486  4.101 0.0000000000
38811  -7.860  -53.920  31.107 0.0000000000
58218  -36.806  -39.929  21.133 0.0000000000
58225  -36.484  -39.717  20.475 0.0000000000
58217  -36.184  -39.629  21.739 0.0000000000
58175  -37.556  -40.072  25.146 0.0000000000
59126  -37.685  -39.398  25.453 0.0000000000
135876  -36.154  -36.050  24.701 0.0000000000
61194  -35.155  -36.020  24.667 0.0000000000
61205  -34.773  -36.251  23.968 0.0000000000
56438  -24.510  -40.316  17.935 0.0000000000
55421  -25.573  -41.187  17.517 0.0000000000
135670  -32.692  -41.511  22.848 0.0000000000
135671  -32.054  -41.511  22.783 0.0000000000
54280  -33.376  -41.278  22.039 0.0000000000
55395  -25.314  -40.705  19.810 0.0000000000
56380  -24.766  -40.168  20.348 0.0000000000
56397  -24.895  -40.261  19.628 0.0000000000
56416  -24.347  -39.987  18.746 0.0000000000
85041  -46.605  -13.810  2.904 0.0000000000
84053  -48.428  -15.093  8.197 0.0000000000
84052  -47.762  -14.524  7.892 0.0000000000
84044  -48.746  -14.644  8.370 0.0000000000
87985  -48.670  -10.371  7.714 0.0000000000
87989  -48.477  -10.329  6.579 0.0000000000
88998  -48.816  -9.719  7.106 0.0000000000
87986  -48.942  -9.745  7.783 0.0000000000
64563  -32.532  -32.489  16.355 0.0000000000
63524  -32.419  -33.519  15.821 0.0000000000
71459  -37.577  -26.492  10.517 0.0000000000
71469  -37.412  -26.947  10.117 0.0000000000
72525  -38.106  -25.788  10.710 0.0000000000
72511  -38.361  -25.458  11.501 0.0000000000
69229  -40.632  -28.185  13.883 0.0000000000
73525  -42.570  -23.846  14.137 0.0000000000
74514  -42.993  -23.098  13.978 0.0000000000
74515  -43.464  -22.909  14.508 0.0000000000
46367  -13.644  -49.374  24.948 0.0000000000
46345  -13.371  -49.542  25.777 0.0000000000
46344  -12.881  -49.666  25.334 0.0000000000
45108  -12.873  -50.256  25.934 0.0000000000
34118  -6.707  -59.333  26.836 0.0000000000
35323  -6.709  -59.104  27.296 0.0000000000
36481  -6.191  -57.755  28.408 0.0000000000
34105  -5.880  -58.926  28.055 0.0000000000
66732  -37.000  -30.119  20.553 0.0000000000
56392  -20.230  -40.364  20.323 0.0000000000
40034  -10.014  -52.857  29.800 0.0000000000
40024  -9.757  -52.559  30.444 0.0000000000
40033  -9.427  -53.411  29.675 0.0000000000
38834  -9.170  -53.614  30.002 0.0000000000
56386  -37.848  -40.734  20.776 0.0000000000
55399  -28.858  -40.642  19.700 0.0000000000
56441  -28.916  -40.504  18.915 0.0000000000
56420  -29.438  -40.597  19.705 0.0000000000
53169  -34.940  -43.317  22.173 0.0000000000
53182  -34.678  -43.405  21.262 0.0000000000
50916  -35.672  -43.616  19.903 0.0000000000
52113  -34.958  -43.400  20.166 0.0000000000
52136  -35.337  -43.481  19.541 0.0000000000
53223  -34.909  -43.305  19.186 0.0000000000
53243  -35.290  -43.383  18.550 0.0000000000
54341  -36.784  -42.664  18.511 0.0000000000
53098  -27.351  -41.881  26.072 0.0000000000
54225  -26.854  -41.460  25.470 0.0000000000
54198  -26.973  -41.509  26.396 0.0000000000
55293  -25.839  -41.509  24.822 0.0000000000
54243  -26.090  -41.814  24.373 0.0000000000
77755  -45.209  -19.728  6.923 0.0000000000
65666  -34.215  -31.540  14.490 0.0000000000
64595  -34.278  -32.018  13.999 0.0000000000
69249  -36.362  -28.725  11.791 0.0000000000
70375  -36.660  -27.724  11.325 0.0000000000
71446  -36.720  -27.326  11.203 0.0000000000
70376  -37.287  -27.437  11.809 0.0000000000
70332  -43.705  -27.371  15.322 0.0000000000
70344  -43.203  -27.476  14.786 0.0000000000
72483  -44.274  -25.109  15.094 0.0000000000
50756  -16.954  -44.279  24.935 0.0000000000
49625  -16.534  -44.866  24.864 0.0000000000
48545  -15.841  -46.055  25.049 0.0000000000
49624  -16.226  -45.587  25.369 0.0000000000
48529  -15.533  -46.017  25.777 0.0000000000
48513  -15.181  -46.573  26.279 0.0000000000
48528  -15.122  -46.541  25.683 0.0000000000
47537  -14.489  -48.072  23.849 0.0000000000
48542  -14.577  -47.672  24.610 0.0000000000
47512  -14.019  -49.121  24.405 0.0000000000
47536  -13.954  -48.739  23.857 0.0000000000
46402  -13.374  -49.041  22.839 0.0000000000
52048  -37.422  -44.156  22.803 0.0000000000
135697  -38.058  -43.653  23.477 0.0000000000
54248  -38.406  -41.941  25.138 0.0000000000
55299  -38.375  -41.720  25.166 0.0000000000
51992  -29.592  -43.008  24.927 0.0000000000
50762  -29.578  -43.403  23.927 0.0000000000
52011  -30.244  -43.496  24.814 0.0000000000
53103  -31.976  -43.427  25.537 0.0000000000
53157  -31.203  -43.077  24.734 0.0000000000
135664  -32.005  -43.206  24.885 0.0000000000
55295  -32.426  -41.387  24.860 0.0000000000
53130  -32.811  -42.738  25.308 0.0000000000
50724  -33.664  -45.062  27.250 0.0000000000
50740  -32.968  -44.836  26.810 0.0000000000
50787  -35.010  -44.136  25.214 0.0000000000
53148  -33.894  -43.076  24.623 0.0000000000
53158  -34.407  -43.165  23.518 0.0000000000
52029  -35.143  -43.789  23.633 0.0000000000
52031  -36.918  -44.465  23.134 0.0000000000
52047  -37.112  -44.264  22.756 0.0000000000
53171  -36.868  -43.921  22.419 0.0000000000
50738  -30.175  -43.821  26.944 0.0000000000
51973  -29.639  -43.430  26.323 0.0000000000
53127  -29.125  -43.041  25.798 0.0000000000
77684  -41.854  -20.826  11.848 0.0000000000
76574  -41.605  -20.875  10.952 0.0000000000
77697  -42.284  -20.545  11.144 0.0000000000
77699  -44.237  -19.942  10.459 0.0000000000
77698  -43.297  -20.271  10.704 0.0000000000
78857  -44.148  -19.819  10.081 0.0000000000
77712  -44.188  -20.147  9.608 0.0000000000
77714  -45.670  -20.374  8.649 0.0000000000
77729  -45.775  -20.318  7.989 0.0000000000
77744  -45.122  -20.032  7.510 0.0000000000
78882  -46.522  -20.128  7.708 0.0000000000
78894  -46.262  -19.206  7.240 0.0000000000
79969  -46.293  -18.341  6.891 0.0000000000
80981  -49.503  -17.496  7.189 0.0000000000
80992  -49.057  -17.019  6.992 0.0000000000
82066  -49.245  -16.776  7.154 0.0000000000
82055  -49.487  -16.476  7.813 0.0000000000
83076  -50.822  -15.710  9.291 0.0000000000
62382  -32.821  -33.992  20.480 0.0000000000
64535  -33.269  -32.468  19.439 0.0000000000
63457  -32.935  -32.872  19.369 0.0000000000
64544  -33.111  -32.142  18.380 0.0000000000
63490  -32.970  -32.742  17.969 0.0000000000
66747  -35.896  -30.186  19.379 0.0000000000
65605  -35.361  -30.797  19.744 0.0000000000
66778  -35.699  -30.305  17.483 0.0000000000
66761  -34.946  -30.357  18.205 0.0000000000
66776  -33.755  -30.807  16.915 0.0000000000
66791  -34.590  -31.029  16.184 0.0000000000
67975  -35.908  -29.807  15.704 0.0000000000
66806  -35.513  -30.123  15.733 0.0000000000
67999  -35.966  -29.736  15.345 0.0000000000
68003  -40.127  -29.246  15.030 0.0000000000
69180  -42.431  -28.372  16.190 0.0000000000
69197  -42.165  -28.476  15.718 0.0000000000
69182  -43.307  -27.779  15.982 0.0000000000
54221  -19.054  -40.893  25.660 0.0000000000
54292  -19.521  -41.544  20.933 0.0000000000
55329  -19.590  -41.132  22.331 0.0000000000
54291  -19.193  -41.824  21.531 0.0000000000
53142  -17.481  -42.712  24.146 0.0000000000
52025  -17.563  -43.464  23.540 0.0000000000
50820  -17.508  -43.866  22.745 0.0000000000
38818  -6.098  -54.774  30.646 0.0000000000
57337  -37.821  -40.378  18.255 0.0000000000
57323  -36.924  -39.331  18.725 0.0000000000
58238  -34.418  -38.170  19.984 0.0000000000
58222  -34.484  -37.983  20.833 0.0000000000
55319  -38.430  -42.471  22.894 0.0000000000
55337  -38.324  -41.825  22.727 0.0000000000
55338  -38.013  -41.369  23.456 0.0000000000
57300  -37.990  -39.950  23.671 0.0000000000
58202  -37.166  -39.478  23.316 0.0000000000
135874  -35.962  -37.170  23.883 0.0000000000
59124  -36.276  -38.095  24.413 0.0000000000
58184  -36.161  -38.288  23.427 0.0000000000
58201  -36.623  -39.020  23.054 0.0000000000
60163  -34.507  -36.320  22.424 0.0000000000
59150  -34.367  -36.809  21.926 0.0000000000
60182  -33.951  -36.276  21.305 0.0000000000
61236  -34.051  -35.354  21.073 0.0000000000
63406  -33.627  -33.663  23.162 0.0000000000
62351  -33.419  -34.080  22.906 0.0000000000
63422  -33.850  -33.181  22.958 0.0000000000
64496  -33.829  -32.868  22.433 0.0000000000
63395  -34.767  -33.119  24.987 0.0000000000
64468  -35.410  -32.214  25.421 0.0000000000
65571  -35.657  -31.007  22.797 0.0000000000
54362  -26.729  -41.616  16.979 0.0000000000
54363  -27.166  -41.510  16.920 0.0000000000
52009  -30.218  -42.763  23.580 0.0000000000
50808  -29.804  -41.779  22.983 0.0000000000
57314  -31.558  -40.772  21.158 0.0000000000
56383  -30.639  -40.609  21.214 0.0000000000
56384  -31.330  -40.280  20.849 0.0000000000
56400  -31.300  -40.432  19.750 0.0000000000
54305  -33.549  -41.911  20.443 0.0000000000
54320  -33.903  -42.047  19.399 0.0000000000
56302  -22.372  -39.777  24.058 0.0000000000
56323  -23.361  -39.862  23.369 0.0000000000
55315  -25.437  -40.794  23.635 0.0000000000
56325  -25.413  -40.275  24.042 0.0000000000
55331  -24.844  -40.791  23.243 0.0000000000
56379  -23.809  -39.781  20.519 0.0000000000
56364  -23.455  -39.865  21.511 0.0000000000
56377  -21.710  -40.005  20.682 0.0000000000
84059  -46.468  -16.312  6.870 0.0000000000
82080  -45.929  -16.341  6.245 0.0000000000
136067  -46.638  -15.551  6.859 0.0000000000
84067  -46.374  -14.650  6.351 0.0000000000
84068  -46.727  -14.097  6.294 0.0000000000
85023  -45.821  -14.247  5.269 0.0000000000
85015  -46.487  -13.856  5.820 0.0000000000
85932  -49.330  -12.925  9.033 0.0000000000
85937  -48.395  -12.701  8.519 0.0000000000
86929  -47.579  -11.387  6.466 0.0000000000
86936  -47.543  -11.277  4.360 0.0000000000
86937  -48.223  -10.939  3.805 0.0000000000
88000  -48.712  -10.164  3.588 0.0000000000
89000  -49.985  -9.185  5.861 0.0000000000
90018  -50.554  -8.884  5.337 0.0000000000
90014  -50.566  -8.784  6.107 0.0000000000
42637  -9.777  -52.405  25.294 0.0000000000
42655  -9.343  -52.859  24.325 0.0000000000
61296  -32.456  -35.741  17.627 0.0000000000
73556  -38.269  -24.685  10.397 0.0000000000
74545  -38.683  -23.771  9.858 0.0000000000
69226  -37.343  -28.886  13.539 0.0000000000
70351  -38.040  -27.997  13.336 0.0000000000
70367  -39.718  -27.623  13.024 0.0000000000
71438  -39.516  -27.032  12.598 0.0000000000
71418  -42.254  -26.629  14.493 0.0000000000
70342  -41.863  -27.040  14.161 0.0000000000
71417  -41.617  -26.406  14.257 0.0000000000
73523  -40.876  -24.714  13.424 0.0000000000
72491  -39.339  -26.068  13.505 0.0000000000
72501  -39.454  -25.359  12.989 0.0000000000
74526  -41.510  -22.931  13.233 0.0000000000
74525  -40.737  -22.985  12.952 0.0000000000
75488  -39.757  -22.356  11.716 0.0000000000
76555  -41.514  -21.598  12.409 0.0000000000
76544  -41.831  -21.732  13.092 0.0000000000
76547  -43.952  -21.257  13.626 0.0000000000
77666  -44.483  -20.887  13.819 0.0000000000
43856  -12.536  -50.640  26.355 0.0000000000
43835  -11.623  -51.139  27.670 0.0000000000
43855  -11.741  -50.871  26.685 0.0000000000
42622  -11.098  -51.265  26.406 0.0000000000
42639  -11.240  -50.911  25.887 0.0000000000
43888  -11.106  -51.070  23.953 0.0000000000
43907  -11.024  -51.440  22.884 0.0000000000
41318  -8.816  -53.530  27.371 0.0000000000
38870  -7.868  -54.714  27.757 0.0000000000
38854  -7.616  -55.193  28.226 0.0000000000
36507  -7.818  -57.774  25.276 0.0000000000
36482  -6.962  -57.023  27.855 0.0000000000
37658  -7.300  -56.288  28.479 0.0000000000
37645  -7.589  -56.031  28.895 0.0000000000
36463  -7.322  -56.084  29.073 0.0000000000
36462  -6.961  -56.173  29.125 0.0000000000
37644  -5.858  -56.143  28.940 0.0000000000
38841  -5.926  -55.312  28.997 0.0000000000
35322  -5.602  -58.591  27.276 0.0000000000
53226  -37.676  -42.027  19.692 0.0000000000
53202  -37.665  -42.349  20.179 0.0000000000
55356  -37.787  -41.779  21.920 0.0000000000
52067  -35.733  -43.717  21.312 0.0000000000
52088  -35.231  -43.836  20.715 0.0000000000
52089  -36.008  -43.656  20.684 0.0000000000
50870  -36.073  -43.578  20.284 0.0000000000
52115  -36.099  -43.558  19.515 0.0000000000
54306  -36.873  -42.719  20.051 0.0000000000
51971  -28.096  -42.678  26.276 0.0000000000
53143  -26.979  -41.803  24.105 0.0000000000
82087  -46.248  -16.653  4.888 0.0000000000
58252  -34.429  -38.017  18.860 0.0000000000
65677  -34.554  -31.497  13.810 0.0000000000
65678  -34.859  -31.418  13.330 0.0000000000
65693  -35.183  -31.392  12.869 0.0000000000
49663  -16.251  -45.553  23.286 0.0000000000
49662  -15.654  -45.941  23.612 0.0000000000
49642  -15.481  -46.107  24.411 0.0000000000
49641  -15.055  -46.536  24.423 0.0000000000
48543  -14.716  -46.957  24.728 0.0000000000
48559  -14.894  -46.947  23.915 0.0000000000
48577  -14.744  -47.470  23.492 0.0000000000
47576  -13.887  -48.541  22.226 0.0000000000
47577  -14.420  -48.393  21.413 0.0000000000
50811  -37.483  -45.064  23.820 0.0000000000
50812  -38.172  -44.314  23.836 0.0000000000
135696  -38.467  -44.169  24.596 0.0000000000
54247  -38.272  -42.633  25.063 0.0000000000
54228  -38.189  -42.221  25.699 0.0000000000
135658  -30.377  -43.538  26.017 0.0000000000
53128  -30.479  -43.291  25.424 0.0000000000
53102  -31.050  -43.710  26.245 0.0000000000
50742  -34.919  -44.797  26.396 0.0000000000
50765  -35.500  -44.964  25.430 0.0000000000
50788  -35.757  -44.384  24.671 0.0000000000
52013  -35.637  -44.298  24.017 0.0000000000
49669  -35.989  -45.093  24.579 0.0000000000
49671  -37.036  -45.496  24.029 0.0000000000
77686  -43.101  -20.512  11.796 0.0000000000
78844  -44.804  -20.070  11.274 0.0000000000
78860  -47.730  -19.242  10.103 0.0000000000
78873  -48.337  -19.730  9.310 0.0000000000
78872  -47.819  -19.899  8.687 0.0000000000
78883  -47.233  -20.672  8.023 0.0000000000
78906  -48.087  -19.356  6.720 0.0000000000
81000  -48.203  -18.320  6.735 0.0000000000
79971  -49.062  -18.743  6.633 0.0000000000
79957  -49.419  -18.267  7.022 0.0000000000
63445  -33.070  -33.386  21.012 0.0000000000
63444  -32.872  -33.487  20.446 0.0000000000
65603  -33.893  -31.958  19.787 0.0000000000
66763  -36.724  -29.918  18.537 0.0000000000
66792  -35.493  -30.433  16.606 0.0000000000
67952  -36.547  -29.926  16.490 0.0000000000
67977  -37.442  -29.557  15.941 0.0000000000
68001  -37.946  -29.260  15.084 0.0000000000
55271  -21.349  -40.380  25.485 0.0000000000
55291  -19.827  -40.382  24.064 0.0000000000
53180  -18.885  -42.702  21.071 0.0000000000
50839  -17.562  -43.996  21.866 0.0000000000
89014  -50.349  -8.623  3.747 0.0000000000
91090  -49.823  -8.267  2.737 0.0000000000
90029  -50.559  -8.259  3.196 0.0000000000
90035  -51.130  -8.280  2.563 0.0000000000
56402  -38.321  -40.744  19.940 0.0000000000
58242  -37.442  -40.090  19.700 0.0000000000
58216  -35.460  -38.746  21.532 0.0000000000
56327  -37.849  -40.897  24.281 0.0000000000
55339  -37.849  -41.039  23.935 0.0000000000
56326  -37.988  -40.528  24.134 0.0000000000
58186  -37.881  -39.523  24.222 0.0000000000
135878  -36.745  -36.495  25.176 0.0000000000
135877  -36.399  -36.150  24.720 0.0000000000
60148  -35.673  -36.922  23.786 0.0000000000
59136  -35.443  -37.017  23.215 0.0000000000
60147  -35.156  -36.672  23.444 0.0000000000
60146  -34.677  -36.342  23.206 0.0000000000
61204  -34.258  -35.630  23.171 0.0000000000
62352  -33.748  -34.795  22.557 0.0000000000
63394  -34.269  -33.227  24.410 0.0000000000
65536  -35.844  -31.558  25.083 0.0000000000
55317  -31.324  -41.438  23.813 0.0000000000
55334  -30.884  -41.472  22.824 0.0000000000
135673  -31.709  -41.549  22.883 0.0000000000
55353  -31.872  -41.067  21.653 0.0000000000
56367  -31.929  -40.690  20.881 0.0000000000
53241  -34.158  -42.677  19.145 0.0000000000
55351  -25.125  -40.510  21.798 0.0000000000
56344  -24.739  -40.536  22.103 0.0000000000
56395  -23.005  -39.592  19.608 0.0000000000
56437  -23.771  -40.372  18.087 0.0000000000
83092  -47.579  -15.375  7.443 0.0000000000
83098  -47.100  -15.236  7.067 0.0000000000
85009  -46.676  -13.386  7.548 0.0000000000
85944  -47.876  -11.849  7.844 0.0000000000
86922  -48.319  -11.487  8.289 0.0000000000
86926  -48.043  -11.108  7.270 0.0000000000
87992  -47.874  -10.677  5.959 0.0000000000
87993  -48.527  -10.089  5.591 0.0000000000
89006  -48.858  -9.621  5.076 0.0000000000
88999  -49.258  -9.529  6.424 0.0000000000
42676  -9.632  -52.669  23.504 0.0000000000
73555  -38.064  -25.122  11.115 0.0000000000
73546  -38.490  -24.680  11.577 0.0000000000
69241  -40.016  -28.054  13.414 0.0000000000
70368  -40.220  -27.565  13.130 0.0000000000
72480  -41.880  -25.978  14.494 0.0000000000
73512  -42.054  -25.340  14.364 0.0000000000
73536  -40.343  -23.960  12.941 0.0000000000
75476  -41.972  -22.336  13.400 0.0000000000
75477  -42.708  -22.359  13.697 0.0000000000
76532  -43.716  -21.675  14.184 0.0000000000
48526  -14.429  -48.253  26.033 0.0000000000
47493  -14.333  -48.682  25.976 0.0000000000
46346  -13.670  -49.257  26.310 0.0000000000
43874  -12.538  -50.573  25.809 0.0000000000
45106  -11.793  -50.611  25.089 0.0000000000
43889  -11.667  -51.039  23.616 0.0000000000
41353  -8.386  -54.546  25.095 0.0000000000
40096  -8.565  -54.662  26.189 0.0000000000
40095  -8.621  -55.021  25.657 0.0000000000
38887  -8.001  -55.811  26.795 0.0000000000
35335  -6.982  -58.593  25.843 0.0000000000
35312  -6.958  -58.096  27.365 0.0000000000
36472  -6.589  -56.788  28.657 0.0000000000
36480  -5.514  -57.578  28.347 0.0000000000
50722  -32.225  -45.417  28.051 0.0000000000
51978  -35.536  -44.252  26.874 0.0000000000
78835  -47.223  -18.800  12.448 0.0000000000
79934  -49.776  -18.498  9.960 0.0000000000
79943  -50.206  -19.063  9.030 0.0000000000
66712  -34.980  -30.687  21.204 0.0000000000
66730  -35.155  -31.087  20.465 0.0000000000
66748  -36.634  -29.936  19.464 0.0000000000
66764  -37.293  -29.618  18.891 0.0000000000
56361  -20.364  -39.970  21.422 0.0000000000
56339  -19.939  -40.427  22.001 0.0000000000
56360  -19.776  -40.356  21.282 0.0000000000
55362  -19.703  -40.794  20.643 0.0000000000
38822  -8.866  -53.422  30.489 0.0000000000
38833  -8.562  -54.079  29.816 0.0000000000
55381  -38.396  -41.360  19.553 0.0000000000
63372  -34.994  -34.287  26.096 0.0000000000
56418  -25.648  -40.647  18.981 0.0000000000
56440  -25.895  -40.733  18.557 0.0000000000
53168  -34.168  -42.503  22.869 0.0000000000
53198  -34.097  -42.718  20.912 0.0000000000
53242  -34.436  -43.030  18.525 0.0000000000
55274  -25.569  -41.219  25.060 0.0000000000
54276  -25.418  -41.488  23.232 0.0000000000
54262  -25.760  -41.744  23.230 0.0000000000
54277  -25.572  -41.312  22.705 0.0000000000
55333  -25.634  -40.771  21.845 0.0000000000
77743  -44.423  -20.407  7.567 0.0000000000
84077  -45.891  -14.308  4.122 0.0000000000
84037  -50.065  -14.445  9.287 0.0000000000
84994  -49.030  -13.846  8.567 0.0000000000
84987  -50.076  -13.874  9.531 0.0000000000
87983  -49.682  -9.741  8.645 0.0000000000
65649  -33.305  -31.823  15.528 0.0000000000
64576  -32.905  -32.602  15.273 0.0000000000
64577  -33.390  -32.201  15.001 0.0000000000
69217  -42.591  -28.146  14.555 0.0000000000
69231  -42.152  -27.800  14.105 0.0000000000
70343  -42.588  -27.475  14.443 0.0000000000
71419  -43.144  -26.824  14.798 0.0000000000
72482  -43.570  -25.795  15.108 0.0000000000
73514  -43.739  -24.492  14.768 0.0000000000
74502  -43.974  -23.367  15.086 0.0000000000
49611  -16.469  -45.031  25.652 0.0000000000
50736  -16.578  -44.669  26.154 0.0000000000
47480  -14.690  -47.124  26.626 0.0000000000
47515  -14.801  -46.789  25.360 0.0000000000
47514  -14.625  -47.437  25.268 0.0000000000
34127  -6.395  -59.818  26.330 0.0000000000
54295  -37.779  -42.961  21.879 0.0000000000
55296  -38.299  -43.032  23.172 0.0000000000
55297  -38.379  -42.559  23.335 0.0000000000
54266  -38.176  -42.782  23.941 0.0000000000
56307  -37.927  -41.051  24.767 0.0000000000
53109  -38.423  -41.962  26.265 0.0000000000
50786  -29.859  -43.356  23.731 0.0000000000
53146  -30.630  -43.260  24.956 0.0000000000
52027  -30.629  -43.295  24.048 0.0000000000
54263  -30.922  -42.115  24.340 0.0000000000
55294  -31.588  -41.405  24.360 0.0000000000
56286  -33.029  -41.393  24.497 0.0000000000
54278  -33.118  -41.653  23.591 0.0000000000
51975  -33.135  -43.684  26.149 0.0000000000
51994  -33.828  -43.997  25.982 0.0000000000
51976  -33.144  -43.438  25.602 0.0000000000
135662  -33.150  -42.189  24.061 0.0000000000
52030  -35.893  -44.205  23.672 0.0000000000
53170  -35.848  -43.758  22.170 0.0000000000
53183  -36.411  -43.672  21.674 0.0000000000
53100  -28.605  -42.839  26.050 0.0000000000
51991  -28.678  -42.694  24.911 0.0000000000
76573  -40.897  -21.349  10.574 0.0000000000
76584  -41.592  -21.126  9.993 0.0000000000
77725  -42.343  -20.803  9.000 0.0000000000
78833  -45.570  -19.369  11.916 0.0000000000
78845  -45.541  -19.999  10.867 0.0000000000
78858  -45.737  -20.015  9.588 0.0000000000
77713  -45.146  -20.337  9.153 0.0000000000
77756  -45.534  -19.234  7.175 0.0000000000
78905  -45.673  -18.886  7.071 0.0000000000
79978  -45.945  -18.549  6.550 0.0000000000
79979  -46.223  -18.087  6.171 0.0000000000
80999  -46.294  -17.446  6.467 0.0000000000
81008  -45.941  -17.054  5.950 0.0000000000
82063  -46.868  -16.985  6.882 0.0000000000
80991  -48.633  -17.625  6.999 0.0000000000
82054  -48.831  -15.994  7.859 0.0000000000
83085  -48.922  -15.592  8.184 0.0000000000
79944  -50.984  -18.414  9.304 0.0000000000
79959  -50.754  -18.382  8.629 0.0000000000
83087  -50.376  -15.733  8.861 0.0000000000
84038  -50.791  -14.778  9.430 0.0000000000
61266  -33.631  -35.336  20.018 0.0000000000
60218  -32.721  -36.143  19.133 0.0000000000
61265  -32.818  -35.414  19.569 0.0000000000
62421  -32.626  -34.573  18.799 0.0000000000
63456  -32.811  -33.282  19.619 0.0000000000
63471  -32.858  -33.761  19.008 0.0000000000
63489  -32.787  -33.613  18.033 0.0000000000
64554  -32.584  -32.763  17.317 0.0000000000
64564  -32.720  -32.225  16.923 0.0000000000
65598  -35.274  -31.309  20.096 0.0000000000
65604  -34.641  -31.349  19.655 0.0000000000
65616  -34.385  -30.698  18.836 0.0000000000
65627  -33.356  -31.377  17.671 0.0000000000
65638  -33.058  -31.659  16.529 0.0000000000
65639  -33.844  -31.567  16.025 0.0000000000
65650  -34.035  -31.417  15.342 0.0000000000
66845  -36.046  -30.301  13.929 0.0000000000
68019  -36.480  -29.760  13.563 0.0000000000
68021  -38.367  -29.205  14.526 0.0000000000
69213  -39.093  -28.931  14.476 0.0000000000
69214  -39.531  -28.891  14.445 0.0000000000
69215  -40.455  -28.796  14.468 0.0000000000
69216  -41.595  -28.609  14.780 0.0000000000
67956  -40.673  -29.281  16.671 0.0000000000
67980  -40.797  -28.997  15.749 0.0000000000
67981  -41.456  -28.788  15.452 0.0000000000
68005  -41.356  -28.916  15.040 0.0000000000
69199  -43.369  -27.759  15.446 0.0000000000
56319  -19.738  -40.651  22.565 0.0000000000
55313  -19.427  -41.145  22.881 0.0000000000
55290  -19.173  -41.038  23.634 0.0000000000
54260  -18.882  -41.818  23.061 0.0000000000
54241  -18.274  -41.721  23.894 0.0000000000
53123  -17.139  -42.482  24.751 0.0000000000
53141  -17.292  -43.344  24.367 0.0000000000
52005  -17.318  -43.777  24.459 0.0000000000
50801  -16.946  -44.434  23.429 0.0000000000
50819  -17.235  -44.526  22.520 0.0000000000
49664  -16.655  -44.990  22.859 0.0000000000
91083  -51.654  -7.960  3.362 0.0000000000
58253  -35.467  -38.459  18.586 0.0000000000
59190  -34.113  -37.566  19.522 0.0000000000
60205  -33.940  -36.985  19.855 0.0000000000
54282  -37.956  -42.541  22.262 0.0000000000
60167  -37.327  -38.928  24.278 0.0000000000
60150  -36.794  -38.610  24.361 0.0000000000
59153  -37.133  -38.924  23.691 0.0000000000
58215  -34.869  -38.027  21.374 0.0000000000
59151  -34.932  -37.125  22.524 0.0000000000
59167  -34.938  -37.586  21.830 0.0000000000
58214  -34.584  -37.801  21.183 0.0000000000
60191  -33.842  -36.784  20.542 0.0000000000
60190  -33.679  -36.160  20.585 0.0000000000
61267  -33.969  -35.296  20.117 0.0000000000
62384  -33.981  -34.802  20.623 0.0000000000
62365  -33.472  -34.115  22.041 0.0000000000
63434  -33.374  -33.388  21.590 0.0000000000
64510  -33.749  -32.777  21.980 0.0000000000
64511  -34.286  -32.199  21.641 0.0000000000
65570  -34.726  -31.190  22.117 0.0000000000
63383  -34.575  -33.870  25.333 0.0000000000
64476  -34.460  -32.565  24.291 0.0000000000
64484  -34.447  -32.372  23.791 0.0000000000
65557  -34.962  -31.641  23.128 0.0000000000
66695  -34.967  -30.664  21.819 0.0000000000
56382  -30.673  -41.278  21.587 0.0000000000
56421  -30.432  -40.536  19.159 0.0000000000
56443  -30.564  -40.469  18.068 0.0000000000
55355  -33.337  -41.438  21.454 0.0000000000
55366  -33.256  -41.367  20.647 0.0000000000
55365  -32.858  -40.846  20.601 0.0000000000
54338  -33.505  -41.640  18.853 0.0000000000
55380  -32.797  -40.640  19.685 0.0000000000
56401  -32.187  -40.387  19.229 0.0000000000
56423  -32.114  -40.483  18.425 0.0000000000
56444  -31.526  -40.582  17.861 0.0000000000
55272  -22.084  -40.068  25.829 0.0000000000
56305  -25.177  -40.698  24.654 0.0000000000
57285  -24.909  -40.273  24.334 0.0000000000
56343  -24.208  -40.336  22.542 0.0000000000
56341  -21.797  -39.881  22.269 0.0000000000
56362  -21.322  -39.951  21.472 0.0000000000
56393  -20.941  -40.164  19.877 0.0000000000
56414  -22.156  -39.885  18.755 0.0000000000
82086  -45.914  -16.181  5.422 0.0000000000
83104  -45.811  -15.517  5.736 0.0000000000
136061  -46.395  -15.372  6.670 0.0000000000
83105  -45.948  -15.132  6.271 0.0000000000
84076  -45.667  -14.712  4.876 0.0000000000
84993  -48.039  -13.557  8.327 0.0000000000
84992  -47.166  -13.202  8.456 0.0000000000
85008  -46.869  -12.710  7.759 0.0000000000
85943  -47.483  -12.423  7.678 0.0000000000
85949  -47.056  -12.447  6.896 0.0000000000
85025  -46.739  -13.164  5.521 0.0000000000
85957  -46.393  -12.861  4.011 0.0000000000
88001  -49.246  -9.940  3.018 0.0000000000
89013  -49.557  -9.180  3.675 0.0000000000
89007  -49.568  -9.424  4.717 0.0000000000
89008  -50.305  -9.015  4.408 0.0000000000
90023  -50.502  -8.975  4.878 0.0000000000
90019  -51.206  -8.563  5.420 0.0000000000
42620  -10.758  -51.833  27.259 0.0000000000
41320  -10.218  -52.551  26.956 0.0000000000
41338  -9.585  -52.804  26.130 0.0000000000
41354  -8.788  -53.854  24.366 0.0000000000
60235  -32.787  -36.320  18.159 0.0000000000
63540  -32.728  -33.552  14.941 0.0000000000
75501  -39.590  -22.349  10.829 0.0000000000
70365  -37.620  -27.657  12.535 0.0000000000
70377  -37.873  -27.322  12.063 0.0000000000
70355  -41.601  -27.449  13.898 0.0000000000
71428  -40.090  -26.708  13.140 0.0000000000
71427  -39.280  -26.459  12.951 0.0000000000
72500  -38.780  -25.874  13.039 0.0000000000
72512  -38.383  -25.660  11.800 0.0000000000
73547  -39.090  -23.800  11.736 0.0000000000
74536  -39.319  -23.080  11.325 0.0000000000
75502  -40.334  -21.703  11.317 0.0000000000
76554  -40.924  -21.414  11.914 0.0000000000
76565  -41.914  -21.206  12.226 0.0000000000
77675  -42.436  -20.936  12.427 0.0000000000
76545  -42.462  -21.646  13.395 0.0000000000
76557  -42.998  -21.011  13.161 0.0000000000
75465  -43.955  -22.267  14.702 0.0000000000
42606  -11.434  -51.810  28.123 0.0000000000
42608  -12.328  -50.565  28.436 0.0000000000
43834  -11.186  -51.628  27.611 0.0000000000
42621  -10.687  -51.795  26.820 0.0000000000
43872  -11.176  -50.829  25.001 0.0000000000
42657  -10.636  -51.529  24.242 0.0000000000
43908  -11.836  -51.071  22.807 0.0000000000
41303  -10.304  -53.068  27.920 0.0000000000
41302  -9.513  -53.376  27.888 0.0000000000
41285  -9.560  -53.322  28.594 0.0000000000
40076  -8.434  -54.252  27.017 0.0000000000
40045  -8.795  -53.596  28.686 0.0000000000
40046  -9.010  -53.534  29.317 0.0000000000
38856  -8.590  -54.272  29.439 0.0000000000
38843  -8.405  -54.766  29.274 0.0000000000
38842  -8.110  -55.036  29.192 0.0000000000
37698  -7.857  -56.732  25.520 0.0000000000
37686  -7.739  -56.407  26.529 0.0000000000
37672  -7.674  -56.258  27.388 0.0000000000
36491  -7.633  -56.970  27.230 0.0000000000
37659  -7.552  -55.841  28.347 0.0000000000
37646  -8.152  -55.452  28.912 0.0000000000
38832  -7.969  -54.828  29.725 0.0000000000
37623  -7.209  -54.976  29.854 0.0000000000
37622  -6.896  -55.039  29.950 0.0000000000
37621  -6.438  -55.112  30.026 0.0000000000
36461  -6.420  -56.245  29.055 0.0000000000
38830  -5.941  -55.050  29.865 0.0000000000
34116  -5.906  -59.068  27.657 0.0000000000
36479  -4.895  -57.039  28.116 0.0000000000
34106  -5.980  -59.109  27.939 0.0000000000
36499  -7.219  -58.009  26.188 0.0000000000
37633  -7.908  -55.194  29.257 0.0000000000
37660  -8.452  -55.598  28.841 0.0000000000
38831  -7.455  -54.943  29.816 0.0000000000
38903  -8.579  -55.140  26.087 0.0000000000
40059  -8.318  -53.905  28.053 0.0000000000
41284  -9.258  -53.407  28.365 0.0000000000
41336  -8.535  -54.515  25.761 0.0000000000
42604  -10.856  -51.889  27.429 0.0000000000
43833  -11.038  -51.823  27.563 0.0000000000
43853  -10.924  -51.664  27.339 0.0000000000
48527  -14.417  -48.088  26.220 0.0000000000
49631  -35.935  -44.649  25.221 0.0000000000
49632  -36.226  -44.723  25.024 0.0000000000
49652  -37.075  -45.377  24.393 0.0000000000
49670  -36.510  -45.615  24.477 0.0000000000
49690  -35.941  -45.604  24.194 0.0000000000
49691  -36.433  -45.805  24.067 0.0000000000
49692  -36.831  -45.494  23.759 0.0000000000
49715  -35.950  -45.857  23.963 0.0000000000
49716  -36.279  -45.799  23.705 0.0000000000
49717  -36.463  -45.520  23.606 0.0000000000
50766  -36.203  -44.793  25.338 0.0000000000
50778  -16.838  -44.298  24.242 0.0000000000
50789  -36.601  -44.964  25.160 0.0000000000
50791  -38.361  -44.668  24.465 0.0000000000
50809  -35.885  -45.046  23.957 0.0000000000
50825  -35.915  -45.533  23.849 0.0000000000
50826  -36.413  -45.268  23.667 0.0000000000
50827  -36.946  -45.200  23.742 0.0000000000
50844  -35.923  -45.803  23.670 0.0000000000
50845  -36.182  -45.527  23.627 0.0000000000
50846  -36.675  -45.320  23.667 0.0000000000
50869  -35.730  -43.650  20.336 0.0000000000
50891  -35.241  -43.629  20.128 0.0000000000
50892  -35.708  -43.633  20.111 0.0000000000
50893  -36.041  -43.575  20.103 0.0000000000
50915  -35.395  -43.558  19.940 0.0000000000
50917  -36.259  -43.688  19.842 0.0000000000
51969  -16.800  -44.285  25.915 0.0000000000
51979  -36.428  -44.479  26.425 0.0000000000
51997  -37.493  -44.431  25.622 0.0000000000
52024  -17.063  -43.880  23.792 0.0000000000
52028  -30.526  -43.481  24.409 0.0000000000
52045  -35.072  -43.602  21.688 0.0000000000
52066  -35.109  -43.769  21.464 0.0000000000
52092  -37.574  -42.927  20.643 0.0000000000
52114  -34.921  -43.293  19.696 0.0000000000
52135  -34.900  -43.422  19.862 0.0000000000
53099  -28.131  -42.501  26.006 0.0000000000
53101  -29.007  -43.185  26.184 0.0000000000
53108  -38.109  -42.357  26.392 0.0000000000
53122  -17.155  -43.212  24.891 0.0000000000
53125  -28.292  -42.446  25.412 0.0000000000
53126  -28.742  -42.763  25.449 0.0000000000
53129  -30.637  -43.409  25.762 0.0000000000
53131  -37.466  -43.892  25.876 0.0000000000
53132  -38.159  -42.159  26.084 0.0000000000
53144  -28.399  -42.484  25.208 0.0000000000
53145  -28.587  -42.614  25.111 0.0000000000
53161  -37.758  -43.924  23.017 0.0000000000
53200  -36.671  -42.984  20.148 0.0000000000
54199  -28.351  -42.554  25.802 0.0000000000
54200  -28.400  -42.691  26.091 0.0000000000
54204  -38.431  -41.695  26.164 0.0000000000
54205  -38.699  -42.181  26.044 0.0000000000
54226  -28.452  -42.553  25.542 0.0000000000
54227  -28.638  -42.702  25.719 0.0000000000
54229  -38.305  -42.002  25.572 0.0000000000
54242  -25.535  -42.043  24.253 0.0000000000
54244  -28.681  -42.652  25.339 0.0000000000
54245  -28.862  -42.753  25.153 0.0000000000
54246  -31.595  -41.808  24.643 0.0000000000
54264  -33.656  -41.999  23.420 0.0000000000
54265  -38.156  -42.910  22.626 0.0000000000
54281  -37.861  -42.992  22.232 0.0000000000
54294  -33.427  -41.418  21.666 0.0000000000
54304  -33.370  -41.356  20.356 0.0000000000
55260  -38.430  -41.976  25.790 0.0000000000
55278  -38.316  -41.323  25.840 0.0000000000
55279  -38.307  -41.761  25.525 0.0000000000
55314  -25.095  -40.616  23.500 0.0000000000
55320  -38.420  -42.047  23.386 0.0000000000
55330  -19.738  -41.011  22.003 0.0000000000
55336  -33.185  -41.234  21.749 0.0000000000
55349  -19.515  -41.376  21.946 0.0000000000
55352  -25.342  -40.355  20.910 0.0000000000
55354  -33.123  -41.233  21.289 0.0000000000
55364  -31.171  -41.042  21.299 0.0000000000
55376  -20.158  -40.960  19.690 0.0000000000
55378  -25.272  -40.580  20.180 0.0000000000
55379  -28.925  -40.709  20.338 0.0000000000
56287  -32.928  -40.955  24.804 0.0000000000
56300  -20.567  -40.354  23.506 0.0000000000
56306  -33.185  -40.797  24.502 0.0000000000
56338  -19.740  -40.814  22.214 0.0000000000
56340  -20.770  -39.852  22.171 0.0000000000
56347  -37.882  -40.756  24.041 0.0000000000
56366  -25.010  -40.132  20.782 0.0000000000
56375  -19.957  -40.010  20.809 0.0000000000
56381  -25.117  -40.242  20.590 0.0000000000
56417  -25.209  -40.383  19.055 0.0000000000
56419  -28.856  -40.600  19.409 0.0000000000
57272  -24.765  -40.423  24.531 0.0000000000
57273  -24.976  -40.447  24.507 0.0000000000
57286  -25.173  -40.289  24.218 0.0000000000
57287  -38.194  -40.106  24.115 0.0000000000
58187  -37.900  -39.901  24.558 0.0000000000
58251  -34.014  -37.970  18.542 0.0000000000
59137  -36.415  -38.326  23.966 0.0000000000
59138  -36.501  -38.346  24.372 0.0000000000
59152  -36.786  -38.686  23.699 0.0000000000
59154  -37.443  -39.024  24.017 0.0000000000
60149  -36.727  -38.533  24.065 0.0000000000
60151  -36.983  -38.792  24.584 0.0000000000
60165  -37.023  -38.741  24.002 0.0000000000
60166  -37.206  -38.834  24.148 0.0000000000
60203  -32.806  -36.004  19.573 0.0000000000
61185  -34.889  -35.726  25.140 0.0000000000
61235  -33.774  -35.758  20.780 0.0000000000
61250  -33.615  -35.632  20.284 0.0000000000
61251  -34.042  -35.278  20.424 0.0000000000
62309  -34.961  -34.994  25.592 0.0000000000
62335  -33.505  -34.032  23.287 0.0000000000
62403  -34.091  -35.005  20.102 0.0000000000
64534  -32.956  -32.860  19.617 0.0000000000
65637  -32.645  -31.965  16.243 0.0000000000
66781  -37.883  -29.904  17.574 0.0000000000
66843  -34.837  -31.017  13.668 0.0000000000
67917  -36.062  -30.014  19.288 0.0000000000
67928  -36.090  -29.840  19.110 0.0000000000
67929  -36.366  -29.777  18.968 0.0000000000
67976  -36.344  -29.794  15.992 0.0000000000
69242  -40.272  -27.794  13.347 0.0000000000
70353  -39.626  -27.956  13.449 0.0000000000
71426  -38.897  -26.227  13.086 0.0000000000
71457  -36.682  -27.246  10.970 0.0000000000
72490  -38.949  -26.188  13.360 0.0000000000
72524  -38.226  -25.455  11.291 0.0000000000
76564  -41.584  -21.043  11.815 0.0000000000
76575  -42.012  -20.765  10.676 0.0000000000
76585  -41.890  -20.902  10.443 0.0000000000
76586  -48.642  -21.290  9.089 0.0000000000
76587  -49.225  -21.321  9.011 0.0000000000
76588  -49.590  -21.106  8.732 0.0000000000
76598  -48.320  -21.302  8.739 0.0000000000
76600  -49.294  -21.207  8.238 0.0000000000
76613  -48.277  -21.304  8.267 0.0000000000
76614  -48.654  -21.253  7.923 0.0000000000
76615  -49.046  -21.042  7.726 0.0000000000
77655  -44.542  -21.001  14.220 0.0000000000
77685  -42.187  -20.773  12.057 0.0000000000
77688  -44.805  -20.241  10.873 0.0000000000
77696  -41.873  -20.765  11.582 0.0000000000
77701  -48.916  -20.224  9.346 0.0000000000
77709  -41.937  -20.970  9.873 0.0000000000
77716  -48.800  -20.627  9.367 0.0000000000
77717  -49.511  -20.639  9.095 0.0000000000
77731  -49.657  -20.631  8.460 0.0000000000
77746  -47.938  -21.077  7.764 0.0000000000
78856  -43.795  -19.896  10.100 0.0000000000
78862  -49.464  -19.613  9.191 0.0000000000
78868  -43.827  -19.999  9.809 0.0000000000
78869  -44.013  -19.854  9.882 0.0000000000
78884  -49.333  -19.760  8.079 0.0000000000
78897  -49.143  -19.790  7.612 0.0000000000
78907  -48.290  -19.542  6.781 0.0000000000
79932  -47.924  -18.763  10.708 0.0000000000
79960  -51.233  -18.266  8.833 0.0000000000
79968  -46.041  -18.527  6.813 0.0000000000
79980  -47.789  -18.846  6.748 0.0000000000
79981  -48.462  -19.017  6.563 0.0000000000
80983  -51.162  -17.717  8.642 0.0000000000
81001  -48.630  -18.446  6.687 0.0000000000
82053  -46.848  -16.502  7.091 0.0000000000
82062  -46.674  -16.850  6.833 0.0000000000
82072  -46.479  -16.838  6.635 0.0000000000
82073  -46.585  -17.222  6.785 0.0000000000
83097  -46.644  -16.507  7.000 0.0000000000
84060  -46.806  -15.117  6.850 0.0000000000
84995  -49.543  -13.965  9.092 0.0000000000
85000  -46.594  -12.818  7.934 0.0000000000
85001  -46.670  -13.078  8.177 0.0000000000
85002  -47.326  -13.613  8.178 0.0000000000
85007  -46.586  -12.789  7.637 0.0000000000
85014  -46.021  -14.141  5.638 0.0000000000
85935  -46.900  -12.915  8.410 0.0000000000
85941  -46.714  -12.699  7.784 0.0000000000
85942  -46.884  -12.735  7.961 0.0000000000
85947  -46.802  -12.658  7.618 0.0000000000
85948  -46.915  -12.616  7.431 0.0000000000
86917  -48.640  -12.048  9.166 0.0000000000
87988  -47.959  -10.768  6.434 0.0000000000
87994  -49.005  -9.843  5.734 0.0000000000
88994  -48.877  -9.696  7.488 0.0000000000
89002  -48.946  -9.744  5.514 0.0000000000
90028  -49.849  -8.253  3.291 0.0000000000
90033  -49.673  -8.635  2.956 0.0000000000
90034  -50.219  -8.471  2.694 0.0000000000
91081  -49.691  -7.880  2.949 0.0000000000
91082  -50.094  -7.973  2.900 0.0000000000
91089  -49.564  -8.273  2.980 0.0000000000
91091  -51.464  -7.997  3.125 0.0000000000
91092  -51.830  -7.787  2.857 0.0000000000
135659  -30.405  -43.346  25.687 0.0000000000
135660  -31.712  -43.245  24.954 0.0000000000
135661  -31.659  -43.124  24.732 0.0000000000
135663  -33.246  -41.610  24.249 0.0000000000
135665  -31.723  -42.611  24.716 0.0000000000
135668  -33.112  -41.826  23.841 0.0000000000
135669  -33.138  -41.266  24.014 0.0000000000
135672  -31.797  -41.388  22.523 0.0000000000
135692  -38.146  -43.974  23.829 0.0000000000
135694  -38.431  -44.205  24.121 0.0000000000
135699  -38.274  -43.816  23.970 0.0000000000
135869  -36.705  -35.960  24.996 0.0000000000
135873  -36.167  -37.589  24.209 0.0000000000
136062  -46.047  -15.721  6.501 0.0000000000
136063  -46.255  -15.989  6.821 0.0000000000
136064  -46.484  -16.053  7.022 0.0000000000
136065  -46.762  -16.721  6.980 0.0000000000
136068  -46.610  -15.312  6.784 0.0000000000
