#!ascii label  , from subject 3355 vox2ras=TkReg
593
21493  -43.515  -70.214  -44.691 0.0000000000
20280  -34.524  -71.545  -42.283 0.0000000000
26117  -39.508  -66.614  -38.022 0.0000000000
19057  -38.692  -72.376  -42.755 0.0000000000
24870  -34.242  -67.364  -37.776 0.0000000000
19008  -42.922  -72.111  -38.582 0.0000000000
20188  -35.586  -71.143  -34.221 0.0000000000
21239  -34.329  -70.224  -26.547 0.0000000000
27277  -36.206  -65.271  -35.054 0.0000000000
26114  -36.890  -65.944  -37.558 0.0000000000
28598  -34.017  -64.553  -35.105 0.0000000000
18993  -39.019  -72.591  -36.592 0.0000000000
18926  -38.155  -73.022  -32.462 0.0000000000
25911  -32.594  -66.454  -24.448 0.0000000000
23544  -32.565  -68.366  -27.805 0.0000000000
17902  -40.888  -73.150  -47.755 0.0000000000
19055  -36.285  -72.870  -42.566 0.0000000000
16579  -35.797  -74.604  -46.248 0.0000000000
17829  -33.340  -73.638  -44.457 0.0000000000
24945  -42.579  -67.668  -41.150 0.0000000000
20311  -41.472  -70.978  -43.757 0.0000000000
22515  -36.985  -69.425  -40.089 0.0000000000
23668  -34.318  -68.537  -40.405 0.0000000000
22486  -40.532  -69.799  -38.231 0.0000000000
22478  -36.932  -69.502  -36.297 0.0000000000
24831  -34.226  -67.256  -33.856 0.0000000000
18857  -38.414  -72.489  -29.493 0.0000000000
18880  -34.918  -72.158  -30.690 0.0000000000
23582  -32.932  -68.395  -31.428 0.0000000000
29869  -33.012  -63.271  -30.841 0.0000000000
16610  -38.380  -73.976  -47.633 0.0000000000
28703  -35.623  -64.119  -42.274 0.0000000000
23725  -35.065  -69.258  -43.634 0.0000000000
22582  -33.726  -69.629  -45.153 0.0000000000
28564  -35.259  -64.408  -33.838 0.0000000000
28600  -35.730  -64.829  -35.432 0.0000000000
21530  -42.525  -70.947  -46.526 0.0000000000
20281  -35.139  -72.119  -42.045 0.0000000000
17806  -35.136  -73.318  -43.368 0.0000000000
19078  -33.571  -72.618  -43.145 0.0000000000
19102  -32.111  -72.702  -43.914 0.0000000000
20307  -33.538  -71.620  -43.056 0.0000000000
24886  -40.789  -67.092  -38.885 0.0000000000
26155  -39.973  -66.530  -39.550 0.0000000000
26129  -36.228  -66.667  -38.114 0.0000000000
24905  -36.783  -67.124  -39.320 0.0000000000
24904  -35.558  -67.699  -39.352 0.0000000000
22499  -35.605  -69.308  -39.935 0.0000000000
24903  -34.497  -67.824  -39.447 0.0000000000
21408  -42.183  -69.526  -39.359 0.0000000000
20213  -41.945  -71.288  -38.673 0.0000000000
18983  -37.339  -72.435  -35.137 0.0000000000
21375  -37.401  -70.802  -36.247 0.0000000000
22468  -35.974  -70.075  -35.180 0.0000000000
23615  -35.469  -68.492  -35.270 0.0000000000
22466  -34.530  -69.349  -34.236 0.0000000000
20078  -36.039  -71.847  -28.299 0.0000000000
18855  -35.922  -72.323  -29.345 0.0000000000
21268  -34.361  -71.166  -28.740 0.0000000000
25972  -31.570  -65.892  -28.410 0.0000000000
23558  -32.651  -68.686  -29.105 0.0000000000
25994  -31.681  -66.440  -29.581 0.0000000000
26027  -32.405  -66.262  -31.308 0.0000000000
20310  -40.355  -71.667  -43.687 0.0000000000
19121  -40.072  -72.397  -45.723 0.0000000000
17835  -38.990  -73.101  -45.193 0.0000000000
16637  -34.722  -74.497  -48.044 0.0000000000
30057  -36.839  -62.874  -41.694 0.0000000000
27406  -34.943  -65.699  -43.521 0.0000000000
22585  -36.363  -69.100  -45.168 0.0000000000
26101  -37.445  -66.252  -36.375 0.0000000000
27327  -38.009  -65.746  -37.473 0.0000000000
27311  -36.768  -65.545  -36.470 0.0000000000
27309  -35.338  -65.673  -36.216 0.0000000000
26086  -33.641  -66.060  -35.807 0.0000000000
19000  -40.491  -72.690  -37.404 0.0000000000
17667  -38.460  -73.096  -34.915 0.0000000000
18949  -36.783  -72.437  -33.403 0.0000000000
23518  -33.190  -68.872  -25.703 0.0000000000
22378  -33.293  -69.631  -27.326 0.0000000000
24734  -32.469  -67.459  -26.145 0.0000000000
27125  -31.836  -65.486  -26.325 0.0000000000
28458  -31.390  -64.221  -27.027 0.0000000000
19056  -37.465  -72.958  -42.869 0.0000000000
17833  -37.645  -73.683  -44.627 0.0000000000
17807  -36.212  -73.488  -43.723 0.0000000000
17852  -34.692  -74.186  -45.344 0.0000000000
17875  -32.470  -73.606  -46.801 0.0000000000
19119  -31.026  -72.586  -45.392 0.0000000000
20333  -29.945  -71.821  -44.198 0.0000000000
21463  -29.944  -70.641  -43.687 0.0000000000
23712  -43.130  -68.476  -42.537 0.0000000000
21491  -42.310  -70.410  -45.047 0.0000000000
21450  -40.808  -70.019  -41.807 0.0000000000
20265  -39.524  -70.719  -41.398 0.0000000000
24906  -38.277  -67.301  -39.693 0.0000000000
22517  -38.621  -69.081  -40.326 0.0000000000
20264  -38.422  -71.637  -41.470 0.0000000000
20263  -37.180  -71.849  -41.110 0.0000000000
20241  -35.567  -71.300  -40.819 0.0000000000
21419  -34.840  -70.845  -40.955 0.0000000000
23659  -43.025  -68.499  -40.571 0.0000000000
23644  -41.607  -68.142  -39.423 0.0000000000
23639  -39.816  -67.989  -38.124 0.0000000000
21377  -39.094  -71.124  -37.245 0.0000000000
22480  -38.495  -69.895  -37.069 0.0000000000
23632  -37.868  -68.319  -36.893 0.0000000000
24857  -36.294  -67.594  -35.670 0.0000000000
26079  -35.626  -66.414  -34.721 0.0000000000
28547  -34.151  -64.613  -32.685 0.0000000000
18906  -38.598  -72.711  -31.479 0.0000000000
18904  -36.399  -72.619  -31.729 0.0000000000
20162  -34.933  -71.545  -32.445 0.0000000000
22413  -33.142  -69.798  -29.062 0.0000000000
21299  -33.557  -70.464  -30.581 0.0000000000
22441  -34.024  -69.899  -32.772 0.0000000000
23591  -33.317  -68.267  -32.552 0.0000000000
27232  -33.606  -65.456  -32.401 0.0000000000
20371  -41.054  -71.600  -46.951 0.0000000000
17901  -39.849  -73.290  -47.821 0.0000000000
16608  -36.392  -74.520  -47.137 0.0000000000
16666  -36.451  -74.438  -49.118 0.0000000000
24901  -32.694  -67.149  -39.562 0.0000000000
24942  -33.154  -67.954  -41.298 0.0000000000
22548  -33.927  -69.260  -42.067 0.0000000000
24970  -33.963  -67.581  -43.257 0.0000000000
21449  -34.476  -70.565  -42.709 0.0000000000
21467  -34.373  -70.489  -43.662 0.0000000000
22562  -32.063  -69.770  -43.852 0.0000000000
29913  -34.965  -63.918  -33.251 0.0000000000
29946  -35.194  -63.855  -33.806 0.0000000000
19139  -42.436  -71.603  -46.508 0.0000000000
21509  -43.126  -70.415  -45.871 0.0000000000
19053  -34.736  -72.370  -42.538 0.0000000000
19052  -34.089  -72.134  -42.661 0.0000000000
20279  -34.137  -71.687  -42.682 0.0000000000
26134  -40.482  -66.659  -39.245 0.0000000000
26133  -39.636  -66.479  -38.613 0.0000000000
24871  -35.134  -67.175  -37.806 0.0000000000
24883  -35.828  -67.044  -38.467 0.0000000000
24882  -34.854  -67.540  -38.534 0.0000000000
24881  -33.843  -67.567  -38.569 0.0000000000
19009  -43.920  -72.050  -38.728 0.0000000000
20214  -42.945  -71.330  -39.102 0.0000000000
19007  -41.898  -72.148  -38.285 0.0000000000
20189  -36.196  -71.449  -34.704 0.0000000000
20195  -36.777  -71.673  -35.322 0.0000000000
21357  -35.705  -70.586  -34.807 0.0000000000
22467  -35.347  -69.527  -34.997 0.0000000000
21356  -34.892  -70.439  -34.034 0.0000000000
21214  -34.493  -69.955  -25.849 0.0000000000
21215  -35.101  -70.336  -25.657 0.0000000000
21240  -35.500  -70.856  -26.686 0.0000000000
20027  -35.800  -71.120  -26.902 0.0000000000
20056  -35.614  -71.296  -27.417 0.0000000000
20077  -35.126  -71.517  -28.252 0.0000000000
21254  -34.763  -70.914  -27.602 0.0000000000
27168  -31.584  -65.044  -28.176 0.0000000000
25973  -31.724  -66.653  -28.856 0.0000000000
27187  -31.699  -64.902  -29.409 0.0000000000
29859  -31.859  -63.584  -29.286 0.0000000000
20309  -39.683  -71.970  -43.248 0.0000000000
19104  -39.397  -72.714  -44.945 0.0000000000
19103  -38.821  -73.022  -44.706 0.0000000000
26231  -35.726  -66.523  -44.278 0.0000000000
23739  -36.245  -68.530  -44.708 0.0000000000
24986  -36.842  -67.558  -45.052 0.0000000000
26091  -37.155  -65.786  -35.921 0.0000000000
27295  -37.263  -65.679  -36.187 0.0000000000
27294  -36.802  -65.324  -35.830 0.0000000000
28599  -34.809  -64.590  -35.286 0.0000000000
27292  -35.213  -65.287  -35.836 0.0000000000
26087  -34.520  -65.851  -35.956 0.0000000000
27291  -33.941  -65.185  -35.471 0.0000000000
18970  -38.141  -73.008  -34.404 0.0000000000
18950  -37.675  -72.925  -33.423 0.0000000000
24726  -33.113  -67.771  -24.566 0.0000000000
24725  -32.603  -67.435  -25.069 0.0000000000
23511  -32.692  -67.974  -25.590 0.0000000000
25924  -32.268  -66.433  -25.477 0.0000000000
27124  -31.705  -65.197  -26.798 0.0000000000
16669  -39.714  -74.041  -48.870 0.0000000000
17781  -36.611  -73.280  -43.130 0.0000000000
17805  -33.943  -73.344  -43.566 0.0000000000
17830  -34.418  -73.810  -44.392 0.0000000000
17851  -33.761  -73.999  -45.299 0.0000000000
17850  -32.796  -73.751  -45.586 0.0000000000
17849  -31.786  -73.115  -45.802 0.0000000000
19076  -31.762  -72.182  -43.631 0.0000000000
19101  -31.444  -72.561  -44.388 0.0000000000
19075  -30.856  -72.016  -43.886 0.0000000000
20304  -30.382  -71.314  -43.675 0.0000000000
22552  -42.683  -68.942  -42.978 0.0000000000
20266  -40.274  -70.412  -41.735 0.0000000000
21439  -40.079  -69.885  -41.369 0.0000000000
27341  -37.928  -65.817  -37.802 0.0000000000
26132  -38.404  -66.053  -38.227 0.0000000000
26153  -37.836  -66.400  -38.901 0.0000000000
23671  -38.088  -68.334  -40.217 0.0000000000
22516  -37.823  -69.254  -40.325 0.0000000000
21423  -38.457  -69.878  -40.391 0.0000000000
21422  -37.659  -70.151  -40.275 0.0000000000
20243  -37.496  -71.079  -40.540 0.0000000000
22514  -34.933  -69.119  -40.397 0.0000000000
21420  -35.441  -70.275  -40.236 0.0000000000
22513  -34.206  -69.660  -40.867 0.0000000000
22490  -41.710  -68.965  -39.076 0.0000000000
22489  -40.870  -69.133  -38.548 0.0000000000
23642  -40.491  -67.932  -38.471 0.0000000000
22485  -39.885  -69.228  -37.944 0.0000000000
18999  -39.512  -72.365  -37.136 0.0000000000
20207  -40.312  -71.454  -37.740 0.0000000000
20204  -38.946  -71.705  -37.046 0.0000000000
21374  -36.653  -70.169  -36.039 0.0000000000
21376  -38.563  -70.652  -36.920 0.0000000000
22479  -37.935  -69.474  -36.789 0.0000000000
22483  -38.173  -68.853  -37.153 0.0000000000
23631  -37.238  -68.431  -36.504 0.0000000000
24861  -36.773  -67.453  -36.234 0.0000000000
23626  -36.568  -68.498  -35.988 0.0000000000
23614  -34.885  -68.443  -34.768 0.0000000000
24846  -35.380  -67.586  -35.046 0.0000000000
26078  -34.799  -66.392  -34.160 0.0000000000
27251  -34.884  -65.405  -33.859 0.0000000000
26060  -34.200  -66.386  -33.389 0.0000000000
18883  -37.924  -72.612  -30.498 0.0000000000
18854  -35.024  -72.229  -30.177 0.0000000000
18882  -36.743  -72.589  -30.561 0.0000000000
18881  -35.520  -72.332  -30.887 0.0000000000
18903  -35.464  -72.335  -32.081 0.0000000000
20141  -34.836  -72.010  -31.524 0.0000000000
22395  -32.893  -69.182  -28.023 0.0000000000
22396  -33.351  -69.771  -28.154 0.0000000000
22412  -32.955  -69.397  -28.586 0.0000000000
23571  -32.520  -68.091  -30.386 0.0000000000
23572  -32.967  -68.983  -30.260 0.0000000000
22432  -33.460  -69.545  -30.978 0.0000000000
21313  -33.755  -70.342  -31.521 0.0000000000
22440  -33.569  -69.534  -32.239 0.0000000000
22455  -33.598  -68.814  -32.895 0.0000000000
27213  -32.219  -65.194  -31.033 0.0000000000
26028  -33.040  -66.342  -32.025 0.0000000000
28524  -32.957  -64.176  -31.421 0.0000000000
28525  -33.535  -64.473  -32.137 0.0000000000
20353  -41.607  -71.103  -46.104 0.0000000000
20335  -41.236  -71.356  -44.871 0.0000000000
17879  -39.483  -73.014  -46.708 0.0000000000
17900  -38.868  -73.703  -48.340 0.0000000000
17919  -38.721  -73.642  -49.288 0.0000000000
16668  -38.390  -73.733  -48.871 0.0000000000
16556  -36.670  -74.189  -45.264 0.0000000000
16581  -37.418  -74.170  -45.897 0.0000000000
16580  -36.691  -74.517  -46.137 0.0000000000
16664  -34.119  -74.918  -48.825 0.0000000000
16638  -35.849  -74.398  -48.124 0.0000000000
22531  -33.833  -69.184  -41.507 0.0000000000
23709  -33.498  -68.617  -42.026 0.0000000000
24971  -34.863  -67.568  -43.904 0.0000000000
26218  -34.398  -66.629  -43.486 0.0000000000
23724  -34.537  -68.718  -43.381 0.0000000000
22563  -34.776  -69.771  -43.289 0.0000000000
21489  -34.591  -69.991  -44.783 0.0000000000
21488  -33.577  -70.206  -44.316 0.0000000000
22581  -32.672  -69.599  -44.633 0.0000000000
27276  -35.615  -65.277  -34.349 0.0000000000
28583  -35.472  -64.420  -34.635 0.0000000000
29945  -34.641  -63.632  -34.089 0.0000000000
29944  -33.682  -63.729  -34.192 0.0000000000
27091  -32.164  -65.430  -24.771 0.0000000000
29729  -32.327  -63.696  -24.206 0.0000000000
19155  -41.496  -72.396  -47.454 0.0000000000
19034  -35.780  -72.489  -42.037 0.0000000000
17779  -35.478  -73.068  -43.030 0.0000000000
19080  -34.927  -72.802  -42.884 0.0000000000
17804  -33.009  -73.121  -43.737 0.0000000000
17828  -32.292  -73.161  -44.545 0.0000000000
19077  -32.675  -72.412  -43.457 0.0000000000
20306  -32.391  -71.521  -43.462 0.0000000000
24910  -41.529  -67.330  -39.784 0.0000000000
26156  -40.838  -66.612  -39.806 0.0000000000
26173  -40.349  -66.614  -40.062 0.0000000000
24927  -40.104  -67.232  -40.391 0.0000000000
26130  -36.690  -66.396  -38.027 0.0000000000
26152  -37.068  -66.528  -38.562 0.0000000000
24884  -36.490  -66.711  -38.538 0.0000000000
23655  -36.357  -68.520  -39.828 0.0000000000
22500  -36.225  -69.605  -39.857 0.0000000000
23654  -35.084  -68.447  -40.038 0.0000000000
23669  -34.782  -68.685  -40.321 0.0000000000
21394  -42.009  -70.187  -39.047 0.0000000000
21393  -41.091  -70.372  -38.465 0.0000000000
18991  -37.727  -72.324  -35.711 0.0000000000
20203  -38.289  -71.726  -36.562 0.0000000000
20196  -37.331  -71.725  -35.732 0.0000000000
22474  -35.719  -69.021  -35.418 0.0000000000
23604  -34.363  -68.298  -34.003 0.0000000000
18811  -36.902  -72.115  -27.705 0.0000000000
18829  -36.730  -72.185  -28.294 0.0000000000
18856  -37.254  -72.466  -29.428 0.0000000000
18828  -36.223  -72.137  -28.641 0.0000000000
20105  -35.420  -71.969  -28.780 0.0000000000
20104  -34.747  -71.825  -29.365 0.0000000000
25954  -31.813  -66.590  -27.848 0.0000000000
24761  -32.261  -67.482  -28.435 0.0000000000
24775  -32.034  -67.316  -29.658 0.0000000000
24789  -32.256  -67.190  -30.742 0.0000000000
26013  -31.858  -66.235  -30.377 0.0000000000
27201  -31.873  -65.159  -30.062 0.0000000000
29860  -32.173  -63.208  -30.048 0.0000000000
20334  -40.483  -71.770  -44.701 0.0000000000
20352  -40.698  -71.744  -45.777 0.0000000000
19105  -40.102  -72.209  -44.855 0.0000000000
17856  -39.399  -72.943  -45.770 0.0000000000
17855  -38.836  -73.294  -45.842 0.0000000000
16607  -35.309  -74.590  -47.143 0.0000000000
28704  -36.428  -63.820  -42.588 0.0000000000
28720  -35.284  -64.819  -43.155 0.0000000000
28719  -34.625  -65.246  -43.083 0.0000000000
27415  -35.545  -65.904  -43.941 0.0000000000
24972  -35.334  -67.054  -44.172 0.0000000000
24984  -35.216  -68.062  -44.140 0.0000000000
22564  -35.178  -69.674  -43.924 0.0000000000
22584  -35.740  -69.446  -44.648 0.0000000000
21506  -35.114  -69.816  -45.430 0.0000000000
26102  -38.178  -66.260  -36.933 0.0000000000
26116  -38.754  -66.317  -37.682 0.0000000000
27313  -38.188  -65.883  -37.159 0.0000000000
27312  -37.534  -65.721  -36.696 0.0000000000
27326  -37.295  -65.682  -37.208 0.0000000000
28601  -36.263  -64.998  -35.626 0.0000000000
27325  -36.523  -65.844  -36.998 0.0000000000
26099  -35.806  -66.104  -36.798 0.0000000000
26112  -34.723  -66.854  -37.109 0.0000000000
26111  -33.646  -66.888  -37.157 0.0000000000
19001  -41.739  -72.848  -37.782 0.0000000000
17696  -39.692  -73.250  -36.166 0.0000000000
17681  -39.432  -73.331  -35.370 0.0000000000
17680  -38.660  -73.129  -35.376 0.0000000000
18984  -38.091  -72.798  -35.281 0.0000000000
18969  -37.206  -72.486  -34.201 0.0000000000
18968  -36.475  -72.027  -34.081 0.0000000000
22353  -34.162  -69.596  -25.482 0.0000000000
22363  -34.129  -69.772  -26.062 0.0000000000
21238  -33.679  -69.924  -26.891 0.0000000000
22362  -33.424  -69.407  -26.291 0.0000000000
23531  -32.551  -68.314  -26.818 0.0000000000
24747  -32.297  -67.392  -27.294 0.0000000000
25941  -31.887  -66.199  -26.667 0.0000000000
25953  -31.683  -65.665  -27.479 0.0000000000
27146  -31.608  -64.864  -27.484 0.0000000000
28479  -31.486  -64.146  -27.908 0.0000000000
17809  -37.979  -73.484  -44.078 0.0000000000
19081  -37.804  -73.258  -43.615 0.0000000000
17832  -36.792  -73.794  -44.508 0.0000000000
17831  -35.670  -73.889  -44.704 0.0000000000
17853  -35.418  -74.379  -45.555 0.0000000000
16605  -33.326  -73.901  -46.988 0.0000000000
19100  -30.468  -72.364  -44.626 0.0000000000
19099  -29.406  -72.567  -44.732 0.0000000000
20332  -29.043  -71.730  -44.292 0.0000000000
20302  -28.775  -71.025  -44.085 0.0000000000
22565  -43.289  -68.988  -43.314 0.0000000000
21492  -43.184  -69.767  -44.987 0.0000000000
21470  -42.851  -69.710  -43.828 0.0000000000
21452  -42.372  -69.659  -42.961 0.0000000000
21469  -42.098  -70.258  -43.527 0.0000000000
21451  -41.622  -70.072  -42.489 0.0000000000
20285  -41.497  -70.589  -43.044 0.0000000000
20284  -40.683  -70.876  -42.486 0.0000000000
20283  -39.484  -71.761  -42.478 0.0000000000
26154  -38.955  -66.368  -39.186 0.0000000000
24925  -38.570  -67.853  -40.193 0.0000000000
21438  -39.519  -69.823  -40.833 0.0000000000
20282  -38.799  -72.076  -42.126 0.0000000000
19036  -37.795  -72.242  -41.993 0.0000000000
19035  -36.614  -72.411  -41.780 0.0000000000
21421  -36.601  -70.305  -40.094 0.0000000000
20262  -36.252  -71.809  -41.063 0.0000000000
20261  -35.608  -71.904  -41.444 0.0000000000
20260  -34.928  -71.425  -41.558 0.0000000000
21437  -34.467  -70.532  -41.743 0.0000000000
23727  -43.726  -68.893  -42.804 0.0000000000
23692  -43.310  -68.202  -41.605 0.0000000000
24931  -42.929  -67.888  -40.792 0.0000000000
22502  -42.938  -69.147  -40.237 0.0000000000
23658  -42.545  -68.273  -40.208 0.0000000000
24911  -42.128  -67.809  -40.102 0.0000000000
24887  -41.270  -67.600  -39.218 0.0000000000
24885  -39.961  -67.119  -38.291 0.0000000000
24874  -39.333  -67.150  -37.804 0.0000000000
19006  -41.006  -72.175  -38.040 0.0000000000
21386  -40.420  -70.423  -37.908 0.0000000000
21385  -39.402  -70.497  -37.491 0.0000000000
22484  -38.736  -69.317  -37.368 0.0000000000
23638  -39.049  -68.174  -37.756 0.0000000000
24873  -38.533  -67.189  -37.333 0.0000000000
24862  -37.486  -67.351  -36.605 0.0000000000
26100  -37.023  -66.790  -36.324 0.0000000000
26090  -36.600  -66.291  -35.590 0.0000000000
24856  -35.798  -67.843  -35.403 0.0000000000
26089  -35.913  -67.098  -35.334 0.0000000000
26080  -36.050  -65.746  -34.917 0.0000000000
27252  -35.274  -64.909  -33.976 0.0000000000
28548  -34.773  -64.518  -33.396 0.0000000000
18905  -37.493  -72.737  -31.545 0.0000000000
18925  -37.123  -72.700  -32.547 0.0000000000
18924  -36.189  -72.424  -32.706 0.0000000000
18923  -35.565  -71.993  -32.910 0.0000000000
20179  -35.404  -71.447  -33.414 0.0000000000
21253  -33.796  -70.249  -27.461 0.0000000000
21267  -33.788  -70.500  -28.409 0.0000000000
21283  -33.687  -70.752  -29.548 0.0000000000
23559  -32.899  -69.357  -29.628 0.0000000000
22426  -33.106  -69.894  -30.038 0.0000000000
20122  -33.875  -71.084  -30.346 0.0000000000
21314  -34.174  -70.954  -31.456 0.0000000000
21331  -34.629  -71.007  -32.484 0.0000000000
21345  -34.764  -70.847  -32.965 0.0000000000
21355  -34.457  -69.807  -33.707 0.0000000000
24820  -33.423  -67.318  -32.992 0.0000000000
24803  -32.624  -67.247  -31.515 0.0000000000
26042  -33.699  -66.417  -32.764 0.0000000000
29911  -34.015  -63.914  -32.414 0.0000000000
21508  -42.478  -70.733  -46.327 0.0000000000
20387  -41.384  -71.890  -47.426 0.0000000000
19154  -40.763  -72.326  -47.519 0.0000000000
19137  -40.387  -72.093  -46.722 0.0000000000
19153  -40.101  -72.546  -47.178 0.0000000000
17920  -39.323  -73.636  -48.874 0.0000000000
17834  -38.417  -73.353  -44.834 0.0000000000
17854  -38.050  -73.729  -45.648 0.0000000000
16609  -37.611  -74.230  -47.047 0.0000000000
16639  -37.091  -74.595  -48.199 0.0000000000
29924  -32.933  -63.358  -33.766 0.0000000000
27290  -32.699  -65.614  -35.562 0.0000000000
26096  -33.081  -66.465  -36.374 0.0000000000
24869  -33.263  -67.271  -37.873 0.0000000000
24880  -32.866  -67.221  -38.490 0.0000000000
24902  -33.523  -67.612  -39.409 0.0000000000
24923  -33.443  -67.799  -40.340 0.0000000000
26151  -32.397  -66.201  -39.895 0.0000000000
23667  -33.700  -68.641  -40.883 0.0000000000
22512  -33.781  -69.075  -41.122 0.0000000000
22532  -34.158  -69.688  -41.710 0.0000000000
27405  -34.080  -65.744  -43.067 0.0000000000
26217  -33.672  -66.652  -42.940 0.0000000000
24960  -33.218  -67.474  -42.360 0.0000000000
23710  -33.951  -68.964  -42.583 0.0000000000
22549  -34.412  -69.662  -42.482 0.0000000000
20308  -34.248  -71.209  -42.834 0.0000000000
21466  -33.122  -70.824  -43.642 0.0000000000
21465  -31.956  -70.573  -43.632 0.0000000000
22561  -31.212  -69.866  -43.740 0.0000000000
16555  -36.052  -74.373  -45.528 0.0000000000
16557  -37.331  -73.964  -45.149 0.0000000000
16640  -38.077  -74.143  -48.270 0.0000000000
17695  -38.930  -73.188  -35.991 0.0000000000
17780  -35.859  -73.142  -43.060 0.0000000000
17803  -32.495  -72.913  -43.850 0.0000000000
17808  -37.224  -73.474  -43.751 0.0000000000
17827  -31.595  -72.925  -45.000 0.0000000000
17877  -37.977  -73.985  -46.363 0.0000000000
17878  -38.679  -73.642  -46.950 0.0000000000
18947  -35.637  -71.848  -33.261 0.0000000000
18948  -35.954  -72.047  -33.430 0.0000000000
18982  -36.727  -72.106  -34.743 0.0000000000
18992  -38.279  -72.602  -36.034 0.0000000000
18994  -39.836  -72.946  -36.833 0.0000000000
19037  -38.431  -72.130  -42.061 0.0000000000
19054  -35.422  -72.756  -42.689 0.0000000000
19058  -39.376  -72.154  -43.044 0.0000000000
19079  -34.384  -72.807  -42.958 0.0000000000
19082  -38.501  -72.920  -43.938 0.0000000000
19083  -39.509  -72.235  -43.837 0.0000000000
19084  -40.112  -71.979  -44.259 0.0000000000
19120  -39.685  -72.681  -45.683 0.0000000000
19136  -39.859  -72.604  -46.331 0.0000000000
20055  -35.159  -71.255  -27.747 0.0000000000
20057  -36.636  -71.863  -27.489 0.0000000000
20079  -36.483  -71.921  -28.040 0.0000000000
20103  -34.179  -71.337  -29.869 0.0000000000
20123  -34.477  -71.620  -30.718 0.0000000000
20124  -34.871  -72.112  -30.973 0.0000000000
20140  -34.508  -71.313  -31.789 0.0000000000
20161  -34.566  -71.107  -32.253 0.0000000000
20180  -35.920  -71.637  -33.982 0.0000000000
20202  -37.740  -71.885  -36.156 0.0000000000
20206  -39.569  -71.662  -37.429 0.0000000000
20212  -41.080  -71.312  -38.192 0.0000000000
20240  -35.223  -71.386  -41.179 0.0000000000
20242  -36.400  -71.192  -40.536 0.0000000000
20244  -38.492  -70.716  -40.627 0.0000000000
20245  -39.054  -70.229  -40.622 0.0000000000
20303  -29.491  -71.201  -43.840 0.0000000000
20354  -43.133  -71.120  -46.198 0.0000000000
20372  -41.937  -71.605  -46.821 0.0000000000
20373  -42.640  -71.163  -46.493 0.0000000000
20388  -41.609  -71.938  -47.359 0.0000000000
21255  -35.306  -70.996  -27.246 0.0000000000
21284  -34.240  -71.272  -29.375 0.0000000000
21300  -33.948  -70.910  -30.939 0.0000000000
21329  -33.742  -70.208  -32.052 0.0000000000
21330  -34.202  -70.550  -32.279 0.0000000000
21344  -34.424  -70.129  -33.167 0.0000000000
21366  -36.417  -70.728  -35.532 0.0000000000
21367  -36.970  -71.245  -35.743 0.0000000000
21384  -38.783  -70.099  -37.219 0.0000000000
21406  -35.793  -69.850  -39.897 0.0000000000
21407  -35.995  -70.058  -39.932 0.0000000000
21424  -39.043  -69.639  -40.437 0.0000000000
21464  -30.844  -70.607  -43.545 0.0000000000
21471  -43.399  -69.838  -43.809 0.0000000000
21487  -32.718  -70.147  -43.889 0.0000000000
21490  -35.361  -69.899  -45.046 0.0000000000
21507  -35.426  -69.749  -45.356 0.0000000000
21510  -43.455  -70.246  -45.314 0.0000000000
21531  -42.883  -70.799  -46.425 0.0000000000
22335  -33.591  -68.723  -24.906 0.0000000000
22352  -33.536  -69.071  -25.359 0.0000000000
22361  -32.804  -68.875  -26.547 0.0000000000
22377  -32.749  -69.073  -27.122 0.0000000000
22456  -34.023  -69.269  -33.333 0.0000000000
22475  -36.211  -69.509  -35.618 0.0000000000
22488  -40.244  -68.553  -38.293 0.0000000000
22501  -42.303  -68.849  -39.608 0.0000000000
22503  -43.463  -69.005  -40.767 0.0000000000
22533  -39.979  -69.344  -40.868 0.0000000000
22550  -41.371  -69.476  -41.815 0.0000000000
22553  -43.838  -69.186  -42.596 0.0000000000
22560  -30.273  -70.056  -43.819 0.0000000000
22566  -43.682  -69.155  -43.132 0.0000000000
23512  -33.104  -68.372  -25.172 0.0000000000
23517  -32.834  -68.502  -26.027 0.0000000000
23581  -32.500  -67.778  -31.048 0.0000000000
23603  -33.741  -68.064  -33.345 0.0000000000
23625  -36.029  -68.497  -35.538 0.0000000000
23637  -38.374  -68.236  -37.284 0.0000000000
23643  -41.122  -68.101  -38.906 0.0000000000
23653  -34.502  -68.149  -40.023 0.0000000000
23657  -42.025  -68.046  -39.811 0.0000000000
23672  -38.890  -68.310  -40.369 0.0000000000
23675  -42.867  -68.065  -40.626 0.0000000000
23676  -43.275  -68.186  -40.918 0.0000000000
23688  -33.563  -68.710  -41.370 0.0000000000
23711  -42.454  -68.530  -42.289 0.0000000000
23713  -43.626  -68.695  -42.432 0.0000000000
23723  -33.728  -68.313  -42.800 0.0000000000
23726  -43.554  -68.790  -42.882 0.0000000000
23737  -34.983  -68.288  -43.920 0.0000000000
23738  -35.390  -68.733  -44.071 0.0000000000
24804  -33.089  -67.339  -32.253 0.0000000000
24830  -33.795  -67.147  -33.400 0.0000000000
24845  -34.818  -67.366  -34.494 0.0000000000
24863  -37.996  -66.873  -36.801 0.0000000000
24868  -32.829  -67.147  -37.951 0.0000000000
24872  -38.065  -67.576  -36.967 0.0000000000
24907  -39.407  -66.838  -39.865 0.0000000000
24908  -39.889  -66.685  -40.026 0.0000000000
24909  -41.025  -66.835  -39.353 0.0000000000
24924  -34.066  -67.931  -39.965 0.0000000000
24930  -42.432  -67.739  -40.567 0.0000000000
24946  -43.032  -67.767  -40.984 0.0000000000
25940  -31.713  -65.712  -26.977 0.0000000000
25993  -31.462  -65.964  -29.180 0.0000000000
26012  -31.619  -65.870  -29.755 0.0000000000
26043  -34.097  -66.136  -33.011 0.0000000000
26059  -33.735  -66.802  -33.160 0.0000000000
26088  -35.037  -65.725  -36.091 0.0000000000
26097  -34.126  -66.479  -36.397 0.0000000000
26098  -35.195  -66.159  -36.484 0.0000000000
26113  -35.913  -66.431  -37.426 0.0000000000
26115  -37.358  -65.796  -37.590 0.0000000000
26131  -37.503  -66.043  -38.017 0.0000000000
26157  -41.271  -66.880  -40.250 0.0000000000
26174  -40.847  -66.808  -40.378 0.0000000000
26175  -41.231  -67.073  -40.530 0.0000000000
26219  -35.112  -66.557  -43.913 0.0000000000
27214  -32.885  -65.303  -31.797 0.0000000000
27233  -34.253  -65.572  -33.027 0.0000000000
27274  -33.595  -64.769  -35.117 0.0000000000
27275  -35.313  -65.834  -34.238 0.0000000000
27293  -36.182  -65.056  -36.011 0.0000000000
27310  -35.920  -65.650  -36.467 0.0000000000
27324  -36.079  -66.051  -36.915 0.0000000000
27340  -37.644  -65.755  -37.609 0.0000000000
28507  -32.254  -64.176  -30.597 0.0000000000
28549  -35.141  -64.113  -33.477 0.0000000000
28563  -35.090  -64.766  -33.790 0.0000000000
28581  -33.407  -64.477  -34.650 0.0000000000
28582  -34.367  -64.171  -34.681 0.0000000000
28584  -36.137  -64.934  -35.303 0.0000000000
29805  -31.498  -63.099  -27.332 0.0000000000
29927  -35.123  -63.907  -33.477 0.0000000000
