#!ascii label  , from subject 3355 vox2ras=TkReg
1747
35386  6.947  -57.649  27.126 0.0000000000
70911  41.777  -26.415  15.011 0.0000000000
50253  22.894  -45.003  25.442 0.0000000000
50183  31.319  -45.203  31.746 0.0000000000
45550  19.074  -49.873  21.509 0.0000000000
41562  13.268  -53.061  29.258 0.0000000000
81406  49.167  -17.247  9.143 0.0000000000
76003  49.381  -20.968  19.692 0.0000000000
61335  35.111  -36.457  20.799 0.0000000000
84644  54.046  -13.222  2.977 0.0000000000
42995  26.323  -51.775  26.316 0.0000000000
41567  9.371  -54.127  28.761 0.0000000000
80314  49.891  -18.354  13.886 0.0000000000
77147  45.087  -20.467  12.462 0.0000000000
66472  41.427  -31.196  18.386 0.0000000000
69759  45.059  -27.659  19.871 0.0000000000
64331  37.241  -32.583  18.458 0.0000000000
52506  30.669  -44.273  23.786 0.0000000000
48001  28.281  -48.495  27.174 0.0000000000
42975  21.983  -53.299  26.779 0.0000000000
41508  19.067  -53.298  30.244 0.0000000000
44309  16.845  -52.210  24.782 0.0000000000
43045  11.610  -52.296  24.185 0.0000000000
48072  21.770  -47.061  23.209 0.0000000000
84590  54.042  -14.365  9.739 0.0000000000
82428  54.389  -17.303  13.861 0.0000000000
74956  45.192  -23.879  16.932 0.0000000000
65287  34.639  -32.780  23.254 0.0000000000
55794  34.262  -40.872  26.459 0.0000000000
81478  51.906  -16.860  5.399 0.0000000000
81473  57.267  -16.548  5.752 0.0000000000
82558  59.120  -15.979  1.129 0.0000000000
39065  25.495  -55.033  27.471 0.0000000000
37860  8.219  -55.804  27.730 0.0000000000
39029  7.618  -54.659  31.374 0.0000000000
36528  6.681  -56.627  30.878 0.0000000000
79332  44.898  -19.010  11.114 0.0000000000
66434  39.951  -31.179  21.430 0.0000000000
66431  42.936  -31.220  21.774 0.0000000000
30050  2.995  -61.134  28.102 0.0000000000
65415  38.331  -31.894  15.612 0.0000000000
50292  24.314  -45.290  23.297 0.0000000000
49228  27.242  -47.763  24.216 0.0000000000
48024  25.305  -47.530  26.238 0.0000000000
44323  20.998  -50.906  24.083 0.0000000000
44281  19.311  -52.422  26.427 0.0000000000
45516  18.401  -50.735  23.550 0.0000000000
46836  21.786  -49.123  21.739 0.0000000000
44321  23.170  -51.094  23.756 0.0000000000
41535  16.262  -53.211  29.970 0.0000000000
82482  52.475  -16.749  9.258 0.0000000000
83549  54.629  -15.371  12.181 0.0000000000
81356  52.909  -17.102  12.053 0.0000000000
78223  49.734  -20.309  16.279 0.0000000000
80296  51.928  -17.774  17.310 0.0000000000
73942  41.634  -24.737  13.761 0.0000000000
74988  43.203  -23.683  14.069 0.0000000000
72900  43.317  -25.180  15.796 0.0000000000
62320  32.879  -34.292  18.849 0.0000000000
64298  33.904  -32.742  20.382 0.0000000000
62281  35.040  -33.916  21.985 0.0000000000
51291  31.686  -45.484  27.016 0.0000000000
53607  32.986  -42.888  25.454 0.0000000000
52404  33.681  -43.529  29.231 0.0000000000
80416  47.844  -17.545  7.307 0.0000000000
82532  49.414  -15.787  4.908 0.0000000000
81449  50.147  -17.674  7.489 0.0000000000
81446  53.096  -16.348  7.723 0.0000000000
84655  57.688  -13.283  1.229 0.0000000000
82553  56.706  -15.533  1.725 0.0000000000
81497  58.929  -16.193  3.412 0.0000000000
81492  55.472  -16.736  3.082 0.0000000000
46721  23.298  -47.996  27.246 0.0000000000
49148  23.465  -47.273  28.837 0.0000000000
42936  25.724  -50.763  29.723 0.0000000000
41565  10.635  -53.616  28.766 0.0000000000
40238  11.923  -53.706  32.453 0.0000000000
40263  9.660  -53.770  31.321 0.0000000000
80368  47.330  -17.894  9.888 0.0000000000
81359  49.673  -17.238  12.354 0.0000000000
81362  47.275  -18.115  11.734 0.0000000000
78247  47.479  -19.685  13.190 0.0000000000
76056  48.131  -21.375  15.782 0.0000000000
68737  41.633  -28.540  17.046 0.0000000000
70891  43.556  -27.072  17.395 0.0000000000
67593  43.637  -29.195  18.857 0.0000000000
58146  33.573  -38.891  20.213 0.0000000000
53492  32.288  -42.215  32.497 0.0000000000
34156  5.801  -58.982  25.966 0.0000000000
34106  6.162  -58.674  30.114 0.0000000000
32824  4.574  -59.932  28.934 0.0000000000
69840  40.468  -27.814  14.320 0.0000000000
67629  40.287  -30.071  16.061 0.0000000000
65361  39.616  -32.016  18.857 0.0000000000
65338  38.013  -31.153  21.097 0.0000000000
50308  28.423  -45.835  22.044 0.0000000000
50235  29.927  -46.830  25.976 0.0000000000
49144  30.571  -47.218  29.135 0.0000000000
47957  25.784  -48.175  29.990 0.0000000000
46655  27.547  -48.689  31.585 0.0000000000
40291  23.211  -54.355  28.712 0.0000000000
39028  21.273  -54.464  29.944 0.0000000000
42924  20.423  -52.967  29.441 0.0000000000
42956  17.580  -53.139  28.401 0.0000000000
42982  14.783  -52.997  27.325 0.0000000000
44366  14.978  -50.770  22.904 0.0000000000
44312  13.454  -51.851  24.745 0.0000000000
42985  12.160  -52.437  26.873 0.0000000000
41603  10.540  -53.577  26.434 0.0000000000
39099  9.121  -54.897  25.416 0.0000000000
37923  8.071  -56.372  24.569 0.0000000000
52536  22.728  -43.373  22.349 0.0000000000
53671  21.534  -44.084  22.318 0.0000000000
50255  21.435  -45.578  24.739 0.0000000000
45493  24.298  -49.692  25.044 0.0000000000
40330  24.188  -53.516  25.875 0.0000000000
81354  55.100  -17.482  13.264 0.0000000000
80325  52.298  -18.149  13.746 0.0000000000
76125  43.415  -21.886  11.923 0.0000000000
76074  45.820  -22.308  15.279 0.0000000000
76023  47.057  -23.057  17.979 0.0000000000
72877  44.281  -25.530  18.539 0.0000000000
73880  46.528  -24.001  19.826 0.0000000000
65364  34.021  -32.646  17.699 0.0000000000
64321  35.496  -32.218  19.780 0.0000000000
136790  36.333  -32.042  23.666 0.0000000000
55875  33.128  -40.595  22.748 0.0000000000
58080  34.721  -38.657  24.050 0.0000000000
55753  33.776  -40.605  31.049 0.0000000000
58047  35.053  -38.450  27.585 0.0000000000
60305  34.989  -36.529  24.682 0.0000000000
63186  35.020  -33.883  26.026 0.0000000000
66342  35.797  -31.906  26.258 0.0000000000
83643  52.605  -14.976  3.639 0.0000000000
80433  54.108  -17.727  5.508 0.0000000000
82524  56.131  -14.790  7.269 0.0000000000
37808  25.551  -56.502  29.027 0.0000000000
36642  8.407  -56.787  27.164 0.0000000000
37843  7.755  -56.046  28.821 0.0000000000
36582  7.041  -56.796  29.424 0.0000000000
66418  39.905  -30.903  22.309 0.0000000000
66417  41.049  -31.073  22.551 0.0000000000
30073  2.212  -61.926  26.203 0.0000000000
50293  23.952  -45.125  23.981 0.0000000000
49231  24.723  -46.507  24.801 0.0000000000
49187  24.214  -46.388  26.350 0.0000000000
45514  20.283  -50.073  22.962 0.0000000000
45503  19.210  -50.424  24.147 0.0000000000
45530  18.669  -50.163  22.514 0.0000000000
46856  20.862  -48.272  19.914 0.0000000000
46838  20.852  -49.339  20.908 0.0000000000
44363  21.527  -49.978  22.698 0.0000000000
41537  14.460  -53.193  30.085 0.0000000000
41514  13.865  -53.141  30.761 0.0000000000
81404  51.196  -17.278  9.308 0.0000000000
81389  52.764  -17.278  10.472 0.0000000000
81392  50.463  -17.397  10.346 0.0000000000
77078  49.664  -20.505  18.372 0.0000000000
136988  50.807  -19.427  17.963 0.0000000000
72915  41.486  -25.160  14.020 0.0000000000
73934  42.145  -24.791  14.375 0.0000000000
72901  42.740  -25.458  15.414 0.0000000000
60339  34.455  -36.881  19.540 0.0000000000
61336  34.687  -35.757  20.173 0.0000000000
61323  34.212  -34.142  20.945 0.0000000000
61322  34.817  -34.682  21.329 0.0000000000
50201  31.463  -45.990  29.493 0.0000000000
50211  32.911  -45.069  28.835 0.0000000000
51263  32.789  -44.636  30.189 0.0000000000
80384  48.362  -17.531  8.662 0.0000000000
81450  49.173  -17.534  7.211 0.0000000000
81426  50.177  -17.411  8.440 0.0000000000
82515  51.660  -17.087  8.222 0.0000000000
83650  55.756  -13.547  2.590 0.0000000000
83658  55.423  -14.398  2.472 0.0000000000
81500  55.963  -16.509  2.321 0.0000000000
82556  54.262  -15.149  2.518 0.0000000000
45458  24.834  -49.374  27.032 0.0000000000
45440  24.094  -49.320  28.567 0.0000000000
44257  27.107  -50.486  27.979 0.0000000000
41566  9.908  -53.635  28.538 0.0000000000
41516  10.531  -53.612  30.664 0.0000000000
41518  9.250  -53.810  29.969 0.0000000000
39018  7.195  -55.334  31.941 0.0000000000
39017  7.928  -54.739  32.166 0.0000000000
80387  45.646  -17.496  9.085 0.0000000000
80352  47.226  -17.789  10.800 0.0000000000
80370  45.611  -17.966  10.123 0.0000000000
78256  45.717  -19.767  12.219 0.0000000000
78255  46.365  -19.361  12.149 0.0000000000
78249  46.048  -20.075  12.672 0.0000000000
76086  48.226  -20.787  14.621 0.0000000000
76088  46.877  -21.118  14.228 0.0000000000
67614  41.855  -29.825  17.379 0.0000000000
68726  42.765  -28.699  17.964 0.0000000000
67594  42.815  -29.737  18.560 0.0000000000
81408  46.195  -17.365  8.641 0.0000000000
34135  5.175  -59.635  28.161 0.0000000000
32840  4.663  -60.282  27.419 0.0000000000
68782  39.391  -28.445  13.514 0.0000000000
68753  40.469  -29.004  15.183 0.0000000000
67657  39.214  -29.908  14.423 0.0000000000
65393  37.859  -32.489  16.434 0.0000000000
65392  38.828  -31.906  16.359 0.0000000000
65376  38.136  -32.570  17.535 0.0000000000
65349  38.837  -31.914  19.972 0.0000000000
65362  37.937  -32.043  19.015 0.0000000000
50329  26.765  -45.947  21.310 0.0000000000
48043  27.678  -48.373  25.440 0.0000000000
50251  28.583  -46.842  24.958 0.0000000000
49185  28.695  -48.017  26.373 0.0000000000
50223  30.451  -46.931  27.058 0.0000000000
47984  29.373  -48.492  28.496 0.0000000000
47945  23.394  -48.290  30.691 0.0000000000
49146  24.521  -47.287  29.047 0.0000000000
47932  24.171  -48.429  31.472 0.0000000000
46644  26.923  -48.994  32.108 0.0000000000
49110  28.865  -47.723  32.397 0.0000000000
41554  22.516  -53.954  28.448 0.0000000000
41529  21.627  -53.403  29.291 0.0000000000
42938  21.384  -53.310  28.087 0.0000000000
44296  18.106  -52.391  25.712 0.0000000000
42978  18.887  -52.477  27.072 0.0000000000
43002  17.783  -52.393  26.652 0.0000000000
42980  16.885  -52.623  27.623 0.0000000000
43004  15.684  -52.215  26.556 0.0000000000
45532  15.969  -50.461  22.374 0.0000000000
44352  12.242  -51.814  22.819 0.0000000000
44350  13.435  -51.573  23.126 0.0000000000
44314  12.190  -51.575  24.456 0.0000000000
43027  12.727  -51.799  25.462 0.0000000000
43028  11.996  -51.768  25.249 0.0000000000
42986  11.761  -52.830  26.788 0.0000000000
43030  11.351  -53.088  24.832 0.0000000000
37922  8.821  -55.884  24.613 0.0000000000
53693  22.954  -43.045  21.244 0.0000000000
53694  22.344  -42.787  21.428 0.0000000000
50313  21.473  -46.066  21.794 0.0000000000
51387  21.324  -45.223  22.202 0.0000000000
52514  21.368  -44.605  23.435 0.0000000000
49233  21.762  -46.388  23.760 0.0000000000
46762  22.828  -47.498  25.098 0.0000000000
46781  23.530  -48.483  24.022 0.0000000000
43020  22.573  -52.103  25.337 0.0000000000
41629  23.895  -52.397  25.247 0.0000000000
41598  22.801  -53.384  26.318 0.0000000000
40305  23.248  -54.375  27.639 0.0000000000
41491  19.833  -54.079  30.094 0.0000000000
35326  5.262  -58.775  31.732 0.0000000000
35315  5.778  -57.843  31.990 0.0000000000
84564  55.579  -13.956  10.854 0.0000000000
83543  54.345  -15.865  12.677 0.0000000000
82444  55.081  -16.274  12.589 0.0000000000
82434  55.066  -17.439  14.046 0.0000000000
81325  54.938  -17.331  14.980 0.0000000000
81347  49.501  -17.497  12.985 0.0000000000
81346  50.395  -17.582  12.923 0.0000000000
79307  51.499  -18.407  14.102 0.0000000000
81308  53.175  -17.587  17.621 0.0000000000
73931  44.149  -23.546  15.508 0.0000000000
74987  44.108  -23.242  14.373 0.0000000000
76060  44.936  -22.887  16.050 0.0000000000
76058  46.506  -21.920  16.102 0.0000000000
76024  46.239  -23.256  17.658 0.0000000000
69779  43.955  -27.578  18.929 0.0000000000
71897  43.856  -25.866  18.411 0.0000000000
70855  44.794  -26.759  19.698 0.0000000000
65365  33.197  -32.586  17.774 0.0000000000
65320  34.551  -32.494  21.781 0.0000000000
65340  34.347  -32.246  20.417 0.0000000000
136794  34.613  -31.935  21.291 0.0000000000
136796  36.156  -32.299  22.359 0.0000000000
136787  35.852  -32.273  23.742 0.0000000000
51401  30.025  -44.295  21.717 0.0000000000
52529  30.902  -43.570  22.555 0.0000000000
53590  33.571  -42.542  26.013 0.0000000000
54727  32.950  -41.552  24.163 0.0000000000
55813  34.213  -41.007  25.301 0.0000000000
57016  33.739  -40.188  23.183 0.0000000000
56993  34.752  -40.170  25.605 0.0000000000
54634  33.244  -41.272  31.658 0.0000000000
59135  35.264  -37.175  28.729 0.0000000000
59156  34.940  -37.424  26.624 0.0000000000
60294  35.099  -36.423  26.849 0.0000000000
61289  34.842  -35.377  26.052 0.0000000000
62212  35.188  -34.694  27.586 0.0000000000
82531  50.447  -16.117  4.867 0.0000000000
82529  52.230  -16.337  4.829 0.0000000000
81488  53.526  -16.875  4.396 0.0000000000
80434  53.274  -17.264  5.470 0.0000000000
82495  53.572  -15.564  8.426 0.0000000000
81445  54.049  -16.131  7.558 0.0000000000
83600  55.309  -14.512  8.664 0.0000000000
84602  56.246  -14.059  8.547 0.0000000000
82559  58.551  -15.382  0.923 0.0000000000
137051  57.901  -17.043  4.229 0.0000000000
83635  58.357  -15.883  5.337 0.0000000000
83636  57.951  -15.410  5.926 0.0000000000
40315  26.455  -53.701  27.013 0.0000000000
41596  27.172  -52.989  27.327 0.0000000000
39064  26.648  -55.376  27.777 0.0000000000
40307  9.078  -54.770  28.240 0.0000000000
40282  8.025  -54.284  29.779 0.0000000000
39055  7.852  -55.357  29.598 0.0000000000
39030  7.093  -55.301  31.186 0.0000000000
37769  6.839  -56.027  31.702 0.0000000000
79333  44.152  -19.340  10.551 0.0000000000
78258  44.073  -20.337  11.689 0.0000000000
66446  40.720  -31.617  20.673 0.0000000000
65335  42.196  -31.573  20.301 0.0000000000
66432  41.880  -31.609  21.736 0.0000000000
66399  42.290  -30.977  23.554 0.0000000000
31434  3.399  -60.943  27.060 0.0000000000
31435  2.874  -61.406  26.604 0.0000000000
30052  2.084  -62.363  28.278 0.0000000000
66538  38.408  -30.526  14.455 0.0000000000
64363  36.883  -32.890  16.317 0.0000000000
50310  26.481  -46.303  22.132 0.0000000000
49256  25.734  -46.710  23.343 0.0000000000
48069  26.261  -47.895  24.602 0.0000000000
48003  26.390  -48.371  27.278 0.0000000000
43021  21.755  -51.893  25.298 0.0000000000
44279  20.542  -52.675  26.475 0.0000000000
44305  20.269  -51.746  24.979 0.0000000000
44325  19.009  -51.201  24.541 0.0000000000
44327  17.284  -51.567  24.347 0.0000000000
43058  10.861  -52.951  23.513 0.0000000000
41658  10.415  -53.163  22.366 0.0000000000
48155  20.903  -47.629  20.707 0.0000000000
48115  22.130  -48.073  22.475 0.0000000000
46802  23.130  -49.218  23.200 0.0000000000
45525  22.822  -50.290  22.848 0.0000000000
44322  22.157  -50.968  23.967 0.0000000000
41510  17.332  -53.458  30.303 0.0000000000
83587  53.800  -15.398  9.661 0.0000000000
84567  54.507  -14.456  10.871 0.0000000000
82480  53.980  -15.938  10.299 0.0000000000
82459  53.446  -16.407  11.651 0.0000000000
82438  53.724  -16.419  12.887 0.0000000000
78229  50.343  -19.482  15.326 0.0000000000
79285  51.764  -18.981  16.037 0.0000000000
79279  51.178  -19.086  16.546 0.0000000000
81289  51.973  -18.566  18.875 0.0000000000
75018  41.932  -23.072  12.287 0.0000000000
73941  42.205  -24.293  13.678 0.0000000000
73933  43.124  -24.500  14.682 0.0000000000
73914  44.174  -24.554  16.879 0.0000000000
70854  45.437  -26.877  20.410 0.0000000000
63309  32.570  -33.451  18.597 0.0000000000
64311  32.603  -32.809  18.887 0.0000000000
63299  33.222  -33.157  20.007 0.0000000000
63274  34.377  -33.232  21.424 0.0000000000
63250  34.071  -33.112  23.048 0.0000000000
51322  31.278  -44.731  25.399 0.0000000000
52484  31.991  -43.703  24.805 0.0000000000
52451  32.170  -44.028  26.323 0.0000000000
52434  33.262  -43.647  27.210 0.0000000000
53561  34.059  -42.442  27.862 0.0000000000
81483  46.831  -15.698  5.690 0.0000000000
82534  47.450  -15.115  5.453 0.0000000000
81466  48.811  -17.201  6.347 0.0000000000
81465  49.893  -17.132  6.567 0.0000000000
80425  50.926  -17.424  6.357 0.0000000000
80423  52.072  -17.260  6.587 0.0000000000
81463  51.701  -17.057  7.203 0.0000000000
83616  52.541  -15.744  8.273 0.0000000000
84650  56.415  -13.314  2.189 0.0000000000
83664  57.024  -14.571  1.536 0.0000000000
81505  58.352  -16.069  1.536 0.0000000000
81504  58.910  -16.639  1.895 0.0000000000
81499  57.014  -16.855  1.966 0.0000000000
80453  57.173  -17.468  2.704 0.0000000000
79387  56.740  -17.985  4.058 0.0000000000
50227  22.261  -45.903  26.554 0.0000000000
50225  23.350  -45.996  27.211 0.0000000000
49160  22.934  -46.716  27.826 0.0000000000
45421  23.613  -49.131  29.004 0.0000000000
42923  25.114  -50.808  30.526 0.0000000000
41563  12.316  -53.080  29.241 0.0000000000
40279  12.560  -53.613  30.786 0.0000000000
41540  11.435  -53.134  30.091 0.0000000000
40239  10.864  -53.751  32.476 0.0000000000
40264  8.795  -53.787  30.813 0.0000000000
39015  9.389  -54.536  32.725 0.0000000000
80367  48.256  -17.703  9.645 0.0000000000
81393  49.115  -17.453  10.487 0.0000000000
81394  47.980  -17.657  10.515 0.0000000000
81360  48.713  -17.638  12.383 0.0000000000
80329  48.749  -18.121  13.098 0.0000000000
80343  45.943  -18.525  11.401 0.0000000000
79321  47.607  -18.584  12.643 0.0000000000
79297  48.972  -18.895  13.942 0.0000000000
78237  48.837  -19.706  14.393 0.0000000000
78224  48.959  -20.429  15.998 0.0000000000
77086  48.984  -21.188  17.565 0.0000000000
69823  41.715  -27.468  15.653 0.0000000000
70900  42.931  -26.565  16.337 0.0000000000
69803  42.015  -27.968  17.346 0.0000000000
68710  43.519  -28.241  18.859 0.0000000000
68667  44.450  -29.034  19.809 0.0000000000
66456  43.383  -30.693  19.932 0.0000000000
67560  44.463  -29.730  20.489 0.0000000000
67559  45.022  -29.516  21.089 0.0000000000
59232  34.630  -37.602  20.594 0.0000000000
52369  31.453  -43.827  32.355 0.0000000000
81469  45.842  -15.981  6.347 0.0000000000
81452  46.598  -16.889  7.292 0.0000000000
80403  47.534  -17.491  8.169 0.0000000000
85562  54.715  -12.245  4.433 0.0000000000
85563  53.969  -11.956  4.183 0.0000000000
35400  6.399  -58.365  26.621 0.0000000000
35372  6.366  -57.913  28.566 0.0000000000
34134  5.923  -58.673  28.588 0.0000000000
34120  5.391  -59.358  29.447 0.0000000000
32802  4.416  -60.206  30.844 0.0000000000
31403  3.774  -60.856  28.910 0.0000000000
71940  40.955  -25.712  13.804 0.0000000000
70932  40.479  -26.557  13.630 0.0000000000
69839  41.057  -27.351  14.589 0.0000000000
69824  41.395  -27.867  15.039 0.0000000000
67628  40.781  -29.636  16.487 0.0000000000
66486  41.185  -30.701  17.508 0.0000000000
66516  38.991  -30.987  15.241 0.0000000000
66488  40.023  -31.054  17.021 0.0000000000
65360  40.664  -31.696  18.159 0.0000000000
66460  39.624  -31.900  19.786 0.0000000000
66435  39.242  -31.190  21.520 0.0000000000
66420  38.417  -31.334  22.161 0.0000000000
51383  29.306  -45.155  22.374 0.0000000000
50290  27.835  -46.898  22.916 0.0000000000
50267  28.946  -45.989  23.805 0.0000000000
51324  29.892  -45.486  24.935 0.0000000000
50234  30.570  -46.049  26.187 0.0000000000
50202  31.207  -46.713  28.928 0.0000000000
49129  30.807  -46.380  30.464 0.0000000000
49158  24.242  -46.915  28.103 0.0000000000
47987  25.669  -47.974  28.168 0.0000000000
46702  26.947  -48.751  28.514 0.0000000000
46645  25.748  -49.001  31.908 0.0000000000
46670  26.534  -48.883  30.237 0.0000000000
46684  28.367  -48.993  29.729 0.0000000000
47954  28.943  -48.036  30.504 0.0000000000
49117  30.322  -46.849  31.305 0.0000000000
50170  29.948  -45.560  32.794 0.0000000000
39039  23.310  -55.256  29.094 0.0000000000
40274  22.120  -54.000  29.268 0.0000000000
41530  20.836  -53.061  29.638 0.0000000000
41531  19.913  -52.881  29.894 0.0000000000
42954  19.594  -52.629  27.692 0.0000000000
42941  19.282  -52.929  28.806 0.0000000000
42927  18.410  -53.298  29.617 0.0000000000
41558  17.074  -53.405  29.368 0.0000000000
41579  16.048  -53.048  28.427 0.0000000000
41581  14.098  -52.929  28.312 0.0000000000
45531  17.405  -50.705  22.638 0.0000000000
44364  16.403  -50.931  23.080 0.0000000000
44347  15.937  -51.310  23.660 0.0000000000
44367  14.099  -50.901  22.592 0.0000000000
44349  14.248  -51.445  23.333 0.0000000000
44310  14.975  -52.376  24.960 0.0000000000
43025  14.374  -52.357  25.618 0.0000000000
42983  13.770  -52.482  27.231 0.0000000000
42960  12.964  -52.886  27.638 0.0000000000
42962  11.394  -52.619  27.481 0.0000000000
41585  10.785  -53.244  27.944 0.0000000000
41604  9.897  -54.117  26.936 0.0000000000
40341  10.245  -53.857  24.591 0.0000000000
40332  9.822  -53.951  25.457 0.0000000000
40319  9.422  -54.576  27.474 0.0000000000
39087  9.334  -55.329  26.948 0.0000000000
37900  8.363  -56.101  25.427 0.0000000000
36658  7.432  -57.309  25.513 0.0000000000
35407  6.997  -58.092  24.955 0.0000000000
35408  6.379  -58.484  25.500 0.0000000000
51405  24.051  -44.165  21.501 0.0000000000
51386  23.804  -44.132  22.373 0.0000000000
51346  22.835  -44.377  24.548 0.0000000000
53670  21.693  -43.328  22.222 0.0000000000
52513  21.971  -44.245  23.383 0.0000000000
51313  21.978  -45.094  25.568 0.0000000000
49188  21.900  -46.290  25.695 0.0000000000
46741  23.480  -48.143  26.317 0.0000000000
45478  25.263  -49.699  26.052 0.0000000000
45500  23.772  -50.275  23.865 0.0000000000
42997  24.878  -51.893  25.332 0.0000000000
41614  25.922  -52.655  25.947 0.0000000000
40316  25.333  -54.102  26.908 0.0000000000
40290  24.167  -54.554  28.405 0.0000000000
36557  6.531  -57.325  30.669 0.0000000000
36505  5.869  -57.160  31.933 0.0000000000
83548  55.072  -15.452  12.016 0.0000000000
81358  50.727  -17.515  12.173 0.0000000000
81344  53.042  -17.266  13.073 0.0000000000
81334  53.722  -17.383  14.370 0.0000000000
80303  52.771  -18.023  16.143 0.0000000000
81328  53.873  -17.533  15.593 0.0000000000
81327  54.155  -17.397  15.203 0.0000000000
77161  42.913  -20.656  11.040 0.0000000000
77148  44.266  -20.895  12.232 0.0000000000
73966  43.234  -22.986  12.605 0.0000000000
76110  44.493  -22.276  12.889 0.0000000000
76109  45.473  -21.834  13.319 0.0000000000
76073  46.713  -21.810  15.123 0.0000000000
77088  47.345  -21.435  17.054 0.0000000000
76021  48.600  -21.325  18.394 0.0000000000
71911  43.418  -25.755  16.501 0.0000000000
72879  43.696  -24.942  17.622 0.0000000000
73882  44.786  -24.569  18.149 0.0000000000
72840  45.640  -25.534  19.912 0.0000000000
72858  46.056  -24.894  19.641 0.0000000000
74920  45.729  -24.241  18.276 0.0000000000
74918  46.983  -23.422  19.408 0.0000000000
76005  47.714  -22.610  19.376 0.0000000000
64385  35.411  -33.475  15.686 0.0000000000
64332  36.103  -32.615  18.494 0.0000000000
65352  34.017  -32.476  18.715 0.0000000000
64333  34.956  -32.607  18.801 0.0000000000
64320  36.792  -32.335  19.181 0.0000000000
65363  36.626  -31.938  20.340 0.0000000000
65318  37.693  -31.469  22.398 0.0000000000
66403  38.014  -31.607  23.538 0.0000000000
53637  32.093  -42.835  23.428 0.0000000000
57048  33.212  -39.423  21.363 0.0000000000
58103  34.367  -38.477  22.364 0.0000000000
59189  34.677  -37.601  23.245 0.0000000000
52389  33.092  -43.206  31.251 0.0000000000
54661  34.259  -41.611  29.806 0.0000000000
54660  34.226  -41.142  29.016 0.0000000000
56947  34.209  -39.748  29.900 0.0000000000
56968  34.596  -40.020  27.738 0.0000000000
58057  35.019  -38.407  26.321 0.0000000000
59179  34.944  -37.545  24.361 0.0000000000
60311  34.928  -36.561  23.546 0.0000000000
62271  34.956  -34.802  23.514 0.0000000000
62248  34.850  -34.177  24.535 0.0000000000
64219  34.566  -32.969  25.224 0.0000000000
64187  35.274  -32.924  27.299 0.0000000000
64203  35.148  -32.458  26.456 0.0000000000
65271  35.244  -32.733  25.893 0.0000000000
136784  35.766  -31.848  24.776 0.0000000000
86559  53.014  -12.124  3.487 0.0000000000
83653  53.284  -14.421  2.959 0.0000000000
81494  53.836  -16.099  3.495 0.0000000000
80443  54.495  -17.661  4.501 0.0000000000
81474  56.286  -17.095  5.974 0.0000000000
81461  53.458  -16.894  7.167 0.0000000000
81459  55.577  -16.912  6.808 0.0000000000
82522  57.013  -16.009  6.332 0.0000000000
84622  57.115  -14.528  7.076 0.0000000000
39038  23.299  -55.873  29.266 0.0000000000
37792  24.823  -56.814  29.715 0.0000000000
36624  7.751  -57.326  27.700 0.0000000000
36606  7.448  -56.869  28.640 0.0000000000
35371  7.038  -57.679  28.179 0.0000000000
66402  39.344  -31.267  23.495 0.0000000000
66401  40.470  -31.179  23.591 0.0000000000
50271  23.602  -45.016  24.649 0.0000000000
50270  24.261  -45.918  24.444 0.0000000000
50252  23.626  -45.954  25.561 0.0000000000
45529  19.709  -49.916  22.301 0.0000000000
45515  19.380  -50.093  23.297 0.0000000000
45549  20.165  -49.613  21.308 0.0000000000
45528  20.701  -49.863  22.122 0.0000000000
41561  14.251  -53.086  29.284 0.0000000000
41538  13.459  -53.391  30.138 0.0000000000
81405  50.133  -17.204  9.375 0.0000000000
81391  51.439  -17.388  10.268 0.0000000000
78190  50.059  -20.345  18.533 0.0000000000
77046  49.804  -20.634  20.045 0.0000000000
71928  41.518  -25.598  14.405 0.0000000000
71920  41.882  -25.588  14.850 0.0000000000
71919  42.309  -25.773  15.298 0.0000000000
61321  35.120  -35.973  21.427 0.0000000000
50191  31.546  -45.712  30.720 0.0000000000
50200  32.509  -45.148  29.905 0.0000000000
50190  32.009  -45.043  31.084 0.0000000000
81427  49.225  -17.435  8.149 0.0000000000
83651  55.022  -13.625  2.799 0.0000000000
83652  54.305  -13.881  2.833 0.0000000000
83659  54.654  -14.460  2.574 0.0000000000
83660  53.941  -14.654  2.556 0.0000000000
42974  26.203  -50.889  26.405 0.0000000000
44275  25.887  -50.053  27.288 0.0000000000
42973  26.734  -51.127  27.256 0.0000000000
41542  9.829  -53.594  29.444 0.0000000000
41543  9.310  -53.969  29.340 0.0000000000
80406  44.983  -17.641  8.681 0.0000000000
77146  45.719  -20.340  12.650 0.0000000000
76107  46.593  -20.836  13.553 0.0000000000
76108  46.211  -21.281  13.479 0.0000000000
67595  42.174  -30.185  18.152 0.0000000000
66471  42.194  -30.766  18.799 0.0000000000
32850  4.724  -60.185  26.457 0.0000000000
69855  39.135  -27.786  12.818 0.0000000000
68768  39.152  -29.174  13.788 0.0000000000
64319  37.345  -32.338  18.906 0.0000000000
48021  28.073  -48.601  26.118 0.0000000000
49171  28.798  -48.127  27.083 0.0000000000
48000  28.987  -48.561  27.621 0.0000000000
45388  23.845  -49.365  31.615 0.0000000000
47944  23.774  -48.088  31.222 0.0000000000
46647  23.771  -48.665  31.980 0.0000000000
41577  21.884  -53.467  27.568 0.0000000000
42951  21.540  -53.387  27.321 0.0000000000
44308  17.612  -52.090  25.077 0.0000000000
43022  17.355  -52.328  25.955 0.0000000000
43003  16.700  -52.065  26.708 0.0000000000
43023  16.542  -52.069  25.725 0.0000000000
44334  11.878  -52.058  23.420 0.0000000000
44333  12.115  -51.776  23.809 0.0000000000
43044  11.811  -51.801  24.583 0.0000000000
43029  11.556  -52.332  25.112 0.0000000000
49277  21.819  -46.894  22.241 0.0000000000
50294  21.670  -45.936  22.956 0.0000000000
48071  22.306  -47.125  23.690 0.0000000000
42999  22.575  -52.543  26.106 0.0000000000
41618  22.603  -52.888  26.112 0.0000000000
41599  22.332  -53.313  26.674 0.0000000000
41576  22.473  -53.746  27.472 0.0000000000
41492  19.159  -53.741  30.551 0.0000000000
34092  4.856  -59.292  32.373 0.0000000000
35317  5.115  -58.726  32.430 0.0000000000
85505  54.900  -13.668  10.120 0.0000000000
85503  55.451  -13.775  10.709 0.0000000000
85495  54.971  -13.305  10.592 0.0000000000
82436  54.387  -16.646  13.087 0.0000000000
82435  54.640  -16.997  13.274 0.0000000000
82427  54.604  -17.370  14.134 0.0000000000
81332  55.095  -17.416  14.349 0.0000000000
82421  54.712  -17.365  14.725 0.0000000000
80328  49.397  -17.926  13.369 0.0000000000
80327  50.113  -17.890  13.455 0.0000000000
80313  50.687  -18.364  14.039 0.0000000000
74967  44.837  -23.369  16.426 0.0000000000
74976  44.530  -23.199  15.669 0.0000000000
74966  45.289  -23.042  17.037 0.0000000000
74955  45.703  -23.440  17.404 0.0000000000
69778  44.523  -27.586  19.346 0.0000000000
70870  44.518  -26.860  18.987 0.0000000000
65366  32.539  -33.042  17.469 0.0000000000
65304  34.672  -32.704  22.722 0.0000000000
65319  34.574  -32.130  21.464 0.0000000000
65303  34.851  -32.422  22.319 0.0000000000
65286  35.041  -32.518  23.937 0.0000000000
52530  30.453  -44.002  22.829 0.0000000000
52505  31.016  -43.640  23.401 0.0000000000
54694  34.017  -41.747  26.173 0.0000000000
59120  34.770  -37.045  29.722 0.0000000000
60280  35.356  -36.388  27.914 0.0000000000
61277  35.219  -35.498  27.167 0.0000000000
61265  35.309  -35.510  28.187 0.0000000000
82530  51.500  -16.261  4.870 0.0000000000
82541  51.178  -15.512  4.088 0.0000000000
81477  52.778  -16.756  5.096 0.0000000000
80435  52.433  -17.317  5.776 0.0000000000
83602  54.089  -15.252  9.068 0.0000000000
83601  54.810  -14.958  8.849 0.0000000000
83586  54.879  -14.649  9.335 0.0000000000
84588  55.289  -14.371  9.393 0.0000000000
82572  58.791  -15.240  0.310 0.0000000000
137049  57.982  -16.325  4.707 0.0000000000
137054  58.500  -15.927  4.687 0.0000000000
81472  57.854  -16.100  5.420 0.0000000000
39076  25.794  -54.360  27.233 0.0000000000
39075  26.498  -54.440  27.459 0.0000000000
39067  8.427  -55.253  28.509 0.0000000000
40294  8.552  -54.669  29.017 0.0000000000
37822  7.243  -55.984  29.665 0.0000000000
39056  7.404  -55.595  29.863 0.0000000000
37781  6.852  -56.007  31.028 0.0000000000
79334  43.220  -19.277  10.431 0.0000000000
78264  44.407  -19.571  11.127 0.0000000000
78265  43.750  -20.019  10.968 0.0000000000
66445  41.670  -31.584  20.707 0.0000000000
66433  40.842  -31.346  21.590 0.0000000000
31448  3.478  -61.003  25.988 0.0000000000
30060  2.501  -62.017  27.134 0.0000000000
30061  2.071  -62.254  27.718 0.0000000000
50312  24.690  -45.523  22.288 0.0000000000
50311  25.543  -46.127  22.341 0.0000000000
50291  25.001  -46.063  23.206 0.0000000000
49204  25.079  -46.991  25.152 0.0000000000
49203  25.583  -47.187  24.734 0.0000000000
48045  25.671  -47.755  25.266 0.0000000000
48023  26.039  -48.158  26.231 0.0000000000
44304  21.035  -51.593  25.195 0.0000000000
45504  18.690  -50.773  24.226 0.0000000000
44326  18.147  -51.101  24.521 0.0000000000
44345  17.660  -50.931  23.977 0.0000000000
46837  21.394  -48.742  21.132 0.0000000000
48135  21.460  -47.676  21.555 0.0000000000
46821  21.750  -48.225  21.804 0.0000000000
46820  22.277  -48.730  22.294 0.0000000000
45526  22.583  -49.840  22.610 0.0000000000
44344  21.371  -50.237  23.183 0.0000000000
44343  21.936  -50.564  23.312 0.0000000000
43041  21.626  -51.483  24.568 0.0000000000
41534  17.193  -53.314  30.014 0.0000000000
41511  16.347  -53.581  30.523 0.0000000000
83588  52.890  -16.090  9.064 0.0000000000
82481  53.311  -16.316  9.712 0.0000000000
80349  52.316  -17.443  10.838 0.0000000000
81372  53.007  -17.275  11.227 0.0000000000
82446  53.492  -16.372  12.422 0.0000000000
78222  50.469  -19.622  15.961 0.0000000000
78213  50.644  -19.604  17.161 0.0000000000
136996  51.406  -19.009  18.349 0.0000000000
73954  41.200  -24.229  12.779 0.0000000000
73953  41.923  -24.154  12.944 0.0000000000
72908  43.090  -25.034  15.147 0.0000000000
73924  43.316  -24.820  15.365 0.0000000000
73923  43.803  -24.477  15.841 0.0000000000
72899  43.834  -24.809  16.483 0.0000000000
62321  32.335  -34.368  17.992 0.0000000000
63308  32.871  -33.479  19.311 0.0000000000
62310  33.564  -33.864  19.617 0.0000000000
62282  34.456  -33.832  21.360 0.0000000000
62296  33.952  -33.634  20.605 0.0000000000
63273  34.689  -33.441  21.939 0.0000000000
63263  34.666  -33.589  22.556 0.0000000000
51305  31.793  -44.761  26.198 0.0000000000
51290  32.554  -44.871  26.918 0.0000000000
51275  33.236  -44.279  28.494 0.0000000000
52417  33.821  -43.283  28.058 0.0000000000
53562  34.267  -42.711  28.781 0.0000000000
81467  47.642  -17.121  6.477 0.0000000000
81482  47.531  -16.101  5.592 0.0000000000
80426  48.226  -17.421  6.613 0.0000000000
81464  50.853  -17.364  6.853 0.0000000000
82497  51.723  -17.001  8.562 0.0000000000
82514  52.184  -16.470  8.182 0.0000000000
83604  52.577  -16.219  8.465 0.0000000000
83603  53.061  -15.775  8.653 0.0000000000
83657  56.227  -14.308  1.916 0.0000000000
82561  57.438  -15.092  1.381 0.0000000000
82552  57.685  -15.987  1.612 0.0000000000
82546  55.200  -16.050  2.786 0.0000000000
80454  56.354  -17.265  2.725 0.0000000000
80455  55.851  -17.017  2.932 0.0000000000
79392  56.817  -17.863  3.679 0.0000000000
80449  55.580  -17.532  3.606 0.0000000000
47989  22.702  -46.906  26.993 0.0000000000
49161  22.695  -46.705  27.222 0.0000000000
47988  22.913  -47.316  27.683 0.0000000000
45439  24.574  -49.638  29.278 0.0000000000
45419  24.505  -49.807  29.615 0.0000000000
44243  24.344  -49.882  30.321 0.0000000000
42937  25.269  -50.797  30.070 0.0000000000
41564  11.517  -53.639  29.032 0.0000000000
41517  9.762  -53.710  30.324 0.0000000000
40262  10.569  -53.659  31.606 0.0000000000
40217  10.338  -53.892  33.111 0.0000000000
40240  9.679  -53.934  32.501 0.0000000000
40265  7.888  -53.979  30.664 0.0000000000
40281  8.602  -53.943  29.950 0.0000000000
40242  8.015  -53.978  31.489 0.0000000000
81378  47.227  -17.936  11.475 0.0000000000
81377  48.127  -17.635  11.405 0.0000000000
81361  47.861  -18.073  11.832 0.0000000000
80340  48.168  -18.288  12.386 0.0000000000
80355  45.005  -18.578  10.753 0.0000000000
80354  45.581  -18.330  11.014 0.0000000000
79331  45.555  -18.770  11.352 0.0000000000
79310  47.194  -19.031  12.959 0.0000000000
79322  46.843  -18.850  12.252 0.0000000000
79320  48.167  -18.420  13.001 0.0000000000
79298  48.469  -19.129  13.756 0.0000000000
78238  48.156  -19.695  13.656 0.0000000000
76071  48.292  -21.162  15.007 0.0000000000
77108  48.633  -20.748  15.615 0.0000000000
77096  48.718  -20.950  16.548 0.0000000000
68751  41.477  -28.140  16.379 0.0000000000
69813  42.166  -27.471  16.640 0.0000000000
68711  43.215  -28.603  18.414 0.0000000000
68690  44.091  -28.508  19.261 0.0000000000
67573  43.855  -29.699  19.791 0.0000000000
66444  42.696  -31.371  20.622 0.0000000000
67552  44.379  -30.351  21.423 0.0000000000
67558  45.719  -29.449  21.486 0.0000000000
58166  33.729  -38.280  19.797 0.0000000000
59233  34.094  -37.847  20.424 0.0000000000
81453  45.818  -16.476  7.008 0.0000000000
80386  46.651  -17.592  9.053 0.0000000000
81429  46.692  -17.403  8.226 0.0000000000
80404  47.081  -17.615  8.619 0.0000000000
80385  47.529  -17.710  9.019 0.0000000000
35387  6.332  -58.124  27.712 0.0000000000
34146  5.871  -59.135  27.227 0.0000000000
34121  4.700  -59.923  29.719 0.0000000000
34108  5.000  -59.296  30.665 0.0000000000
31420  3.254  -60.944  27.711 0.0000000000
32841  3.890  -60.646  27.729 0.0000000000
31412  3.403  -60.992  28.261 0.0000000000
72927  40.692  -24.908  13.370 0.0000000000
71941  40.098  -25.768  13.194 0.0000000000
69854  40.113  -27.665  13.544 0.0000000000
70933  39.654  -26.710  13.001 0.0000000000
69853  40.627  -27.133  14.119 0.0000000000
68766  40.758  -28.256  14.842 0.0000000000
67642  40.492  -29.419  15.767 0.0000000000
66500  40.308  -30.453  16.588 0.0000000000
65375  39.358  -31.980  17.456 0.0000000000
65374  40.243  -31.556  17.611 0.0000000000
66473  40.319  -31.764  19.013 0.0000000000
66474  39.890  -31.932  19.222 0.0000000000
65337  38.374  -31.320  20.590 0.0000000000
66448  38.987  -31.344  20.549 0.0000000000
66436  38.501  -31.123  21.308 0.0000000000
51403  28.844  -45.300  21.558 0.0000000000
50307  28.866  -45.537  22.335 0.0000000000
49255  26.686  -46.942  23.521 0.0000000000
49275  26.997  -46.746  22.802 0.0000000000
49254  27.510  -47.064  23.348 0.0000000000
49200  28.685  -46.919  25.241 0.0000000000
50268  28.651  -46.854  24.262 0.0000000000
50250  29.126  -46.269  25.030 0.0000000000
51342  29.601  -45.432  24.145 0.0000000000
50249  30.005  -45.920  25.495 0.0000000000
49156  30.069  -47.476  28.244 0.0000000000
50214  30.772  -46.703  28.119 0.0000000000
49143  30.746  -46.617  29.652 0.0000000000
49159  23.491  -46.644  27.977 0.0000000000
49173  23.866  -46.320  27.274 0.0000000000
49133  24.907  -47.602  30.061 0.0000000000
49145  25.099  -47.833  28.998 0.0000000000
47971  25.749  -48.145  29.061 0.0000000000
47986  26.285  -48.486  28.318 0.0000000000
47970  26.270  -48.624  29.138 0.0000000000
46643  27.645  -48.586  32.207 0.0000000000
46656  26.636  -48.931  31.253 0.0000000000
46685  27.662  -49.112  29.566 0.0000000000
46669  27.847  -48.974  30.594 0.0000000000
46668  28.584  -48.730  30.113 0.0000000000
47955  28.175  -48.220  31.249 0.0000000000
49109  29.535  -47.039  32.279 0.0000000000
49108  30.455  -46.224  32.088 0.0000000000
40273  23.043  -54.464  29.248 0.0000000000
40251  22.637  -55.011  29.320 0.0000000000
41556  20.955  -53.016  29.326 0.0000000000
44280  19.820  -52.608  26.523 0.0000000000
44264  20.088  -53.117  27.084 0.0000000000
42977  19.364  -52.622  26.879 0.0000000000
42979  18.042  -52.568  27.467 0.0000000000
42955  18.664  -52.714  28.112 0.0000000000
42926  18.923  -53.146  29.542 0.0000000000
42942  18.458  -53.332  29.005 0.0000000000
42943  17.786  -53.451  29.115 0.0000000000
42981  15.964  -52.621  27.272 0.0000000000
41600  16.133  -52.818  27.791 0.0000000000
41601  15.475  -52.967  27.881 0.0000000000
41580  14.982  -53.064  28.547 0.0000000000
44365  15.678  -50.942  23.119 0.0000000000
44368  13.288  -51.119  22.284 0.0000000000
44331  13.447  -51.618  23.985 0.0000000000
44330  14.275  -51.955  23.999 0.0000000000
44329  15.202  -51.872  24.262 0.0000000000
44311  14.257  -52.218  24.804 0.0000000000
43007  12.805  -51.989  26.292 0.0000000000
43006  13.677  -52.021  26.430 0.0000000000
42984  12.882  -52.357  26.995 0.0000000000
42959  13.607  -52.808  27.841 0.0000000000
42961  12.153  -52.920  27.436 0.0000000000
42987  11.223  -53.197  26.680 0.0000000000
42963  11.275  -53.238  27.349 0.0000000000
41586  10.505  -53.638  27.473 0.0000000000
41648  10.539  -53.307  23.212 0.0000000000
41639  10.457  -53.220  23.962 0.0000000000
40342  9.647  -54.436  25.044 0.0000000000
40333  9.257  -54.146  26.120 0.0000000000
39077  9.425  -54.891  27.247 0.0000000000
36657  8.366  -56.865  25.966 0.0000000000
36676  7.638  -56.651  25.033 0.0000000000
36677  7.127  -57.369  24.422 0.0000000000
35417  6.056  -58.237  24.559 0.0000000000
52561  22.953  -43.279  21.815 0.0000000000
52535  23.312  -43.598  22.486 0.0000000000
51367  23.509  -44.396  23.445 0.0000000000
52511  23.044  -43.622  23.072 0.0000000000
53696  20.963  -42.948  21.385 0.0000000000
53695  21.683  -42.649  21.588 0.0000000000
51349  20.778  -44.800  23.916 0.0000000000
52494  21.585  -44.248  24.266 0.0000000000
52473  22.050  -44.030  24.698 0.0000000000
51331  21.922  -45.012  24.763 0.0000000000
50239  21.848  -45.604  25.836 0.0000000000
46761  23.566  -48.283  25.165 0.0000000000
46742  23.052  -47.518  25.835 0.0000000000
45494  23.968  -48.694  25.977 0.0000000000
45479  24.582  -48.946  26.384 0.0000000000
45492  24.892  -50.371  25.396 0.0000000000
46801  23.547  -49.789  23.476 0.0000000000
44303  24.066  -51.241  24.298 0.0000000000
41616  24.063  -52.674  25.421 0.0000000000
43018  24.263  -52.135  25.110 0.0000000000
41615  25.016  -52.682  25.585 0.0000000000
40329  25.217  -53.696  25.939 0.0000000000
40317  24.265  -54.142  26.773 0.0000000000
39054  23.921  -54.630  28.984 0.0000000000
39027  21.980  -55.037  29.715 0.0000000000
40260  12.670  -53.675  31.622 0.0000000000
40237  12.925  -53.816  32.404 0.0000000000
35356  6.162  -57.935  29.323 0.0000000000
35336  6.207  -58.182  30.301 0.0000000000
36487  5.600  -57.860  32.905 0.0000000000
36506  5.776  -57.709  32.450 0.0000000000
36486  6.028  -57.462  32.739 0.0000000000
37750  6.445  -56.859  32.824 0.0000000000
36477  6.074  -57.541  33.335 0.0000000000
83564  54.614  -15.110  11.449 0.0000000000
83563  54.992  -14.753  11.410 0.0000000000
81341  54.929  -17.020  12.855 0.0000000000
81375  49.989  -17.229  11.426 0.0000000000
81345  51.555  -17.838  12.831 0.0000000000
81335  52.951  -17.473  14.106 0.0000000000
79293  52.279  -18.553  15.510 0.0000000000
79284  52.157  -18.275  16.458 0.0000000000
81320  53.626  -17.553  16.685 0.0000000000
81319  54.096  -17.554  16.235 0.0000000000
81318  54.601  -17.571  15.549 0.0000000000
76137  42.632  -21.479  11.209 0.0000000000
76136  43.191  -21.219  11.358 0.0000000000
77160  43.661  -20.830  11.493 0.0000000000
75002  43.116  -23.676  13.082 0.0000000000
75017  42.862  -23.024  12.474 0.0000000000
76090  44.900  -22.414  14.359 0.0000000000
76091  44.364  -22.826  13.748 0.0000000000
76089  46.005  -21.831  14.290 0.0000000000
76041  46.742  -21.901  17.195 0.0000000000
76040  47.532  -21.607  17.352 0.0000000000
76022  48.097  -21.993  17.944 0.0000000000
69812  42.928  -27.120  16.807 0.0000000000
70892  43.410  -26.522  17.107 0.0000000000
71898  43.582  -25.521  17.904 0.0000000000
72878  43.787  -25.033  18.149 0.0000000000
73902  43.976  -24.724  17.671 0.0000000000
72860  44.327  -24.966  18.344 0.0000000000
72857  46.559  -24.585  20.306 0.0000000000
73881  45.731  -24.444  18.942 0.0000000000
74919  46.345  -23.897  18.854 0.0000000000
73879  46.977  -23.577  20.008 0.0000000000
65377  33.864  -32.867  17.117 0.0000000000
64347  35.240  -33.089  17.267 0.0000000000
64310  33.192  -32.622  19.535 0.0000000000
64322  32.930  -32.488  18.608 0.0000000000
136799  34.596  -32.386  19.355 0.0000000000
136791  36.342  -32.207  23.055 0.0000000000
65302  36.805  -31.925  22.859 0.0000000000
136785  36.774  -31.657  23.887 0.0000000000
52465  32.402  -43.627  25.451 0.0000000000
53638  31.685  -43.365  23.815 0.0000000000
53620  32.313  -43.005  24.438 0.0000000000
55851  32.965  -41.122  23.381 0.0000000000
54749  32.541  -41.976  23.559 0.0000000000
55876  32.641  -40.965  22.336 0.0000000000
57031  32.708  -40.456  21.835 0.0000000000
57030  33.109  -40.066  22.152 0.0000000000
58081  34.430  -39.276  24.048 0.0000000000
58090  34.215  -39.207  23.494 0.0000000000
58089  34.405  -38.446  22.940 0.0000000000
52349  31.527  -42.917  32.710 0.0000000000
52368  32.102  -43.552  32.097 0.0000000000
53509  33.616  -41.893  31.411 0.0000000000
54645  34.082  -41.385  31.021 0.0000000000
55767  33.906  -40.706  30.214 0.0000000000
58041  34.946  -39.092  28.805 0.0000000000
56959  34.391  -39.905  28.674 0.0000000000
58048  34.495  -39.288  27.914 0.0000000000
56967  35.038  -39.333  27.056 0.0000000000
60300  34.925  -36.460  25.783 0.0000000000
59169  34.937  -37.463  25.499 0.0000000000
61304  34.918  -35.595  23.944 0.0000000000
62234  34.892  -34.480  25.800 0.0000000000
62247  34.924  -34.600  25.118 0.0000000000
63205  34.687  -33.926  25.276 0.0000000000
63230  34.526  -33.620  24.514 0.0000000000
63206  34.476  -33.449  25.145 0.0000000000
63148  35.388  -33.961  28.185 0.0000000000
64171  35.517  -33.146  28.490 0.0000000000
64188  34.840  -32.087  27.288 0.0000000000
65259  34.849  -31.963  26.810 0.0000000000
82533  48.429  -15.288  5.088 0.0000000000
83654  52.402  -14.237  3.382 0.0000000000
82548  53.652  -15.388  2.855 0.0000000000
82539  53.126  -15.633  3.787 0.0000000000
80444  53.724  -17.577  4.946 0.0000000000
80432  55.042  -17.748  5.351 0.0000000000
80431  55.956  -17.810  5.363 0.0000000000
81475  55.507  -17.421  5.944 0.0000000000
81462  52.545  -16.912  7.249 0.0000000000
80422  52.916  -17.227  6.480 0.0000000000
82510  55.774  -15.344  7.387 0.0000000000
81444  55.135  -16.148  7.496 0.0000000000
81443  56.049  -16.162  7.334 0.0000000000
81442  56.296  -16.060  7.056 0.0000000000
82523  56.498  -15.311  6.827 0.0000000000
83625  57.366  -15.097  6.474 0.0000000000
83626  56.578  -14.584  7.110 0.0000000000
84601  56.751  -14.518  8.332 0.0000000000
84649  57.047  -12.939  1.800 0.0000000000
85596  57.472  -12.354  1.201 0.0000000000
37809  24.511  -55.856  28.530 0.0000000000
36605  7.643  -56.449  28.498 0.0000000000
37844  7.418  -56.440  29.178 0.0000000000
36556  6.765  -56.672  30.139 0.0000000000
50269  24.671  -45.982  23.790 0.0000000000
49205  24.458  -46.458  25.388 0.0000000000
49186  24.794  -46.992  25.977 0.0000000000
45501  20.761  -50.133  23.451 0.0000000000
45502  20.095  -50.110  23.944 0.0000000000
45548  21.130  -49.473  21.464 0.0000000000
45527  21.692  -49.667  22.136 0.0000000000
45513  21.064  -49.909  22.791 0.0000000000
41536  15.354  -53.143  30.084 0.0000000000
41512  15.455  -53.511  30.692 0.0000000000
40258  14.717  -53.612  31.524 0.0000000000
82483  51.854  -16.940  8.986 0.0000000000
81403  51.822  -17.165  9.513 0.0000000000
80366  51.597  -17.405  10.614 0.0000000000
80350  51.732  -17.448  10.910 0.0000000000
78214  49.985  -20.329  17.297 0.0000000000
78204  50.170  -20.066  18.004 0.0000000000
77062  50.490  -19.815  18.755 0.0000000000
72910  41.831  -25.121  14.563 0.0000000000
72909  42.509  -25.180  15.018 0.0000000000
61351  33.557  -35.052  19.408 0.0000000000
61337  34.273  -34.392  20.241 0.0000000000
61313  35.022  -34.517  22.196 0.0000000000
50212  32.444  -45.670  28.639 0.0000000000
51277  32.339  -45.583  27.661 0.0000000000
50199  32.952  -44.736  29.280 0.0000000000
51251  33.084  -44.102  30.333 0.0000000000
80402  48.431  -17.485  7.782 0.0000000000
80415  48.436  -17.588  6.998 0.0000000000
81448  51.329  -17.243  7.839 0.0000000000
81425  51.056  -17.279  8.575 0.0000000000
82554  55.756  -15.328  2.294 0.0000000000
82555  54.973  -15.197  2.584 0.0000000000
82547  54.416  -15.792  2.935 0.0000000000
45480  23.841  -48.612  26.916 0.0000000000
45460  23.686  -48.691  27.848 0.0000000000
44261  24.454  -49.611  27.948 0.0000000000
44260  25.065  -49.791  28.506 0.0000000000
44240  26.307  -50.423  28.681 0.0000000000
41541  10.606  -53.622  29.732 0.0000000000
80369  46.442  -17.811  10.029 0.0000000000
80353  46.415  -17.928  10.932 0.0000000000
79324  45.357  -19.265  11.604 0.0000000000
78248  46.662  -19.750  12.665 0.0000000000
77131  47.706  -20.237  13.605 0.0000000000
77132  47.007  -20.420  13.451 0.0000000000
77120  47.451  -20.586  14.045 0.0000000000
76072  47.571  -21.486  15.055 0.0000000000
68727  42.194  -28.646  17.532 0.0000000000
67613  42.368  -29.400  17.894 0.0000000000
67574  43.332  -30.101  19.261 0.0000000000
66430  43.775  -31.078  21.930 0.0000000000
34157  5.295  -59.622  26.245 0.0000000000
34147  5.265  -59.888  27.123 0.0000000000
32832  4.579  -60.323  28.200 0.0000000000
68767  40.082  -28.858  14.245 0.0000000000
67643  39.875  -29.850  15.332 0.0000000000
65350  37.678  -31.587  20.608 0.0000000000
50328  27.670  -45.939  21.204 0.0000000000
49202  27.620  -48.199  24.881 0.0000000000
49227  28.073  -47.256  23.836 0.0000000000
49201  28.413  -47.782  25.013 0.0000000000
49184  28.989  -47.190  25.817 0.0000000000
49170  29.307  -47.590  27.142 0.0000000000
47968  29.742  -47.867  29.502 0.0000000000
47960  23.726  -48.224  29.774 0.0000000000
49147  23.868  -46.942  28.989 0.0000000000
47959  24.115  -47.884  30.022 0.0000000000
49119  24.346  -48.154  30.448 0.0000000000
47943  24.663  -48.389  30.771 0.0000000000
45364  27.542  -49.017  32.643 0.0000000000
47941  28.057  -48.047  31.860 0.0000000000
40292  22.240  -53.675  28.970 0.0000000000
41555  21.699  -53.273  28.796 0.0000000000
42939  20.860  -53.002  28.676 0.0000000000
44295  18.835  -52.326  26.060 0.0000000000
43001  18.409  -52.421  26.819 0.0000000000
45533  14.840  -50.250  22.038 0.0000000000
44351  12.702  -51.621  22.987 0.0000000000
44332  12.703  -51.553  23.863 0.0000000000
44313  12.701  -51.551  24.660 0.0000000000
43026  13.527  -51.977  25.574 0.0000000000
43008  12.173  -52.261  26.118 0.0000000000
43009  11.646  -52.560  25.973 0.0000000000
43010  11.106  -52.978  25.771 0.0000000000
39117  9.417  -55.160  24.233 0.0000000000
52537  21.428  -44.670  22.542 0.0000000000
51368  21.241  -45.069  23.258 0.0000000000
50256  21.467  -45.784  24.453 0.0000000000
49206  21.754  -46.325  24.696 0.0000000000
48047  22.450  -46.937  24.585 0.0000000000
46782  23.100  -47.551  24.281 0.0000000000
46760  24.036  -48.850  24.518 0.0000000000
43039  23.195  -51.779  24.549 0.0000000000
43019  23.558  -52.209  25.170 0.0000000000
42998  23.050  -52.263  25.759 0.0000000000
41617  23.124  -52.674  25.658 0.0000000000
40331  23.419  -53.310  25.831 0.0000000000
40318  23.356  -53.800  26.653 0.0000000000
35338  5.246  -58.620  31.261 0.0000000000
35325  5.679  -58.348  31.662 0.0000000000
35312  5.208  -58.099  33.069 0.0000000000
83550  54.172  -15.442  12.382 0.0000000000
83542  54.720  -16.035  12.677 0.0000000000
81340  55.040  -17.409  13.524 0.0000000000
80309  55.599  -18.033  13.956 0.0000000000
80310  55.359  -18.028  14.754 0.0000000000
80326  51.066  -18.175  13.407 0.0000000000
81309  52.751  -17.654  17.953 0.0000000000
80280  52.733  -17.607  17.450 0.0000000000
74978  43.578  -23.675  14.782 0.0000000000
74977  44.028  -23.337  15.170 0.0000000000
74986  44.439  -22.871  15.066 0.0000000000
76075  44.941  -22.591  15.530 0.0000000000
76059  45.649  -22.642  16.363 0.0000000000
76042  46.097  -22.879  17.250 0.0000000000
70871  44.229  -26.793  18.407 0.0000000000
70882  43.761  -26.556  17.805 0.0000000000
71886  44.282  -26.250  18.685 0.0000000000
71885  44.676  -26.151  18.992 0.0000000000
73866  47.130  -23.667  20.490 0.0000000000
65329  34.331  -32.423  21.031 0.0000000000
136797  35.382  -32.096  21.886 0.0000000000
136792  36.003  -32.362  22.849 0.0000000000
136788  36.104  -32.172  24.046 0.0000000000
54728  32.811  -42.196  24.704 0.0000000000
53606  33.215  -42.347  25.476 0.0000000000
54712  33.411  -41.826  25.178 0.0000000000
55831  33.651  -40.968  24.248 0.0000000000
57006  34.217  -39.876  24.423 0.0000000000
56992  34.710  -39.286  24.934 0.0000000000
54635  32.783  -41.750  32.056 0.0000000000
54620  32.773  -41.088  32.483 0.0000000000
54619  33.133  -40.737  32.053 0.0000000000
55745  33.331  -40.333  31.620 0.0000000000
58040  34.966  -38.008  28.635 0.0000000000
59146  35.253  -37.349  27.701 0.0000000000
61298  35.150  -35.549  24.985 0.0000000000
62222  34.953  -34.619  26.606 0.0000000000
82540  52.189  -15.719  4.178 0.0000000000
81489  52.706  -16.310  4.420 0.0000000000
81476  53.181  -16.957  5.020 0.0000000000
82512  53.719  -15.701  8.017 0.0000000000
82511  54.729  -15.191  7.921 0.0000000000
83614  55.680  -14.541  7.848 0.0000000000
83613  56.241  -14.416  7.645 0.0000000000
84603  55.708  -14.145  8.581 0.0000000000
83663  57.641  -14.284  1.320 0.0000000000
83662  58.202  -14.087  0.819 0.0000000000
83668  58.714  -14.347  0.123 0.0000000000
81491  58.483  -16.975  3.844 0.0000000000
137055  58.605  -15.948  4.167 0.0000000000
83623  59.006  -16.107  5.008 0.0000000000
41597  26.751  -52.572  26.661 0.0000000000
40314  27.246  -53.713  27.564 0.0000000000
39051  26.309  -56.183  28.246 0.0000000000
40306  9.172  -54.454  28.516 0.0000000000
40293  8.837  -54.283  29.261 0.0000000000
39042  7.712  -54.888  30.540 0.0000000000
37821  7.639  -55.802  29.387 0.0000000000
37749  6.954  -56.241  32.309 0.0000000000
79346  44.549  -18.786  10.408 0.0000000000
78257  44.619  -19.855  11.773 0.0000000000
66458  41.674  -31.574  19.672 0.0000000000
65336  41.922  -31.657  20.147 0.0000000000
66416  42.113  -31.333  22.704 0.0000000000
32851  4.013  -60.534  26.751 0.0000000000
31421  2.911  -61.292  27.447 0.0000000000
30051  2.610  -61.648  28.027 0.0000000000
30041  2.219  -62.554  28.796 0.0000000000
65416  37.676  -32.354  15.497 0.0000000000
64346  36.930  -32.792  17.426 0.0000000000
49276  26.241  -46.692  22.774 0.0000000000
49230  25.125  -46.599  24.214 0.0000000000
49229  26.148  -47.114  24.280 0.0000000000
48044  26.811  -48.072  25.274 0.0000000000
48022  27.056  -48.445  26.215 0.0000000000
48002  27.407  -48.753  27.041 0.0000000000
43000  21.870  -52.153  26.195 0.0000000000
44278  21.140  -52.860  26.606 0.0000000000
44292  21.143  -52.148  25.938 0.0000000000
44293  20.426  -52.077  25.834 0.0000000000
44294  19.695  -52.074  25.849 0.0000000000
44324  19.838  -51.137  24.371 0.0000000000
44306  19.407  -51.782  25.108 0.0000000000
44307  18.567  -51.809  25.153 0.0000000000
44353  11.961  -52.121  22.634 0.0000000000
43057  11.432  -52.496  23.284 0.0000000000
43046  11.058  -52.891  24.056 0.0000000000
41647  10.937  -52.844  22.784 0.0000000000
49291  21.051  -46.875  21.358 0.0000000000
48116  21.919  -47.785  22.269 0.0000000000
48094  22.115  -47.693  22.835 0.0000000000
46803  22.899  -48.024  23.255 0.0000000000
45512  23.039  -49.682  22.772 0.0000000000
45511  23.271  -50.185  23.036 0.0000000000
44362  21.938  -50.164  22.731 0.0000000000
44342  22.680  -50.604  23.247 0.0000000000
43040  22.398  -51.688  24.486 0.0000000000
84577  54.025  -14.251  10.456 0.0000000000
83577  54.394  -15.180  10.603 0.0000000000
82470  54.159  -15.910  11.155 0.0000000000
82471  53.425  -16.614  10.628 0.0000000000
82458  53.781  -15.583  12.048 0.0000000000
82445  53.884  -15.875  12.612 0.0000000000
82437  54.023  -16.182  12.871 0.0000000000
81342  54.074  -16.666  13.206 0.0000000000
79296  49.659  -18.909  14.360 0.0000000000
79295  50.427  -18.822  14.566 0.0000000000
79286  50.867  -19.258  15.432 0.0000000000
79266  51.592  -18.234  17.396 0.0000000000
136992  51.071  -19.226  17.613 0.0000000000
80268  51.531  -18.489  18.036 0.0000000000
80266  52.116  -18.029  17.950 0.0000000000
75004  41.793  -23.838  12.498 0.0000000000
75003  42.413  -23.876  12.872 0.0000000000
74989  42.676  -23.919  13.617 0.0000000000
73940  42.698  -24.026  14.093 0.0000000000
73932  43.743  -23.822  15.361 0.0000000000
74968  44.461  -24.102  16.318 0.0000000000
74957  44.791  -24.080  16.611 0.0000000000
69758  45.557  -27.931  20.411 0.0000000000
64323  32.494  -32.958  18.052 0.0000000000
63300  32.653  -33.023  19.362 0.0000000000
63286  34.003  -33.136  20.587 0.0000000000
64284  34.312  -32.772  21.175 0.0000000000
64272  34.507  -32.885  22.102 0.0000000000
64256  34.271  -32.918  23.048 0.0000000000
51340  30.864  -44.668  24.809 0.0000000000
52485  31.313  -44.006  24.478 0.0000000000
52466  31.829  -44.131  25.472 0.0000000000
52450  32.769  -43.626  26.287 0.0000000000
51289  33.045  -44.404  27.432 0.0000000000
52435  32.593  -43.990  26.929 0.0000000000
53591  33.302  -43.237  26.299 0.0000000000
53577  33.681  -43.089  26.730 0.0000000000
53576  34.126  -42.584  26.942 0.0000000000
54684  34.437  -41.739  27.216 0.0000000000
81481  48.537  -16.504  5.463 0.0000000000
81480  49.642  -16.624  5.630 0.0000000000
81479  50.798  -17.167  5.722 0.0000000000
80436  51.605  -17.531  5.946 0.0000000000
80424  51.353  -17.365  6.572 0.0000000000
81447  52.230  -16.560  7.769 0.0000000000
82513  52.836  -15.945  8.162 0.0000000000
84640  56.542  -12.704  2.461 0.0000000000
84656  57.021  -13.753  1.645 0.0000000000
82560  58.026  -15.130  1.225 0.0000000000
81498  58.209  -17.077  2.416 0.0000000000
80447  57.470  -17.586  3.689 0.0000000000
80440  57.065  -17.789  4.498 0.0000000000
50238  22.313  -45.423  26.017 0.0000000000
50237  22.989  -45.934  26.270 0.0000000000
50226  22.699  -45.983  27.027 0.0000000000
47972  23.258  -47.672  28.765 0.0000000000
46703  23.369  -48.087  28.192 0.0000000000
46687  23.453  -48.289  28.904 0.0000000000
46672  23.573  -48.325  29.602 0.0000000000
45405  23.642  -49.005  29.898 0.0000000000
45404  24.085  -49.337  30.652 0.0000000000
41575  27.332  -52.059  27.681 0.0000000000
42950  27.297  -51.055  28.184 0.0000000000
41553  27.306  -51.796  28.958 0.0000000000
41552  27.753  -52.823  29.129 0.0000000000
42921  26.469  -51.278  29.891 0.0000000000
45572  18.497  -49.676  20.718 0.0000000000
41539  12.448  -53.079  30.064 0.0000000000
40280  11.857  -53.535  30.622 0.0000000000
40261  11.658  -53.677  31.508 0.0000000000
41515  11.202  -53.639  30.873 0.0000000000
40216  11.224  -53.922  33.205 0.0000000000
40241  8.740  -53.989  31.896 0.0000000000
81376  49.059  -17.316  11.690 0.0000000000
81348  49.047  -17.682  12.999 0.0000000000
80315  49.250  -18.426  13.664 0.0000000000
80342  46.591  -18.295  11.588 0.0000000000
79323  46.101  -19.001  11.684 0.0000000000
80341  47.401  -18.321  12.020 0.0000000000
80316  48.875  -18.476  13.530 0.0000000000
78236  49.309  -19.271  14.421 0.0000000000
78230  49.771  -19.671  15.063 0.0000000000
77118  48.644  -20.579  14.812 0.0000000000
78231  49.190  -20.326  15.323 0.0000000000
77095  49.488  -20.804  17.107 0.0000000000
77085  49.552  -20.608  17.849 0.0000000000
77079  49.046  -20.898  18.450 0.0000000000
70901  42.327  -26.573  15.739 0.0000000000
69802  42.894  -27.651  17.486 0.0000000000
69791  43.135  -28.177  17.987 0.0000000000
69790  43.619  -27.668  18.168 0.0000000000
68689  44.669  -28.316  19.619 0.0000000000
66457  42.652  -30.977  19.532 0.0000000000
66443  43.741  -30.701  20.827 0.0000000000
68666  45.090  -28.763  20.209 0.0000000000
68665  45.651  -28.671  21.002 0.0000000000
60346  33.962  -36.898  18.786 0.0000000000
60338  34.873  -37.102  20.467 0.0000000000
51219  30.648  -44.669  32.604 0.0000000000
51238  31.338  -44.230  32.171 0.0000000000
52329  31.157  -43.085  33.144 0.0000000000
81468  46.582  -16.376  6.238 0.0000000000
81451  47.195  -17.358  7.574 0.0000000000
85570  54.437  -12.832  3.708 0.0000000000
34119  6.137  -58.732  29.670 0.0000000000
34107  5.873  -58.914  30.258 0.0000000000
34097  4.776  -59.336  31.627 0.0000000000
32833  4.081  -60.595  28.619 0.0000000000
32825  4.221  -60.484  29.371 0.0000000000
32813  4.242  -60.423  30.063 0.0000000000
32794  4.566  -60.099  31.568 0.0000000000
70912  41.618  -25.942  14.651 0.0000000000
70922  41.175  -26.399  14.373 0.0000000000
70921  41.435  -26.816  14.677 0.0000000000
69838  41.575  -27.199  14.934 0.0000000000
68752  41.137  -28.633  15.692 0.0000000000
68738  41.342  -28.885  16.468 0.0000000000
67627  41.382  -29.383  16.844 0.0000000000
67615  41.181  -30.041  17.017 0.0000000000
66501  39.777  -30.970  16.227 0.0000000000
66487  40.602  -30.618  17.126 0.0000000000
65359  41.087  -31.307  17.831 0.0000000000
66459  40.580  -31.726  19.698 0.0000000000
66447  39.818  -31.573  20.627 0.0000000000
65317  39.335  -31.205  21.883 0.0000000000
66419  39.089  -31.272  22.398 0.0000000000
51402  29.607  -44.663  21.372 0.0000000000
51382  30.000  -44.447  22.199 0.0000000000
51362  29.956  -44.764  23.298 0.0000000000
50309  27.544  -46.468  22.247 0.0000000000
50289  28.358  -46.616  23.097 0.0000000000
50288  28.824  -45.688  22.850 0.0000000000
51363  29.330  -45.385  23.301 0.0000000000
51341  30.306  -44.849  24.425 0.0000000000
51323  30.479  -45.188  25.422 0.0000000000
51306  31.168  -45.412  26.195 0.0000000000
50222  30.959  -46.022  27.174 0.0000000000
50213  31.524  -46.063  28.139 0.0000000000
50236  23.663  -45.962  26.689 0.0000000000
49172  24.775  -46.930  27.073 0.0000000000
49157  25.079  -47.263  28.149 0.0000000000
48004  25.595  -47.620  27.218 0.0000000000
46720  26.927  -48.650  27.803 0.0000000000
46719  27.622  -48.795  27.863 0.0000000000
46646  24.509  -48.622  31.989 0.0000000000
46657  25.434  -48.837  31.057 0.0000000000
46686  26.910  -48.877  29.307 0.0000000000
46701  27.706  -48.950  28.682 0.0000000000
46718  28.440  -48.966  28.018 0.0000000000
47985  29.025  -48.667  28.946 0.0000000000
47969  28.991  -48.553  29.464 0.0000000000
47953  29.629  -47.709  30.263 0.0000000000
47940  28.787  -47.748  31.511 0.0000000000
49118  29.430  -47.301  31.044 0.0000000000
49130  30.097  -47.180  30.249 0.0000000000
49116  30.849  -46.007  31.363 0.0000000000
50169  30.665  -45.520  32.306 0.0000000000
39025  23.127  -55.853  29.616 0.0000000000
40252  22.322  -54.564  29.439 0.0000000000
39040  21.808  -54.430  29.593 0.0000000000
40275  21.259  -53.575  29.625 0.0000000000
40253  20.862  -54.071  29.844 0.0000000000
41506  20.457  -53.701  29.829 0.0000000000
41507  19.849  -53.365  30.050 0.0000000000
40277  19.394  -52.924  30.046 0.0000000000
42952  21.034  -53.199  27.481 0.0000000000
42953  20.428  -52.752  27.879 0.0000000000
42940  20.066  -52.881  28.763 0.0000000000
42925  19.694  -53.015  29.472 0.0000000000
41532  19.080  -52.994  29.970 0.0000000000
41533  18.168  -53.206  29.957 0.0000000000
41559  16.103  -53.298  29.355 0.0000000000
42957  16.808  -53.003  28.247 0.0000000000
41560  15.205  -53.083  29.325 0.0000000000
45551  17.984  -49.857  21.623 0.0000000000
45517  17.631  -50.892  23.457 0.0000000000
44346  16.948  -51.106  23.666 0.0000000000
44328  16.313  -51.910  24.258 0.0000000000
45534  13.756  -50.087  21.884 0.0000000000
44348  15.046  -51.220  23.629 0.0000000000
43042  16.172  -52.308  24.994 0.0000000000
43024  15.441  -52.305  25.621 0.0000000000
43005  14.586  -52.681  26.398 0.0000000000
42958  14.024  -52.757  27.670 0.0000000000
41582  13.074  -52.981  28.442 0.0000000000
41583  12.221  -53.122  28.314 0.0000000000
41584  11.406  -53.195  28.118 0.0000000000
41587  9.691  -54.123  28.002 0.0000000000
41631  10.759  -53.367  24.547 0.0000000000
41619  10.546  -53.551  25.400 0.0000000000
41620  9.910  -53.877  26.073 0.0000000000
39078  9.196  -55.176  27.559 0.0000000000
37899  8.872  -55.460  25.807 0.0000000000
37880  8.962  -55.826  26.602 0.0000000000
36643  7.828  -57.478  26.594 0.0000000000
35399  7.093  -57.997  26.048 0.0000000000
34164  5.584  -58.827  24.900 0.0000000000
34165  5.120  -59.375  25.265 0.0000000000
51404  24.467  -44.884  21.407 0.0000000000
51385  24.165  -44.823  22.271 0.0000000000
52560  23.483  -43.505  21.554 0.0000000000
51366  24.046  -44.596  22.876 0.0000000000
53669  22.151  -43.214  22.229 0.0000000000
53647  21.908  -44.607  22.877 0.0000000000
53646  22.072  -44.080  22.656 0.0000000000
52512  22.502  -43.855  22.964 0.0000000000
52493  22.289  -43.894  24.122 0.0000000000
51347  22.323  -44.221  24.592 0.0000000000
50254  22.383  -45.047  25.546 0.0000000000
49176  22.224  -46.361  26.616 0.0000000000
48006  22.559  -46.985  26.351 0.0000000000
48025  22.395  -46.912  25.411 0.0000000000
45477  25.610  -49.892  26.620 0.0000000000
44290  25.672  -50.457  26.237 0.0000000000
46780  23.820  -49.376  23.972 0.0000000000
44302  24.653  -51.267  24.946 0.0000000000
44291  25.178  -50.886  25.630 0.0000000000
42996  25.687  -51.581  25.730 0.0000000000
40328  26.031  -53.460  26.369 0.0000000000
40303  25.086  -54.560  27.365 0.0000000000
40304  24.287  -54.413  27.723 0.0000000000
39066  24.601  -54.820  27.737 0.0000000000
37810  24.089  -55.330  28.833 0.0000000000
40278  13.250  -53.471  30.970 0.0000000000
40259  13.707  -53.543  31.500 0.0000000000
35355  6.771  -57.440  29.016 0.0000000000
36583  6.651  -57.426  29.837 0.0000000000
35324  6.129  -57.831  31.323 0.0000000000
36529  6.405  -57.115  31.327 0.0000000000
37782  6.490  -56.577  31.555 0.0000000000
37770  6.279  -56.638  32.174 0.0000000000
84566  54.856  -13.741  10.990 0.0000000000
83562  55.461  -14.871  11.260 0.0000000000
81374  51.176  -17.439  11.218 0.0000000000
81357  51.872  -17.356  12.186 0.0000000000
81343  53.910  -16.774  13.353 0.0000000000
81333  53.741  -16.943  13.709 0.0000000000
79294  51.383  -18.783  14.862 0.0000000000
79306  52.126  -18.435  14.607 0.0000000000
80312  53.111  -18.136  14.900 0.0000000000
80294  53.046  -17.647  16.858 0.0000000000
80302  53.435  -17.710  15.944 0.0000000000
80311  53.643  -17.644  15.217 0.0000000000
81326  54.729  -17.405  15.059 0.0000000000
78266  42.356  -19.743  10.405 0.0000000000
77135  44.962  -21.261  12.730 0.0000000000
75016  43.512  -22.757  12.668 0.0000000000
75001  43.741  -23.145  13.390 0.0000000000
77134  45.640  -20.996  12.848 0.0000000000
76057  47.273  -21.591  15.899 0.0000000000
77098  47.027  -21.495  16.618 0.0000000000
77097  47.748  -21.389  16.577 0.0000000000
77087  48.056  -21.306  17.316 0.0000000000
77080  48.533  -21.299  17.948 0.0000000000
76004  48.744  -21.312  19.215 0.0000000000
71912  42.889  -25.861  15.750 0.0000000000
70883  43.543  -25.952  17.590 0.0000000000
71904  43.592  -25.531  17.333 0.0000000000
72891  43.768  -25.004  16.973 0.0000000000
73915  43.806  -24.879  17.409 0.0000000000
73901  44.713  -24.410  17.330 0.0000000000
71870  44.896  -25.909  20.034 0.0000000000
72859  45.190  -25.388  18.877 0.0000000000
72839  46.331  -25.261  20.379 0.0000000000
74939  45.429  -24.129  17.616 0.0000000000
74938  46.195  -23.672  18.034 0.0000000000
74937  46.724  -23.413  18.657 0.0000000000
76006  47.091  -23.088  18.891 0.0000000000
74917  47.448  -23.310  20.171 0.0000000000
75989  49.306  -21.297  20.422 0.0000000000
64364  36.235  -33.251  15.915 0.0000000000
136798  34.465  -32.454  18.968 0.0000000000
65351  36.635  -31.785  21.626 0.0000000000
65339  37.415  -31.410  21.709 0.0000000000
53663  31.538  -43.203  22.771 0.0000000000
53662  32.020  -42.461  22.654 0.0000000000
57072  33.364  -39.240  20.774 0.0000000000
58104  33.803  -38.947  22.280 0.0000000000
58124  33.935  -38.994  21.025 0.0000000000
59218  34.398  -38.405  21.465 0.0000000000
59200  34.726  -37.898  22.110 0.0000000000
60330  35.115  -37.028  21.344 0.0000000000
51237  31.812  -44.526  31.538 0.0000000000
51252  32.634  -44.245  30.725 0.0000000000
52388  33.459  -43.591  30.364 0.0000000000
53510  32.969  -42.382  31.656 0.0000000000
53526  33.928  -42.534  31.035 0.0000000000
53547  34.116  -42.747  29.781 0.0000000000
54674  34.424  -42.213  29.239 0.0000000000
54673  34.383  -41.679  28.495 0.0000000000
55785  34.585  -40.859  27.516 0.0000000000
56933  33.720  -39.871  30.935 0.0000000000
56932  34.046  -38.990  30.822 0.0000000000
56948  33.958  -40.247  30.548 0.0000000000
55766  34.114  -40.626  29.321 0.0000000000
55777  34.444  -40.704  28.474 0.0000000000
56978  34.648  -40.098  26.738 0.0000000000
56977  35.201  -39.370  25.947 0.0000000000
58069  34.928  -38.446  25.192 0.0000000000
60320  34.973  -36.741  22.394 0.0000000000
61312  34.996  -35.371  22.655 0.0000000000
62272  34.854  -34.224  22.872 0.0000000000
62259  35.031  -34.776  24.313 0.0000000000
62260  35.003  -34.048  23.835 0.0000000000
63249  34.428  -33.434  23.311 0.0000000000
64255  34.240  -33.125  23.232 0.0000000000
64236  34.602  -32.844  23.477 0.0000000000
62199  35.235  -34.828  28.446 0.0000000000
63168  35.043  -33.831  26.993 0.0000000000
64202  35.104  -33.172  26.191 0.0000000000
136786  36.233  -31.709  24.499 0.0000000000
136777  36.471  -31.535  24.997 0.0000000000
136775  36.699  -31.580  24.499 0.0000000000
85571  53.699  -12.437  3.494 0.0000000000
84645  52.989  -13.395  3.071 0.0000000000
81493  54.639  -16.684  3.558 0.0000000000
81487  54.310  -17.156  4.084 0.0000000000
80450  54.707  -17.322  3.900 0.0000000000
80442  55.583  -17.979  4.522 0.0000000000
80441  56.404  -17.980  4.662 0.0000000000
80430  56.813  -17.510  5.228 0.0000000000
80421  53.790  -17.385  6.374 0.0000000000
81460  54.440  -16.862  7.002 0.0000000000
80420  54.729  -17.411  6.190 0.0000000000
84612  56.587  -14.420  7.731 0.0000000000
84611  57.164  -14.619  7.514 0.0000000000
30039  3.136  -61.453  28.587 0.0000000000
31413  2.960  -61.099  27.841 0.0000000000
35313  4.966  -58.567  33.042 0.0000000000
35316  5.564  -58.240  32.402 0.0000000000
35337  5.591  -58.464  30.915 0.0000000000
36478  5.364  -57.724  33.353 0.0000000000
36623  7.802  -56.490  28.074 0.0000000000
37793  24.218  -56.075  28.870 0.0000000000
37799  6.841  -56.106  30.391 0.0000000000
37879  9.045  -55.388  26.265 0.0000000000
39026  22.874  -55.588  29.576 0.0000000000
39041  21.437  -54.087  29.620 0.0000000000
39043  7.220  -55.557  30.328 0.0000000000
39086  9.316  -55.038  26.577 0.0000000000
40254  19.657  -53.327  30.204 0.0000000000
40255  19.476  -53.211  30.186 0.0000000000
40276  19.678  -53.100  30.102 0.0000000000
40320  9.316  -54.724  27.828 0.0000000000
41513  14.579  -53.289  30.793 0.0000000000
41557  17.882  -53.374  29.621 0.0000000000
41578  16.724  -53.307  28.719 0.0000000000
41602  14.827  -53.043  28.010 0.0000000000
41630  23.671  -52.506  25.393 0.0000000000
42935  26.611  -50.768  29.060 0.0000000000
42949  27.093  -50.695  27.811 0.0000000000
42972  26.839  -50.674  27.620 0.0000000000
42976  21.659  -53.033  26.622 0.0000000000
43043  15.621  -52.255  24.764 0.0000000000
44221  24.529  -50.240  30.852 0.0000000000
44222  24.344  -49.787  30.713 0.0000000000
44241  25.765  -50.293  29.062 0.0000000000
44242  24.840  -50.211  29.773 0.0000000000
44258  26.852  -50.469  28.221 0.0000000000
44259  26.052  -50.196  28.281 0.0000000000
44262  20.987  -53.196  27.042 0.0000000000
44263  20.659  -53.164  27.077 0.0000000000
44273  26.917  -50.504  27.827 0.0000000000
44274  26.560  -50.387  27.728 0.0000000000
44276  24.975  -49.627  27.596 0.0000000000
44277  24.580  -49.443  27.600 0.0000000000
44361  22.424  -50.331  22.889 0.0000000000
45363  27.690  -48.874  32.673 0.0000000000
45375  27.598  -48.788  32.463 0.0000000000
45376  27.433  -48.956  32.424 0.0000000000
45389  23.506  -48.873  30.863 0.0000000000
45420  24.149  -49.548  29.681 0.0000000000
45441  23.600  -48.681  28.557 0.0000000000
45457  25.368  -49.609  26.926 0.0000000000
45459  24.292  -49.113  27.525 0.0000000000
45547  21.537  -49.259  21.597 0.0000000000
46631  27.792  -48.674  32.570 0.0000000000
46632  27.425  -49.198  32.740 0.0000000000
46658  24.619  -48.648  31.353 0.0000000000
46659  23.517  -48.608  31.090 0.0000000000
46660  23.386  -48.441  30.479 0.0000000000
46671  25.762  -48.659  30.451 0.0000000000
46699  29.052  -48.772  28.546 0.0000000000
46700  28.646  -48.883  28.861 0.0000000000
46717  29.031  -48.918  28.275 0.0000000000
46722  23.137  -47.556  26.579 0.0000000000
46819  22.738  -49.397  22.735 0.0000000000
47923  27.991  -48.916  33.108 0.0000000000
47930  28.776  -47.872  32.083 0.0000000000
47933  23.960  -48.423  31.711 0.0000000000
47942  25.350  -48.474  30.522 0.0000000000
47956  26.331  -48.710  29.683 0.0000000000
47958  25.204  -48.054  30.388 0.0000000000
48005  22.965  -47.307  27.007 0.0000000000
48046  25.179  -47.368  25.652 0.0000000000
48070  25.856  -47.589  24.658 0.0000000000
48095  21.816  -47.235  22.799 0.0000000000
49107  30.853  -45.771  31.908 0.0000000000
49120  24.239  -48.089  30.083 0.0000000000
49131  29.520  -47.541  30.560 0.0000000000
49132  25.389  -47.893  29.581 0.0000000000
49134  24.197  -47.435  29.647 0.0000000000
49135  23.802  -47.533  29.419 0.0000000000
49174  23.490  -46.327  27.512 0.0000000000
49175  22.575  -46.317  27.012 0.0000000000
49207  21.568  -45.945  24.254 0.0000000000
49232  22.099  -46.608  24.186 0.0000000000
49253  28.029  -47.124  23.220 0.0000000000
49257  21.579  -46.811  23.060 0.0000000000
49274  27.500  -46.806  22.828 0.0000000000
50182  31.710  -44.939  31.471 0.0000000000
50215  23.269  -46.305  27.606 0.0000000000
50216  23.039  -46.272  27.572 0.0000000000
50224  23.664  -45.958  27.112 0.0000000000
50272  20.928  -45.111  24.249 0.0000000000
50273  21.183  -45.513  24.005 0.0000000000
51262  33.159  -44.384  29.864 0.0000000000
51276  33.098  -45.203  27.900 0.0000000000
51312  22.154  -45.019  25.620 0.0000000000
51329  22.704  -44.692  25.016 0.0000000000
51330  22.336  -44.723  25.019 0.0000000000
51348  21.036  -44.770  24.335 0.0000000000
51384  28.887  -45.476  22.068 0.0000000000
52416  33.952  -42.859  27.562 0.0000000000
52433  33.795  -43.125  27.310 0.0000000000
52474  21.972  -44.363  24.712 0.0000000000
52486  30.816  -44.454  24.365 0.0000000000
52492  22.861  -43.859  23.695 0.0000000000
52495  20.938  -44.421  24.030 0.0000000000
53527  33.324  -42.716  31.355 0.0000000000
53621  31.843  -43.521  24.361 0.0000000000
53645  22.121  -43.571  22.530 0.0000000000
54713  33.046  -42.263  25.244 0.0000000000
54748  32.822  -41.541  23.708 0.0000000000
55852  32.639  -41.465  22.942 0.0000000000
57005  34.557  -39.305  24.338 0.0000000000
59201  34.364  -38.462  22.067 0.0000000000
59217  34.817  -37.764  21.007 0.0000000000
63229  34.679  -34.070  24.859 0.0000000000
63264  34.401  -33.145  22.547 0.0000000000
64218  34.740  -33.433  25.545 0.0000000000
64235  34.552  -33.092  23.786 0.0000000000
65316  39.482  -31.159  21.980 0.0000000000
65326  39.641  -31.118  21.829 0.0000000000
65327  39.487  -31.190  21.720 0.0000000000
65328  37.978  -31.225  21.728 0.0000000000
65346  42.494  -31.469  20.074 0.0000000000
65347  42.209  -31.552  19.910 0.0000000000
65348  39.371  -32.049  19.562 0.0000000000
65373  40.768  -31.211  17.582 0.0000000000
66449  38.446  -31.101  20.848 0.0000000000
66461  39.147  -31.778  20.165 0.0000000000
69801  43.587  -27.317  17.641 0.0000000000
71896  44.207  -25.932  18.657 0.0000000000
72890  43.911  -24.744  16.829 0.0000000000
73883  44.081  -24.743  18.056 0.0000000000
73903  43.783  -24.860  17.526 0.0000000000
73913  44.779  -24.291  16.896 0.0000000000
73922  44.310  -23.796  15.841 0.0000000000
73935  41.780  -24.911  14.254 0.0000000000
73951  43.310  -23.245  12.830 0.0000000000
73952  43.098  -23.415  12.747 0.0000000000
73967  43.112  -23.199  12.635 0.0000000000
76087  47.762  -20.955  14.511 0.0000000000
77063  49.619  -20.607  19.063 0.0000000000
77064  49.025  -20.801  18.935 0.0000000000
77119  48.134  -20.378  14.208 0.0000000000
77133  46.286  -20.552  12.998 0.0000000000
79267  51.399  -18.689  17.543 0.0000000000
79277  51.949  -17.886  16.763 0.0000000000
79278  51.671  -18.134  16.949 0.0000000000
79287  50.229  -19.281  14.898 0.0000000000
79308  48.510  -18.614  13.463 0.0000000000
79309  47.839  -18.892  13.390 0.0000000000
79388  56.128  -18.056  4.131 0.0000000000
79389  55.749  -17.986  4.000 0.0000000000
79393  56.315  -17.892  3.749 0.0000000000
79394  55.944  -17.915  3.833 0.0000000000
80267  51.944  -18.265  18.258 0.0000000000
80281  52.303  -17.771  17.718 0.0000000000
80282  51.758  -18.058  17.643 0.0000000000
80283  51.616  -18.303  17.888 0.0000000000
80291  55.066  -17.485  15.252 0.0000000000
80295  52.235  -17.686  16.932 0.0000000000
80300  55.248  -17.563  14.828 0.0000000000
80351  51.429  -17.413  10.782 0.0000000000
80364  52.283  -17.390  10.419 0.0000000000
80365  51.901  -17.423  10.493 0.0000000000
80427  48.007  -17.545  6.805 0.0000000000
80437  51.116  -17.468  6.143 0.0000000000
80448  56.626  -17.672  3.314 0.0000000000
81296  52.481  -17.923  18.396 0.0000000000
81317  54.836  -17.503  15.317 0.0000000000
81373  52.150  -17.379  11.454 0.0000000000
81390  52.204  -17.218  10.005 0.0000000000
81407  46.490  -17.455  8.667 0.0000000000
81428  47.141  -17.414  8.011 0.0000000000
81457  56.950  -16.244  6.239 0.0000000000
81458  56.515  -16.246  6.645 0.0000000000
81486  57.489  -17.185  4.709 0.0000000000
82420  55.021  -17.262  14.796 0.0000000000
82422  54.503  -17.396  14.556 0.0000000000
82426  55.044  -17.167  14.092 0.0000000000
82472  52.957  -17.000  9.886 0.0000000000
82493  54.625  -15.132  8.360 0.0000000000
82494  54.295  -15.331  8.422 0.0000000000
82496  52.233  -16.648  8.615 0.0000000000
82509  56.254  -15.780  7.077 0.0000000000
82528  57.699  -15.806  5.903 0.0000000000
83544  54.109  -15.786  12.680 0.0000000000
83585  55.080  -14.669  9.179 0.0000000000
83589  52.552  -16.449  8.768 0.0000000000
83615  55.119  -14.715  8.252 0.0000000000
83617  52.373  -15.740  8.153 0.0000000000
83627  56.183  -14.572  7.458 0.0000000000
84553  55.610  -12.904  10.903 0.0000000000
84554  55.435  -12.851  11.113 0.0000000000
84555  55.214  -13.013  11.357 0.0000000000
84565  55.383  -13.860  11.058 0.0000000000
84575  55.562  -14.379  11.013 0.0000000000
84576  54.542  -13.777  10.280 0.0000000000
84589  54.727  -14.234  9.666 0.0000000000
84604  54.667  -14.607  9.417 0.0000000000
84605  54.436  -14.666  9.442 0.0000000000
84613  56.061  -14.131  7.983 0.0000000000
85482  55.871  -12.726  11.161 0.0000000000
85483  55.696  -12.723  11.174 0.0000000000
85484  55.073  -13.020  11.032 0.0000000000
85493  56.001  -12.924  10.839 0.0000000000
85494  55.509  -12.900  10.684 0.0000000000
85502  55.610  -14.379  10.490 0.0000000000
85504  55.144  -13.476  10.395 0.0000000000
85517  54.903  -14.074  9.852 0.0000000000
136770  36.996  -31.471  25.026 0.0000000000
136774  36.471  -31.605  24.593 0.0000000000
136782  36.396  -31.619  25.520 0.0000000000
136783  36.451  -31.707  24.242 0.0000000000
136789  36.610  -31.900  23.491 0.0000000000
136793  36.305  -32.255  22.782 0.0000000000
136795  35.803  -32.386  22.340 0.0000000000
136993  51.225  -19.108  17.851 0.0000000000
137052  58.974  -16.389  5.077 0.0000000000
137053  59.028  -16.445  4.851 0.0000000000
137056  58.978  -15.734  4.061 0.0000000000
