#!ascii label  , from subject 3355 vox2ras=TkReg
1755
68723  49.268  -29.326  17.199 0.0000000000
50210  36.741  -45.531  28.624 0.0000000000
37960  24.022  -55.545  21.818 0.0000000000
37893  16.004  -55.301  25.616 0.0000000000
40288  30.563  -53.288  29.608 0.0000000000
46834  30.591  -48.438  21.470 0.0000000000
64384  40.879  -32.665  13.841 0.0000000000
77117  53.052  -21.174  14.571 0.0000000000
62244  40.261  -33.664  24.841 0.0000000000
56972  42.670  -38.823  26.454 0.0000000000
54816  36.846  -40.939  20.569 0.0000000000
35396  24.490  -57.288  27.073 0.0000000000
39111  20.635  -54.233  23.938 0.0000000000
37834  19.772  -55.452  28.410 0.0000000000
37885  28.374  -55.492  25.836 0.0000000000
63223  44.797  -33.295  24.229 0.0000000000
51198  33.359  -44.761  33.159 0.0000000000
55742  37.183  -40.469  30.937 0.0000000000
59099  39.455  -38.075  30.003 0.0000000000
55783  38.264  -40.439  27.598 0.0000000000
55827  39.386  -40.091  24.352 0.0000000000
52481  35.892  -43.065  24.682 0.0000000000
46920  26.517  -48.097  17.421 0.0000000000
50417  30.667  -45.652  16.291 0.0000000000
73910  49.018  -23.727  17.787 0.0000000000
75015  46.833  -22.672  12.353 0.0000000000
43116  23.388  -52.136  17.899 0.0000000000
41699  20.007  -52.521  18.979 0.0000000000
44215  34.227  -49.886  29.608 0.0000000000
48041  33.610  -47.267  25.373 0.0000000000
44289  30.805  -50.795  25.928 0.0000000000
43066  27.066  -51.589  22.806 0.0000000000
66512  46.036  -30.804  15.554 0.0000000000
36496  15.697  -55.625  31.571 0.0000000000
37842  11.697  -55.594  27.942 0.0000000000
73864  51.419  -23.836  20.200 0.0000000000
68686  48.913  -28.151  19.405 0.0000000000
65345  44.501  -31.799  20.021 0.0000000000
62307  40.777  -34.553  19.685 0.0000000000
60337  37.412  -36.718  20.764 0.0000000000
63108  37.719  -33.580  29.953 0.0000000000
59167  38.570  -37.446  25.547 0.0000000000
57029  41.703  -39.445  22.403 0.0000000000
53603  42.785  -42.452  25.152 0.0000000000
51419  33.189  -44.319  20.359 0.0000000000
34115  23.839  -57.448  28.752 0.0000000000
36615  22.320  -56.322  27.330 0.0000000000
35332  21.748  -56.325  29.631 0.0000000000
34142  26.478  -58.271  27.970 0.0000000000
50180  35.952  -45.382  30.714 0.0000000000
52385  38.325  -42.833  30.351 0.0000000000
54658  39.041  -41.688  30.487 0.0000000000
52431  37.199  -43.258  27.951 0.0000000000
54693  36.855  -41.752  26.299 0.0000000000
51303  36.287  -44.357  26.696 0.0000000000
46974  24.719  -48.996  14.866 0.0000000000
46953  26.803  -47.968  15.098 0.0000000000
71902  48.865  -25.828  18.245 0.0000000000
72898  46.611  -24.528  16.075 0.0000000000
69800  46.799  -27.521  16.713 0.0000000000
39201  23.761  -54.011  20.108 0.0000000000
41744  21.641  -52.379  17.475 0.0000000000
40417  21.812  -53.632  20.384 0.0000000000
39096  18.066  -54.754  24.953 0.0000000000
40378  18.381  -53.236  22.184 0.0000000000
39158  16.221  -54.063  22.520 0.0000000000
39161  13.632  -54.753  23.170 0.0000000000
46654  31.877  -48.784  32.081 0.0000000000
44239  32.055  -50.891  29.450 0.0000000000
44271  32.623  -50.373  27.883 0.0000000000
41593  31.751  -52.468  27.886 0.0000000000
37909  26.215  -55.264  24.170 0.0000000000
40350  27.242  -53.445  24.398 0.0000000000
40374  25.351  -53.439  22.173 0.0000000000
43094  24.796  -51.690  20.335 0.0000000000
65413  42.591  -31.166  15.268 0.0000000000
65458  44.731  -31.471  13.281 0.0000000000
65498  42.589  -31.788  11.372 0.0000000000
35353  10.004  -57.058  28.930 0.0000000000
67571  46.190  -29.442  19.650 0.0000000000
65324  46.502  -31.179  22.030 0.0000000000
63225  42.975  -33.217  24.584 0.0000000000
63271  43.141  -33.636  21.557 0.0000000000
62268  40.233  -33.815  22.674 0.0000000000
62309  38.763  -34.949  19.546 0.0000000000
62258  38.292  -34.661  22.723 0.0000000000
58038  42.072  -38.018  28.350 0.0000000000
59143  39.796  -37.571  27.933 0.0000000000
59164  41.566  -37.481  26.307 0.0000000000
58087  40.365  -38.423  23.687 0.0000000000
58084  43.103  -38.902  24.381 0.0000000000
55844  43.175  -40.549  24.445 0.0000000000
55807  43.026  -40.212  25.607 0.0000000000
54745  40.391  -41.363  23.296 0.0000000000
48092  31.677  -47.612  23.659 0.0000000000
50286  33.510  -45.587  23.389 0.0000000000
49289  32.057  -46.343  21.299 0.0000000000
52684  32.342  -43.572  14.918 0.0000000000
78276  53.103  -19.409  10.771 0.0000000000
77144  51.725  -20.760  11.998 0.0000000000
36671  24.641  -56.331  24.464 0.0000000000
37938  22.340  -54.795  23.330 0.0000000000
37887  22.358  -55.534  25.439 0.0000000000
36638  19.940  -55.657  26.768 0.0000000000
37853  18.058  -55.589  26.911 0.0000000000
37788  29.855  -55.125  30.343 0.0000000000
39072  30.168  -54.574  28.022 0.0000000000
36612  28.750  -56.734  27.724 0.0000000000
35404  26.901  -57.186  25.992 0.0000000000
64233  46.547  -31.742  24.148 0.0000000000
63163  42.025  -33.122  27.471 0.0000000000
56913  38.143  -39.368  30.654 0.0000000000
56945  40.319  -39.460  29.533 0.0000000000
56964  40.477  -39.390  27.543 0.0000000000
56989  40.931  -39.554  25.602 0.0000000000
55810  38.130  -39.993  25.789 0.0000000000
55850  36.789  -40.869  24.311 0.0000000000
54768  35.884  -41.861  22.528 0.0000000000
46878  29.356  -48.495  19.548 0.0000000000
49337  30.645  -46.845  18.692 0.0000000000
48228  28.682  -47.796  16.327 0.0000000000
76053  51.136  -21.387  16.233 0.0000000000
76105  49.447  -21.806  13.663 0.0000000000
74975  48.052  -22.820  15.111 0.0000000000
40376  20.227  -53.557  21.891 0.0000000000
49115  33.333  -46.779  31.660 0.0000000000
47967  35.919  -47.654  29.339 0.0000000000
49168  35.533  -46.247  27.412 0.0000000000
46716  34.203  -48.644  27.575 0.0000000000
45489  31.827  -48.952  25.516 0.0000000000
45499  30.671  -49.591  24.310 0.0000000000
41613  29.491  -52.688  26.025 0.0000000000
43053  29.445  -51.165  24.264 0.0000000000
44378  29.098  -50.281  22.344 0.0000000000
45570  26.404  -49.881  20.245 0.0000000000
45625  24.540  -49.311  17.639 0.0000000000
65387  48.494  -31.258  16.482 0.0000000000
67640  48.091  -30.156  15.360 0.0000000000
65455  47.477  -31.138  13.974 0.0000000000
36546  17.623  -55.667  30.307 0.0000000000
36601  15.785  -55.500  28.967 0.0000000000
37797  13.508  -55.538  29.881 0.0000000000
37875  14.416  -54.815  26.499 0.0000000000
74950  51.992  -21.968  18.113 0.0000000000
73898  51.518  -23.877  18.640 0.0000000000
70879  51.009  -26.797  18.498 0.0000000000
67607  50.248  -29.674  17.922 0.0000000000
67610  46.961  -29.442  17.668 0.0000000000
66484  44.498  -30.146  17.340 0.0000000000
64330  42.741  -32.448  17.678 0.0000000000
64283  44.800  -32.724  21.679 0.0000000000
63305  43.228  -33.121  19.607 0.0000000000
62343  41.363  -34.103  17.351 0.0000000000
61375  39.080  -35.186  16.820 0.0000000000
60361  37.407  -36.746  17.616 0.0000000000
63166  39.196  -33.022  27.450 0.0000000000
60219  37.675  -36.256  30.257 0.0000000000
61254  37.380  -35.300  28.192 0.0000000000
61288  37.822  -35.311  25.434 0.0000000000
59186  38.172  -37.393  23.506 0.0000000000
58122  39.549  -38.901  21.428 0.0000000000
55825  41.447  -41.029  24.495 0.0000000000
50264  34.944  -44.961  24.894 0.0000000000
52527  34.516  -43.522  22.649 0.0000000000
53711  34.879  -42.558  20.907 0.0000000000
50383  31.998  -45.216  18.130 0.0000000000
52635  33.569  -42.993  17.530 0.0000000000
34103  22.905  -57.107  28.996 0.0000000000
36512  22.606  -56.178  30.023 0.0000000000
50187  37.078  -45.610  30.069 0.0000000000
51234  36.499  -44.239  30.599 0.0000000000
51261  37.471  -44.702  29.607 0.0000000000
52403  37.654  -43.547  29.527 0.0000000000
51273  37.363  -44.622  28.925 0.0000000000
52432  36.715  -43.496  27.290 0.0000000000
51288  36.482  -44.469  27.541 0.0000000000
70888  49.031  -26.914  17.564 0.0000000000
70889  47.470  -26.857  17.242 0.0000000000
69798  48.431  -28.288  17.086 0.0000000000
39178  24.081  -54.525  21.131 0.0000000000
39224  23.055  -54.277  19.903 0.0000000000
39179  23.371  -54.773  20.947 0.0000000000
37915  17.308  -55.006  24.975 0.0000000000
39135  17.028  -54.101  23.422 0.0000000000
39116  16.153  -55.013  24.384 0.0000000000
39137  14.985  -54.503  23.623 0.0000000000
37940  14.819  -54.735  24.208 0.0000000000
41484  29.184  -52.616  31.355 0.0000000000
42909  29.476  -51.533  30.836 0.0000000000
44219  30.522  -50.573  30.189 0.0000000000
42918  31.068  -51.550  29.726 0.0000000000
41549  31.929  -52.064  29.239 0.0000000000
41573  31.563  -52.775  28.990 0.0000000000
37936  25.127  -55.601  22.998 0.0000000000
39128  25.825  -54.367  23.254 0.0000000000
39152  24.896  -54.537  22.301 0.0000000000
40392  24.384  -53.573  21.087 0.0000000000
65414  42.005  -31.533  14.599 0.0000000000
65460  42.768  -31.491  13.070 0.0000000000
65461  41.992  -31.767  12.857 0.0000000000
67530  48.213  -29.369  23.410 0.0000000000
66427  47.329  -30.186  22.682 0.0000000000
66412  47.474  -30.455  23.322 0.0000000000
63227  40.741  -33.646  25.051 0.0000000000
63261  41.254  -33.700  23.009 0.0000000000
63248  40.426  -33.869  23.474 0.0000000000
62269  39.056  -34.489  22.189 0.0000000000
62257  38.923  -34.400  23.374 0.0000000000
58053  42.757  -38.218  27.150 0.0000000000
60290  42.402  -37.189  27.257 0.0000000000
59149  43.102  -37.939  26.500 0.0000000000
58065  42.547  -38.123  25.496 0.0000000000
56986  43.351  -38.929  25.538 0.0000000000
55806  43.387  -39.743  25.334 0.0000000000
56987  43.131  -39.310  25.911 0.0000000000
48113  31.153  -47.704  22.645 0.0000000000
49273  31.752  -47.009  22.937 0.0000000000
48133  30.894  -47.690  21.373 0.0000000000
76119  53.172  -21.084  12.755 0.0000000000
76103  51.864  -21.418  13.393 0.0000000000
36653  23.928  -56.418  25.458 0.0000000000
36672  23.696  -56.089  24.418 0.0000000000
36635  22.969  -56.493  26.383 0.0000000000
36596  20.561  -55.774  28.129 0.0000000000
36616  21.259  -56.007  27.400 0.0000000000
36617  20.236  -55.718  27.349 0.0000000000
36639  19.195  -55.555  26.728 0.0000000000
36598  18.752  -55.744  27.730 0.0000000000
36564  29.300  -56.261  29.655 0.0000000000
36587  29.772  -56.292  29.115 0.0000000000
35362  28.875  -57.191  28.614 0.0000000000
35381  25.434  -57.663  27.333 0.0000000000
35393  26.715  -57.499  26.626 0.0000000000
36633  25.338  -57.104  26.156 0.0000000000
36652  25.006  -56.632  25.465 0.0000000000
54632  36.111  -41.460  31.404 0.0000000000
55729  35.495  -40.588  32.172 0.0000000000
56900  36.588  -39.406  31.884 0.0000000000
57970  36.956  -38.752  31.818 0.0000000000
55726  37.560  -39.761  30.726 0.0000000000
55765  38.776  -40.953  29.014 0.0000000000
55764  39.236  -40.588  29.714 0.0000000000
55775  39.378  -40.395  28.794 0.0000000000
56957  40.085  -39.762  28.561 0.0000000000
56965  39.253  -39.691  27.649 0.0000000000
56976  38.788  -39.667  26.686 0.0000000000
55792  38.093  -40.109  26.815 0.0000000000
53605  36.213  -42.390  25.141 0.0000000000
54711  36.690  -41.600  25.611 0.0000000000
54726  36.406  -41.605  24.694 0.0000000000
54767  36.310  -41.449  22.739 0.0000000000
53635  36.019  -42.139  23.250 0.0000000000
46898  27.719  -48.740  18.831 0.0000000000
46917  29.191  -48.148  18.319 0.0000000000
48209  28.164  -47.827  17.112 0.0000000000
74964  49.456  -22.484  16.732 0.0000000000
74983  49.177  -22.415  15.157 0.0000000000
74965  48.625  -22.874  16.448 0.0000000000
72906  46.060  -24.653  15.195 0.0000000000
43149  22.742  -51.089  15.860 0.0000000000
43150  22.105  -51.748  16.258 0.0000000000
39110  21.552  -54.456  23.770 0.0000000000
39155  21.242  -53.765  22.117 0.0000000000
39156  20.508  -53.542  22.689 0.0000000000
40422  16.473  -53.134  20.557 0.0000000000
41671  18.118  -52.524  20.987 0.0000000000
45383  32.674  -49.014  31.186 0.0000000000
47939  32.798  -47.732  31.646 0.0000000000
46651  34.098  -48.583  31.020 0.0000000000
47952  35.264  -47.801  30.344 0.0000000000
46683  35.009  -48.770  29.735 0.0000000000
46714  35.481  -48.243  28.438 0.0000000000
45437  34.537  -49.531  28.543 0.0000000000
44272  31.825  -51.001  27.296 0.0000000000
45456  32.651  -49.859  27.227 0.0000000000
45476  31.446  -49.879  25.972 0.0000000000
45490  31.250  -49.462  25.216 0.0000000000
45491  30.613  -49.956  24.879 0.0000000000
39082  29.097  -54.475  26.985 0.0000000000
40325  29.876  -53.523  26.871 0.0000000000
40327  28.440  -53.888  25.844 0.0000000000
41646  26.975  -52.350  23.607 0.0000000000
41637  28.473  -52.447  24.670 0.0000000000
43065  27.992  -51.401  23.010 0.0000000000
44341  28.916  -50.817  23.406 0.0000000000
44359  27.804  -50.833  22.407 0.0000000000
45546  27.945  -49.952  21.261 0.0000000000
44381  26.610  -50.578  21.615 0.0000000000
41712  23.783  -52.130  18.984 0.0000000000
44405  24.796  -50.343  19.317 0.0000000000
43127  23.463  -51.097  17.401 0.0000000000
66511  46.792  -31.167  15.964 0.0000000000
65432  48.506  -31.292  15.421 0.0000000000
65411  46.374  -31.376  14.938 0.0000000000
65477  46.520  -31.379  12.822 0.0000000000
36519  16.099  -55.501  30.970 0.0000000000
37816  16.971  -55.524  28.911 0.0000000000
36548  15.676  -55.559  30.415 0.0000000000
36580  11.223  -55.868  28.850 0.0000000000
37841  12.878  -55.356  28.162 0.0000000000
37840  13.974  -55.376  28.377 0.0000000000
37858  12.565  -55.346  27.189 0.0000000000
37896  13.102  -54.822  25.540 0.0000000000
37877  12.208  -55.235  26.218 0.0000000000
77084  52.833  -20.430  17.387 0.0000000000
74933  52.311  -22.586  18.688 0.0000000000
72872  52.360  -24.825  18.824 0.0000000000
71893  51.472  -25.780  18.553 0.0000000000
71891  52.353  -25.697  19.107 0.0000000000
69776  49.829  -27.784  19.794 0.0000000000
68684  51.010  -28.653  19.145 0.0000000000
67570  49.892  -29.290  19.159 0.0000000000
66466  48.825  -29.940  17.796 0.0000000000
68708  48.027  -28.909  18.385 0.0000000000
66454  45.185  -30.708  20.013 0.0000000000
66468  45.125  -30.382  18.990 0.0000000000
66469  44.504  -30.532  18.373 0.0000000000
65371  43.327  -31.496  17.558 0.0000000000
64329  43.275  -32.181  18.264 0.0000000000
64234  45.904  -32.346  24.428 0.0000000000
64254  45.925  -32.421  23.617 0.0000000000
63243  44.978  -33.313  23.354 0.0000000000
62292  41.880  -33.770  20.803 0.0000000000
63284  42.676  -33.666  20.674 0.0000000000
63298  42.132  -33.818  19.268 0.0000000000
63307  41.976  -33.682  18.567 0.0000000000
62332  41.348  -34.116  18.177 0.0000000000
62334  39.845  -34.649  17.241 0.0000000000
62319  39.764  -34.609  18.265 0.0000000000
61349  37.572  -35.905  19.973 0.0000000000
61361  38.259  -35.573  18.446 0.0000000000
60353  37.361  -36.844  18.766 0.0000000000
59243  37.539  -37.650  19.471 0.0000000000
63145  38.770  -33.175  28.400 0.0000000000
59079  38.350  -37.867  30.412 0.0000000000
60199  37.493  -36.340  30.985 0.0000000000
59119  38.706  -37.564  29.516 0.0000000000
59154  38.626  -37.535  26.614 0.0000000000
59134  38.032  -37.251  28.212 0.0000000000
59155  37.961  -36.888  26.310 0.0000000000
61276  37.779  -34.965  26.489 0.0000000000
59168  37.741  -36.979  25.238 0.0000000000
60304  37.559  -36.027  23.935 0.0000000000
59177  38.481  -37.451  24.495 0.0000000000
58086  41.531  -38.715  23.713 0.0000000000
58100  40.399  -38.713  22.669 0.0000000000
58121  40.658  -39.317  21.580 0.0000000000
58143  39.614  -39.140  20.396 0.0000000000
57046  41.489  -39.841  21.689 0.0000000000
57045  41.978  -40.037  22.352 0.0000000000
53602  43.147  -41.836  25.011 0.0000000000
53615  43.105  -41.715  24.560 0.0000000000
57003  40.084  -39.870  25.003 0.0000000000
55809  41.013  -40.089  24.939 0.0000000000
55826  40.577  -40.620  24.450 0.0000000000
54744  41.378  -42.407  23.443 0.0000000000
49169  34.846  -46.659  26.891 0.0000000000
50233  35.016  -45.606  26.112 0.0000000000
49198  33.997  -46.409  25.065 0.0000000000
50305  33.208  -45.303  22.222 0.0000000000
51361  34.037  -44.849  23.156 0.0000000000
52552  33.849  -43.941  21.948 0.0000000000
52551  34.381  -43.281  21.434 0.0000000000
52572  34.251  -43.004  20.354 0.0000000000
49355  30.551  -46.526  17.653 0.0000000000
50384  31.505  -45.758  18.675 0.0000000000
50399  31.425  -45.556  17.595 0.0000000000
52663  33.365  -42.976  16.582 0.0000000000
53788  34.825  -42.163  17.437 0.0000000000
75013  48.047  -22.111  13.293 0.0000000000
76122  49.858  -20.905  12.331 0.0000000000
67641  47.216  -29.719  15.222 0.0000000000
35365  24.380  -57.514  27.965 0.0000000000
36614  23.422  -56.735  27.345 0.0000000000
35350  23.562  -57.111  28.216 0.0000000000
36571  22.046  -56.504  28.526 0.0000000000
36542  21.285  -56.066  29.262 0.0000000000
34129  25.586  -58.103  28.498 0.0000000000
51218  34.640  -44.395  31.886 0.0000000000
52347  34.397  -43.650  32.474 0.0000000000
51217  35.455  -43.994  31.522 0.0000000000
53487  36.253  -42.942  31.074 0.0000000000
53505  37.674  -42.131  30.648 0.0000000000
54629  39.310  -41.724  30.933 0.0000000000
52401  39.063  -42.580  30.736 0.0000000000
53559  38.388  -42.323  28.994 0.0000000000
54672  37.725  -41.905  27.930 0.0000000000
54682  37.291  -41.449  27.096 0.0000000000
53574  37.243  -42.556  27.579 0.0000000000
52449  36.401  -43.366  26.411 0.0000000000
52463  36.077  -43.298  25.555 0.0000000000
46937  25.437  -48.342  16.192 0.0000000000
48230  26.830  -47.617  16.056 0.0000000000
46972  25.963  -48.694  14.890 0.0000000000
72888  48.536  -24.723  17.928 0.0000000000
73911  48.064  -23.703  17.101 0.0000000000
72889  47.704  -24.775  17.328 0.0000000000
70897  46.818  -26.194  16.960 0.0000000000
41713  23.405  -52.661  18.741 0.0000000000
41743  22.493  -52.362  17.512 0.0000000000
40461  22.988  -53.174  18.981 0.0000000000
40437  22.002  -53.477  19.448 0.0000000000
40438  21.017  -52.937  19.385 0.0000000000
39112  19.722  -54.228  24.592 0.0000000000
39133  18.967  -53.863  23.706 0.0000000000
39134  18.036  -54.122  23.656 0.0000000000
39157  16.794  -53.757  22.770 0.0000000000
37986  13.793  -55.067  21.331 0.0000000000
45399  32.052  -49.375  30.459 0.0000000000
44216  33.547  -49.993  29.834 0.0000000000
44255  33.955  -50.358  28.736 0.0000000000
42932  33.208  -50.691  29.032 0.0000000000
42970  31.906  -51.417  28.052 0.0000000000
42993  31.287  -51.589  26.868 0.0000000000
37908  27.174  -55.431  24.783 0.0000000000
40340  27.397  -54.073  24.868 0.0000000000
39109  26.614  -54.119  24.012 0.0000000000
40361  26.580  -53.332  23.659 0.0000000000
41656  25.795  -52.534  22.284 0.0000000000
43080  25.960  -51.568  21.687 0.0000000000
41668  25.025  -52.468  21.501 0.0000000000
41686  24.450  -52.579  20.553 0.0000000000
66514  43.785  -30.678  15.146 0.0000000000
65436  44.904  -31.291  14.005 0.0000000000
65437  44.026  -31.176  13.834 0.0000000000
65480  43.460  -31.419  12.352 0.0000000000
36581  10.593  -56.326  29.393 0.0000000000
36603  10.893  -56.211  28.145 0.0000000000
36640  10.814  -56.409  26.474 0.0000000000
35385  10.159  -57.475  27.156 0.0000000000
68662  48.332  -28.204  20.589 0.0000000000
68664  46.973  -28.729  19.778 0.0000000000
67556  47.179  -29.128  21.266 0.0000000000
66441  46.299  -30.213  21.291 0.0000000000
65333  45.052  -31.687  20.687 0.0000000000
63224  43.981  -33.462  24.428 0.0000000000
63244  44.212  -33.435  23.438 0.0000000000
63245  43.207  -33.266  23.480 0.0000000000
62266  41.818  -33.735  22.056 0.0000000000
62293  40.965  -34.438  20.639 0.0000000000
62308  39.670  -34.662  19.368 0.0000000000
62279  40.014  -34.203  21.391 0.0000000000
61319  38.355  -35.114  20.974 0.0000000000
61320  37.836  -35.597  21.689 0.0000000000
59117  41.044  -38.054  29.182 0.0000000000
59132  39.787  -37.672  28.874 0.0000000000
60278  41.411  -37.511  28.021 0.0000000000
59152  41.043  -37.244  27.199 0.0000000000
59165  40.586  -37.640  26.199 0.0000000000
59176  39.482  -37.797  24.785 0.0000000000
58077  41.339  -38.214  24.807 0.0000000000
58076  42.316  -38.546  24.549 0.0000000000
58098  42.395  -39.160  23.353 0.0000000000
55845  42.688  -40.144  23.857 0.0000000000
57001  43.148  -39.489  24.376 0.0000000000
54707  43.431  -40.725  25.216 0.0000000000
54708  42.884  -41.203  25.218 0.0000000000
55872  38.554  -40.571  22.554 0.0000000000
55847  39.580  -40.652  23.456 0.0000000000
54766  39.037  -40.895  22.275 0.0000000000
54765  39.659  -41.216  22.308 0.0000000000
54784  40.196  -42.547  21.017 0.0000000000
48067  32.650  -47.526  24.605 0.0000000000
49225  33.276  -46.555  24.263 0.0000000000
49251  32.452  -46.720  23.453 0.0000000000
50306  32.759  -45.889  22.756 0.0000000000
51420  32.814  -45.080  20.852 0.0000000000
51518  31.425  -44.291  15.309 0.0000000000
51531  31.947  -44.118  13.771 0.0000000000
77141  54.406  -20.698  12.312 0.0000000000
77156  52.150  -20.188  11.411 0.0000000000
77157  51.267  -20.250  11.288 0.0000000000
36690  24.359  -56.211  23.533 0.0000000000
37961  23.371  -55.311  22.223 0.0000000000
36691  23.743  -55.878  23.403 0.0000000000
37912  22.272  -55.129  24.378 0.0000000000
37888  21.353  -55.208  25.476 0.0000000000
36636  21.992  -55.906  26.769 0.0000000000
37868  21.696  -55.475  26.228 0.0000000000
37889  20.196  -55.049  25.633 0.0000000000
37890  19.155  -55.232  25.733 0.0000000000
37891  18.083  -55.325  25.567 0.0000000000
37892  16.979  -55.370  25.653 0.0000000000
40269  30.001  -53.668  30.351 0.0000000000
39061  30.886  -53.945  29.212 0.0000000000
37826  30.033  -55.351  29.277 0.0000000000
37851  29.668  -55.756  28.045 0.0000000000
36648  28.333  -56.036  26.357 0.0000000000
35378  28.350  -57.537  27.663 0.0000000000
35392  27.579  -57.094  26.637 0.0000000000
36649  27.716  -56.224  25.943 0.0000000000
36669  26.655  -56.243  24.829 0.0000000000
36689  25.057  -56.268  23.579 0.0000000000
63367  39.919  -33.783  14.396 0.0000000000
64419  40.689  -32.626  12.082 0.0000000000
63392  39.583  -33.846  12.482 0.0000000000
65267  47.272  -31.223  24.646 0.0000000000
63179  44.426  -33.500  26.262 0.0000000000
63180  43.449  -33.464  26.483 0.0000000000
63181  42.429  -33.279  26.622 0.0000000000
63203  40.734  -33.255  25.925 0.0000000000
59060  37.479  -38.177  31.151 0.0000000000
58015  39.319  -38.883  30.416 0.0000000000
55752  38.494  -40.384  30.462 0.0000000000
56930  39.141  -39.771  30.288 0.0000000000
58014  40.138  -38.762  29.957 0.0000000000
56944  41.461  -39.014  29.283 0.0000000000
58046  41.971  -38.506  27.794 0.0000000000
56963  41.376  -38.865  27.305 0.0000000000
56973  41.719  -38.986  26.410 0.0000000000
58068  40.315  -39.229  26.012 0.0000000000
57004  39.154  -39.777  25.205 0.0000000000
55828  38.342  -39.982  24.607 0.0000000000
55793  37.511  -40.641  26.448 0.0000000000
55829  37.423  -40.440  24.922 0.0000000000
55849  37.530  -40.313  23.963 0.0000000000
55873  37.601  -40.348  23.008 0.0000000000
54788  36.662  -40.976  21.759 0.0000000000
54817  36.094  -41.613  20.982 0.0000000000
46853  29.947  -48.594  20.334 0.0000000000
48154  30.544  -48.055  20.562 0.0000000000
48175  29.817  -48.184  19.168 0.0000000000
48190  30.205  -47.363  18.179 0.0000000000
49375  29.581  -46.874  16.398 0.0000000000
48229  27.729  -47.887  16.139 0.0000000000
48245  29.130  -47.458  15.701 0.0000000000
76068  51.407  -21.561  15.220 0.0000000000
76083  51.586  -21.482  14.274 0.0000000000
76085  49.722  -21.928  14.803 0.0000000000
74998  49.098  -22.256  14.444 0.0000000000
75000  47.604  -22.532  13.671 0.0000000000
73929  47.463  -23.341  15.202 0.0000000000
73938  47.049  -23.056  14.193 0.0000000000
39154  22.182  -54.188  22.059 0.0000000000
40393  21.165  -53.549  21.186 0.0000000000
40440  19.567  -52.919  20.103 0.0000000000
40377  19.315  -53.374  21.976 0.0000000000
41687  18.561  -52.565  20.328 0.0000000000
50153  33.576  -45.847  32.687 0.0000000000
49113  35.231  -46.414  31.091 0.0000000000
49128  35.897  -46.476  30.474 0.0000000000
49155  36.482  -46.419  28.832 0.0000000000
49167  36.226  -46.400  28.185 0.0000000000
47998  35.724  -47.450  28.035 0.0000000000
47999  35.039  -47.424  27.361 0.0000000000
46738  34.466  -48.043  27.301 0.0000000000
45438  33.928  -49.907  28.314 0.0000000000
45474  33.096  -48.923  26.748 0.0000000000
46757  33.121  -47.836  25.925 0.0000000000
46777  32.229  -48.150  24.629 0.0000000000
46799  31.271  -48.296  23.846 0.0000000000
46818  30.407  -48.834  22.682 0.0000000000
40301  30.735  -53.737  28.242 0.0000000000
41595  30.370  -52.990  26.990 0.0000000000
41626  29.877  -51.904  25.733 0.0000000000
41628  28.538  -52.869  25.331 0.0000000000
41627  29.298  -52.365  25.505 0.0000000000
43036  30.143  -51.046  25.164 0.0000000000
44339  30.319  -50.386  23.938 0.0000000000
45509  30.181  -49.736  23.257 0.0000000000
45523  29.862  -49.190  22.238 0.0000000000
45567  28.733  -49.432  20.737 0.0000000000
45591  27.602  -49.263  20.042 0.0000000000
45608  26.781  -49.244  19.079 0.0000000000
44394  25.735  -50.368  20.402 0.0000000000
45594  25.368  -49.749  19.252 0.0000000000
45624  25.289  -48.928  18.148 0.0000000000
46922  24.743  -48.713  16.744 0.0000000000
67623  49.096  -30.314  16.479 0.0000000000
68734  48.653  -29.427  16.593 0.0000000000
66509  48.827  -30.965  15.779 0.0000000000
65457  45.749  -31.513  13.465 0.0000000000
65476  47.319  -31.186  13.083 0.0000000000
64430  41.410  -32.398  11.451 0.0000000000
37780  21.201  -55.453  30.083 0.0000000000
36514  20.983  -55.649  29.739 0.0000000000
36544  19.375  -55.653  29.939 0.0000000000
36516  18.971  -55.526  30.502 0.0000000000
36575  18.920  -55.559  29.553 0.0000000000
37815  17.734  -55.515  28.919 0.0000000000
37854  17.173  -55.645  27.314 0.0000000000
37855  15.920  -55.491  27.477 0.0000000000
36521  14.318  -55.966  31.146 0.0000000000
37817  14.692  -55.561  29.772 0.0000000000
37856  14.794  -55.255  27.504 0.0000000000
37894  15.090  -55.000  25.585 0.0000000000
37919  13.642  -54.919  24.661 0.0000000000
77107  53.028  -20.829  15.274 0.0000000000
76052  52.102  -21.005  15.829 0.0000000000
76038  50.896  -21.658  17.167 0.0000000000
74952  50.563  -22.362  17.710 0.0000000000
76002  52.313  -21.391  19.125 0.0000000000
74934  51.929  -22.937  18.293 0.0000000000
73899  50.613  -23.824  18.646 0.0000000000
72875  50.029  -24.768  18.339 0.0000000000
70880  49.914  -26.895  18.204 0.0000000000
69789  49.964  -27.656  17.893 0.0000000000
69773  52.243  -27.184  18.847 0.0000000000
68706  50.956  -28.602  18.514 0.0000000000
68722  50.065  -29.223  17.509 0.0000000000
67608  49.431  -29.956  17.377 0.0000000000
66481  48.166  -30.484  17.466 0.0000000000
66483  46.479  -30.406  16.796 0.0000000000
67590  46.332  -29.049  18.521 0.0000000000
67611  46.001  -29.773  17.216 0.0000000000
66498  45.008  -30.041  16.302 0.0000000000
66499  43.874  -30.387  16.024 0.0000000000
65391  42.687  -31.575  16.286 0.0000000000
64345  41.709  -32.539  16.256 0.0000000000
65299  46.747  -31.406  23.863 0.0000000000
65315  46.138  -31.930  22.471 0.0000000000
64295  44.714  -32.213  20.743 0.0000000000
63270  44.022  -33.427  21.801 0.0000000000
64297  43.856  -33.069  20.369 0.0000000000
64308  44.042  -32.387  19.876 0.0000000000
64318  42.958  -32.751  18.457 0.0000000000
63328  42.222  -33.077  17.400 0.0000000000
63345  40.756  -33.481  15.689 0.0000000000
62357  40.185  -34.017  15.811 0.0000000000
61383  39.030  -35.062  15.808 0.0000000000
61347  38.949  -35.041  18.790 0.0000000000
61376  38.150  -35.732  17.436 0.0000000000
63165  40.007  -32.610  27.514 0.0000000000
63204  39.981  -33.532  25.989 0.0000000000
62171  37.461  -34.366  30.015 0.0000000000
59133  38.588  -37.660  28.714 0.0000000000
61241  37.423  -35.378  29.199 0.0000000000
62185  37.517  -34.563  28.913 0.0000000000
62197  37.864  -33.991  27.641 0.0000000000
62220  38.555  -34.153  26.504 0.0000000000
62233  38.818  -34.216  25.491 0.0000000000
61302  38.367  -34.764  24.151 0.0000000000
60309  37.394  -35.996  23.109 0.0000000000
59216  37.753  -37.449  21.633 0.0000000000
59185  39.296  -38.191  23.733 0.0000000000
59197  38.502  -38.061  22.547 0.0000000000
59230  38.279  -38.326  20.979 0.0000000000
58144  38.571  -38.555  20.387 0.0000000000
54743  42.635  -41.032  23.303 0.0000000000
53633  42.607  -41.616  22.961 0.0000000000
55808  41.852  -40.444  25.076 0.0000000000
54709  42.104  -41.471  24.591 0.0000000000
54725  40.649  -41.106  23.933 0.0000000000
53604  42.175  -42.096  24.493 0.0000000000
50221  35.848  -45.472  27.285 0.0000000000
51304  35.830  -44.524  26.118 0.0000000000
51338  35.330  -44.283  24.938 0.0000000000
50265  34.299  -45.428  24.270 0.0000000000
51339  34.784  -44.398  24.351 0.0000000000
52482  35.301  -43.531  24.187 0.0000000000
53661  34.842  -42.812  22.544 0.0000000000
53683  35.429  -42.164  21.480 0.0000000000
54848  35.901  -41.477  19.704 0.0000000000
49319  31.229  -46.721  19.855 0.0000000000
50346  32.101  -45.835  20.463 0.0000000000
51442  32.647  -44.849  19.788 0.0000000000
51476  31.963  -44.578  17.289 0.0000000000
52613  32.955  -43.800  18.367 0.0000000000
52591  33.576  -43.498  19.813 0.0000000000
52590  34.245  -42.954  19.261 0.0000000000
54849  35.243  -41.801  18.956 0.0000000000
76121  51.216  -21.073  12.633 0.0000000000
76132  49.576  -20.651  11.397 0.0000000000
77159  49.538  -20.483  10.822 0.0000000000
68736  47.295  -28.940  16.133 0.0000000000
50197  37.122  -45.601  29.659 0.0000000000
51249  37.358  -44.992  30.122 0.0000000000
50209  37.259  -45.336  29.146 0.0000000000
51274  36.825  -44.605  28.260 0.0000000000
69797  49.773  -28.190  17.449 0.0000000000
39153  24.476  -55.174  21.819 0.0000000000
37983  23.762  -55.113  21.283 0.0000000000
37916  16.438  -55.118  24.945 0.0000000000
37939  15.325  -54.809  24.064 0.0000000000
37917  15.552  -55.022  24.658 0.0000000000
41500  29.719  -53.110  30.449 0.0000000000
41501  29.509  -52.406  30.767 0.0000000000
41525  29.799  -51.891  30.428 0.0000000000
42919  30.158  -51.481  30.184 0.0000000000
41523  30.859  -52.247  29.644 0.0000000000
41550  31.238  -52.614  29.391 0.0000000000
41551  30.653  -52.826  29.553 0.0000000000
37959  24.548  -55.522  22.446 0.0000000000
39129  25.319  -54.953  23.016 0.0000000000
64383  41.340  -32.253  14.420 0.0000000000
65439  41.926  -31.479  13.720 0.0000000000
64402  41.387  -32.147  13.385 0.0000000000
67511  47.914  -29.992  23.621 0.0000000000
66393  48.078  -30.192  23.981 0.0000000000
63247  40.941  -33.930  23.985 0.0000000000
62255  40.327  -33.833  24.544 0.0000000000
62256  39.952  -34.112  23.943 0.0000000000
58052  43.151  -38.100  26.636 0.0000000000
58064  43.107  -38.303  25.990 0.0000000000
56971  43.122  -38.593  26.311 0.0000000000
46817  30.955  -48.469  22.102 0.0000000000
76081  53.372  -21.233  13.966 0.0000000000
76102  52.831  -21.365  13.354 0.0000000000
76082  52.540  -21.449  14.093 0.0000000000
36634  24.242  -56.883  26.605 0.0000000000
36597  19.583  -55.584  27.821 0.0000000000
37835  19.018  -55.625  28.329 0.0000000000
37805  28.824  -55.837  29.792 0.0000000000
35343  29.453  -56.725  29.224 0.0000000000
35344  28.716  -57.169  29.114 0.0000000000
35382  24.718  -57.519  27.437 0.0000000000
35395  24.982  -57.409  26.822 0.0000000000
54631  36.997  -41.429  31.054 0.0000000000
55744  35.791  -40.988  31.639 0.0000000000
55743  36.361  -40.498  31.486 0.0000000000
55728  36.084  -39.959  31.903 0.0000000000
56916  36.687  -39.936  31.263 0.0000000000
56915  36.885  -39.717  31.151 0.0000000000
55776  38.593  -40.784  28.411 0.0000000000
55782  38.986  -40.210  28.212 0.0000000000
56958  39.446  -39.968  28.354 0.0000000000
56966  38.537  -39.850  27.227 0.0000000000
53618  35.989  -42.338  24.186 0.0000000000
53619  35.762  -42.958  24.148 0.0000000000
46919  27.483  -48.211  17.766 0.0000000000
74953  49.690  -22.901  17.676 0.0000000000
74954  48.921  -23.072  17.197 0.0000000000
43128  23.030  -51.587  17.119 0.0000000000
39131  21.015  -53.907  23.175 0.0000000000
45397  34.086  -49.242  30.297 0.0000000000
45382  33.625  -49.082  31.006 0.0000000000
46667  34.868  -48.517  30.189 0.0000000000
45418  34.777  -49.200  29.472 0.0000000000
45436  35.051  -49.025  28.970 0.0000000000
44236  34.450  -50.087  29.101 0.0000000000
44288  31.417  -50.553  26.472 0.0000000000
44300  31.086  -50.228  25.768 0.0000000000
44301  30.586  -50.451  25.329 0.0000000000
37866  28.691  -55.451  26.588 0.0000000000
39083  28.672  -54.608  26.122 0.0000000000
43056  27.592  -51.923  23.415 0.0000000000
44360  27.070  -50.776  22.225 0.0000000000
43115  23.723  -51.551  18.118 0.0000000000
44424  23.380  -50.876  17.016 0.0000000000
65410  47.159  -31.489  15.312 0.0000000000
36495  16.619  -55.510  31.358 0.0000000000
36520  15.225  -55.961  31.135 0.0000000000
37820  12.215  -55.549  28.959 0.0000000000
37859  11.581  -55.722  26.873 0.0000000000
77076  52.866  -19.630  18.132 0.0000000000
78202  53.032  -19.235  18.329 0.0000000000
74916  51.712  -23.328  19.695 0.0000000000
73877  52.123  -23.850  19.154 0.0000000000
73878  51.705  -23.938  19.565 0.0000000000
72855  52.490  -24.905  19.244 0.0000000000
69777  49.210  -27.622  20.000 0.0000000000
68685  50.209  -28.663  19.418 0.0000000000
68707  48.507  -28.720  18.780 0.0000000000
68687  47.783  -28.374  19.216 0.0000000000
65344  44.865  -31.444  20.263 0.0000000000
66455  44.582  -30.989  19.369 0.0000000000
65357  44.213  -31.670  19.128 0.0000000000
65358  43.773  -31.545  18.400 0.0000000000
63198  45.280  -32.880  24.859 0.0000000000
63222  45.489  -32.994  23.967 0.0000000000
62306  41.744  -34.090  19.931 0.0000000000
62317  41.439  -34.131  19.054 0.0000000000
62318  40.598  -34.368  18.703 0.0000000000
60345  37.304  -36.835  19.772 0.0000000000
63126  38.329  -33.184  29.429 0.0000000000
59100  38.689  -37.521  30.132 0.0000000000
58099  41.715  -39.117  22.791 0.0000000000
58120  41.423  -39.403  22.178 0.0000000000
48040  34.143  -47.049  25.807 0.0000000000
49183  34.458  -46.323  26.149 0.0000000000
51399  33.340  -44.701  21.474 0.0000000000
51381  33.730  -44.680  22.515 0.0000000000
52573  33.818  -43.835  20.876 0.0000000000
50400  30.944  -45.980  16.947 0.0000000000
50416  31.210  -45.355  16.712 0.0000000000
75014  47.459  -22.426  12.759 0.0000000000
75027  47.250  -22.381  12.047 0.0000000000
34131  24.030  -57.464  28.327 0.0000000000
35366  23.845  -57.229  27.968 0.0000000000
35321  22.516  -56.449  29.585 0.0000000000
35331  22.305  -56.550  29.045 0.0000000000
36541  21.696  -56.411  28.904 0.0000000000
34114  24.726  -58.111  29.084 0.0000000000
35348  25.299  -57.887  29.315 0.0000000000
34130  24.589  -57.772  28.493 0.0000000000
50181  34.948  -45.280  31.474 0.0000000000
51235  35.706  -44.526  31.190 0.0000000000
52367  37.088  -43.916  30.365 0.0000000000
52344  36.244  -43.275  30.923 0.0000000000
52366  37.065  -43.151  30.579 0.0000000000
53506  36.558  -42.209  30.950 0.0000000000
52365  38.555  -42.467  30.494 0.0000000000
52364  39.368  -42.534  31.097 0.0000000000
53546  37.914  -42.907  29.085 0.0000000000
53560  37.694  -42.589  28.423 0.0000000000
51320  36.174  -43.986  26.015 0.0000000000
46955  25.361  -48.561  15.371 0.0000000000
71903  48.105  -25.787  17.662 0.0000000000
70898  46.330  -26.850  16.381 0.0000000000
41697  23.645  -53.099  19.331 0.0000000000
40460  23.254  -53.075  19.049 0.0000000000
40435  23.350  -53.389  19.369 0.0000000000
39203  22.698  -54.303  20.355 0.0000000000
40416  22.333  -53.831  19.914 0.0000000000
39095  18.849  -54.718  25.189 0.0000000000
39113  18.551  -54.394  24.405 0.0000000000
39182  16.010  -53.858  21.873 0.0000000000
39183  15.370  -54.031  21.656 0.0000000000
39160  14.339  -54.441  22.943 0.0000000000
39185  13.661  -54.820  22.289 0.0000000000
45374  29.545  -49.584  31.938 0.0000000000
44218  31.496  -50.216  29.841 0.0000000000
45400  30.922  -49.577  30.583 0.0000000000
44217  32.595  -50.095  29.880 0.0000000000
44238  32.999  -50.611  29.432 0.0000000000
42933  32.348  -51.314  29.135 0.0000000000
41572  31.907  -52.316  28.734 0.0000000000
42971  31.572  -51.819  27.457 0.0000000000
39108  27.062  -54.541  24.532 0.0000000000
39151  25.467  -53.940  22.653 0.0000000000
40373  25.882  -53.363  22.842 0.0000000000
41655  26.367  -52.470  23.001 0.0000000000
40415  24.119  -53.556  20.297 0.0000000000
41696  23.969  -52.777  19.539 0.0000000000
66536  44.090  -30.934  14.384 0.0000000000
66537  43.633  -31.121  14.222 0.0000000000
65481  42.494  -31.680  12.177 0.0000000000
65496  44.091  -31.440  11.657 0.0000000000
65514  43.721  -31.589  10.928 0.0000000000
35352  10.548  -56.577  28.613 0.0000000000
36604  10.517  -56.551  27.779 0.0000000000
35369  9.954  -57.114  27.944 0.0000000000
68647  47.562  -28.859  21.409 0.0000000000
66428  46.768  -30.457  22.138 0.0000000000
66429  46.319  -30.946  21.591 0.0000000000
66442  45.843  -31.022  20.852 0.0000000000
65325  45.927  -31.654  21.771 0.0000000000
63246  42.094  -33.557  23.687 0.0000000000
62267  41.401  -33.771  22.184 0.0000000000
62278  41.061  -34.038  21.546 0.0000000000
61310  38.453  -35.013  21.786 0.0000000000
61311  37.853  -35.268  22.469 0.0000000000
59130  41.685  -37.816  28.492 0.0000000000
59131  40.788  -37.625  28.802 0.0000000000
60277  41.814  -37.356  27.987 0.0000000000
59151  42.154  -37.155  26.924 0.0000000000
60291  41.944  -37.086  27.476 0.0000000000
59174  41.170  -37.758  25.629 0.0000000000
58066  41.835  -37.865  25.714 0.0000000000
58075  43.120  -38.591  24.869 0.0000000000
58085  42.609  -38.940  23.933 0.0000000000
57014  43.076  -39.016  24.169 0.0000000000
57015  42.812  -39.297  23.920 0.0000000000
57000  43.309  -39.200  24.628 0.0000000000
54785  39.699  -41.658  21.194 0.0000000000
54764  40.570  -42.262  22.253 0.0000000000
48091  32.314  -47.365  24.032 0.0000000000
49226  32.631  -47.001  24.137 0.0000000000
49290  31.565  -46.945  21.901 0.0000000000
49272  32.255  -46.459  22.306 0.0000000000
50326  32.672  -45.666  21.611 0.0000000000
76120  52.247  -21.258  12.645 0.0000000000
77143  52.629  -20.695  12.137 0.0000000000
36654  22.974  -56.206  25.374 0.0000000000
36673  22.888  -55.799  24.717 0.0000000000
36594  22.606  -56.588  27.957 0.0000000000
36637  20.935  -55.746  26.801 0.0000000000
37869  20.602  -55.491  26.210 0.0000000000
39094  19.612  -54.713  25.355 0.0000000000
37870  19.599  -55.496  26.249 0.0000000000
37852  18.694  -55.563  26.903 0.0000000000
37871  18.614  -55.534  26.354 0.0000000000
37872  17.570  -55.601  26.358 0.0000000000
37789  29.283  -55.302  30.211 0.0000000000
39023  28.856  -53.921  31.095 0.0000000000
39035  29.486  -54.247  30.691 0.0000000000
40270  29.657  -53.777  30.655 0.0000000000
39034  30.119  -54.612  30.307 0.0000000000
39049  30.574  -54.311  29.659 0.0000000000
37803  30.162  -55.311  30.003 0.0000000000
36611  29.083  -56.551  28.163 0.0000000000
37827  29.843  -55.877  28.760 0.0000000000
36629  29.096  -56.236  27.634 0.0000000000
37865  29.142  -55.579  27.291 0.0000000000
36630  28.592  -56.400  27.093 0.0000000000
34127  27.646  -58.547  28.969 0.0000000000
34140  28.169  -58.257  28.410 0.0000000000
34141  27.492  -58.358  28.168 0.0000000000
35403  27.279  -56.739  26.050 0.0000000000
36650  26.998  -56.576  25.585 0.0000000000
36668  27.330  -56.034  25.217 0.0000000000
36670  25.643  -56.389  24.430 0.0000000000
63381  39.688  -33.804  13.432 0.0000000000
63161  43.914  -33.316  27.166 0.0000000000
63202  41.661  -33.127  25.774 0.0000000000
63182  41.409  -33.046  26.693 0.0000000000
53489  34.907  -42.552  32.117 0.0000000000
56897  37.868  -39.096  30.843 0.0000000000
57985  37.427  -38.798  31.300 0.0000000000
57984  37.894  -38.908  30.957 0.0000000000
59078  38.366  -38.452  30.568 0.0000000000
57999  38.438  -39.056  30.665 0.0000000000
54642  39.577  -41.658  30.701 0.0000000000
55740  38.803  -41.550  30.378 0.0000000000
55751  38.758  -40.838  30.214 0.0000000000
55763  39.738  -39.952  29.563 0.0000000000
56946  39.648  -39.928  29.801 0.0000000000
56929  39.837  -39.232  30.147 0.0000000000
58029  40.903  -38.690  29.499 0.0000000000
56956  41.314  -39.246  28.491 0.0000000000
56974  40.737  -39.255  26.519 0.0000000000
56975  39.854  -39.409  26.554 0.0000000000
56991  39.138  -39.589  25.970 0.0000000000
54692  37.035  -41.217  26.175 0.0000000000
55830  36.797  -41.007  25.151 0.0000000000
55874  36.789  -40.729  23.382 0.0000000000
54789  35.824  -41.602  22.036 0.0000000000
46877  29.919  -48.280  19.592 0.0000000000
48208  29.347  -47.577  17.403 0.0000000000
48191  29.770  -47.919  18.544 0.0000000000
49356  30.048  -46.966  17.111 0.0000000000
48227  29.167  -47.450  16.457 0.0000000000
48248  26.763  -47.772  15.568 0.0000000000
48247  27.166  -47.810  15.238 0.0000000000
48263  28.902  -47.255  14.748 0.0000000000
49395  29.531  -46.675  15.315 0.0000000000
76069  50.421  -21.637  15.477 0.0000000000
74984  48.528  -22.519  14.782 0.0000000000
74999  48.449  -22.264  13.964 0.0000000000
74985  47.824  -22.673  14.510 0.0000000000
73912  47.523  -24.265  16.856 0.0000000000
73920  47.192  -23.878  16.271 0.0000000000
73921  46.763  -24.052  16.025 0.0000000000
73939  46.560  -23.791  14.674 0.0000000000
41715  22.037  -52.741  18.210 0.0000000000
41771  22.046  -52.216  16.914 0.0000000000
37962  22.703  -54.792  22.422 0.0000000000
37985  23.037  -55.050  21.874 0.0000000000
40375  20.751  -53.556  21.594 0.0000000000
40394  20.390  -53.411  21.138 0.0000000000
40418  20.710  -53.281  20.419 0.0000000000
40419  19.921  -53.130  20.538 0.0000000000
40364  18.259  -53.611  23.065 0.0000000000
40363  19.148  -53.496  22.854 0.0000000000
41688  17.929  -52.430  20.504 0.0000000000
41670  18.330  -52.527  20.771 0.0000000000
46642  30.970  -48.073  32.598 0.0000000000
47929  31.302  -47.754  32.552 0.0000000000
47926  32.892  -47.025  31.770 0.0000000000
47918  32.816  -46.861  32.323 0.0000000000
49106  33.187  -46.481  32.029 0.0000000000
49105  33.498  -46.071  32.359 0.0000000000
50168  33.806  -45.331  31.902 0.0000000000
49114  33.891  -46.322  31.512 0.0000000000
46666  35.417  -48.152  30.082 0.0000000000
47936  35.434  -47.180  30.606 0.0000000000
47951  35.832  -47.463  30.056 0.0000000000
47950  36.237  -47.035  29.651 0.0000000000
47982  36.311  -47.126  29.023 0.0000000000
47997  36.189  -47.065  28.544 0.0000000000
47983  35.842  -47.687  28.739 0.0000000000
46715  35.059  -48.552  27.857 0.0000000000
44256  33.208  -50.443  28.517 0.0000000000
44270  33.487  -50.120  28.250 0.0000000000
45475  32.226  -49.388  26.367 0.0000000000
46740  32.890  -48.556  26.243 0.0000000000
46758  32.367  -48.384  25.325 0.0000000000
45498  31.163  -49.135  24.530 0.0000000000
46779  31.078  -49.009  24.252 0.0000000000
46800  30.760  -48.767  23.713 0.0000000000
39062  30.561  -54.366  28.854 0.0000000000
41612  30.031  -52.356  26.392 0.0000000000
40339  27.860  -53.534  25.315 0.0000000000
40349  27.799  -53.045  24.772 0.0000000000
43038  29.108  -51.644  24.552 0.0000000000
41636  29.089  -51.879  24.949 0.0000000000
43017  29.867  -51.593  25.375 0.0000000000
43037  29.652  -51.351  24.851 0.0000000000
44320  29.888  -50.779  24.289 0.0000000000
45510  29.716  -50.186  23.103 0.0000000000
45524  29.660  -50.000  22.538 0.0000000000
45544  29.253  -49.695  21.613 0.0000000000
45566  29.559  -49.164  20.777 0.0000000000
45569  27.033  -49.764  20.474 0.0000000000
45568  27.827  -49.720  20.859 0.0000000000
45592  26.879  -49.560  19.781 0.0000000000
45607  27.335  -49.162  19.435 0.0000000000
43093  25.327  -51.392  20.848 0.0000000000
44382  25.965  -50.775  21.113 0.0000000000
43103  24.988  -50.879  20.062 0.0000000000
44414  24.233  -50.404  18.454 0.0000000000
45610  24.966  -49.611  18.631 0.0000000000
45609  25.874  -49.207  18.736 0.0000000000
66494  48.613  -30.612  16.638 0.0000000000
65433  48.003  -31.397  14.819 0.0000000000
65435  45.917  -31.456  14.339 0.0000000000
64431  40.765  -32.778  11.316 0.0000000000
64449  41.258  -32.761  10.725 0.0000000000
37779  21.971  -55.709  30.273 0.0000000000
36491  20.256  -55.349  30.317 0.0000000000
36515  19.898  -55.627  30.236 0.0000000000
36517  18.062  -55.606  30.710 0.0000000000
36545  18.508  -55.668  30.157 0.0000000000
36576  18.088  -55.613  29.634 0.0000000000
37814  18.539  -55.509  28.943 0.0000000000
37838  16.364  -55.568  28.422 0.0000000000
36551  12.899  -55.542  30.399 0.0000000000
36550  13.857  -55.675  30.557 0.0000000000
37795  14.573  -55.580  30.155 0.0000000000
37818  14.129  -55.579  29.331 0.0000000000
37857  13.670  -55.128  27.394 0.0000000000
37874  15.470  -55.312  26.495 0.0000000000
37895  14.131  -54.579  25.551 0.0000000000
37920  12.653  -55.324  24.469 0.0000000000
36656  11.124  -56.404  25.306 0.0000000000
77106  53.763  -20.171  15.484 0.0000000000
77094  52.980  -20.568  16.295 0.0000000000
76037  52.009  -21.256  17.155 0.0000000000
74951  51.402  -22.013  17.968 0.0000000000
73897  52.007  -23.855  18.752 0.0000000000
74935  51.136  -22.974  18.339 0.0000000000
72874  51.062  -24.821  18.507 0.0000000000
71894  50.542  -25.808  18.373 0.0000000000
69788  50.546  -27.967  18.067 0.0000000000
70868  52.247  -26.549  19.367 0.0000000000
69774  51.589  -27.641  19.263 0.0000000000
67587  50.290  -29.522  18.625 0.0000000000
67606  50.616  -29.277  18.323 0.0000000000
68721  50.579  -29.003  17.908 0.0000000000
67609  47.907  -29.886  17.934 0.0000000000
66482  47.165  -30.424  17.103 0.0000000000
68688  47.021  -28.657  18.866 0.0000000000
67591  45.481  -29.437  18.161 0.0000000000
67592  45.057  -29.778  17.586 0.0000000000
67612  45.312  -30.009  16.966 0.0000000000
66485  43.853  -30.528  16.961 0.0000000000
65390  43.224  -31.085  16.642 0.0000000000
65372  42.763  -31.774  17.042 0.0000000000
64361  42.127  -31.934  16.049 0.0000000000
64344  42.199  -32.372  16.831 0.0000000000
64215  46.936  -31.494  24.497 0.0000000000
65280  47.129  -31.150  24.249 0.0000000000
63256  45.343  -32.806  22.814 0.0000000000
64270  45.608  -32.472  22.524 0.0000000000
64282  45.043  -32.243  21.323 0.0000000000
63259  43.575  -33.464  22.522 0.0000000000
63297  42.609  -33.619  19.832 0.0000000000
63283  43.779  -33.418  20.863 0.0000000000
63296  43.340  -33.300  20.192 0.0000000000
64309  43.698  -32.768  19.997 0.0000000000
64317  43.597  -32.485  19.132 0.0000000000
63306  42.733  -33.278  18.992 0.0000000000
63317  41.804  -33.581  17.743 0.0000000000
63329  41.607  -33.363  16.781 0.0000000000
63330  41.125  -33.532  16.262 0.0000000000
62344  40.765  -34.156  16.592 0.0000000000
62345  39.760  -34.566  16.251 0.0000000000
61384  38.373  -35.668  16.338 0.0000000000
62295  38.926  -34.683  20.229 0.0000000000
61377  37.694  -36.153  18.261 0.0000000000
60360  37.737  -36.214  16.741 0.0000000000
63144  39.607  -32.782  28.412 0.0000000000
64186  39.584  -32.713  27.299 0.0000000000
63183  40.266  -32.816  26.661 0.0000000000
63184  39.329  -33.474  26.582 0.0000000000
60200  37.203  -35.777  31.324 0.0000000000
61204  37.421  -35.647  30.917 0.0000000000
61222  37.441  -35.443  30.184 0.0000000000
60263  37.687  -36.325  28.359 0.0000000000
62198  37.562  -34.416  28.068 0.0000000000
61264  37.380  -35.018  27.407 0.0000000000
61287  38.261  -34.700  25.881 0.0000000000
61296  38.228  -34.655  24.971 0.0000000000
61297  37.872  -35.327  24.468 0.0000000000
59187  37.402  -36.758  23.398 0.0000000000
59188  37.235  -36.733  23.134 0.0000000000
60318  37.439  -36.144  22.386 0.0000000000
59198  37.477  -37.112  22.641 0.0000000000
58078  40.195  -38.250  24.489 0.0000000000
58079  39.704  -38.215  24.260 0.0000000000
58088  39.891  -38.338  24.032 0.0000000000
58101  39.221  -38.595  22.183 0.0000000000
58102  38.660  -38.404  21.937 0.0000000000
59215  38.307  -38.086  21.510 0.0000000000
58123  38.697  -38.625  21.431 0.0000000000
58142  40.275  -39.462  20.307 0.0000000000
55870  42.311  -40.376  22.787 0.0000000000
53632  42.803  -42.007  23.630 0.0000000000
53655  42.856  -42.646  23.082 0.0000000000
56988  42.333  -39.532  25.854 0.0000000000
54746  39.667  -41.072  22.988 0.0000000000
53634  41.845  -43.234  23.891 0.0000000000
53617  42.203  -42.790  24.491 0.0000000000
50247  35.377  -44.947  25.631 0.0000000000
50266  33.710  -45.881  24.119 0.0000000000
49224  33.797  -46.039  24.464 0.0000000000
51380  34.232  -44.367  22.833 0.0000000000
51360  34.455  -44.427  23.537 0.0000000000
52504  34.759  -43.662  23.558 0.0000000000
52483  34.715  -43.937  23.980 0.0000000000
52503  35.063  -43.094  23.277 0.0000000000
52526  34.900  -42.897  22.824 0.0000000000
53684  34.780  -42.670  21.968 0.0000000000
53710  35.481  -42.021  20.462 0.0000000000
48173  30.844  -47.201  19.731 0.0000000000
48153  30.934  -47.369  20.273 0.0000000000
49320  30.805  -46.957  19.375 0.0000000000
50367  31.597  -46.045  19.586 0.0000000000
50366  32.040  -45.323  19.212 0.0000000000
51460  32.550  -44.410  18.559 0.0000000000
51517  32.034  -43.891  15.644 0.0000000000
51499  31.908  -44.231  16.167 0.0000000000
52664  32.507  -43.608  16.207 0.0000000000
52636  32.920  -43.676  17.586 0.0000000000
52612  33.553  -43.422  18.558 0.0000000000
51459  32.986  -43.886  18.718 0.0000000000
52611  34.188  -42.911  18.576 0.0000000000
54877  35.226  -41.902  18.174 0.0000000000
53758  34.650  -42.333  18.589 0.0000000000
54876  35.811  -41.581  18.531 0.0000000000
77171  53.735  -20.139  10.527 0.0000000000
76104  50.752  -21.286  13.492 0.0000000000
77158  50.290  -20.470  11.200 0.0000000000
67624  48.541  -30.051  16.076 0.0000000000
68735  48.001  -29.392  16.166 0.0000000000
68748  47.467  -29.451  15.694 0.0000000000
34101  24.213  -57.405  29.331 0.0000000000
34102  23.845  -57.368  29.105 0.0000000000
34095  23.460  -56.973  29.073 0.0000000000
50189  36.305  -45.915  30.409 0.0000000000
50179  36.417  -44.983  30.575 0.0000000000
50188  36.730  -45.330  30.335 0.0000000000
51250  37.127  -44.412  30.284 0.0000000000
52386  37.463  -43.813  30.093 0.0000000000
52402  38.373  -43.012  30.159 0.0000000000
52414  37.319  -43.625  28.619 0.0000000000
52415  36.878  -43.897  27.946 0.0000000000
69799  47.337  -27.777  16.880 0.0000000000
39223  23.347  -54.011  19.777 0.0000000000
39202  23.420  -54.405  20.317 0.0000000000
39204  22.312  -54.137  20.865 0.0000000000
39114  17.615  -54.515  24.313 0.0000000000
39115  16.725  -54.734  24.323 0.0000000000
39136  15.918  -54.692  23.698 0.0000000000
39159  15.230  -54.331  22.750 0.0000000000
39138  14.258  -54.653  23.663 0.0000000000
44198  29.353  -50.826  31.162 0.0000000000
45386  29.485  -49.990  31.230 0.0000000000
44220  29.739  -50.876  30.581 0.0000000000
42934  31.794  -51.734  29.402 0.0000000000
40299  31.637  -52.822  28.587 0.0000000000
37935  25.545  -55.204  23.465 0.0000000000
40391  24.759  -53.535  21.672 0.0000000000
39177  24.534  -54.088  21.534 0.0000000000
65438  43.023  -31.364  14.086 0.0000000000
65482  42.006  -31.893  12.406 0.0000000000
35370  9.501  -57.563  28.534 0.0000000000
67547  48.049  -29.150  22.631 0.0000000000
67548  47.476  -29.485  22.043 0.0000000000
67531  47.720  -29.742  23.013 0.0000000000
66413  47.116  -30.713  22.842 0.0000000000
63226  41.856  -33.377  24.773 0.0000000000
63262  40.694  -33.788  23.280 0.0000000000
58045  42.205  -38.080  27.943 0.0000000000
60258  42.304  -37.549  27.826 0.0000000000
59140  42.480  -37.721  27.598 0.0000000000
59150  42.873  -37.542  26.963 0.0000000000
59163  42.383  -37.651  26.291 0.0000000000
59162  42.926  -37.874  26.273 0.0000000000
49252  31.969  -47.123  23.359 0.0000000000
76118  54.043  -21.019  12.822 0.0000000000
36595  21.650  -56.292  28.004 0.0000000000
36618  19.241  -55.632  27.214 0.0000000000
36619  18.436  -55.632  27.268 0.0000000000
36535  29.742  -55.742  30.080 0.0000000000
36563  29.829  -56.038  29.627 0.0000000000
35361  29.551  -56.789  28.936 0.0000000000
35377  28.734  -56.924  27.978 0.0000000000
34143  25.757  -57.982  27.848 0.0000000000
35379  27.168  -57.800  27.404 0.0000000000
35380  26.241  -57.750  27.319 0.0000000000
35394  25.867  -57.464  26.460 0.0000000000
35405  26.406  -57.346  26.122 0.0000000000
36651  26.089  -57.082  25.550 0.0000000000
36632  25.776  -57.253  26.025 0.0000000000
53507  35.566  -42.088  31.538 0.0000000000
54633  35.428  -41.452  31.819 0.0000000000
57971  36.644  -38.605  32.439 0.0000000000
56882  36.889  -38.999  31.882 0.0000000000
56899  37.116  -39.260  31.338 0.0000000000
56898  37.641  -39.416  30.818 0.0000000000
54659  38.671  -41.598  29.454 0.0000000000
55774  39.800  -40.034  29.249 0.0000000000
53589  36.554  -42.447  26.052 0.0000000000
54747  36.351  -41.518  23.745 0.0000000000
53659  35.955  -42.001  22.771 0.0000000000
46879  28.356  -48.772  19.764 0.0000000000
46897  28.778  -48.481  18.871 0.0000000000
46918  28.476  -48.235  18.016 0.0000000000
76054  50.221  -21.937  16.448 0.0000000000
76070  49.719  -22.076  15.653 0.0000000000
76055  49.655  -22.239  16.175 0.0000000000
74973  49.199  -22.479  15.932 0.0000000000
74974  48.508  -22.750  15.546 0.0000000000
71917  46.118  -25.170  15.955 0.0000000000
41716  21.139  -52.568  18.300 0.0000000000
39130  21.811  -54.410  22.791 0.0000000000
40379  17.348  -53.511  22.543 0.0000000000
40397  17.518  -52.754  21.311 0.0000000000
40421  17.198  -52.639  20.058 0.0000000000
46653  32.248  -48.390  31.817 0.0000000000
46652  33.191  -48.428  31.421 0.0000000000
47938  33.529  -47.463  31.426 0.0000000000
47937  34.652  -47.502  30.926 0.0000000000
46682  35.351  -48.451  29.639 0.0000000000
46697  35.472  -48.456  28.994 0.0000000000
45417  35.150  -48.817  29.254 0.0000000000
46698  35.128  -48.796  28.576 0.0000000000
45454  34.390  -49.073  27.914 0.0000000000
44287  32.180  -50.255  27.032 0.0000000000
39073  29.555  -54.932  27.574 0.0000000000
39081  29.868  -54.237  27.370 0.0000000000
40326  29.186  -53.392  26.178 0.0000000000
40360  27.085  -52.868  23.982 0.0000000000
41638  27.766  -52.802  24.513 0.0000000000
41645  27.737  -52.481  24.010 0.0000000000
43055  28.228  -51.831  23.564 0.0000000000
43054  28.863  -51.501  23.918 0.0000000000
43064  28.499  -51.233  23.358 0.0000000000
44358  28.561  -50.718  22.808 0.0000000000
44379  28.484  -50.325  21.984 0.0000000000
45545  28.335  -49.914  21.325 0.0000000000
44380  27.642  -50.231  21.614 0.0000000000
44392  27.044  -49.937  21.167 0.0000000000
44393  26.461  -50.222  20.826 0.0000000000
43104  24.230  -51.512  19.474 0.0000000000
44432  23.790  -49.995  16.504 0.0000000000
44423  23.775  -50.363  17.255 0.0000000000
44433  23.449  -50.520  16.236 0.0000000000
65388  48.022  -31.345  16.247 0.0000000000
65409  48.038  -31.473  15.601 0.0000000000
65434  47.027  -31.478  14.487 0.0000000000
65478  45.466  -31.493  12.607 0.0000000000
36518  17.132  -55.732  30.896 0.0000000000
36547  16.668  -55.583  30.359 0.0000000000
36577  17.206  -55.558  29.633 0.0000000000
36578  16.175  -55.511  29.472 0.0000000000
36602  15.573  -55.558  29.227 0.0000000000
36552  11.622  -55.537  29.958 0.0000000000
37798  12.682  -55.505  29.675 0.0000000000
37819  13.223  -55.463  29.078 0.0000000000
37876  13.299  -54.809  26.498 0.0000000000
39085  13.460  -54.571  25.980 0.0000000000
77083  53.111  -19.661  17.696 0.0000000000
76020  52.226  -21.248  18.179 0.0000000000
74915  52.041  -22.455  19.540 0.0000000000
72873  51.915  -24.828  18.527 0.0000000000
71892  52.087  -25.734  18.741 0.0000000000
70878  51.905  -26.617  18.550 0.0000000000
69775  50.756  -27.940  19.676 0.0000000000
67569  50.528  -29.202  19.093 0.0000000000
67588  49.247  -29.454  18.238 0.0000000000
68724  47.875  -29.336  18.014 0.0000000000
66453  45.920  -30.082  20.570 0.0000000000
67572  45.683  -29.849  19.059 0.0000000000
66470  43.903  -30.807  17.771 0.0000000000
63242  45.399  -32.865  23.181 0.0000000000
63257  45.059  -33.006  22.693 0.0000000000
63272  42.335  -33.663  21.302 0.0000000000
62291  42.260  -33.696  20.571 0.0000000000
62333  40.685  -34.450  17.695 0.0000000000
61333  38.157  -35.186  20.134 0.0000000000
61348  38.188  -35.414  19.309 0.0000000000
61362  37.538  -36.004  19.055 0.0000000000
59255  37.479  -37.725  18.431 0.0000000000
60197  37.761  -37.945  30.852 0.0000000000
60176  37.001  -36.644  31.446 0.0000000000
60198  37.719  -37.272  30.784 0.0000000000
60218  38.094  -36.953  30.239 0.0000000000
59144  38.719  -37.547  27.643 0.0000000000
59145  37.892  -37.079  27.380 0.0000000000
60279  37.389  -36.053  27.138 0.0000000000
60293  37.633  -36.100  25.919 0.0000000000
60299  37.503  -36.158  24.873 0.0000000000
59178  37.730  -36.844  24.234 0.0000000000
59195  40.144  -38.257  23.080 0.0000000000
57047  40.748  -39.664  21.035 0.0000000000
55893  42.004  -40.594  21.996 0.0000000000
54723  43.506  -41.006  24.787 0.0000000000
54742  42.993  -41.006  24.161 0.0000000000
57002  40.637  -39.986  24.938 0.0000000000
54763  41.329  -42.711  22.755 0.0000000000
49182  35.006  -45.967  26.712 0.0000000000
50248  34.648  -45.588  25.376 0.0000000000
52528  34.119  -44.153  22.468 0.0000000000
49336  31.120  -46.406  19.097 0.0000000000
49354  31.023  -46.197  18.354 0.0000000000
50398  31.821  -45.141  17.672 0.0000000000
52683  33.426  -42.973  15.228 0.0000000000
53789  33.927  -42.363  16.997 0.0000000000
53759  34.138  -42.713  17.939 0.0000000000
76106  48.549  -21.920  13.396 0.0000000000
67655  47.281  -30.141  14.611 0.0000000000
35383  24.090  -57.152  27.425 0.0000000000
36613  23.925  -56.912  27.148 0.0000000000
35384  23.700  -56.992  27.709 0.0000000000
35367  23.354  -56.885  27.979 0.0000000000
34116  22.944  -57.087  28.653 0.0000000000
35351  22.871  -56.712  28.451 0.0000000000
36572  21.281  -56.154  28.646 0.0000000000
36573  20.489  -55.618  28.946 0.0000000000
34128  26.667  -58.392  28.734 0.0000000000
34113  25.888  -57.994  29.190 0.0000000000
35364  25.075  -57.765  27.971 0.0000000000
51197  33.806  -44.806  32.577 0.0000000000
52346  35.158  -43.438  31.805 0.0000000000
51216  35.961  -43.774  31.016 0.0000000000
52345  35.808  -43.349  31.357 0.0000000000
53488  35.730  -42.794  31.502 0.0000000000
53525  36.912  -41.853  30.861 0.0000000000
54643  37.395  -41.729  30.758 0.0000000000
54630  37.863  -41.385  30.735 0.0000000000
53504  38.927  -41.989  30.847 0.0000000000
54628  39.966  -42.065  31.320 0.0000000000
54657  40.123  -41.921  30.641 0.0000000000
53545  38.537  -42.529  29.778 0.0000000000
54671  38.339  -41.661  28.573 0.0000000000
54681  37.968  -41.212  27.992 0.0000000000
54683  36.761  -42.019  26.598 0.0000000000
53575  36.707  -42.529  26.878 0.0000000000
48211  26.684  -47.769  16.734 0.0000000000
46936  26.190  -48.004  16.516 0.0000000000
46954  26.342  -48.002  15.460 0.0000000000
45677  26.546  -49.373  14.727 0.0000000000
72897  47.219  -24.786  16.635 0.0000000000
71908  47.285  -25.635  17.129 0.0000000000
71909  46.605  -25.532  16.515 0.0000000000
71910  45.932  -25.805  16.228 0.0000000000
41742  23.103  -52.402  17.854 0.0000000000
41714  22.770  -52.798  18.335 0.0000000000
40436  22.777  -53.798  19.521 0.0000000000
40462  22.381  -53.272  18.831 0.0000000000
40463  21.697  -53.096  18.788 0.0000000000
41698  20.581  -52.574  18.696 0.0000000000
39132  20.031  -53.561  23.477 0.0000000000
40365  17.664  -53.772  23.222 0.0000000000
40398  16.485  -53.524  21.728 0.0000000000
39184  14.478  -54.475  21.980 0.0000000000
45385  30.287  -49.372  31.373 0.0000000000
45384  31.572  -49.062  31.708 0.0000000000
45398  33.102  -49.287  30.289 0.0000000000
44237  33.839  -50.370  29.301 0.0000000000
42947  33.273  -50.582  28.777 0.0000000000
42948  32.517  -50.881  28.693 0.0000000000
37886  27.825  -55.486  25.289 0.0000000000
39092  28.149  -54.675  25.555 0.0000000000
39093  27.575  -54.668  25.071 0.0000000000
40351  26.774  -53.637  24.055 0.0000000000
43067  26.289  -51.842  22.443 0.0000000000
43079  26.578  -51.249  22.172 0.0000000000
41685  24.810  -51.987  20.855 0.0000000000
41669  24.583  -53.030  21.251 0.0000000000
66513  44.856  -30.560  15.406 0.0000000000
66534  45.613  -31.076  14.987 0.0000000000
66535  44.869  -30.934  14.681 0.0000000000
65459  43.750  -31.367  13.186 0.0000000000
65479  44.440  -31.473  12.480 0.0000000000
36524  11.117  -55.695  30.926 0.0000000000
36621  10.952  -56.154  27.408 0.0000000000
36622  10.460  -56.803  27.233 0.0000000000
68663  47.629  -28.537  20.520 0.0000000000
67557  46.642  -29.341  20.686 0.0000000000
67549  46.806  -29.677  21.530 0.0000000000
63260  42.283  -33.573  22.358 0.0000000000
62277  41.777  -33.751  21.688 0.0000000000
62294  39.922  -34.556  20.392 0.0000000000
62280  39.029  -34.468  21.123 0.0000000000
61334  37.680  -35.750  20.870 0.0000000000
62170  37.747  -33.782  30.390 0.0000000000
60217  40.075  -38.000  29.379 0.0000000000
60261  39.766  -37.751  29.115 0.0000000000
60260  40.135  -37.615  29.091 0.0000000000
59142  40.840  -37.616  28.110 0.0000000000
60292  41.466  -37.344  27.742 0.0000000000
59153  39.710  -37.638  26.924 0.0000000000
59166  39.544  -37.704  25.884 0.0000000000
59175  40.397  -37.892  25.285 0.0000000000
57028  42.149  -39.568  22.882 0.0000000000
55824  42.973  -39.679  24.230 0.0000000000
55823  43.360  -40.061  24.657 0.0000000000
55848  38.515  -40.137  23.599 0.0000000000
55871  39.296  -40.851  22.715 0.0000000000
48066  33.292  -47.235  24.827 0.0000000000
49199  33.581  -46.899  24.865 0.0000000000
49250  33.072  -46.254  23.598 0.0000000000
50287  32.925  -46.079  23.321 0.0000000000
50325  33.068  -45.218  21.665 0.0000000000
50432  30.634  -45.322  15.331 0.0000000000
50431  31.086  -45.059  16.013 0.0000000000
51519  30.940  -44.833  14.593 0.0000000000
53847  32.692  -43.695  13.546 0.0000000000
52696  33.074  -43.220  13.829 0.0000000000
77154  53.949  -20.395  11.455 0.0000000000
77142  53.544  -20.610  12.257 0.0000000000
77155  52.986  -19.948  11.627 0.0000000000
77173  51.833  -19.958  10.429 0.0000000000
77174  50.907  -20.010  10.359 0.0000000000
75028  46.575  -22.481  11.605 0.0000000000
36710  24.202  -55.959  22.733 0.0000000000
36711  23.747  -55.624  22.663 0.0000000000
37937  23.149  -55.245  23.231 0.0000000000
37911  23.178  -55.657  24.026 0.0000000000
37913  20.891  -54.599  24.792 0.0000000000
37867  22.525  -55.781  26.128 0.0000000000
37914  20.134  -54.537  25.214 0.0000000000
40223  29.029  -53.052  31.362 0.0000000000
40246  29.705  -53.428  30.562 0.0000000000
40287  30.923  -53.612  29.328 0.0000000000
37850  29.943  -55.172  28.639 0.0000000000
34126  28.321  -58.015  28.880 0.0000000000
35363  28.410  -57.862  28.333 0.0000000000
35391  28.175  -56.931  26.995 0.0000000000
36631  28.047  -56.500  26.630 0.0000000000
37910  25.478  -55.774  23.739 0.0000000000
36709  24.714  -56.110  22.942 0.0000000000
63366  40.687  -33.180  14.633 0.0000000000
63380  40.405  -33.264  13.671 0.0000000000
63391  40.162  -33.203  12.734 0.0000000000
63402  40.204  -33.422  11.666 0.0000000000
64216  46.331  -31.760  24.682 0.0000000000
64217  45.749  -32.414  25.244 0.0000000000
63178  45.347  -33.200  25.897 0.0000000000
63199  44.634  -33.351  25.243 0.0000000000
63200  43.766  -33.530  25.489 0.0000000000
63201  42.737  -33.224  25.648 0.0000000000
63228  40.296  -33.488  25.488 0.0000000000
60175  37.049  -37.561  31.528 0.0000000000
55741  38.117  -40.529  30.604 0.0000000000
56914  38.344  -39.936  30.511 0.0000000000
59098  40.357  -38.273  29.515 0.0000000000
58028  41.538  -38.482  29.251 0.0000000000
58039  41.760  -38.423  28.609 0.0000000000
58054  42.093  -38.505  26.976 0.0000000000
58067  40.604  -39.285  26.124 0.0000000000
56990  39.886  -39.428  25.660 0.0000000000
55784  37.691  -40.585  27.037 0.0000000000
54710  36.881  -41.152  25.815 0.0000000000
55811  37.164  -40.735  25.715 0.0000000000
55896  37.555  -40.590  22.167 0.0000000000
55897  36.885  -40.679  22.589 0.0000000000
46835  30.405  -48.575  20.978 0.0000000000
48134  30.554  -48.186  21.108 0.0000000000
48174  30.399  -47.735  19.414 0.0000000000
46896  29.421  -48.289  18.867 0.0000000000
48207  30.101  -47.166  17.559 0.0000000000
49374  30.375  -46.405  16.684 0.0000000000
48210  27.230  -47.687  16.911 0.0000000000
48246  28.187  -47.661  15.330 0.0000000000
49394  30.078  -46.102  15.857 0.0000000000
76067  52.354  -21.431  14.920 0.0000000000
76084  50.559  -21.582  14.489 0.0000000000
73919  48.043  -23.343  15.965 0.0000000000
73930  46.719  -23.967  15.593 0.0000000000
43129  22.466  -52.051  16.913 0.0000000000
43151  21.447  -51.911  16.003 0.0000000000
37984  23.404  -55.158  21.538 0.0000000000
39180  22.717  -54.590  21.409 0.0000000000
39181  21.961  -53.912  21.360 0.0000000000
40439  20.047  -52.851  19.860 0.0000000000
40362  19.865  -53.396  22.613 0.0000000000
40396  18.688  -52.721  21.224 0.0000000000
40395  19.648  -53.172  21.217 0.0000000000
40420  19.275  -52.831  20.493 0.0000000000
41700  19.120  -52.577  19.517 0.0000000000
41718  19.162  -52.588  18.199 0.0000000000
47928  31.801  -47.603  32.395 0.0000000000
50154  33.310  -45.731  33.133 0.0000000000
49127  36.502  -46.381  30.110 0.0000000000
49142  36.565  -46.445  29.450 0.0000000000
50198  36.772  -45.846  29.150 0.0000000000
48019  34.418  -47.385  26.593 0.0000000000
48020  33.770  -47.526  26.130 0.0000000000
44254  34.404  -50.091  28.808 0.0000000000
45455  33.466  -49.376  27.632 0.0000000000
46739  33.699  -48.300  26.772 0.0000000000
48042  33.041  -47.677  25.190 0.0000000000
48068  32.091  -47.863  24.289 0.0000000000
46759  31.704  -48.795  25.127 0.0000000000
46778  31.605  -48.585  24.429 0.0000000000
48093  31.004  -48.090  23.435 0.0000000000
48114  30.663  -48.290  22.946 0.0000000000
40300  31.347  -53.289  28.762 0.0000000000
40312  31.380  -53.225  27.905 0.0000000000
40313  30.516  -53.556  27.509 0.0000000000
41594  31.018  -52.532  27.192 0.0000000000
41611  30.794  -51.983  26.690 0.0000000000
42994  30.787  -51.447  26.328 0.0000000000
40338  28.649  -53.216  25.656 0.0000000000
43016  30.327  -51.382  25.708 0.0000000000
44319  30.300  -50.529  24.641 0.0000000000
44340  29.605  -50.613  23.655 0.0000000000
45522  30.429  -48.793  21.812 0.0000000000
45543  30.052  -49.042  21.190 0.0000000000
46854  29.093  -48.862  20.269 0.0000000000
45590  28.218  -49.218  20.351 0.0000000000
46880  27.735  -48.945  19.529 0.0000000000
46899  26.718  -48.647  18.338 0.0000000000
44404  25.379  -50.202  19.737 0.0000000000
45593  25.992  -49.629  19.681 0.0000000000
46900  25.909  -48.488  18.103 0.0000000000
46921  25.484  -48.491  17.273 0.0000000000
46938  24.702  -48.759  15.914 0.0000000000
45637  24.023  -49.285  16.563 0.0000000000
45653  24.160  -49.205  15.582 0.0000000000
45679  24.415  -49.355  14.719 0.0000000000
67639  48.673  -30.557  15.771 0.0000000000
66510  48.585  -30.765  15.232 0.0000000000
66532  48.551  -31.101  15.088 0.0000000000
65456  46.763  -31.467  13.682 0.0000000000
64403  40.730  -32.563  13.031 0.0000000000
64418  41.550  -32.210  12.395 0.0000000000
64429  42.048  -32.033  11.692 0.0000000000
64448  42.330  -32.325  10.664 0.0000000000
37778  22.719  -55.822  30.006 0.0000000000
36513  21.835  -56.116  30.222 0.0000000000
36543  20.332  -55.627  29.685 0.0000000000
36574  19.740  -55.497  29.389 0.0000000000
37813  19.315  -55.481  28.929 0.0000000000
37836  18.241  -55.720  28.272 0.0000000000
36599  18.055  -55.778  27.681 0.0000000000
37837  17.440  -55.776  28.143 0.0000000000
37873  16.519  -55.499  26.468 0.0000000000
36549  14.729  -55.690  30.452 0.0000000000
36579  15.309  -55.562  29.700 0.0000000000
37839  15.157  -55.598  28.749 0.0000000000
37918  14.598  -54.858  24.792 0.0000000000
37941  14.060  -54.869  24.127 0.0000000000
39097  13.633  -54.560  25.787 0.0000000000
37878  11.302  -55.698  25.916 0.0000000000
37898  11.308  -55.829  25.415 0.0000000000
77116  53.770  -20.676  14.508 0.0000000000
76039  50.462  -22.067  17.093 0.0000000000
74963  50.126  -22.391  17.094 0.0000000000
78203  52.469  -19.517  18.989 0.0000000000
77077  52.527  -20.136  18.436 0.0000000000
74936  50.320  -23.069  18.289 0.0000000000
73900  49.712  -23.684  18.426 0.0000000000
72887  49.252  -24.369  18.273 0.0000000000
72876  49.250  -25.091  18.268 0.0000000000
71895  49.640  -25.798  18.292 0.0000000000
70881  49.322  -26.388  18.177 0.0000000000
70887  49.664  -27.432  17.754 0.0000000000
71884  52.004  -25.120  19.903 0.0000000000
70877  52.249  -26.529  18.822 0.0000000000
69787  51.530  -27.516  18.676 0.0000000000
68683  51.358  -28.219  19.125 0.0000000000
68705  51.380  -28.199  18.878 0.0000000000
69796  50.300  -28.642  17.682 0.0000000000
66480  48.963  -30.338  17.608 0.0000000000
66495  48.087  -31.059  16.806 0.0000000000
66496  47.192  -30.957  16.471 0.0000000000
66497  46.156  -30.539  16.352 0.0000000000
68709  47.272  -28.857  18.062 0.0000000000
67626  45.583  -30.223  16.617 0.0000000000
65412  43.155  -30.870  15.877 0.0000000000
64362  41.675  -32.137  15.428 0.0000000000
63365  41.151  -32.827  15.233 0.0000000000
66394  47.735  -30.501  23.952 0.0000000000
65298  47.075  -30.932  23.670 0.0000000000
65314  46.638  -31.359  22.836 0.0000000000
64253  46.366  -31.964  23.327 0.0000000000
64269  46.258  -32.015  22.781 0.0000000000
65334  44.618  -32.140  20.489 0.0000000000
63258  44.440  -33.362  22.636 0.0000000000
63269  44.587  -33.062  22.068 0.0000000000
63282  44.384  -33.150  21.346 0.0000000000
64296  44.422  -32.689  20.593 0.0000000000
64316  44.086  -32.154  19.551 0.0000000000
63316  42.499  -33.250  18.099 0.0000000000
63344  41.359  -33.024  15.939 0.0000000000
63346  40.249  -33.790  15.152 0.0000000000
62358  39.629  -34.416  15.206 0.0000000000
61360  39.005  -35.101  17.831 0.0000000000
63164  41.029  -32.859  27.568 0.0000000000
62153  37.855  -33.984  30.811 0.0000000000
60242  38.139  -36.908  29.553 0.0000000000
60262  37.897  -36.969  28.887 0.0000000000
60243  37.587  -36.260  29.432 0.0000000000
63127  37.665  -33.836  29.238 0.0000000000
63147  37.634  -34.095  28.661 0.0000000000
63146  37.966  -33.685  28.408 0.0000000000
63167  38.442  -33.647  27.489 0.0000000000
62211  37.702  -34.450  27.238 0.0000000000
62210  37.987  -34.014  27.072 0.0000000000
63185  38.866  -33.582  26.992 0.0000000000
62219  39.085  -33.913  26.387 0.0000000000
62232  39.293  -33.911  26.039 0.0000000000
62245  39.759  -33.668  25.052 0.0000000000
62246  38.983  -34.307  24.494 0.0000000000
61303  37.879  -35.071  23.467 0.0000000000
60329  37.488  -36.465  21.666 0.0000000000
59196  39.651  -38.260  22.904 0.0000000000
59231  37.765  -37.787  20.570 0.0000000000
58145  37.922  -38.110  19.935 0.0000000000
54762  42.366  -41.222  22.488 0.0000000000
55846  40.288  -40.911  23.786 0.0000000000
54724  41.293  -41.648  24.194 0.0000000000
50220  36.259  -45.408  27.790 0.0000000000
50231  36.098  -45.005  27.192 0.0000000000
50232  35.639  -45.273  26.643 0.0000000000
51321  35.743  -44.116  25.550 0.0000000000
52464  35.671  -43.659  24.994 0.0000000000
50285  34.141  -45.117  23.557 0.0000000000
53636  35.616  -42.751  23.615 0.0000000000
53660  35.443  -42.399  22.632 0.0000000000
49302  31.570  -46.704  20.763 0.0000000000
50347  31.637  -46.326  20.166 0.0000000000
51500  31.496  -44.733  16.426 0.0000000000
51441  33.021  -44.017  19.319 0.0000000000
53735  34.996  -42.241  19.775 0.0000000000
53734  35.430  -41.872  19.982 0.0000000000
54847  37.162  -41.112  19.467 0.0000000000
77145  50.865  -20.674  11.921 0.0000000000
77175  50.029  -20.144  10.225 0.0000000000
69809  48.214  -28.924  16.600 0.0000000000
69810  47.669  -28.597  16.597 0.0000000000
69811  46.776  -28.149  16.453 0.0000000000
34109  28.377  -57.293  29.029 0.0000000000
34125  28.493  -57.495  28.876 0.0000000000
35322  21.759  -56.257  29.954 0.0000000000
35368  10.440  -56.578  28.159 0.0000000000
36536  29.482  -55.849  30.045 0.0000000000
36588  29.521  -56.461  28.662 0.0000000000
36600  17.635  -55.724  27.584 0.0000000000
36620  17.872  -55.653  27.318 0.0000000000
36655  11.329  -55.965  24.964 0.0000000000
37796  14.252  -55.560  30.072 0.0000000000
37804  29.261  -55.861  29.978 0.0000000000
37811  20.223  -55.492  28.815 0.0000000000
37812  19.967  -55.406  28.859 0.0000000000
37833  20.206  -55.505  28.568 0.0000000000
39048  30.799  -53.992  29.440 0.0000000000
39084  13.837  -54.508  26.118 0.0000000000
39098  13.411  -54.645  25.748 0.0000000000
39222  23.562  -53.751  19.734 0.0000000000
40247  29.477  -53.353  30.861 0.0000000000
40311  31.680  -52.876  28.338 0.0000000000
40380  16.706  -53.686  22.406 0.0000000000
40434  23.767  -53.470  19.708 0.0000000000
41524  30.234  -52.511  29.854 0.0000000000
41644  28.416  -52.160  23.954 0.0000000000
42920  29.745  -51.453  30.491 0.0000000000
44357  29.255  -50.389  22.995 0.0000000000
45381  34.015  -49.061  30.868 0.0000000000
45401  29.996  -50.019  30.719 0.0000000000
45402  29.580  -50.402  30.907 0.0000000000
45542  30.394  -48.747  21.353 0.0000000000
45565  29.901  -48.981  20.742 0.0000000000
46640  31.996  -48.006  32.159 0.0000000000
46641  31.565  -48.471  32.298 0.0000000000
46855  28.594  -49.030  20.303 0.0000000000
46956  24.703  -48.867  15.152 0.0000000000
46971  27.031  -48.364  14.787 0.0000000000
46973  25.079  -48.883  14.863 0.0000000000
47927  32.379  -47.490  32.080 0.0000000000
47966  36.274  -47.089  29.341 0.0000000000
49126  36.830  -45.857  30.120 0.0000000000
49141  36.867  -46.016  29.889 0.0000000000
49301  31.897  -46.276  20.851 0.0000000000
51215  36.455  -43.563  30.730 0.0000000000
51233  36.668  -43.618  30.613 0.0000000000
51236  35.208  -44.536  31.536 0.0000000000
51400  32.989  -45.173  21.392 0.0000000000
51477  31.494  -45.029  17.026 0.0000000000
51532  31.603  -44.318  14.136 0.0000000000
52363  39.598  -42.477  31.209 0.0000000000
52383  39.718  -42.680  31.126 0.0000000000
52384  39.363  -42.744  30.907 0.0000000000
52387  37.232  -44.052  30.216 0.0000000000
52685  31.834  -43.875  14.480 0.0000000000
52697  32.281  -43.775  13.956 0.0000000000
52698  31.879  -43.941  14.175 0.0000000000
52708  32.870  -43.596  13.697 0.0000000000
52709  32.652  -43.780  13.778 0.0000000000
53503  39.666  -42.284  31.218 0.0000000000
53522  40.003  -42.524  31.180 0.0000000000
53523  39.763  -42.734  30.877 0.0000000000
53524  37.139  -41.972  30.741 0.0000000000
53543  40.121  -42.372  30.882 0.0000000000
53544  39.433  -42.443  30.625 0.0000000000
53846  32.817  -43.555  13.663 0.0000000000
53858  32.964  -43.358  13.669 0.0000000000
53859  32.859  -43.476  13.483 0.0000000000
54641  40.171  -41.939  31.091 0.0000000000
54644  37.132  -41.738  30.827 0.0000000000
54909  35.352  -42.076  17.709 0.0000000000
55727  37.267  -40.068  30.795 0.0000000000
55812  36.833  -41.106  25.581 0.0000000000
56881  37.154  -39.001  31.837 0.0000000000
56931  38.697  -40.236  30.386 0.0000000000
57969  37.033  -38.635  31.645 0.0000000000
57986  37.294  -39.047  31.380 0.0000000000
58055  40.572  -39.338  26.365 0.0000000000
58056  40.347  -39.321  26.311 0.0000000000
59059  37.872  -38.679  30.888 0.0000000000
59116  41.622  -38.170  28.968 0.0000000000
59118  39.326  -37.864  29.419 0.0000000000
59129  42.184  -37.763  28.061 0.0000000000
59141  41.345  -37.614  28.284 0.0000000000
59184  39.928  -38.236  23.277 0.0000000000
59199  37.250  -36.944  22.946 0.0000000000
60174  37.701  -38.238  30.984 0.0000000000
60216  40.460  -38.017  29.261 0.0000000000
60240  40.393  -37.790  29.151 0.0000000000
60241  39.854  -37.824  29.329 0.0000000000
60259  42.112  -37.502  28.020 0.0000000000
60276  42.329  -37.339  27.594 0.0000000000
60310  37.298  -36.480  23.166 0.0000000000
60319  37.283  -36.578  22.879 0.0000000000
61275  38.186  -34.614  26.296 0.0000000000
62221  37.942  -34.368  26.794 0.0000000000
62270  38.391  -34.854  22.269 0.0000000000
62305  42.225  -33.746  20.324 0.0000000000
63285  42.286  -33.675  20.893 0.0000000000
64185  39.781  -32.615  27.183 0.0000000000
64200  39.939  -32.583  26.992 0.0000000000
64201  39.615  -32.740  26.948 0.0000000000
64232  47.038  -31.489  24.346 0.0000000000
64271  44.987  -32.813  22.251 0.0000000000
64417  42.020  -31.954  12.165 0.0000000000
65281  46.917  -31.458  24.293 0.0000000000
65313  47.114  -30.904  23.204 0.0000000000
65389  47.462  -31.383  15.937 0.0000000000
65408  48.560  -31.274  16.043 0.0000000000
65497  43.222  -31.529  11.553 0.0000000000
66372  47.903  -30.293  24.124 0.0000000000
66467  48.497  -30.168  17.781 0.0000000000
66515  43.373  -30.908  14.581 0.0000000000
67568  50.751  -29.062  19.021 0.0000000000
67586  50.731  -29.138  18.784 0.0000000000
67589  48.418  -29.675  17.998 0.0000000000
67625  45.885  -30.228  16.801 0.0000000000
68725  47.531  -29.314  17.848 0.0000000000
69786  52.178  -27.017  18.584 0.0000000000
70890  46.889  -27.275  16.966 0.0000000000
72836  51.632  -24.772  20.054 0.0000000000
72856  51.993  -24.604  19.632 0.0000000000
73928  48.036  -23.079  15.442 0.0000000000
78262  53.335  -19.638  11.110 0.0000000000
78263  52.850  -19.333  11.160 0.0000000000
78277  52.844  -19.317  10.839 0.0000000000
79329  53.285  -19.367  11.141 0.0000000000
79330  53.133  -19.162  11.193 0.0000000000
79344  53.235  -19.208  10.956 0.0000000000
79345  52.889  -18.931  10.948 0.0000000000
