#!ascii label  , from subject 3355 vox2ras=TkReg
777
94047  18.814  -4.468  -38.662 0.2500000000
93068  19.052  -5.451  -39.096 0.2500000000
97191  18.325  -1.380  -38.169 0.2500000000
96137  18.690  -2.401  -38.640 0.1250000000
95045  18.621  -3.320  -38.224 0.2500000000
94035  18.567  -4.088  -37.809 0.2500000000
94046  19.443  -4.401  -39.346 0.7500000000
93067  19.997  -5.396  -39.543 0.8750000000
92088  20.464  -6.382  -39.637 0.8750000000
95061  18.938  -3.423  -39.056 0.3750000000
95060  19.634  -3.371  -39.460 0.8750000000
94063  20.472  -4.574  -40.090 1.0000000000
94064  19.881  -4.078  -39.784 0.8750000000
93088  20.657  -5.700  -40.013 1.0000000000
94045  19.959  -4.597  -39.680 0.8750000000
92103  21.085  -6.561  -40.060 1.0000000000
96158  19.172  -2.449  -39.347 0.7500000000
96157  19.728  -2.557  -39.875 0.8750000000
95077  20.145  -3.406  -39.926 0.8750000000
94062  21.374  -4.400  -40.379 1.0000000000
95076  20.761  -3.410  -40.337 1.0000000000
93086  22.030  -5.238  -39.921 1.0000000000
93087  21.199  -5.487  -40.282 1.0000000000
97204  18.658  -1.421  -39.128 0.6250000000
97220  19.735  -2.087  -40.298 1.0000000000
97221  19.365  -1.550  -39.916 0.8750000000
96177  20.182  -2.561  -40.365 1.0000000000
94061  22.349  -4.299  -40.364 1.0000000000
93085  23.082  -5.300  -40.078 1.0000000000
93084  24.245  -5.568  -39.495 1.0000000000
101060  17.238  2.621  -37.982 0.2500000000
98170  17.949  -0.557  -37.903 0.2500000000
98183  18.116  -0.296  -38.516 0.3750000000
98210  19.386  -0.831  -39.966 1.0000000000
98198  18.888  -0.280  -39.652 0.6250000000
96190  21.079  -1.798  -41.297 1.0000000000
97233  20.068  -1.522  -40.566 1.0000000000
94060  23.470  -4.252  -40.013 1.0000000000
95075  21.558  -3.288  -40.507 1.0000000000
96175  21.656  -2.122  -40.752 1.0000000000
94044  23.619  -3.681  -39.849 1.0000000000
94043  24.150  -3.879  -39.671 1.0000000000
94059  24.588  -4.703  -39.346 1.0000000000
101074  18.244  2.784  -38.875 0.5000000000
100069  17.689  1.923  -38.508 0.3750000000
99115  18.314  0.796  -38.806 0.5000000000
100084  18.534  1.773  -39.198 0.5000000000
99129  19.438  0.527  -39.867 0.8750000000
98209  19.831  -0.342  -39.999 1.0000000000
99142  19.880  0.516  -40.145 1.0000000000
97247  21.082  -1.333  -41.344 1.0000000000
98208  20.754  -0.615  -40.739 1.0000000000
96174  22.812  -2.247  -40.004 1.0000000000
95058  24.433  -3.373  -39.109 1.0000000000
95059  23.692  -3.274  -39.515 1.0000000000
94042  24.853  -4.078  -39.167 0.8750000000
101968  17.889  3.597  -38.588 0.5000000000
101073  18.962  2.688  -39.499 0.6250000000
101084  19.638  2.611  -40.107 0.6250000000
100096  19.865  1.414  -40.361 1.0000000000
100083  19.237  1.639  -39.782 0.7500000000
99141  20.392  0.505  -40.330 1.0000000000
98195  23.562  -0.370  -39.409 1.0000000000
98205  23.041  -0.131  -39.752 1.0000000000
98206  22.347  -0.420  -39.877 1.0000000000
98207  21.514  -0.496  -40.533 1.0000000000
97218  23.704  -1.251  -39.037 1.0000000000
96156  23.199  -1.614  -39.460 1.0000000000
97231  22.137  -1.268  -40.464 1.0000000000
97217  24.617  -1.614  -38.679 0.8750000000
96155  23.716  -2.419  -39.061 1.0000000000
101984  18.501  3.833  -39.331 0.5000000000
101983  19.382  3.517  -39.758 0.8750000000
100082  21.845  1.928  -39.880 1.0000000000
100095  20.692  1.557  -40.524 1.0000000000
99128  22.653  0.745  -39.403 1.0000000000
99140  21.128  0.527  -40.469 1.0000000000
100080  23.171  1.233  -38.837 1.0000000000
99126  24.018  0.278  -38.913 1.0000000000
98194  24.359  -0.548  -38.729 1.0000000000
101996  19.807  3.809  -40.499 1.0000000000
102863  21.497  4.569  -39.767 1.0000000000
101072  21.468  2.618  -39.991 1.0000000000
101995  20.601  3.677  -40.669 1.0000000000
101980  23.279  3.184  -38.602 1.0000000000
101070  22.748  2.282  -38.861 1.0000000000
101057  24.690  2.121  -38.186 1.0000000000
101058  23.600  2.053  -38.370 1.0000000000
100068  23.578  1.460  -38.523 1.0000000000
99114  24.732  0.552  -38.481 1.0000000000
98181  25.031  -0.107  -38.275 0.8750000000
106828  21.081  8.465  -39.572 1.0000000000
106830  19.576  8.138  -39.111 0.3750000000
105901  20.556  7.639  -39.824 0.8750000000
103866  21.166  5.571  -39.860 1.0000000000
102861  22.865  4.007  -38.620 1.0000000000
108582  21.356  9.783  -38.742 0.8750000000
107715  22.181  9.138  -39.426 1.0000000000
106827  21.782  8.529  -39.616 1.0000000000
105900  21.254  7.542  -40.002 1.0000000000
106817  22.450  8.697  -39.118 1.0000000000
103865  21.854  5.594  -39.424 1.0000000000
102851  23.692  4.287  -38.347 1.0000000000
103855  23.353  5.504  -38.373 1.0000000000
108581  21.692  10.040  -38.667 0.7500000000
106816  22.732  8.217  -38.592 1.0000000000
104859  23.779  6.427  -38.132 1.0000000000
104860  22.862  6.561  -38.529 1.0000000000
107705  22.496  9.660  -38.825 1.0000000000
105889  23.210  7.570  -38.253 1.0000000000
113277  22.319  16.338  -35.464 0.1250000000
113270  22.609  16.971  -34.716 0.1250000000
113284  22.577  16.381  -35.863 0.2500000000
113283  23.212  16.638  -36.015 0.3750000000
114011  23.465  17.653  -35.821 0.2500000000
112530  23.430  15.478  -36.044 0.5000000000
113282  24.366  16.678  -36.266 0.2500000000
114017  24.014  17.567  -36.241 0.2500000000
114683  24.015  18.308  -36.084 0.2500000000
114682  24.637  18.678  -36.209 0.2500000000
114016  24.583  17.409  -36.380 0.2500000000
114029  24.902  17.755  -36.497 0.2500000000
113297  25.246  17.255  -36.355 0.3750000000
114030  24.478  17.717  -36.375 0.2500000000
113296  26.391  17.198  -36.213 0.3750000000
114028  25.638  17.807  -36.668 0.2500000000
96122  18.365  -2.370  -37.812 0.1250000000
92101  22.673  -6.064  -39.825 1.0000000000
101083  20.260  2.622  -40.583 0.8750000000
93048  18.297  -5.353  -36.859 0.1250000000
92089  19.629  -6.673  -39.291 0.6250000000
91016  20.573  -7.547  -39.682 0.7500000000
91031  21.795  -7.110  -40.087 1.0000000000
91030  22.531  -6.821  -39.781 1.0000000000
92100  23.654  -6.295  -39.645 1.0000000000
98184  17.611  0.066  -37.820 0.3750000000
100070  17.220  1.830  -37.716 0.2500000000
99116  17.308  0.855  -38.069 0.2500000000
96154  24.994  -2.664  -38.705 0.8750000000
97216  25.770  -1.844  -38.615 0.8750000000
106819  19.513  8.158  -38.662 0.1250000000
105891  19.123  7.346  -38.956 0.1250000000
102853  17.888  4.682  -38.503 0.3750000000
102878  19.794  4.856  -40.376 0.6250000000
100066  25.239  1.319  -38.340 1.0000000000
98193  25.339  -0.885  -38.492 0.8750000000
106829  20.222  8.363  -39.382 0.5000000000
107716  21.727  9.370  -39.214 0.8750000000
105902  19.767  7.293  -39.399 0.3750000000
105910  20.286  6.849  -39.777 0.8750000000
101967  24.221  3.119  -38.250 1.0000000000
102850  24.708  4.052  -37.788 1.0000000000
103854  24.305  5.312  -37.874 1.0000000000
108572  22.148  10.713  -38.572 0.8750000000
108571  22.692  10.581  -38.355 1.0000000000
106802  22.813  8.824  -38.031 1.0000000000
105888  23.941  7.176  -37.691 1.0000000000
113262  22.119  17.052  -33.771 0.1250000000
112519  21.568  14.983  -35.636 0.1250000000
111800  21.929  13.906  -36.734 0.6250000000
112529  24.879  15.483  -36.199 0.5000000000
113276  22.955  16.912  -35.478 0.2500000000
114677  23.994  18.216  -35.532 0.2500000000
112547  25.516  16.581  -36.122 0.5000000000
112546  26.297  16.060  -36.367 0.5000000000
114676  24.460  18.880  -35.798 0.1250000000
114695  25.094  18.276  -36.508 0.2500000000
114027  26.571  18.012  -37.143 0.2500000000
113295  27.456  16.742  -37.122 0.3750000000
114037  27.024  18.317  -37.374 0.2500000000
115333  25.256  18.805  -36.350 0.1250000000
93056  18.694  -5.282  -37.912 0.1250000000
93069  18.794  -5.199  -38.651 0.3750000000
92073  18.915  -6.249  -38.493 0.5000000000
92102  21.825  -6.197  -39.857 1.0000000000
96176  20.817  -2.334  -40.893 1.0000000000
98197  19.347  -0.045  -39.845 0.8750000000
97234  19.645  -1.078  -40.129 1.0000000000
98220  20.939  -1.059  -41.307 1.0000000000
95074  22.499  -3.253  -40.330 1.0000000000
95073  23.214  -3.275  -39.928 1.0000000000
99130  18.955  0.878  -39.393 0.6250000000
98219  21.148  -0.917  -41.159 1.0000000000
96173  23.311  -2.832  -39.602 1.0000000000
94058  25.700  -4.689  -39.035 0.8750000000
97230  22.685  -1.189  -39.747 1.0000000000
99138  22.659  0.199  -39.636 1.0000000000
101071  22.121  2.530  -39.503 1.0000000000
101082  21.012  2.624  -40.609 1.0000000000
100094  21.449  1.607  -40.303 1.0000000000
99139  21.901  0.598  -39.841 1.0000000000
100081  22.349  1.521  -39.502 1.0000000000
98182  24.513  0.055  -38.571 1.0000000000
102864  19.289  4.604  -39.817 0.6250000000
101994  21.220  3.610  -40.267 1.0000000000
102876  20.927  4.621  -40.349 1.0000000000
101982  21.791  3.519  -39.593 1.0000000000
102862  22.280  4.492  -39.133 1.0000000000
101981  22.485  3.331  -39.018 1.0000000000
103877  20.624  5.512  -40.166 1.0000000000
104870  21.508  6.614  -39.681 1.0000000000
102852  22.870  4.780  -38.517 1.0000000000
107706  22.087  9.850  -38.694 0.8750000000
105899  21.903  7.657  -39.474 1.0000000000
103856  22.597  5.605  -38.913 1.0000000000
104861  22.168  6.626  -39.149 1.0000000000
106803  22.706  9.351  -38.720 1.0000000000
105890  22.460  7.590  -38.792 1.0000000000
107693  22.863  9.813  -38.397 1.0000000000
113271  22.104  16.291  -34.690 0.1250000000
112522  21.955  15.609  -35.456 0.1250000000
114006  23.547  17.492  -34.851 0.2500000000
112531  21.997  15.339  -36.153 0.3750000000
114694  25.802  18.471  -36.702 0.2500000000
92074  18.587  -6.083  -37.964 0.1250000000
91032  21.226  -7.213  -39.850 1.0000000000
102865  18.570  4.922  -39.245 0.6250000000
102877  20.284  4.682  -40.519 0.8750000000
103879  19.646  5.541  -39.966 0.7500000000
103878  20.109  5.537  -40.300 0.8750000000
104884  19.558  6.341  -39.563 0.8750000000
104883  19.998  6.211  -39.934 1.0000000000
104871  20.963  6.448  -40.015 1.0000000000
108559  23.081  10.405  -37.737 1.0000000000
106801  23.933  8.710  -37.341 1.0000000000
112520  20.943  15.034  -36.089 0.3750000000
111783  22.577  14.193  -36.313 0.7500000000
112548  22.156  14.544  -36.463 0.5000000000
111782  23.718  14.312  -36.184 0.7500000000
87155  21.049  -10.997  -38.283 0.7500000000
87153  22.451  -11.741  -39.350 0.7500000000
88067  19.972  -10.043  -37.459 0.7500000000
87168  22.336  -11.222  -39.979 0.7500000000
88086  21.264  -10.784  -38.505 0.7500000000
88102  21.590  -10.326  -38.767 0.7500000000
88087  20.817  -10.240  -38.188 0.7500000000
87180  22.831  -10.918  -40.180 0.7500000000
88101  22.232  -10.465  -39.520 0.7500000000
90030  19.767  -8.517  -39.012 0.7500000000
91017  19.611  -8.003  -39.340 0.6250000000
89050  21.240  -9.364  -38.764 0.7500000000
90028  21.332  -8.561  -39.202 0.8750000000
90029  20.293  -8.762  -39.143 0.8750000000
88111  23.317  -10.586  -40.231 0.7500000000
89060  22.687  -9.914  -39.675 0.7500000000
89049  22.214  -9.462  -38.927 0.7500000000
91015  21.596  -7.751  -39.536 0.8750000000
89047  23.662  -9.168  -39.992 0.7500000000
89048  22.784  -9.165  -39.788 0.7500000000
90027  22.303  -8.446  -39.172 0.8750000000
90025  24.225  -8.289  -39.633 0.7500000000
90026  23.150  -8.313  -39.525 0.8750000000
91012  24.869  -7.384  -39.401 0.8750000000
92087  24.314  -6.842  -39.199 0.8750000000
92086  24.750  -6.925  -39.071 0.8750000000
92099  24.948  -6.581  -39.222 0.8750000000
92116  26.036  -6.814  -40.916 0.3750000000
93104  25.357  -6.204  -39.400 0.7500000000
92115  26.829  -6.773  -41.371 0.5000000000
93102  26.568  -6.036  -40.578 0.5000000000
93082  26.018  -5.305  -40.005 0.7500000000
93116  27.634  -5.674  -41.836 0.1250000000
93101  27.066  -5.589  -41.320 0.3750000000
94080  26.580  -4.994  -40.639 0.6250000000
94057  26.588  -4.648  -39.672 0.6250000000
95072  26.291  -4.047  -39.331 0.6250000000
94097  28.156  -4.707  -42.403 0.1250000000
94098  27.584  -4.984  -41.666 0.1250000000
95084  27.587  -3.927  -41.223 0.1250000000
95069  27.799  -3.436  -40.969 0.1250000000
96172  27.326  -3.225  -39.955 0.6250000000
96152  27.027  -2.869  -39.503 0.6250000000
96153  26.067  -2.698  -39.144 0.7500000000
95083  28.080  -3.669  -41.748 0.1250000000
96188  28.466  -2.716  -42.073 0.1250000000
97229  27.934  -2.435  -40.588 0.1250000000
97214  27.833  -2.122  -39.783 0.5000000000
97215  26.999  -2.083  -38.678 0.6250000000
98192  26.456  -0.918  -38.696 0.7500000000
95099  28.601  -3.629  -42.811 0.1250000000
98191  27.361  -1.111  -39.186 0.5000000000
99125  27.113  -0.537  -38.815 0.6250000000
98180  25.860  -0.230  -38.506 0.7500000000
108573  21.099  10.790  -38.529 0.6250000000
110125  21.699  12.782  -38.749 0.5000000000
109358  21.890  12.118  -38.659 0.7500000000
99112  26.855  0.183  -38.482 0.6250000000
100065  26.360  1.188  -38.004 0.6250000000
99111  28.095  0.565  -38.653 0.5000000000
100064  27.469  1.200  -38.061 0.6250000000
101055  26.960  1.940  -37.922 0.6250000000
101056  25.940  2.201  -38.036 0.7500000000
109370  22.332  12.682  -38.964 0.7500000000
104844  24.627  6.348  -37.481 0.8750000000
101037  26.257  2.488  -38.122 0.7500000000
102849  25.834  3.701  -37.284 0.8750000000
103853  25.172  4.980  -37.487 0.8750000000
103836  25.517  5.782  -37.377 0.8750000000
104843  25.589  6.694  -37.062 0.8750000000
100063  28.279  1.490  -38.659 0.3750000000
101054  27.710  2.083  -38.387 0.5000000000
101946  26.656  2.810  -38.237 0.6250000000
100078  28.689  1.635  -39.643 0.2500000000
101945  27.332  2.851  -38.022 0.5000000000
110136  22.268  13.226  -38.942 0.6250000000
110124  22.469  12.973  -38.452 0.7500000000
109357  22.408  11.870  -38.404 0.8750000000
109345  22.941  11.314  -37.783 0.8750000000
105876  23.680  7.998  -37.683 0.8750000000
106800  24.913  8.542  -36.708 0.7500000000
105875  24.673  7.610  -37.320 0.8750000000
103852  26.294  5.009  -37.203 0.7500000000
101963  28.174  2.841  -38.095 0.3750000000
102831  28.089  3.096  -37.749 0.5000000000
103835  26.435  5.959  -37.005 0.7500000000
101053  28.453  2.355  -38.935 0.2500000000
110999  22.221  13.674  -38.433 0.6250000000
108558  24.119  10.330  -37.327 0.8750000000
109344  23.725  11.070  -37.257 0.7500000000
107691  24.432  9.496  -36.989 0.8750000000
105874  25.712  7.682  -36.665 0.7500000000
103851  27.465  5.237  -37.247 0.5000000000
102846  28.653  3.962  -38.788 0.2500000000
102847  28.145  3.892  -37.642 0.5000000000
101979  28.900  3.065  -39.642 0.2500000000
110984  21.984  14.089  -37.757 0.5000000000
110983  22.019  13.355  -37.306 0.5000000000
110966  22.919  13.318  -36.550 0.6250000000
110087  23.264  12.626  -36.642 0.7500000000
110107  24.171  11.673  -36.606 0.7500000000
110086  24.044  12.493  -36.495 0.7500000000
110106  24.868  11.568  -36.320 0.7500000000
109342  25.282  10.978  -36.268 0.7500000000
109343  24.448  10.935  -36.658 0.7500000000
110085  24.899  12.328  -36.302 0.7500000000
108556  25.811  10.299  -36.515 0.7500000000
107671  26.035  8.982  -36.532 0.7500000000
108555  26.346  10.017  -36.527 0.7500000000
104823  28.005  7.253  -36.639 0.5000000000
105855  27.736  7.905  -37.042 0.3750000000
105856  26.859  7.965  -36.749 0.6250000000
103850  28.830  5.636  -38.014 0.2500000000
103833  27.881  6.132  -37.249 0.3750000000
104840  28.373  6.816  -37.117 0.3750000000
110964  24.884  13.229  -36.320 0.7500000000
110084  25.795  11.960  -36.256 0.7500000000
109324  26.181  11.068  -36.172 0.7500000000
108533  27.003  10.056  -36.343 0.6250000000
106798  28.337  8.640  -37.549 0.3750000000
107669  27.218  9.436  -36.779 0.3750000000
103849  29.256  6.250  -38.709 0.1250000000
105887  29.064  7.634  -38.099 0.1250000000
110965  23.917  13.352  -36.343 0.6250000000
110963  25.792  12.987  -36.406 0.6250000000
108532  27.697  9.845  -36.635 0.3750000000
109323  26.969  10.920  -36.262 0.3750000000
108534  26.460  10.483  -36.366 0.7500000000
107704  28.790  8.921  -38.005 0.2500000000
107687  28.575  9.387  -37.611 0.3750000000
105898  29.111  7.457  -40.038 0.1250000000
105886  29.239  7.575  -38.991 0.1250000000
103863  29.298  5.920  -39.323 0.1250000000
111781  24.853  14.223  -36.305 0.6250000000
111779  26.614  13.671  -36.498 0.3750000000
111780  25.813  13.905  -36.097 0.3750000000
110962  26.819  12.773  -36.594 0.3750000000
110104  28.601  11.643  -37.813 0.2500000000
109322  27.668  10.595  -36.579 0.3750000000
110961  27.481  12.239  -36.671 0.3750000000
107714  29.301  9.111  -39.154 0.1250000000
108553  29.078  9.924  -37.853 0.3750000000
108554  28.378  10.121  -37.122 0.3750000000
105908  28.804  7.380  -41.164 0.1250000000
107703  29.084  9.218  -38.412 0.1250000000
112545  27.009  15.282  -36.849 0.3750000000
112528  25.944  14.922  -36.245 0.3750000000
111799  27.187  14.307  -36.953 0.3750000000
112527  26.560  14.435  -36.430 0.3750000000
111797  28.408  13.301  -37.766 0.3750000000
110981  28.043  12.986  -36.925 0.3750000000
110982  27.347  13.578  -36.858 0.3750000000
110123  28.686  12.011  -38.679 0.3750000000
108588  29.698  10.049  -40.758 0.1250000000
108570  29.324  10.439  -38.524 0.1250000000
109356  28.933  11.178  -38.614 0.2500000000
107722  29.268  8.945  -40.380 0.1250000000
112562  27.917  15.123  -38.396 0.2500000000
112561  28.148  14.521  -38.669 0.2500000000
111814  28.085  14.499  -38.081 0.3750000000
112544  27.614  14.806  -37.563 0.3750000000
111012  28.001  13.282  -39.604 0.1250000000
111813  28.276  13.845  -38.478 0.3750000000
111798  27.983  13.968  -37.432 0.3750000000
110135  28.616  12.342  -39.709 0.1250000000
110998  28.395  12.893  -38.638 0.2500000000
109379  28.831  11.486  -40.829 0.1250000000
113294  27.513  15.585  -37.632 0.3750000000
111838  27.886  14.024  -39.930 0.1250000000
111026  27.802  13.548  -40.660 0.1250000000
108593  28.706  10.464  -41.868 0.1250000000
110151  27.647  12.397  -42.190 0.1250000000
112591  26.702  15.447  -41.188 0.1250000000
110152  27.121  13.071  -42.298 0.1250000000
111027  27.420  13.845  -41.462 0.1250000000
109387  27.635  11.615  -43.051 0.1250000000
108596  28.461  10.634  -42.815 0.1250000000
91014  22.473  -7.608  -39.507 0.8750000000
91028  25.710  -7.254  -39.922 0.6250000000
99124  27.764  -0.290  -39.040 0.6250000000
102848  27.095  3.904  -37.208 0.5000000000
101962  28.591  3.037  -38.786 0.3750000000
110109  22.477  12.345  -37.277 0.8750000000
110108  23.293  11.797  -36.841 0.7500000000
108557  24.895  10.218  -36.654 0.7500000000
107690  25.513  9.404  -36.559 0.7500000000
104841  27.656  6.724  -36.662 0.5000000000
104842  26.639  6.915  -36.624 0.7500000000
109378  29.548  10.955  -40.495 0.1250000000
111827  28.077  14.188  -39.252 0.2500000000
110146  27.625  13.073  -41.532 0.1250000000
109383  28.347  11.613  -42.026 0.1250000000
95071  27.092  -3.851  -39.586 0.5000000000
95057  25.540  -3.579  -39.068 0.7500000000
98190  28.186  -0.931  -39.738 0.3750000000
101081  28.703  2.419  -40.419 0.1250000000
86122  20.867  -12.526  -37.515 0.7500000000
87140  19.770  -10.860  -37.280 0.7500000000
86121  21.682  -12.449  -38.125 0.7500000000
87154  21.580  -11.417  -38.776 0.7500000000
87152  23.071  -11.951  -39.206 0.7500000000
90011  19.341  -8.549  -38.596 0.6250000000
89031  19.947  -9.281  -38.291 0.7500000000
87167  23.126  -11.641  -40.029 0.6250000000
89058  23.931  -9.941  -40.414 0.7500000000
91011  25.727  -7.688  -39.751 0.5000000000
91027  25.610  -7.903  -40.699 0.3750000000
91045  26.739  -7.378  -41.831 0.1250000000
93115  28.279  -5.797  -42.209 0.1250000000
94096  28.960  -4.898  -42.843 0.1250000000
94112  28.694  -4.236  -43.658 0.1250000000
97245  29.126  -1.637  -42.384 0.1250000000
97228  28.252  -1.851  -41.106 0.1250000000
98204  28.481  -0.743  -40.686 0.1250000000
99123  28.582  0.321  -39.855 0.2500000000
99110  28.730  0.966  -39.016 0.2500000000
110985  21.345  13.820  -37.646 0.5000000000
101992  28.866  2.879  -40.216 0.1250000000
101069  28.722  2.409  -39.655 0.2500000000
102860  28.843  4.191  -40.242 0.1250000000
104881  28.692  5.849  -40.828 0.1250000000
111815  21.671  13.965  -36.855 0.3750000000
104880  28.985  6.469  -40.599 0.1250000000
104893  28.079  6.805  -41.879 0.1250000000
107725  29.087  9.034  -41.812 0.1250000000
107731  27.217  8.439  -43.345 0.1250000000
113997  23.133  17.953  -33.906 0.1250000000
137539  27.568  15.963  -38.320 0.2500000000
112572  26.973  15.645  -39.797 0.1250000000
112582  26.654  15.960  -40.414 0.1250000000
111849  26.374  15.013  -41.988 0.1250000000
110154  27.026  12.344  -42.875 0.1250000000
99113  25.677  0.496  -38.338 0.7500000000
91029  23.057  -6.586  -39.607 0.8750000000
93083  25.376  -5.575  -39.217 0.7500000000
95056  26.395  -3.383  -39.385 0.6250000000
101966  25.179  2.929  -37.614 0.8750000000
107692  23.441  9.639  -37.631 0.8750000000
137541  27.572  16.583  -38.220 0.1250000000
87139  20.530  -11.380  -37.560 0.7500000000
87138  21.294  -11.906  -37.883 0.7500000000
86135  22.034  -11.956  -38.784 0.7500000000
86134  22.461  -12.163  -38.682 0.7500000000
89012  19.328  -9.681  -38.021 0.7500000000
87169  21.816  -10.941  -39.459 0.7500000000
88103  21.136  -9.821  -38.503 0.7500000000
90010  19.811  -8.805  -38.838 0.7500000000
90999  19.060  -7.461  -38.776 0.6250000000
89059  23.178  -9.876  -40.200 0.7500000000
91013  23.517  -7.249  -39.368 0.8750000000
90024  25.476  -8.254  -39.664 0.6250000000
91046  26.233  -7.700  -41.649 0.2500000000
91047  25.716  -7.344  -40.845 0.5000000000
92117  25.682  -6.741  -40.122 0.6250000000
93103  25.816  -6.117  -40.136 0.7500000000
92114  27.200  -6.172  -41.632 0.2500000000
92128  27.493  -6.675  -41.603 0.1250000000
94079  27.175  -4.521  -41.117 0.3750000000
94078  27.734  -4.366  -41.623 0.1250000000
95070  27.482  -3.798  -40.439 0.5000000000
96171  27.620  -2.912  -40.425 0.1250000000
96170  28.226  -2.898  -41.043 0.1250000000
96151  27.416  -2.758  -39.934 0.5000000000
97213  28.284  -1.446  -40.277 0.1250000000
101036  26.756  2.511  -37.975 0.6250000000
102832  27.773  3.061  -37.671 0.5000000000
104825  26.807  7.458  -36.623 0.6250000000
106783  25.778  8.540  -36.543 0.7500000000
103864  28.946  5.084  -39.532 0.1250000000
106781  27.109  8.745  -37.122 0.6250000000
105871  28.500  7.736  -37.396 0.3750000000
104858  28.720  6.925  -37.831 0.3750000000
106815  28.857  8.306  -37.843 0.3750000000
106814  29.123  8.458  -38.563 0.1250000000
104869  29.267  6.745  -39.329 0.1250000000
109341  28.188  11.130  -37.144 0.3750000000
110105  27.987  12.010  -37.221 0.3750000000
108569  29.362  9.717  -38.553 0.2500000000
106826  29.135  8.289  -39.593 0.1250000000
106836  28.891  8.072  -40.492 0.1250000000
109340  28.814  10.772  -37.782 0.2500000000
108579  29.649  9.980  -39.490 0.1250000000
110980  28.481  12.517  -37.762 0.3750000000
108589  29.298  10.636  -41.147 0.1250000000
107726  28.765  9.680  -42.004 0.1250000000
108580  29.361  10.778  -39.223 0.1250000000
109369  29.182  11.421  -39.628 0.1250000000
106841  28.875  8.107  -41.416 0.1250000000
112571  27.532  15.273  -39.424 0.2500000000
111828  27.701  14.495  -39.581 0.2500000000
111839  27.377  14.385  -40.357 0.1250000000
111848  27.100  14.727  -41.346 0.1250000000
110145  28.032  12.499  -40.904 0.1250000000
112592  25.912  16.085  -41.417 0.1250000000
112581  26.915  15.155  -40.363 0.1250000000
86103  20.132  -12.540  -37.052 0.7500000000
90012  18.695  -8.943  -38.131 0.5000000000
89046  24.780  -9.488  -39.658 0.6250000000
107729  28.517  8.472  -42.523 0.1250000000
107730  28.184  9.060  -42.830 0.1250000000
87117  20.000  -11.944  -36.848 0.7500000000
88068  19.428  -10.451  -37.055 0.5000000000
85149  21.034  -13.417  -37.592 0.6250000000
85148  21.772  -13.390  -37.695 0.6250000000
86119  23.232  -12.624  -37.710 0.3750000000
86120  22.440  -12.681  -37.982 0.6250000000
87137  24.214  -11.829  -38.045 0.2500000000
87151  23.698  -11.714  -38.606 0.3750000000
110126  21.381  13.176  -38.451 0.3750000000
112549  21.417  14.645  -36.565 0.2500000000
88099  23.938  -10.962  -39.717 0.5000000000
89057  24.317  -10.113  -40.198 0.5000000000
85146  23.453  -13.084  -37.161 0.5000000000
85147  22.533  -13.254  -37.282 0.6250000000
83105  20.932  -15.058  -37.174 0.6250000000
88046  18.918  -10.400  -36.515 0.3750000000
87118  19.452  -11.414  -36.687 0.3750000000
84193  20.559  -14.285  -37.235 0.6250000000
86104  19.500  -12.499  -36.534 0.6250000000
84191  22.857  -14.131  -36.504 0.3750000000
84206  22.466  -13.928  -36.998 0.5000000000
84208  21.229  -14.210  -37.518 0.6250000000
88993  18.945  -9.457  -36.789 0.2500000000
85145  24.167  -13.177  -37.104 0.3750000000
88066  24.089  -11.414  -38.353 0.2500000000
86118  24.213  -12.539  -37.552 0.2500000000
88085  24.249  -11.141  -38.860 0.2500000000
88098  24.619  -10.452  -39.267 0.3750000000
89030  25.025  -9.848  -38.735 0.2500000000
89045  25.589  -8.929  -39.494 0.2500000000
99102  16.882  1.100  -37.450 0.1250000000
90049  26.589  -8.347  -41.870 0.2500000000
104872  18.884  6.613  -39.045 0.3750000000
103868  18.372  5.725  -38.762 0.2500000000
107717  20.904  9.194  -38.796 0.2500000000
111784  20.811  14.527  -36.671 0.2500000000
100054  17.119  2.005  -37.222 0.1250000000
99101  17.115  0.491  -37.387 0.2500000000
90982  19.024  -6.971  -37.870 0.2500000000
103867  19.015  5.661  -39.463 0.3750000000
88110  23.970  -10.528  -40.255 0.5000000000
86133  23.105  -12.257  -38.424 0.5000000000
87166  23.579  -11.451  -39.295 0.5000000000
90039  25.947  -8.372  -40.994 0.2500000000
89013  18.951  -9.668  -37.572 0.3750000000
89032  19.011  -9.343  -38.224 0.3750000000
89992  18.787  -8.691  -37.298 0.3750000000
84207  21.916  -14.181  -37.421 0.6250000000
86132  23.719  -12.205  -38.080 0.2500000000
87136  24.902  -11.739  -37.551 0.2500000000
85129  22.949  -13.529  -36.838 0.5000000000
85128  23.643  -13.620  -36.772 0.3750000000
85130  20.281  -13.439  -37.163 0.6250000000
84192  22.100  -14.461  -36.844 0.3750000000
88084  24.687  -10.405  -38.300 0.2500000000
99084  17.139  0.399  -36.856 0.1250000000
84171  19.361  -15.019  -36.022 0.5000000000
84170  22.266  -14.702  -36.228 0.2500000000
83088  21.031  -15.787  -36.312 0.3750000000
84194  19.756  -14.363  -36.511 0.5000000000
85132  19.050  -13.313  -36.009 0.5000000000
85131  19.676  -13.342  -36.555 0.5000000000
84195  19.293  -13.866  -36.155 0.5000000000
83066  17.989  -15.756  -34.448 0.1250000000
83065  18.428  -15.270  -35.041 0.3750000000
86105  18.675  -12.428  -36.158 0.2500000000
79846  18.548  -17.912  -34.803 0.1250000000
81967  18.421  -16.430  -34.924 0.2500000000
81991  19.540  -16.533  -35.668 0.3750000000
83087  22.105  -15.517  -35.769 0.2500000000
81990  20.365  -16.669  -36.003 0.3750000000
83089  20.025  -15.553  -36.349 0.5000000000
81947  17.506  -16.398  -33.991 0.1250000000
83090  19.076  -15.673  -35.541 0.3750000000
84151  18.062  -14.590  -34.688 0.1250000000
85092  17.928  -12.842  -35.034 0.1250000000
83120  21.570  -14.702  -37.127 0.3750000000
83106  20.339  -14.848  -36.836 0.5000000000
87119  18.482  -11.491  -36.112 0.2500000000
88047  18.468  -10.723  -35.770 0.2500000000
84172  18.735  -14.435  -35.589 0.5000000000
83104  21.618  -15.041  -36.588 0.3750000000
84173  18.154  -14.072  -35.201 0.1250000000
85107  18.271  -13.336  -35.365 0.1250000000
81968  17.916  -16.470  -34.421 0.1250000000
83055  17.609  -15.403  -33.809 0.1250000000
84150  18.377  -14.761  -35.107 0.1250000000
86083  18.226  -12.326  -35.449 0.1250000000
80912  17.894  -17.288  -34.369 0.1250000000
80911  18.448  -17.224  -34.825 0.1250000000
81992  18.949  -16.485  -35.401 0.3750000000
81989  21.367  -16.613  -35.573 0.2500000000
85108  17.855  -13.860  -35.010 0.1250000000
80936  18.932  -17.242  -35.293 0.2500000000
80934  20.671  -17.551  -35.477 0.2500000000
80935  19.706  -17.552  -35.710 0.2500000000
90984  18.307  -7.953  -36.608 0.1250000000
109359  21.258  12.363  -38.359 0.1250000000
109346  20.798  11.992  -37.826 0.1250000000
110967  20.654  13.739  -36.891 0.1250000000
109312  21.242  11.814  -36.332 0.1250000000
110088  20.921  12.838  -36.942 0.1250000000
111772  20.544  14.217  -36.156 0.1250000000
107707  20.472  9.675  -38.378 0.1250000000
110955  20.495  13.571  -36.020 0.1250000000
110950  21.791  13.624  -35.309 0.1250000000
106818  20.005  8.798  -38.836 0.1250000000
102854  17.354  4.973  -37.590 0.1250000000
89978  17.970  -8.564  -36.130 0.1250000000
104862  18.681  6.897  -38.373 0.1250000000
106804  20.154  8.772  -38.387 0.1250000000
107694  20.493  9.711  -37.825 0.1250000000
108560  20.622  10.833  -37.848 0.1250000000
108523  21.517  11.001  -36.212 0.1250000000
110072  21.462  12.684  -35.697 0.1250000000
111767  21.672  14.428  -35.398 0.1250000000
92064  18.328  -6.357  -37.366 0.1250000000
91000  18.899  -8.033  -38.029 0.1250000000
110110  20.820  13.043  -37.816 0.1250000000
89977  18.609  -8.979  -36.634 0.1250000000
104873  18.327  6.392  -38.342 0.1250000000
90983  18.514  -7.517  -37.300 0.1250000000
89993  18.492  -8.526  -36.624 0.1250000000
90968  17.649  -7.644  -36.207 0.1250000000
108536  21.046  10.749  -37.080 0.1250000000
110073  20.850  12.680  -36.214 0.1250000000
110951  20.896  13.847  -35.412 0.1250000000
110954  20.897  13.270  -35.588 0.1250000000
110949  22.337  13.591  -34.297 0.1250000000
84190  23.773  -14.202  -36.340 0.1250000000
85127  24.623  -13.544  -36.635 0.1250000000
86117  24.951  -12.429  -37.255 0.1250000000
88065  24.365  -11.117  -37.965 0.1250000000
88082  26.566  -10.030  -38.178 0.1250000000
89029  25.898  -9.388  -38.917 0.1250000000
90008  27.165  -8.783  -39.061 0.1250000000
90023  26.315  -8.481  -39.666 0.1250000000
90022  27.394  -8.166  -39.902 0.1250000000
90038  26.749  -8.415  -41.070 0.1250000000
81988  22.618  -16.661  -35.121 0.1250000000
83086  23.276  -15.512  -35.379 0.1250000000
84189  24.440  -14.143  -36.057 0.1250000000
84168  23.992  -14.845  -35.899 0.1250000000
86102  24.745  -12.951  -37.173 0.1250000000
87116  25.366  -12.013  -37.028 0.1250000000
87135  25.714  -11.336  -37.179 0.1250000000
88063  26.164  -10.620  -37.573 0.1250000000
88062  27.183  -10.565  -37.567 0.1250000000
89027  27.765  -9.286  -38.393 0.1250000000
90037  27.423  -8.034  -41.140 0.1250000000
91026  27.876  -7.633  -40.262 0.1250000000
91010  27.896  -7.846  -39.746 0.1250000000
90059  27.309  -8.034  -42.265 0.1250000000
84169  23.003  -14.734  -35.897 0.1250000000
80933  21.688  -17.617  -34.998 0.1250000000
86101  25.474  -12.794  -36.906 0.1250000000
88064  25.168  -10.753  -37.606 0.1250000000
88083  25.505  -9.933  -37.985 0.1250000000
89028  26.946  -9.481  -38.688 0.1250000000
90009  26.581  -9.055  -39.100 0.1250000000
90007  28.114  -8.407  -38.774 0.1250000000
80932  22.446  -17.365  -34.699 0.1250000000
85126  25.498  -13.285  -36.190 0.1250000000
91025  28.585  -7.232  -40.262 0.1250000000
83121  21.381  -14.561  -37.339 0.6250000000
87179  23.000  -11.137  -40.179 0.6250000000
88100  23.468  -10.994  -40.106 0.5000000000
88109  24.384  -10.353  -39.915 0.5000000000
88112  22.740  -10.537  -40.070 0.7500000000
89014  18.635  -9.246  -37.871 0.3750000000
89033  18.736  -9.392  -38.065 0.3750000000
89051  20.694  -9.465  -38.570 0.7500000000
89976  19.047  -9.004  -36.933 0.1250000000
89991  19.074  -9.180  -37.179 0.3750000000
90021  27.964  -8.028  -39.454 0.1250000000
90048  27.160  -8.361  -41.927 0.1250000000
90060  27.000  -8.236  -42.270 0.1250000000
90071  27.015  -8.005  -42.372 0.1250000000
90072  26.826  -8.074  -42.330 0.1250000000
91059  26.973  -7.597  -42.247 0.1250000000
91060  26.799  -8.052  -42.312 0.1250000000
91068  26.886  -7.801  -42.387 0.1250000000
91069  26.860  -8.337  -42.344 0.1250000000
92063  18.725  -6.409  -37.927 0.1250000000
92129  26.990  -7.160  -41.752 0.1250000000
93055  18.843  -5.549  -38.600 0.3750000000
94056  27.173  -4.472  -40.177 0.6250000000
96189  21.240  -1.617  -41.187 1.0000000000
97219  23.158  -0.980  -39.394 1.0000000000
97232  20.788  -1.448  -41.203 1.0000000000
97246  21.413  -1.282  -40.976 1.0000000000
98196  22.917  -0.589  -39.596 1.0000000000
99117  17.042  1.287  -37.670 0.2500000000
99127  23.316  0.388  -39.414 1.0000000000
100067  24.048  1.176  -38.490 1.0000000000
100079  23.610  0.700  -38.896 1.0000000000
100093  21.858  1.403  -39.893 1.0000000000
101059  17.618  2.924  -38.376 0.5000000000
101068  28.860  2.619  -39.824 0.2500000000
101080  28.888  2.625  -40.089 0.2500000000
101944  27.866  2.814  -37.986 0.5000000000
101964  27.389  2.467  -38.068 0.5000000000
101965  25.858  2.809  -37.796 0.7500000000
101978  28.986  2.823  -39.928 0.2500000000
102833  26.901  3.117  -37.928 0.6250000000
103834  27.232  6.140  -36.848 0.5000000000
103837  24.870  5.597  -37.506 0.8750000000
104824  27.302  7.370  -36.638 0.5000000000
104857  29.105  6.790  -38.458 0.1250000000
104882  20.488  6.238  -39.946 1.0000000000
105854  28.234  7.417  -36.946 0.3750000000
105857  26.230  8.078  -36.580 0.7500000000
105872  28.099  8.223  -37.312 0.3750000000
105873  26.442  7.610  -36.605 0.6250000000
105909  20.729  6.987  -40.073 1.0000000000
105911  19.920  6.679  -39.648 0.8750000000
106782  26.403  8.619  -36.689 0.7500000000
106799  27.792  8.563  -37.326 0.3750000000
107670  26.451  9.373  -36.618 0.7500000000
107686  28.973  9.404  -37.972 0.2500000000
107688  27.832  9.267  -37.249 0.3750000000
107689  26.028  9.789  -36.599 0.7500000000
108552  29.154  9.581  -38.168 0.2500000000
108592  28.981  9.976  -41.432 0.1250000000
109368  29.643  10.691  -39.924 0.1250000000
109371  22.046  12.847  -39.036 0.6250000000
110082  27.554  11.477  -36.615 0.3750000000
110083  26.826  11.783  -36.293 0.3750000000
110137  21.867  13.206  -38.836 0.3750000000
110138  21.684  13.245  -38.683 0.3750000000
111000  21.904  13.868  -38.395 0.6250000000
111001  21.628  13.569  -38.394 0.5000000000
111013  22.066  13.538  -38.726 0.6250000000
111014  21.848  13.503  -38.668 0.3750000000
111015  21.663  13.419  -38.553 0.3750000000
111801  21.556  13.993  -37.200 0.3750000000
111802  20.952  14.271  -36.964 0.3750000000
111816  21.353  14.297  -36.912 0.3750000000
111817  21.090  14.590  -36.690 0.3750000000
112523  21.575  15.260  -35.909 0.1250000000
112563  21.575  14.300  -36.767 0.3750000000
112570  28.031  14.791  -39.122 0.2500000000
113263  21.869  16.168  -34.151 0.1250000000
114696  24.481  18.084  -36.325 0.2500000000
137516  20.890  14.810  -36.323 0.2500000000
137517  21.121  14.861  -36.368 0.2500000000
137518  21.436  15.190  -36.109 0.3750000000
137519  21.262  15.109  -36.179 0.2500000000
