#!ascii label  , from subject 3480 vox2ras=TkReg
2091
63376  -30.038  -33.239  76.602 0.0000000000
90029  -53.657  -11.156  56.894 0.0000000000
78657  -37.327  -20.266  65.928 0.0000000000
57944  0.297  -39.730  68.265 0.0000000000
63400  -15.822  -33.288  72.837 0.0000000000
69061  -2.868  -29.686  72.314 0.0000000000
67858  -0.710  -30.466  79.289 0.0000000000
85689  -44.939  -15.059  61.990 0.0000000000
71552  -3.215  -26.560  65.259 0.0000000000
53443  1.794  -43.379  74.047 0.0000000000
66790  -31.557  -30.062  69.969 0.0000000000
58939  -25.919  -37.189  73.765 0.0000000000
61110  -22.798  -34.687  77.015 0.0000000000
94181  -54.747  -7.491  54.987 0.0000000000
78708  -41.102  -19.746  64.063 0.0000000000
60116  -10.196  -36.232  67.719 0.0000000000
76385  -1.683  -22.923  69.148 0.0000000000
64594  -1.934  -34.455  70.379 0.0000000000
65773  -1.894  -33.359  66.073 0.0000000000
59115  -2.266  -39.080  63.648 0.0000000000
56756  -3.358  -38.703  79.722 0.0000000000
57848  -0.209  -39.102  79.369 0.0000000000
79818  -32.721  -20.113  68.090 0.0000000000
62185  -19.392  -34.113  79.208 0.0000000000
61211  -17.599  -35.583  70.722 0.0000000000
67891  -1.030  -29.766  75.515 0.0000000000
62244  -0.082  -36.131  73.872 0.0000000000
87892  -49.756  -13.022  59.261 0.0000000000
57871  -5.137  -37.958  75.702 0.0000000000
60056  -7.845  -36.987  72.848 0.0000000000
70264  -2.596  -28.291  67.830 0.0000000000
66886  -1.852  -32.052  62.245 0.0000000000
66680  -1.312  -31.491  81.854 0.0000000000
61115  0.448  -37.773  76.813 0.0000000000
55759  1.622  -41.767  71.657 0.0000000000
65696  -31.984  -31.289  76.322 0.0000000000
63402  -29.164  -33.718  74.654 0.0000000000
65720  -30.514  -31.424  73.999 0.0000000000
60042  -28.282  -35.509  75.377 0.0000000000
58962  -27.739  -37.550  72.435 0.0000000000
60006  -26.623  -35.409  77.245 0.0000000000
92185  -54.557  -9.459  56.105 0.0000000000
86864  -48.507  -12.722  55.802 0.0000000000
88969  -50.443  -10.936  55.430 0.0000000000
91154  -50.542  -9.447  53.973 0.0000000000
77518  -39.666  -21.071  64.582 0.0000000000
78704  -34.066  -20.724  63.341 0.0000000000
77554  -36.103  -21.189  62.361 0.0000000000
76466  -38.282  -21.112  61.700 0.0000000000
61238  -0.667  -36.991  69.026 0.0000000000
62331  -1.937  -35.999  67.308 0.0000000000
57960  -1.430  -39.257  66.105 0.0000000000
54778  -0.996  -42.105  63.136 0.0000000000
54736  -0.215  -42.979  65.103 0.0000000000
54604  -2.719  -41.409  75.104 0.0000000000
53400  -0.790  -41.584  76.474 0.0000000000
78625  -33.060  -22.346  69.714 0.0000000000
69079  -33.420  -28.214  70.001 0.0000000000
67949  -32.770  -29.338  67.179 0.0000000000
72731  -33.907  -26.510  68.079 0.0000000000
76419  -32.677  -24.140  67.262 0.0000000000
63304  -21.605  -33.129  81.694 0.0000000000
61166  -21.865  -34.769  73.341 0.0000000000
61164  -19.850  -34.714  73.817 0.0000000000
95228  -51.826  -6.257  51.695 0.0000000000
96188  -52.334  -4.593  49.376 0.0000000000
67879  -0.711  -29.922  77.305 0.0000000000
64553  -1.564  -33.888  74.955 0.0000000000
64540  -1.119  -33.903  77.368 0.0000000000
86822  -47.046  -13.618  60.809 0.0000000000
82220  -40.566  -17.790  60.475 0.0000000000
84540  -42.162  -15.666  59.529 0.0000000000
85729  -44.170  -14.021  58.087 0.0000000000
59996  -6.140  -36.278  78.681 0.0000000000
60012  -6.813  -35.773  76.960 0.0000000000
70223  -1.320  -27.487  72.028 0.0000000000
71480  -1.352  -26.544  70.542 0.0000000000
69076  -2.576  -28.502  70.524 0.0000000000
62367  -1.591  -34.918  63.364 0.0000000000
65788  -2.119  -32.750  64.240 0.0000000000
63527  -1.418  -33.972  61.613 0.0000000000
65610  -2.258  -32.317  82.947 0.0000000000
55729  1.129  -41.503  76.632 0.0000000000
58913  0.513  -38.858  78.085 0.0000000000
57866  1.407  -40.253  75.972 0.0000000000
58936  1.561  -39.688  73.992 0.0000000000
54618  2.315  -42.636  72.528 0.0000000000
66777  -32.318  -29.596  71.816 0.0000000000
62175  -23.586  -33.915  79.737 0.0000000000
61063  -25.662  -34.698  79.074 0.0000000000
60024  -24.447  -35.923  75.166 0.0000000000
94194  -54.562  -6.203  53.548 0.0000000000
93166  -51.340  -7.477  52.539 0.0000000000
82187  -43.864  -17.477  63.439 0.0000000000
78738  -39.856  -20.394  61.175 0.0000000000
62298  -14.928  -34.260  68.710 0.0000000000
63425  -12.761  -33.397  70.272 0.0000000000
73971  -1.119  -24.703  67.331 0.0000000000
65725  -3.486  -32.010  71.816 0.0000000000
66785  -3.953  -31.884  69.875 0.0000000000
65744  -1.906  -33.614  68.495 0.0000000000
62353  -1.482  -35.487  64.717 0.0000000000
59132  -1.821  -38.636  62.160 0.0000000000
58894  -4.108  -37.024  82.075 0.0000000000
59966  -2.273  -36.530  82.021 0.0000000000
55709  -1.586  -40.000  79.745 0.0000000000
53388  -0.012  -41.661  77.706 0.0000000000
79836  -35.339  -19.061  66.838 0.0000000000
77514  -32.010  -22.088  65.238 0.0000000000
62223  -18.001  -34.035  75.940 0.0000000000
61074  -21.103  -34.745  79.005 0.0000000000
61135  -19.017  -34.738  75.553 0.0000000000
61175  -17.006  -34.691  72.126 0.0000000000
71453  -0.665  -27.264  73.784 0.0000000000
71430  -0.426  -27.600  75.546 0.0000000000
67901  -1.842  -29.270  74.184 0.0000000000
65707  -2.639  -32.144  73.769 0.0000000000
63413  -0.967  -35.820  71.936 0.0000000000
61221  -0.059  -37.841  70.541 0.0000000000
88932  -51.602  -12.476  58.253 0.0000000000
85732  -46.678  -13.113  56.239 0.0000000000
58907  -5.164  -36.700  80.558 0.0000000000
56769  -4.201  -38.949  77.179 0.0000000000
55739  -3.263  -40.506  74.407 0.0000000000
63415  -10.260  -33.537  71.812 0.0000000000
62245  -9.112  -34.240  73.985 0.0000000000
61131  -7.857  -34.621  75.877 0.0000000000
58937  -6.726  -37.677  74.038 0.0000000000
56782  -4.851  -39.825  72.753 0.0000000000
75204  -2.406  -23.997  71.224 0.0000000000
72717  -1.375  -25.660  69.045 0.0000000000
70273  -2.636  -27.434  66.606 0.0000000000
66822  -4.799  -30.706  67.225 0.0000000000
67969  -4.405  -30.060  64.825 0.0000000000
69150  -3.573  -29.405  62.449 0.0000000000
66714  -0.408  -31.525  80.416 0.0000000000
62142  -0.991  -35.541  81.704 0.0000000000
63327  -0.295  -34.656  80.435 0.0000000000
64531  -0.547  -34.653  78.692 0.0000000000
62227  0.535  -36.802  75.658 0.0000000000
58972  1.143  -39.041  72.184 0.0000000000
56816  1.148  -40.886  69.588 0.0000000000
49924  3.281  -46.410  71.705 0.0000000000
51183  2.992  -45.379  70.373 0.0000000000
53592  0.913  -43.798  66.842 0.0000000000
64551  -31.065  -32.152  76.465 0.0000000000
64538  -31.510  -31.646  77.940 0.0000000000
62242  -29.563  -33.581  75.881 0.0000000000
63394  -30.423  -32.344  75.637 0.0000000000
61141  -29.064  -34.658  75.937 0.0000000000
61155  -28.804  -34.888  75.217 0.0000000000
63359  -30.284  -32.978  77.587 0.0000000000
61127  -28.823  -34.483  76.782 0.0000000000
91126  -54.027  -10.640  56.460 0.0000000000
88945  -51.016  -11.658  56.452 0.0000000000
87922  -49.516  -11.907  55.898 0.0000000000
90038  -52.460  -10.915  56.146 0.0000000000
91143  -52.442  -10.323  55.524 0.0000000000
78672  -38.502  -20.894  64.834 0.0000000000
78660  -40.386  -21.134  66.002 0.0000000000
78644  -39.048  -20.596  66.672 0.0000000000
78705  -35.334  -21.061  62.944 0.0000000000
78692  -36.510  -20.825  63.922 0.0000000000
77536  -37.990  -20.850  63.306 0.0000000000
59037  -0.068  -38.766  68.191 0.0000000000
60129  -0.804  -38.042  67.907 0.0000000000
57958  -0.326  -40.061  66.863 0.0000000000
55821  -0.636  -41.226  65.397 0.0000000000
55806  0.047  -41.587  66.624 0.0000000000
53445  -2.382  -42.307  73.868 0.0000000000
53444  -1.942  -42.615  74.285 0.0000000000
72716  -34.597  -26.549  70.429 0.0000000000
70249  -33.885  -27.583  69.088 0.0000000000
73963  -34.081  -25.590  69.433 0.0000000000
75248  -33.587  -24.555  69.405 0.0000000000
95231  -53.881  -5.549  52.150 0.0000000000
95236  -52.071  -5.553  51.020 0.0000000000
96191  -53.839  -3.884  49.612 0.0000000000
67870  -0.828  -30.430  78.434 0.0000000000
66745  -1.277  -31.744  77.051 0.0000000000
66728  -1.289  -32.052  78.463 0.0000000000
86821  -45.923  -14.142  61.264 0.0000000000
86796  -48.993  -13.702  62.555 0.0000000000
83390  -42.994  -16.544  61.295 0.0000000000
83401  -41.953  -16.371  60.277 0.0000000000
84528  -43.616  -15.534  60.892 0.0000000000
85716  -44.687  -14.320  60.073 0.0000000000
62193  -7.822  -33.985  78.647 0.0000000000
62202  -8.141  -34.115  77.996 0.0000000000
65703  -16.246  -32.301  74.515 0.0000000000
65710  -14.954  -32.026  73.716 0.0000000000
72757  -2.362  -25.336  65.956 0.0000000000
69068  -1.687  -28.218  71.787 0.0000000000
70225  -1.781  -28.106  71.508 0.0000000000
69070  -2.637  -29.127  71.514 0.0000000000
61369  -1.747  -36.187  61.753 0.0000000000
62397  -1.474  -34.433  62.340 0.0000000000
61382  -2.111  -36.165  61.377 0.0000000000
67790  -3.507  -30.744  83.413 0.0000000000
65612  -3.263  -32.315  83.507 0.0000000000
54599  1.760  -42.436  75.852 0.0000000000
56767  1.387  -40.894  76.234 0.0000000000
55735  1.652  -41.762  74.986 0.0000000000
55738  1.776  -41.778  74.058 0.0000000000
53462  2.198  -43.615  73.509 0.0000000000
66765  -31.861  -30.465  74.613 0.0000000000
66770  -31.526  -30.289  73.530 0.0000000000
67905  -32.978  -29.447  73.241 0.0000000000
69057  -33.399  -28.897  72.622 0.0000000000
60027  -26.529  -36.005  75.850 0.0000000000
60015  -25.365  -35.846  76.308 0.0000000000
60037  -24.998  -36.495  74.644 0.0000000000
61168  -23.596  -35.969  72.902 0.0000000000
94182  -54.700  -6.860  54.549 0.0000000000
93152  -52.457  -8.518  54.058 0.0000000000
93156  -50.777  -8.375  53.185 0.0000000000
93158  -52.805  -7.749  53.591 0.0000000000
94191  -53.090  -6.889  52.975 0.0000000000
81047  -42.416  -18.427  63.694 0.0000000000
82177  -44.016  -18.328  64.253 0.0000000000
81029  -43.283  -18.973  64.760 0.0000000000
77576  -39.771  -20.646  62.671 0.0000000000
76497  -38.696  -21.096  61.010 0.0000000000
78729  -40.132  -20.191  62.246 0.0000000000
81056  -41.208  -18.849  62.467 0.0000000000
77473  -1.672  -22.179  68.688 0.0000000000
76397  -0.885  -23.761  67.750 0.0000000000
76383  -1.135  -23.973  68.410 0.0000000000
64588  -2.747  -33.431  70.999 0.0000000000
64596  -2.697  -33.200  70.300 0.0000000000
64606  -1.869  -34.284  69.280 0.0000000000
61291  -1.648  -36.915  65.735 0.0000000000
61274  -1.763  -36.492  66.477 0.0000000000
61309  -1.700  -36.703  64.788 0.0000000000
61326  -1.637  -36.602  63.761 0.0000000000
59113  -1.586  -38.231  62.853 0.0000000000
56909  -2.029  -40.766  62.452 0.0000000000
57844  -3.326  -37.844  80.536 0.0000000000
57838  -2.977  -37.920  81.102 0.0000000000
56754  -2.290  -40.027  79.534 0.0000000000
52248  -0.165  -43.051  75.768 0.0000000000
53393  -0.463  -41.617  77.032 0.0000000000
52227  0.265  -42.794  76.244 0.0000000000
52225  1.086  -43.129  76.183 0.0000000000
80997  -33.851  -19.306  67.179 0.0000000000
77490  -32.448  -22.549  68.266 0.0000000000
77506  -31.981  -22.842  66.441 0.0000000000
78639  -32.145  -20.880  66.791 0.0000000000
79850  -33.109  -19.875  65.949 0.0000000000
63341  -18.893  -32.787  79.110 0.0000000000
63348  -18.341  -32.994  77.888 0.0000000000
62205  -18.602  -34.176  77.678 0.0000000000
61076  -23.181  -34.548  78.550 0.0000000000
61047  -22.212  -34.428  79.877 0.0000000000
61093  -22.484  -34.469  77.968 0.0000000000
61178  -19.178  -35.010  72.954 0.0000000000
61149  -18.964  -34.947  74.653 0.0000000000
61162  -18.268  -35.151  73.663 0.0000000000
61161  -17.602  -34.830  73.465 0.0000000000
61191  -17.173  -35.335  71.432 0.0000000000
61209  -16.283  -34.566  69.809 0.0000000000
67886  -0.886  -29.522  76.284 0.0000000000
69032  -0.888  -28.827  75.608 0.0000000000
69041  -0.984  -28.496  74.563 0.0000000000
67895  -1.685  -30.377  74.863 0.0000000000
67897  -2.592  -31.279  73.922 0.0000000000
66759  -2.119  -31.721  74.817 0.0000000000
63387  -0.953  -34.806  74.330 0.0000000000
64569  -1.552  -34.245  73.548 0.0000000000
63404  -0.686  -35.595  72.806 0.0000000000
62277  -0.676  -36.623  71.439 0.0000000000
62276  -0.325  -37.060  72.139 0.0000000000
87893  -51.048  -12.952  59.197 0.0000000000
88922  -52.944  -12.044  59.806 0.0000000000
87876  -52.010  -12.691  60.626 0.0000000000
86848  -47.092  -13.011  58.319 0.0000000000
85739  -45.070  -13.158  56.350 0.0000000000
86849  -47.911  -12.972  57.699 0.0000000000
87906  -49.246  -12.449  57.222 0.0000000000
61041  -6.241  -34.883  81.065 0.0000000000
58921  -5.453  -37.404  77.278 0.0000000000
58914  -5.361  -37.306  78.458 0.0000000000
57867  -4.710  -38.468  77.022 0.0000000000
56771  -3.856  -39.780  75.640 0.0000000000
56776  -4.233  -39.425  74.895 0.0000000000
62295  -11.569  -34.292  68.961 0.0000000000
63424  -11.541  -33.122  70.631 0.0000000000
62294  -10.495  -34.336  69.639 0.0000000000
60080  -8.815  -37.134  71.196 0.0000000000
61174  -9.381  -34.948  72.626 0.0000000000
61158  -8.471  -35.375  73.766 0.0000000000
62238  -8.676  -34.135  74.878 0.0000000000
60047  -7.723  -35.709  74.269 0.0000000000
60034  -7.091  -36.111  74.823 0.0000000000
58946  -7.194  -37.429  73.388 0.0000000000
56801  -4.794  -40.166  71.067 0.0000000000
75192  -1.976  -24.527  72.298 0.0000000000
70243  -1.840  -26.929  69.305 0.0000000000
71489  -1.400  -26.201  69.488 0.0000000000
70250  -1.863  -26.568  68.307 0.0000000000
70261  -1.892  -26.360  67.794 0.0000000000
70274  -2.774  -28.187  66.792 0.0000000000
65766  -3.084  -32.517  67.950 0.0000000000
66798  -4.402  -31.381  68.617 0.0000000000
66807  -3.141  -32.359  66.924 0.0000000000
66846  -2.198  -32.667  63.363 0.0000000000
66849  -3.628  -31.656  64.429 0.0000000000
66867  -2.759  -31.755  63.128 0.0000000000
69141  -4.381  -29.491  63.601 0.0000000000
68003  -2.845  -30.613  62.110 0.0000000000
69148  -2.500  -30.503  61.686 0.0000000000
66704  -0.591  -31.482  80.947 0.0000000000
58897  -1.501  -37.806  81.018 0.0000000000
61030  -1.564  -36.062  81.834 0.0000000000
59985  -0.873  -37.762  80.660 0.0000000000
60001  0.449  -38.261  77.743 0.0000000000
61052  -0.305  -36.514  79.695 0.0000000000
62192  -0.158  -36.282  78.727 0.0000000000
63345  -0.398  -35.341  78.881 0.0000000000
62210  -0.034  -36.445  77.280 0.0000000000
63361  -0.066  -35.910  76.960 0.0000000000
61116  0.480  -37.402  76.447 0.0000000000
57885  1.844  -40.042  72.820 0.0000000000
58944  1.561  -39.352  73.179 0.0000000000
57900  1.354  -39.792  71.970 0.0000000000
57910  0.917  -39.992  71.101 0.0000000000
55768  1.384  -41.542  70.348 0.0000000000
47428  3.372  -48.351  70.618 0.0000000000
49937  3.263  -46.388  70.779 0.0000000000
66757  -32.889  -30.192  75.673 0.0000000000
62272  -29.285  -34.742  72.417 0.0000000000
63420  -29.256  -33.555  72.709 0.0000000000
63412  -29.520  -32.669  73.908 0.0000000000
65712  -31.240  -31.165  74.928 0.0000000000
58934  -27.082  -36.897  74.884 0.0000000000
60051  -27.707  -36.293  73.971 0.0000000000
61169  -28.732  -35.726  73.321 0.0000000000
60019  -27.909  -35.040  76.698 0.0000000000
93146  -54.793  -8.136  55.505 0.0000000000
87933  -48.483  -12.452  54.559 0.0000000000
88971  -48.788  -10.920  54.109 0.0000000000
90054  -49.266  -9.968  53.647 0.0000000000
90050  -50.321  -10.166  54.424 0.0000000000
92194  -52.878  -9.288  54.765 0.0000000000
78707  -40.696  -20.230  64.200 0.0000000000
79867  -42.070  -19.787  65.251 0.0000000000
78674  -41.051  -20.738  65.333 0.0000000000
79826  -42.368  -19.665  67.229 0.0000000000
78715  -32.293  -21.399  63.278 0.0000000000
78727  -32.903  -21.133  61.887 0.0000000000
77586  -34.329  -21.459  61.215 0.0000000000
77587  -35.537  -21.752  60.918 0.0000000000
76477  -36.074  -21.671  60.280 0.0000000000
77573  -37.351  -21.032  61.777 0.0000000000
77558  -38.926  -20.896  62.827 0.0000000000
63434  -1.532  -35.757  70.010 0.0000000000
63443  -1.692  -35.678  69.052 0.0000000000
61255  -1.301  -37.111  67.871 0.0000000000
60146  -1.433  -38.156  66.556 0.0000000000
59084  -2.214  -38.989  65.110 0.0000000000
56893  -2.106  -40.525  63.546 0.0000000000
55839  -1.640  -40.715  64.517 0.0000000000
55853  -0.412  -42.125  64.308 0.0000000000
55727  -2.822  -39.973  77.073 0.0000000000
55725  -1.663  -40.420  77.794 0.0000000000
54600  -1.693  -41.324  75.883 0.0000000000
78624  -32.977  -21.468  69.509 0.0000000000
67923  -32.446  -28.980  69.909 0.0000000000
66803  -32.373  -29.603  68.409 0.0000000000
67933  -33.110  -28.291  68.750 0.0000000000
70265  -33.366  -27.552  67.539 0.0000000000
72740  -33.367  -26.522  67.204 0.0000000000
73969  -33.413  -25.254  68.014 0.0000000000
76403  -32.865  -23.477  68.397 0.0000000000
62155  -20.212  -33.677  80.798 0.0000000000
61139  -22.831  -35.050  75.089 0.0000000000
61124  -21.719  -34.572  76.283 0.0000000000
61165  -20.831  -34.524  73.607 0.0000000000
61194  -19.418  -34.939  72.208 0.0000000000
94212  -50.480  -5.779  50.196 0.0000000000
95250  -50.464  -5.371  48.946 0.0000000000
96197  -51.195  -4.748  48.407 0.0000000000
96209  -51.830  -4.419  47.563 0.0000000000
67887  -0.980  -30.584  76.732 0.0000000000
66752  -1.836  -32.126  75.514 0.0000000000
66751  -1.507  -31.846  76.193 0.0000000000
64546  -1.200  -34.001  76.223 0.0000000000
63379  -0.836  -34.817  75.310 0.0000000000
87890  -47.799  -13.233  59.740 0.0000000000
87857  -49.547  -13.327  61.423 0.0000000000
83412  -40.055  -16.504  58.197 0.0000000000
84552  -41.430  -15.310  57.942 0.0000000000
84560  -42.064  -14.822  57.259 0.0000000000
85728  -43.526  -14.473  58.706 0.0000000000
86846  -45.546  -13.778  59.572 0.0000000000
61042  -6.636  -34.664  80.893 0.0000000000
61069  -6.576  -34.794  79.370 0.0000000000
60003  -6.565  -35.777  78.046 0.0000000000
58923  -6.446  -36.415  76.871 0.0000000000
59024  -8.435  -38.205  69.294 0.0000000000
57901  -7.228  -38.754  71.357 0.0000000000
72678  -1.233  -26.102  72.382 0.0000000000
72692  -1.360  -25.958  71.763 0.0000000000
71481  -1.398  -27.176  71.018 0.0000000000
70233  -1.712  -27.343  70.435 0.0000000000
69080  -2.677  -28.348  69.302 0.0000000000
65780  -1.604  -33.468  65.187 0.0000000000
65781  -1.796  -32.818  65.148 0.0000000000
64646  -1.812  -33.892  63.504 0.0000000000
65799  -1.677  -33.226  62.531 0.0000000000
65806  -1.348  -33.105  62.125 0.0000000000
70056  -3.774  -28.862  82.992 0.0000000000
68910  -2.505  -30.334  83.138 0.0000000000
66667  -1.717  -31.595  82.450 0.0000000000
56758  0.652  -39.970  78.061 0.0000000000
57846  0.019  -38.855  79.177 0.0000000000
57858  0.868  -39.827  77.364 0.0000000000
57862  1.054  -39.562  76.907 0.0000000000
58925  1.153  -39.190  76.000 0.0000000000
60033  1.001  -38.750  75.514 0.0000000000
58928  1.469  -39.606  74.853 0.0000000000
56778  1.790  -40.908  73.813 0.0000000000
54626  2.110  -42.597  71.711 0.0000000000
66789  -30.600  -30.530  70.249 0.0000000000
64593  -29.884  -31.773  72.987 0.0000000000
66781  -30.315  -30.604  71.419 0.0000000000
66783  -32.082  -29.700  70.895 0.0000000000
67915  -32.866  -28.740  71.133 0.0000000000
70232  -33.872  -27.867  71.315 0.0000000000
61077  -24.217  -35.046  78.457 0.0000000000
61079  -26.136  -34.903  78.507 0.0000000000
61095  -24.662  -35.682  77.665 0.0000000000
61111  -23.844  -35.511  76.800 0.0000000000
61153  -22.858  -35.090  74.093 0.0000000000
92211  -49.437  -8.344  52.124 0.0000000000
94199  -51.107  -6.842  51.874 0.0000000000
95222  -53.696  -6.250  52.792 0.0000000000
83382  -43.876  -16.422  62.423 0.0000000000
84512  -45.803  -15.772  63.213 0.0000000000
83363  -44.743  -17.130  63.734 0.0000000000
76494  -37.116  -21.624  59.833 0.0000000000
79920  -40.114  -19.776  60.934 0.0000000000
82204  -41.185  -18.005  61.548 0.0000000000
62265  -15.240  -33.763  70.932 0.0000000000
63409  -14.281  -33.017  71.525 0.0000000000
62280  -14.054  -33.954  70.006 0.0000000000
62309  -12.050  -34.371  68.281 0.0000000000
73980  -1.354  -24.459  66.643 0.0000000000
71536  -1.938  -25.501  66.550 0.0000000000
67912  -3.507  -30.416  71.968 0.0000000000
69072  -3.906  -30.274  71.053 0.0000000000
66778  -3.905  -31.557  70.777 0.0000000000
65746  -2.828  -32.796  69.121 0.0000000000
65755  -1.950  -33.637  67.579 0.0000000000
63452  -1.948  -35.413  68.031 0.0000000000
63461  -1.969  -35.066  66.839 0.0000000000
63468  -1.763  -34.704  65.883 0.0000000000
62352  -1.505  -34.929  64.095 0.0000000000
62131  -3.252  -34.892  82.834 0.0000000000
59968  -3.023  -36.519  82.361 0.0000000000
57831  -1.937  -37.760  81.831 0.0000000000
56746  -1.022  -39.458  79.848 0.0000000000
54587  -1.173  -40.828  78.138 0.0000000000
54582  -0.609  -40.747  78.686 0.0000000000
55711  0.036  -40.528  78.490 0.0000000000
54589  0.583  -41.265  77.286 0.0000000000
53395  1.611  -42.656  76.151 0.0000000000
52260  1.807  -43.721  74.693 0.0000000000
78656  -36.297  -19.775  66.120 0.0000000000
78643  -38.028  -20.203  66.951 0.0000000000
79820  -36.534  -18.979  67.528 0.0000000000
66827  -32.257  -30.175  66.628 0.0000000000
76448  -32.165  -23.108  63.421 0.0000000000
79884  -34.393  -20.097  64.996 0.0000000000
64550  -17.410  -32.946  75.744 0.0000000000
63382  -17.122  -33.614  74.558 0.0000000000
62147  -22.225  -33.432  80.849 0.0000000000
61046  -21.391  -34.548  80.084 0.0000000000
61073  -20.252  -34.871  79.061 0.0000000000
61123  -20.592  -34.526  76.456 0.0000000000
61107  -19.675  -34.924  77.399 0.0000000000
61106  -19.035  -34.819  77.376 0.0000000000
61133  -18.031  -34.266  75.524 0.0000000000
61146  -17.303  -34.191  73.948 0.0000000000
62255  -16.441  -33.990  72.084 0.0000000000
61189  -15.915  -34.303  70.227 0.0000000000
96219  -52.730  -4.457  46.555 0.0000000000
96239  -53.250  -4.569  45.089 0.0000000000
95275  -54.314  -4.272  44.393 0.0000000000
70214  -1.226  -27.598  72.887 0.0000000000
70215  -1.474  -28.127  72.872 0.0000000000
71442  -0.428  -27.453  74.693 0.0000000000
69051  -1.626  -28.611  73.843 0.0000000000
67907  -2.516  -29.866  73.156 0.0000000000
67903  -2.723  -30.819  73.559 0.0000000000
65716  -2.786  -32.362  73.223 0.0000000000
64578  -2.154  -33.988  72.088 0.0000000000
64554  -1.938  -33.309  74.517 0.0000000000
63406  -1.709  -34.415  72.535 0.0000000000
63414  -1.420  -35.213  71.532 0.0000000000
62293  -0.928  -36.510  70.471 0.0000000000
61222  -0.436  -37.244  70.093 0.0000000000
59022  0.391  -38.867  69.391 0.0000000000
88938  -52.466  -11.931  57.606 0.0000000000
84574  -42.881  -14.681  56.279 0.0000000000
84592  -43.716  -14.525  55.419 0.0000000000
84577  -46.128  -13.984  55.411 0.0000000000
86863  -47.797  -12.955  56.154 0.0000000000
87907  -50.092  -12.214  56.970 0.0000000000
58901  -4.741  -36.805  81.365 0.0000000000
57850  -4.158  -37.719  79.719 0.0000000000
59991  -5.535  -36.254  80.150 0.0000000000
57851  -4.666  -37.606  79.359 0.0000000000
56761  -4.175  -38.520  78.588 0.0000000000
54605  -3.017  -40.945  74.947 0.0000000000
65726  -13.302  -32.344  72.198 0.0000000000
64572  -12.122  -32.154  72.892 0.0000000000
64562  -11.010  -33.003  73.957 0.0000000000
61188  -9.468  -35.186  71.668 0.0000000000
63407  -9.879  -33.560  72.784 0.0000000000
64555  -10.914  -32.816  74.714 0.0000000000
63380  -9.142  -33.529  75.452 0.0000000000
62222  -9.001  -33.355  76.649 0.0000000000
62212  -8.642  -33.864  77.241 0.0000000000
60023  -7.317  -35.233  76.237 0.0000000000
58931  -6.574  -36.489  75.358 0.0000000000
57872  -5.663  -37.445  75.281 0.0000000000
56792  -5.837  -39.243  72.145 0.0000000000
56783  -5.441  -39.228  73.395 0.0000000000
56780  -5.174  -39.067  74.430 0.0000000000
55743  -4.072  -40.246  73.157 0.0000000000
75217  -2.371  -23.518  70.523 0.0000000000
73935  -1.562  -25.372  70.551 0.0000000000
75215  -1.723  -24.571  69.920 0.0000000000
75232  -1.439  -24.211  69.122 0.0000000000
72723  -1.350  -25.422  68.199 0.0000000000
71525  -2.088  -26.205  67.097 0.0000000000
70282  -2.780  -26.600  66.070 0.0000000000
67921  -4.219  -30.364  70.001 0.0000000000
69090  -4.487  -29.874  68.557 0.0000000000
69100  -3.833  -29.140  67.594 0.0000000000
66833  -2.944  -32.130  65.161 0.0000000000
67947  -4.486  -30.238  66.200 0.0000000000
69111  -4.058  -29.395  66.519 0.0000000000
69121  -3.733  -28.727  65.200 0.0000000000
69131  -3.920  -28.515  64.581 0.0000000000
70300  -3.919  -28.215  63.750 0.0000000000
69149  -3.297  -29.450  62.197 0.0000000000
63288  -2.000  -34.483  82.663 0.0000000000
63286  -1.257  -34.227  82.151 0.0000000000
64486  -1.171  -33.641  81.929 0.0000000000
59990  -0.272  -37.572  79.629 0.0000000000
62150  -0.522  -35.601  80.785 0.0000000000
64500  -0.525  -33.411  81.187 0.0000000000
65654  -0.391  -32.480  80.824 0.0000000000
65671  -0.236  -32.691  79.700 0.0000000000
65672  -0.645  -32.694  79.255 0.0000000000
64539  -0.804  -34.405  77.711 0.0000000000
63370  0.037  -35.699  76.307 0.0000000000
62236  0.036  -36.208  74.701 0.0000000000
61156  0.759  -38.092  74.337 0.0000000000
61171  0.744  -37.958  73.540 0.0000000000
61172  0.606  -37.267  73.144 0.0000000000
60091  0.625  -38.762  71.361 0.0000000000
59006  0.547  -38.964  70.210 0.0000000000
56821  0.832  -40.876  68.761 0.0000000000
51123  2.624  -45.401  73.294 0.0000000000
48650  3.068  -47.381  72.413 0.0000000000
51138  2.922  -45.567  72.834 0.0000000000
52318  2.768  -44.495  72.042 0.0000000000
52332  2.711  -44.417  71.067 0.0000000000
53527  2.227  -43.371  70.792 0.0000000000
52357  2.220  -44.448  69.091 0.0000000000
53546  1.979  -43.575  69.700 0.0000000000
54668  1.419  -42.529  68.993 0.0000000000
55792  0.908  -41.917  68.469 0.0000000000
55805  0.463  -41.923  67.121 0.0000000000
54720  0.212  -43.097  66.217 0.0000000000
53627  0.080  -43.978  65.106 0.0000000000
63377  -30.570  -32.776  76.715 0.0000000000
64544  -31.133  -32.224  77.079 0.0000000000
63368  -30.715  -32.683  77.369 0.0000000000
63384  -30.000  -33.138  76.239 0.0000000000
63385  -30.495  -32.584  76.123 0.0000000000
62226  -29.754  -33.512  76.662 0.0000000000
62241  -29.239  -34.201  75.723 0.0000000000
63367  -30.259  -33.139  77.014 0.0000000000
62225  -29.480  -33.788  76.725 0.0000000000
63360  -30.675  -32.571  77.958 0.0000000000
92169  -54.542  -9.304  57.460 0.0000000000
91127  -54.432  -10.377  57.050 0.0000000000
88946  -51.917  -11.591  56.670 0.0000000000
88956  -51.476  -11.234  56.176 0.0000000000
90039  -53.125  -11.048  56.456 0.0000000000
78671  -37.587  -20.676  64.800 0.0000000000
78658  -38.458  -20.744  65.802 0.0000000000
78670  -36.394  -20.371  65.149 0.0000000000
78693  -37.533  -20.837  63.854 0.0000000000
57945  -0.207  -39.635  67.380 0.0000000000
56829  -0.030  -40.271  67.062 0.0000000000
56837  -0.312  -40.722  66.525 0.0000000000
56836  0.232  -41.245  66.947 0.0000000000
52274  -1.882  -42.959  73.605 0.0000000000
72715  -34.440  -26.227  69.790 0.0000000000
66735  -1.232  -31.324  78.171 0.0000000000
66727  -1.071  -31.607  78.870 0.0000000000
85701  -45.368  -14.563  61.610 0.0000000000
86808  -46.178  -14.450  62.137 0.0000000000
85677  -45.444  -15.111  62.448 0.0000000000
84519  -44.101  -15.718  61.760 0.0000000000
84518  -43.416  -16.103  61.314 0.0000000000
85688  -44.549  -15.023  61.485 0.0000000000
85699  -44.232  -14.955  60.947 0.0000000000
63346  -9.013  -33.217  78.491 0.0000000000
62194  -8.390  -33.538  78.844 0.0000000000
62203  -8.673  -33.742  77.959 0.0000000000
64557  -16.527  -33.051  74.299 0.0000000000
64565  -15.884  -32.673  73.935 0.0000000000
64564  -15.642  -32.857  73.331 0.0000000000
71551  -2.749  -25.871  65.727 0.0000000000
72758  -2.978  -25.730  65.448 0.0000000000
69059  -1.661  -28.404  72.390 0.0000000000
69069  -1.958  -28.469  71.519 0.0000000000
64467  -3.856  -33.158  83.464 0.0000000000
53427  1.618  -43.181  74.960 0.0000000000
54603  1.639  -42.562  75.134 0.0000000000
54606  1.803  -42.652  74.231 0.0000000000
66763  -32.678  -29.900  74.978 0.0000000000
67898  -32.484  -29.785  74.205 0.0000000000
67899  -33.000  -29.433  74.331 0.0000000000
69048  -33.616  -29.090  73.631 0.0000000000
60038  -25.795  -36.828  74.956 0.0000000000
60050  -25.431  -37.018  74.048 0.0000000000
94185  -54.394  -7.205  54.386 0.0000000000
93153  -53.581  -8.073  54.407 0.0000000000
93154  -53.966  -7.816  54.569 0.0000000000
94184  -53.860  -7.541  54.240 0.0000000000
79894  -41.702  -19.098  63.909 0.0000000000
81039  -42.835  -18.733  64.194 0.0000000000
79895  -42.263  -19.149  64.473 0.0000000000
78719  -40.504  -20.148  63.290 0.0000000000
78720  -41.005  -19.601  63.403 0.0000000000
79903  -41.204  -19.226  63.042 0.0000000000
77458  -2.287  -21.968  69.639 0.0000000000
77474  -1.922  -22.316  69.202 0.0000000000
76384  -1.386  -23.276  68.693 0.0000000000
64587  -2.164  -33.931  71.083 0.0000000000
64595  -2.197  -33.694  70.123 0.0000000000
60182  -2.278  -38.094  64.678 0.0000000000
60181  -1.977  -37.401  65.123 0.0000000000
60201  -2.157  -38.154  64.143 0.0000000000
60218  -1.726  -38.029  63.412 0.0000000000
59114  -1.998  -38.888  63.178 0.0000000000
59133  -1.950  -39.043  62.625 0.0000000000
58015  -2.222  -39.877  62.863 0.0000000000
56749  -2.863  -38.648  80.263 0.0000000000
56755  -2.783  -39.628  79.370 0.0000000000
52247  -0.124  -43.334  75.774 0.0000000000
80986  -33.567  -19.336  67.701 0.0000000000
80987  -34.268  -18.840  68.009 0.0000000000
80970  -33.316  -19.396  68.582 0.0000000000
66801  -30.831  -30.342  69.060 0.0000000000
78640  -32.201  -21.143  67.371 0.0000000000
79834  -33.135  -19.669  66.955 0.0000000000
63331  -19.498  -33.027  80.550 0.0000000000
62168  -19.224  -33.331  79.407 0.0000000000
62184  -18.984  -33.684  78.807 0.0000000000
62196  -18.911  -34.335  78.489 0.0000000000
61192  -17.936  -35.780  71.834 0.0000000000
61177  -18.427  -35.318  72.808 0.0000000000
61176  -17.684  -35.258  72.571 0.0000000000
61210  -16.896  -35.055  70.328 0.0000000000
61229  -17.333  -35.032  69.774 0.0000000000
67890  -0.996  -29.298  75.706 0.0000000000
69033  -1.000  -29.211  75.422 0.0000000000
69042  -1.101  -29.035  74.903 0.0000000000
66758  -1.652  -31.363  75.481 0.0000000000
63395  -0.531  -35.502  73.667 0.0000000000
62252  -0.148  -36.113  73.117 0.0000000000
62262  -0.451  -36.354  72.388 0.0000000000
62261  -0.084  -36.898  72.878 0.0000000000
87894  -51.874  -12.977  59.837 0.0000000000
87900  -47.938  -13.026  58.779 0.0000000000
87901  -48.916  -12.876  58.220 0.0000000000
57865  -5.395  -37.514  76.924 0.0000000000
57868  -4.993  -38.057  76.522 0.0000000000
56772  -4.533  -39.011  76.182 0.0000000000
56777  -4.945  -38.719  75.368 0.0000000000
61223  -10.559  -35.230  68.563 0.0000000000
60066  -8.117  -37.277  71.899 0.0000000000
60067  -8.473  -36.548  72.189 0.0000000000
60057  -8.147  -36.148  73.252 0.0000000000
60046  -7.407  -36.510  73.779 0.0000000000
58957  -7.543  -37.790  72.437 0.0000000000
76342  -2.066  -23.797  72.838 0.0000000000
70252  -2.289  -27.986  68.746 0.0000000000
70251  -2.121  -27.198  68.535 0.0000000000
70263  -2.278  -27.670  67.634 0.0000000000
65765  -2.703  -32.688  67.295 0.0000000000
65774  -2.224  -32.768  66.188 0.0000000000
66865  -1.893  -32.437  62.524 0.0000000000
66866  -2.150  -32.039  62.661 0.0000000000
67985  -2.506  -31.462  62.405 0.0000000000
67984  -2.131  -31.715  62.324 0.0000000000
68002  -2.081  -31.550  61.990 0.0000000000
68001  -1.775  -31.795  61.830 0.0000000000
68918  -1.546  -30.451  82.242 0.0000000000
66691  -0.873  -31.419  81.368 0.0000000000
57834  -0.994  -38.327  80.515 0.0000000000
58896  -1.047  -37.948  80.739 0.0000000000
58904  -0.855  -38.204  80.456 0.0000000000
61101  0.331  -37.691  77.461 0.0000000000
61085  -0.006  -36.826  78.311 0.0000000000
62200  0.088  -37.081  77.824 0.0000000000
62201  -0.214  -36.366  78.038 0.0000000000
62209  0.144  -37.083  77.368 0.0000000000
62218  0.263  -37.096  76.892 0.0000000000
56790  1.667  -40.857  72.303 0.0000000000
57899  1.620  -40.174  72.266 0.0000000000
56799  1.327  -40.868  71.520 0.0000000000
56808  1.267  -41.302  70.795 0.0000000000
55767  1.478  -41.827  70.791 0.0000000000
46246  3.450  -49.130  70.120 0.0000000000
47441  3.327  -48.307  69.701 0.0000000000
66756  -32.652  -30.637  76.080 0.0000000000
62260  -28.889  -34.542  73.761 0.0000000000
63411  -29.079  -33.556  73.599 0.0000000000
63403  -29.533  -32.863  74.588 0.0000000000
64559  -31.537  -31.626  76.132 0.0000000000
64567  -30.697  -31.762  75.239 0.0000000000
65704  -31.920  -31.200  75.779 0.0000000000
65714  -32.097  -30.896  75.542 0.0000000000
60041  -27.641  -36.067  75.068 0.0000000000
58942  -27.352  -36.607  74.393 0.0000000000
60052  -28.093  -35.784  74.469 0.0000000000
62250  -28.959  -34.445  74.832 0.0000000000
61170  -28.605  -35.269  74.076 0.0000000000
61185  -28.960  -35.351  73.139 0.0000000000
60030  -28.565  -34.993  76.231 0.0000000000
60020  -28.463  -34.662  76.874 0.0000000000
60029  -27.799  -35.451  75.954 0.0000000000
60040  -27.078  -36.352  75.366 0.0000000000
92190  -54.592  -8.758  55.599 0.0000000000
93138  -54.854  -8.138  56.031 0.0000000000
92186  -54.780  -8.753  56.064 0.0000000000
85756  -47.522  -13.729  55.029 0.0000000000
85767  -47.324  -13.805  54.655 0.0000000000
85757  -48.126  -13.472  55.109 0.0000000000
87930  -50.159  -11.346  55.799 0.0000000000
86882  -48.760  -12.476  54.964 0.0000000000
87934  -48.941  -11.946  54.773 0.0000000000
87940  -48.178  -12.100  54.120 0.0000000000
88972  -49.198  -11.212  54.566 0.0000000000
90055  -49.602  -10.485  54.243 0.0000000000
90051  -50.856  -10.511  55.152 0.0000000000
91144  -53.232  -9.923  55.394 0.0000000000
91150  -52.618  -9.920  55.155 0.0000000000
92189  -54.037  -9.288  55.388 0.0000000000
92195  -53.635  -8.944  54.926 0.0000000000
77539  -39.967  -20.868  64.084 0.0000000000
78694  -40.959  -20.416  64.829 0.0000000000
77519  -40.431  -20.982  64.929 0.0000000000
78646  -40.821  -20.610  66.551 0.0000000000
79840  -41.357  -20.331  66.631 0.0000000000
79825  -41.124  -19.876  66.888 0.0000000000
78703  -32.993  -20.835  63.623 0.0000000000
78716  -33.077  -20.899  62.783 0.0000000000
78718  -34.928  -21.175  62.228 0.0000000000
77571  -35.373  -21.332  61.874 0.0000000000
77572  -36.407  -21.317  61.596 0.0000000000
77555  -36.866  -20.888  62.362 0.0000000000
77537  -38.654  -20.916  63.494 0.0000000000
77557  -38.334  -20.883  62.717 0.0000000000
77538  -39.308  -20.947  63.746 0.0000000000
77559  -39.555  -20.837  63.245 0.0000000000
62308  -1.088  -36.408  69.535 0.0000000000
59051  -1.007  -38.757  66.852 0.0000000000
60130  -1.092  -38.094  67.192 0.0000000000
59052  -1.415  -38.834  66.347 0.0000000000
60147  -1.720  -38.323  66.054 0.0000000000
57974  -1.549  -39.671  65.687 0.0000000000
56863  -2.058  -40.053  64.553 0.0000000000
56849  -1.591  -40.126  65.279 0.0000000000
55837  -0.386  -41.905  64.940 0.0000000000
54737  -0.308  -42.426  64.545 0.0000000000
54756  -0.346  -42.610  63.927 0.0000000000
54755  -0.202  -43.381  64.568 0.0000000000
55730  -2.585  -40.498  76.565 0.0000000000
54598  -1.978  -40.829  76.526 0.0000000000
54601  -2.361  -41.156  75.696 0.0000000000
67920  -33.010  -28.511  70.280 0.0000000000
67932  -32.751  -28.670  68.864 0.0000000000
69084  -33.501  -28.029  69.352 0.0000000000
72722  -34.189  -26.363  68.979 0.0000000000
70254  -33.657  -27.530  68.248 0.0000000000
71517  -33.722  -27.107  67.759 0.0000000000
71526  -33.264  -27.180  67.115 0.0000000000
73978  -33.649  -26.123  67.736 0.0000000000
73977  -33.227  -25.622  67.340 0.0000000000
73970  -33.752  -25.719  68.401 0.0000000000
76395  -33.435  -24.062  69.773 0.0000000000
76404  -33.290  -23.909  68.927 0.0000000000
63302  -20.263  -32.867  81.792 0.0000000000
63319  -20.773  -33.414  81.456 0.0000000000
61152  -21.844  -34.664  74.374 0.0000000000
62248  -21.203  -34.562  73.222 0.0000000000
94205  -50.445  -6.082  51.016 0.0000000000
95235  -51.304  -5.924  51.200 0.0000000000
95245  -52.518  -4.951  50.148 0.0000000000
95244  -51.295  -5.296  49.970 0.0000000000
95251  -51.194  -4.968  49.029 0.0000000000
96198  -51.901  -4.505  48.669 0.0000000000
96189  -53.013  -4.307  49.374 0.0000000000
67888  -1.182  -31.232  76.476 0.0000000000
65684  -1.460  -32.779  77.598 0.0000000000
65691  -1.544  -32.875  76.790 0.0000000000
87871  -47.603  -13.427  60.375 0.0000000000
87856  -48.792  -13.403  61.092 0.0000000000
86823  -47.756  -13.561  60.776 0.0000000000
82219  -39.921  -18.126  59.829 0.0000000000
83400  -41.184  -16.458  59.754 0.0000000000
84539  -41.492  -15.632  58.878 0.0000000000
84553  -42.164  -15.066  58.391 0.0000000000
84554  -42.879  -14.900  58.987 0.0000000000
86836  -45.500  -14.071  60.522 0.0000000000
86837  -46.306  -13.618  60.176 0.0000000000
87898  -46.707  -13.349  59.757 0.0000000000
61054  -7.187  -34.354  79.998 0.0000000000
61102  -6.953  -35.112  77.629 0.0000000000
61086  -6.714  -34.961  78.415 0.0000000000
60011  -6.395  -36.430  77.145 0.0000000000
57923  -7.809  -38.555  69.648 0.0000000000
57922  -7.174  -39.114  69.208 0.0000000000
72677  -1.055  -26.443  72.775 0.0000000000
72691  -1.270  -26.366  71.961 0.0000000000
71473  -1.227  -26.951  71.870 0.0000000000
70235  -2.271  -28.119  70.639 0.0000000000
70234  -1.990  -27.911  70.857 0.0000000000
70245  -2.398  -27.963  69.999 0.0000000000
63476  -1.578  -34.404  64.197 0.0000000000
64641  -1.656  -33.868  64.376 0.0000000000
63487  -1.657  -34.434  63.686 0.0000000000
63516  -1.338  -34.052  62.102 0.0000000000
63515  -1.530  -34.115  62.507 0.0000000000
64665  -1.440  -33.576  62.274 0.0000000000
64666  -1.270  -33.409  61.866 0.0000000000
63538  -1.641  -34.138  61.169 0.0000000000
66656  -2.734  -31.538  83.409 0.0000000000
68911  -2.995  -30.197  83.237 0.0000000000
67788  -2.365  -30.888  83.174 0.0000000000
67787  -1.986  -30.835  82.874 0.0000000000
66668  -1.973  -32.010  82.766 0.0000000000
55716  0.689  -40.633  77.481 0.0000000000
56757  0.651  -40.195  77.765 0.0000000000
56763  0.861  -40.417  77.243 0.0000000000
57861  1.185  -40.134  76.710 0.0000000000
58919  1.225  -39.659  76.347 0.0000000000
58920  0.947  -39.113  76.684 0.0000000000
58924  1.369  -39.694  75.635 0.0000000000
57870  1.538  -40.252  75.204 0.0000000000
54609  2.158  -42.674  73.368 0.0000000000
55741  1.991  -41.761  73.186 0.0000000000
55751  1.896  -41.759  72.402 0.0000000000
66788  -29.567  -31.307  70.471 0.0000000000
64585  -29.821  -32.079  73.551 0.0000000000
64592  -29.516  -32.673  72.602 0.0000000000
65728  -30.342  -31.315  73.414 0.0000000000
66771  -32.165  -29.860  72.876 0.0000000000
66775  -30.866  -30.406  72.651 0.0000000000
66776  -31.773  -29.972  72.156 0.0000000000
66782  -31.280  -30.178  71.220 0.0000000000
66784  -32.428  -29.328  71.045 0.0000000000
67914  -32.593  -29.201  71.514 0.0000000000
69067  -33.555  -28.294  72.101 0.0000000000
58961  -27.125  -37.946  72.579 0.0000000000
61050  -25.190  -34.404  79.520 0.0000000000
61062  -24.754  -34.696  79.008 0.0000000000
61097  -27.213  -34.578  78.069 0.0000000000
59999  -26.594  -35.010  77.897 0.0000000000
60004  -25.425  -35.777  77.065 0.0000000000
61112  -24.786  -35.773  76.843 0.0000000000
61126  -23.732  -35.480  75.704 0.0000000000
61140  -23.672  -35.560  74.711 0.0000000000
95224  -54.497  -5.844  52.973 0.0000000000
91153  -50.002  -9.502  53.683 0.0000000000
91152  -49.478  -9.476  53.357 0.0000000000
93157  -51.633  -8.069  53.331 0.0000000000
92206  -50.366  -8.584  53.121 0.0000000000
93165  -50.519  -7.931  52.496 0.0000000000
93170  -50.262  -7.075  51.683 0.0000000000
94193  -54.386  -6.456  53.615 0.0000000000
95223  -54.161  -6.083  52.912 0.0000000000
83373  -43.461  -17.073  62.804 0.0000000000
83374  -44.158  -16.712  63.059 0.0000000000
82166  -44.423  -18.732  64.838 0.0000000000
82178  -45.148  -17.796  64.420 0.0000000000
79868  -42.907  -19.758  65.640 0.0000000000
79869  -43.804  -19.713  65.895 0.0000000000
76478  -36.805  -21.605  60.460 0.0000000000
76493  -36.444  -21.707  59.634 0.0000000000
76479  -37.461  -21.465  60.715 0.0000000000
77605  -39.563  -20.709  61.205 0.0000000000
78755  -39.464  -20.665  60.335 0.0000000000
82185  -42.190  -18.054  63.073 0.0000000000
82194  -41.356  -18.432  62.083 0.0000000000
82196  -42.826  -17.334  62.462 0.0000000000
62264  -14.461  -33.721  70.613 0.0000000000
62297  -14.061  -34.018  68.596 0.0000000000
62310  -12.822  -34.192  67.873 0.0000000000
77493  -1.096  -22.529  67.580 0.0000000000
75250  -0.949  -24.319  67.507 0.0000000000
75257  -0.938  -24.224  67.056 0.0000000000
73979  -1.061  -24.733  67.175 0.0000000000
72745  -1.560  -25.065  66.695 0.0000000000
66768  -3.414  -31.574  72.215 0.0000000000
66772  -3.655  -31.516  71.606 0.0000000000
65732  -3.580  -32.212  71.274 0.0000000000
64607  -2.028  -33.531  69.266 0.0000000000
65736  -2.422  -33.143  69.609 0.0000000000
65745  -2.221  -33.095  68.797 0.0000000000
62321  -1.494  -36.289  68.539 0.0000000000
62339  -1.678  -35.473  65.909 0.0000000000
64627  -1.950  -34.311  66.424 0.0000000000
63477  -1.468  -34.679  64.940 0.0000000000
60231  -1.482  -37.361  62.577 0.0000000000
61344  -1.560  -36.414  63.104 0.0000000000
55869  -1.612  -41.384  63.252 0.0000000000
55889  -1.561  -41.696  62.715 0.0000000000
61025  -3.811  -35.760  82.631 0.0000000000
58888  -3.441  -36.917  82.244 0.0000000000
56743  -2.496  -38.529  80.488 0.0000000000
57837  -2.324  -38.006  80.844 0.0000000000
56742  -1.839  -38.874  80.424 0.0000000000
56741  -1.397  -38.822  80.387 0.0000000000
56747  -1.519  -39.449  80.114 0.0000000000
55720  -1.649  -40.541  78.484 0.0000000000
54593  -1.132  -40.923  77.401 0.0000000000
53392  -0.039  -41.748  77.126 0.0000000000
54591  -0.501  -41.294  77.610 0.0000000000
54585  -0.180  -41.093  78.101 0.0000000000
54581  -0.164  -40.809  78.470 0.0000000000
53387  0.132  -41.482  77.655 0.0000000000
54583  0.404  -41.048  77.682 0.0000000000
53391  0.345  -41.612  77.182 0.0000000000
51053  1.175  -43.950  75.560 0.0000000000
52224  1.250  -43.373  75.938 0.0000000000
52246  1.385  -43.577  75.518 0.0000000000
53410  1.608  -42.991  75.725 0.0000000000
78655  -35.762  -19.753  65.926 0.0000000000
78641  -36.635  -19.618  66.521 0.0000000000
79837  -36.408  -19.352  66.822 0.0000000000
67940  -32.679  -29.224  68.127 0.0000000000
66814  -32.018  -30.092  67.636 0.0000000000
66815  -32.688  -29.841  67.404 0.0000000000
77515  -31.965  -22.773  65.729 0.0000000000
76434  -32.251  -23.820  64.843 0.0000000000
77534  -32.071  -22.975  65.076 0.0000000000
77533  -32.080  -22.185  64.509 0.0000000000
79851  -34.086  -19.539  66.054 0.0000000000
79865  -33.899  -19.900  65.374 0.0000000000
79866  -34.733  -19.918  65.432 0.0000000000
78669  -35.597  -19.987  65.546 0.0000000000
63357  -18.224  -33.473  77.176 0.0000000000
64543  -17.754  -32.826  76.602 0.0000000000
63366  -17.879  -33.516  76.222 0.0000000000
63374  -17.180  -33.515  74.902 0.0000000000
63375  -17.426  -33.644  75.231 0.0000000000
61059  -21.728  -34.580  79.572 0.0000000000
61058  -20.879  -34.734  79.715 0.0000000000
61045  -20.701  -34.555  80.144 0.0000000000
61137  -20.687  -34.599  75.509 0.0000000000
61122  -19.718  -34.726  76.517 0.0000000000
61121  -19.092  -34.688  76.483 0.0000000000
61120  -18.579  -34.394  76.419 0.0000000000
61134  -18.458  -34.489  75.480 0.0000000000
61147  -17.619  -34.441  74.450 0.0000000000
61160  -17.094  -34.254  73.286 0.0000000000
62266  -16.383  -34.210  71.184 0.0000000000
61227  -15.902  -34.419  68.865 0.0000000000
61208  -15.581  -34.346  69.237 0.0000000000
96210  -52.743  -4.110  47.500 0.0000000000
95274  -53.811  -4.321  44.725 0.0000000000
96240  -54.128  -4.421  45.096 0.0000000000
70206  -1.310  -28.107  73.552 0.0000000000
67900  -1.644  -28.941  74.293 0.0000000000
69052  -1.928  -28.968  73.597 0.0000000000
67906  -2.123  -29.344  73.561 0.0000000000
67902  -2.199  -30.045  73.983 0.0000000000
66764  -2.750  -31.656  73.617 0.0000000000
65723  -2.599  -33.369  72.165 0.0000000000
65715  -2.507  -33.190  72.794 0.0000000000
65699  -1.985  -32.808  74.984 0.0000000000
63405  -1.266  -35.009  72.444 0.0000000000
63397  -1.537  -34.500  73.027 0.0000000000
64577  -1.663  -34.666  71.963 0.0000000000
63421  -1.264  -35.918  71.009 0.0000000000
61204  -0.217  -37.535  71.328 0.0000000000
61205  -0.597  -37.017  70.828 0.0000000000
60101  0.128  -38.086  69.805 0.0000000000
88939  -52.884  -12.019  58.282 0.0000000000
88934  -53.048  -12.126  58.881 0.0000000000
78631  -38.395  -20.072  67.280 0.0000000000
84561  -43.154  -14.342  57.655 0.0000000000
84573  -42.147  -14.943  56.576 0.0000000000
84562  -43.930  -13.895  57.271 0.0000000000
85731  -45.930  -12.779  56.758 0.0000000000
84576  -45.463  -13.848  55.519 0.0000000000
85740  -46.135  -13.512  55.837 0.0000000000
85754  -46.528  -13.938  55.392 0.0000000000
86862  -47.282  -13.061  56.301 0.0000000000
88931  -50.939  -12.429  57.812 0.0000000000
88936  -50.630  -12.337  57.449 0.0000000000
88937  -51.166  -12.111  57.159 0.0000000000
59977  -4.989  -35.757  81.868 0.0000000000
58902  -5.219  -36.400  81.037 0.0000000000
58906  -4.443  -37.312  80.419 0.0000000000
59993  -6.214  -35.255  79.663 0.0000000000
59988  -6.149  -35.151  80.163 0.0000000000
59992  -5.892  -35.982  79.575 0.0000000000
57860  -4.960  -37.789  78.094 0.0000000000
57856  -4.872  -37.705  78.822 0.0000000000
57859  -4.524  -38.216  78.402 0.0000000000
56766  -4.070  -38.683  78.033 0.0000000000
56765  -3.395  -39.433  77.482 0.0000000000
56768  -3.792  -39.671  76.521 0.0000000000
55736  -3.401  -40.217  75.132 0.0000000000
54608  -2.983  -41.224  74.068 0.0000000000
54610  -2.780  -41.790  73.758 0.0000000000
54611  -3.104  -41.460  73.114 0.0000000000
63417  -13.263  -33.254  70.770 0.0000000000
64582  -13.928  -32.571  71.861 0.0000000000
64590  -13.052  -32.993  71.103 0.0000000000
63416  -11.017  -32.883  71.541 0.0000000000
64580  -11.594  -32.550  72.238 0.0000000000
64571  -11.274  -32.724  73.195 0.0000000000
61207  -9.684  -35.609  70.225 0.0000000000
61206  -9.309  -36.544  70.607 0.0000000000
61159  -9.095  -34.967  73.432 0.0000000000
63398  -9.646  -33.602  73.719 0.0000000000
63389  -10.245  -33.216  74.297 0.0000000000
63388  -9.458  -33.631  74.603 0.0000000000
63381  -10.033  -33.203  75.165 0.0000000000
62237  -8.210  -34.341  75.454 0.0000000000
62230  -8.460  -33.951  75.885 0.0000000000
61132  -8.179  -34.265  76.100 0.0000000000
62221  -8.668  -33.762  76.617 0.0000000000
61118  -8.259  -34.231  76.515 0.0000000000
61117  -7.758  -34.680  76.607 0.0000000000
58938  -6.758  -36.820  74.297 0.0000000000
58930  -6.251  -37.105  74.820 0.0000000000
57875  -6.084  -37.886  74.416 0.0000000000
56803  -6.467  -39.183  71.068 0.0000000000
56793  -6.697  -39.054  71.815 0.0000000000
56802  -5.435  -39.762  70.747 0.0000000000
56791  -4.849  -39.983  71.709 0.0000000000
56779  -4.617  -39.616  73.775 0.0000000000
55753  -4.275  -40.693  72.242 0.0000000000
76343  -2.445  -23.520  72.214 0.0000000000
76344  -2.735  -22.870  71.723 0.0000000000
76357  -2.813  -22.621  71.085 0.0000000000
72703  -1.335  -26.113  71.004 0.0000000000
72704  -1.427  -25.789  71.208 0.0000000000
73949  -1.400  -25.368  69.525 0.0000000000
73950  -1.494  -24.882  69.567 0.0000000000
73958  -1.245  -25.101  68.570 0.0000000000
70262  -2.187  -26.760  67.513 0.0000000000
71512  -1.943  -26.288  67.553 0.0000000000
70272  -2.554  -26.681  66.535 0.0000000000
67916  -4.086  -30.719  70.576 0.0000000000
69078  -3.977  -29.946  70.582 0.0000000000
67917  -4.272  -30.882  69.916 0.0000000000
66809  -4.714  -31.167  67.723 0.0000000000
67930  -4.670  -30.595  68.529 0.0000000000
67939  -4.845  -30.295  67.803 0.0000000000
69101  -4.435  -29.595  67.779 0.0000000000
67948  -4.680  -30.066  66.972 0.0000000000
65782  -2.277  -32.509  65.411 0.0000000000
66832  -2.295  -32.483  64.630 0.0000000000
66850  -4.295  -31.021  64.585 0.0000000000
66834  -3.878  -31.527  65.396 0.0000000000
66835  -4.384  -30.695  65.503 0.0000000000
69122  -3.997  -29.313  65.413 0.0000000000
69110  -3.435  -28.725  66.098 0.0000000000
69140  -4.109  -29.106  63.092 0.0000000000
70293  -3.762  -28.061  64.558 0.0000000000
70299  -3.833  -28.399  62.991 0.0000000000
67847  -0.457  -30.579  79.931 0.0000000000
61023  -2.559  -35.830  82.505 0.0000000000
63289  -2.424  -34.439  82.758 0.0000000000
62138  -2.270  -35.111  82.717 0.0000000000
61029  -1.204  -36.258  81.524 0.0000000000
62143  -1.240  -35.348  82.033 0.0000000000
63296  -0.954  -34.530  81.912 0.0000000000
58908  0.118  -38.560  79.019 0.0000000000
58909  -0.255  -38.397  79.558 0.0000000000
62164  -0.367  -35.653  80.091 0.0000000000
63311  -0.478  -34.538  81.097 0.0000000000
64508  -0.249  -33.572  80.678 0.0000000000
64523  -0.395  -33.896  79.265 0.0000000000
64524  -0.700  -33.333  79.005 0.0000000000
65678  -1.040  -32.754  78.820 0.0000000000
64532  -0.877  -33.960  78.366 0.0000000000
63369  0.286  -36.144  76.520 0.0000000000
62228  0.300  -36.208  75.518 0.0000000000
63378  -0.220  -35.583  75.450 0.0000000000
62235  0.429  -36.794  74.828 0.0000000000
60032  1.286  -39.122  74.950 0.0000000000
60045  1.031  -38.736  74.652 0.0000000000
58955  1.464  -39.230  72.708 0.0000000000
60064  0.845  -38.343  72.701 0.0000000000
60065  0.503  -37.754  72.631 0.0000000000
60077  0.702  -38.647  71.840 0.0000000000
56809  1.169  -40.853  70.540 0.0000000000
59005  0.708  -39.415  70.772 0.0000000000
57920  0.841  -39.959  70.030 0.0000000000
57932  0.923  -40.379  69.370 0.0000000000
49897  3.000  -46.638  72.943 0.0000000000
48670  3.255  -47.226  71.919 0.0000000000
49911  3.157  -46.468  72.488 0.0000000000
51152  3.037  -45.502  72.300 0.0000000000
52304  2.623  -44.579  72.894 0.0000000000
51166  3.082  -45.428  71.385 0.0000000000
52346  2.465  -44.429  70.045 0.0000000000
53562  1.742  -43.632  68.713 0.0000000000
54667  1.695  -42.931  69.424 0.0000000000
54685  1.090  -42.833  68.138 0.0000000000
54701  0.705  -42.997  67.161 0.0000000000
55804  0.754  -42.290  67.749 0.0000000000
54702  0.377  -42.582  66.751 0.0000000000
65690  -32.388  -30.845  77.105 0.0000000000
65689  -32.003  -31.245  76.956 0.0000000000
65682  -32.071  -31.113  77.680 0.0000000000
63392  -29.313  -33.824  75.368 0.0000000000
63393  -29.761  -33.025  75.526 0.0000000000
64558  -30.961  -31.957  75.912 0.0000000000
60043  -28.725  -35.102  75.629 0.0000000000
60053  -28.503  -35.404  74.858 0.0000000000
62207  -29.304  -33.610  77.760 0.0000000000
62216  -29.416  -33.720  77.147 0.0000000000
61128  -29.102  -34.355  76.530 0.0000000000
63352  -30.862  -32.720  77.944 0.0000000000
91138  -54.159  -10.124  56.059 0.0000000000
92177  -54.771  -8.722  56.608 0.0000000000
92176  -54.716  -9.332  56.647 0.0000000000
87912  -49.547  -12.081  56.217 0.0000000000
86865  -48.947  -12.366  55.705 0.0000000000
87913  -50.246  -11.689  56.251 0.0000000000
88955  -50.805  -11.354  56.142 0.0000000000
88964  -50.740  -11.032  55.768 0.0000000000
90046  -51.143  -10.696  55.544 0.0000000000
90047  -51.574  -10.728  55.715 0.0000000000
91136  -52.900  -10.417  55.772 0.0000000000
77517  -38.946  -21.031  64.306 0.0000000000
77508  -39.957  -21.202  65.356 0.0000000000
77507  -39.181  -21.074  65.157 0.0000000000
78659  -39.496  -21.045  65.995 0.0000000000
78634  -40.295  -20.255  66.864 0.0000000000
78706  -36.427  -21.024  62.961 0.0000000000
77535  -37.205  -20.867  63.159 0.0000000000
77516  -38.226  -20.927  64.095 0.0000000000
60115  -0.215  -37.850  68.784 0.0000000000
59038  -0.659  -38.749  67.469 0.0000000000
57946  -0.673  -39.187  67.058 0.0000000000
57959  -0.910  -39.656  66.527 0.0000000000
56848  -1.092  -40.554  65.582 0.0000000000
56838  -0.847  -40.251  66.158 0.0000000000
55820  -0.319  -41.649  65.962 0.0000000000
53429  -2.328  -42.003  74.836 0.0000000000
71487  -34.296  -27.273  70.177 0.0000000000
71497  -34.372  -27.026  69.651 0.0000000000
75256  -33.781  -25.316  68.962 0.0000000000
75249  -33.770  -25.045  69.303 0.0000000000
75241  -33.621  -24.519  69.748 0.0000000000
63292  -21.933  -32.763  81.889 0.0000000000
62258  -21.482  -34.771  72.511 0.0000000000
95229  -52.507  -5.998  51.826 0.0000000000
95237  -53.012  -5.252  50.967 0.0000000000
96182  -54.360  -4.330  50.582 0.0000000000
67880  -0.955  -30.683  77.767 0.0000000000
66744  -1.157  -31.200  77.534 0.0000000000
66736  -1.416  -31.932  77.875 0.0000000000
86810  -48.045  -13.680  61.533 0.0000000000
86809  -46.872  -14.041  62.005 0.0000000000
86795  -47.741  -14.290  62.913 0.0000000000
83388  -41.513  -17.085  60.780 0.0000000000
83389  -42.386  -16.652  60.941 0.0000000000
84526  -42.535  -16.029  60.283 0.0000000000
84541  -43.068  -15.389  59.926 0.0000000000
85714  -43.380  -15.074  59.853 0.0000000000
85715  -43.693  -14.968  60.128 0.0000000000
86820  -45.490  -14.222  60.955 0.0000000000
62182  -7.737  -33.820  79.580 0.0000000000
61103  -7.612  -34.669  77.234 0.0000000000
65694  -16.798  -32.056  75.430 0.0000000000
73989  -1.939  -24.953  65.965 0.0000000000
71474  -1.369  -27.398  71.657 0.0000000000
69075  -2.174  -28.232  70.943 0.0000000000
62385  -1.596  -35.477  62.906 0.0000000000
62384  -1.578  -34.692  62.705 0.0000000000
62398  -1.518  -34.984  62.146 0.0000000000
62412  -1.779  -35.023  61.544 0.0000000000
66657  -3.404  -31.477  83.538 0.0000000000
65611  -2.614  -32.315  83.230 0.0000000000
55728  1.367  -41.549  76.456 0.0000000000
56762  1.078  -40.621  76.832 0.0000000000
55732  1.771  -41.708  75.803 0.0000000000
56770  1.604  -40.970  75.537 0.0000000000
56774  1.673  -40.950  74.704 0.0000000000
65722  -31.483  -30.676  74.466 0.0000000000
65729  -30.912  -30.722  73.588 0.0000000000
66766  -32.045  -29.993  74.000 0.0000000000
67904  -32.455  -29.727  73.352 0.0000000000
67910  -32.601  -29.523  72.476 0.0000000000
67911  -32.873  -29.065  72.119 0.0000000000
58963  -28.211  -37.096  72.345 0.0000000000
60017  -26.579  -35.661  76.540 0.0000000000
60005  -26.060  -35.705  77.175 0.0000000000
60016  -26.005  -35.855  76.478 0.0000000000
60025  -25.225  -36.163  75.488 0.0000000000
60036  -24.306  -36.125  74.267 0.0000000000
94186  -54.611  -6.503  53.987 0.0000000000
92193  -51.810  -9.162  54.337 0.0000000000
92198  -50.764  -8.938  53.693 0.0000000000
93151  -51.831  -8.629  53.947 0.0000000000
94190  -52.435  -7.429  53.094 0.0000000000
93159  -53.386  -7.411  53.689 0.0000000000
94192  -53.874  -6.948  53.691 0.0000000000
82186  -42.889  -18.036  63.353 0.0000000000
82176  -43.261  -18.376  63.934 0.0000000000
81040  -43.536  -18.802  64.592 0.0000000000
76481  -38.505  -21.131  61.377 0.0000000000
77589  -39.259  -20.846  61.973 0.0000000000
77590  -39.618  -20.614  61.734 0.0000000000
79911  -40.500  -19.542  61.915 0.0000000000
79912  -40.867  -19.359  62.555 0.0000000000
81046  -41.887  -18.498  63.246 0.0000000000
61225  -14.476  -34.270  67.906 0.0000000000
77484  -0.963  -23.082  67.756 0.0000000000
76398  -1.064  -23.328  68.117 0.0000000000
65731  -3.218  -32.883  70.831 0.0000000000
61290  -1.551  -36.153  65.320 0.0000000000
61308  -1.585  -36.156  64.404 0.0000000000
61327  -1.690  -36.636  64.219 0.0000000000
60217  -1.552  -37.265  63.326 0.0000000000
58033  -2.115  -39.642  62.321 0.0000000000
58900  -3.763  -37.469  81.208 0.0000000000
58893  -3.172  -37.370  81.652 0.0000000000
57843  -2.980  -37.915  80.755 0.0000000000
56744  -2.753  -38.289  80.572 0.0000000000
56748  -2.199  -39.551  80.047 0.0000000000
53412  -0.539  -42.265  75.906 0.0000000000
53394  -0.780  -41.508  76.869 0.0000000000
53399  -0.382  -42.079  76.436 0.0000000000
53398  -0.126  -42.140  76.617 0.0000000000
52216  0.315  -42.110  76.748 0.0000000000
52215  0.631  -42.381  76.562 0.0000000000
52226  0.756  -43.025  76.244 0.0000000000
51079  0.966  -44.353  75.458 0.0000000000
79835  -34.341  -19.263  66.724 0.0000000000
80999  -35.041  -18.738  67.460 0.0000000000
80998  -34.383  -19.046  67.317 0.0000000000
69113  -32.688  -28.412  66.784 0.0000000000
76410  -32.526  -23.484  67.733 0.0000000000
77498  -32.091  -22.641  67.298 0.0000000000
78654  -31.985  -21.971  66.715 0.0000000000
78653  -32.044  -21.148  66.378 0.0000000000
79849  -32.399  -20.469  65.728 0.0000000000
79833  -32.337  -20.389  66.558 0.0000000000
63358  -18.466  -33.557  77.747 0.0000000000
62214  -18.288  -33.905  76.787 0.0000000000
61048  -23.145  -34.235  79.568 0.0000000000
62174  -22.586  -34.166  80.038 0.0000000000
61060  -22.683  -34.428  79.313 0.0000000000
61075  -22.087  -34.495  78.846 0.0000000000
61092  -21.322  -34.554  78.182 0.0000000000
61150  -19.779  -34.797  74.678 0.0000000000
61163  -19.026  -35.069  73.779 0.0000000000
61148  -18.265  -34.835  74.563 0.0000000000
61190  -16.644  -34.714  70.842 0.0000000000
61228  -16.610  -34.632  69.378 0.0000000000
94222  -49.145  -5.710  47.865 0.0000000000
70196  -0.570  -28.129  75.077 0.0000000000
67894  -1.434  -29.294  74.613 0.0000000000
67896  -2.365  -30.954  74.288 0.0000000000
66760  -2.521  -31.752  74.119 0.0000000000
64560  -1.391  -34.302  74.068 0.0000000000
63396  -1.104  -34.843  73.407 0.0000000000
87903  -50.976  -12.622  58.311 0.0000000000
88933  -52.459  -12.370  58.637 0.0000000000
88920  -51.964  -12.780  59.108 0.0000000000
88921  -52.469  -12.545  59.670 0.0000000000
86853  -45.624  -13.551  58.637 0.0000000000
85730  -45.168  -13.433  57.701 0.0000000000
86854  -46.175  -13.121  57.946 0.0000000000
86855  -46.988  -12.675  57.093 0.0000000000
86856  -47.857  -12.836  56.762 0.0000000000
86850  -48.498  -12.709  57.254 0.0000000000
87902  -50.217  -12.555  58.049 0.0000000000
59986  -5.497  -36.018  80.752 0.0000000000
58918  -5.745  -36.980  77.918 0.0000000000
58915  -5.752  -36.792  78.578 0.0000000000
58917  -5.430  -37.383  77.708 0.0000000000
57864  -5.062  -37.841  77.351 0.0000000000
56775  -3.722  -39.802  75.120 0.0000000000
55737  -3.594  -39.933  74.703 0.0000000000
63438  -12.172  -33.820  69.482 0.0000000000
64597  -12.417  -33.047  70.785 0.0000000000
63437  -11.500  -33.662  69.771 0.0000000000
63436  -10.736  -33.655  70.306 0.0000000000
63423  -10.621  -33.401  70.994 0.0000000000
61187  -9.189  -36.173  71.445 0.0000000000
61173  -8.947  -35.678  72.651 0.0000000000
61145  -8.700  -34.750  74.171 0.0000000000
61144  -8.075  -34.850  74.782 0.0000000000
60035  -7.462  -35.408  75.331 0.0000000000
58945  -7.018  -38.091  73.377 0.0000000000
55760  -4.535  -40.763  71.261 0.0000000000
54620  -4.129  -41.299  71.631 0.0000000000
75193  -2.256  -24.235  71.787 0.0000000000
71490  -1.516  -26.770  69.940 0.0000000000
72710  -1.278  -25.942  69.972 0.0000000000
71500  -1.614  -26.371  68.904 0.0000000000
71499  -1.464  -25.891  68.583 0.0000000000
66797  -3.908  -31.992  68.942 0.0000000000
66786  -4.234  -31.368  69.475 0.0000000000
66808  -3.740  -32.072  67.637 0.0000000000
66820  -3.363  -32.049  66.288 0.0000000000
66847  -2.369  -32.397  63.667 0.0000000000
66868  -3.581  -31.431  63.544 0.0000000000
66869  -4.060  -31.214  63.966 0.0000000000
67987  -4.339  -30.337  63.657 0.0000000000
67986  -3.490  -30.752  62.668 0.0000000000
68004  -3.470  -29.842  62.342 0.0000000000
58890  -1.777  -37.329  81.391 0.0000000000
61022  -2.036  -36.148  82.119 0.0000000000
59972  -1.599  -36.793  81.546 0.0000000000
59971  -1.390  -36.531  81.538 0.0000000000
59978  -0.806  -36.690  81.001 0.0000000000
59994  0.231  -37.915  78.582 0.0000000000
59995  0.064  -37.622  79.107 0.0000000000
61067  0.181  -37.466  78.531 0.0000000000
62181  -0.264  -35.931  79.384 0.0000000000
63337  -0.323  -34.850  79.737 0.0000000000
63353  -0.457  -35.321  77.930 0.0000000000
62219  0.362  -36.697  76.501 0.0000000000
61130  0.621  -37.403  75.841 0.0000000000
58943  1.727  -39.649  73.306 0.0000000000
60054  1.462  -39.365  73.641 0.0000000000
58954  1.722  -39.562  72.894 0.0000000000
57886  1.683  -39.707  72.556 0.0000000000
56800  1.128  -40.400  71.361 0.0000000000
55777  1.409  -41.674  69.745 0.0000000000
48688  3.321  -47.370  71.162 0.0000000000
49952  3.151  -46.361  69.783 0.0000000000
53576  1.748  -44.160  68.092 0.0000000000
62271  -29.310  -35.236  71.823 0.0000000000
62287  -29.390  -34.480  71.670 0.0000000000
64584  -29.375  -32.902  73.259 0.0000000000
64575  -30.099  -32.050  74.462 0.0000000000
64566  -30.097  -32.390  75.128 0.0000000000
64576  -30.727  -31.444  74.608 0.0000000000
66761  -32.007  -30.639  75.018 0.0000000000
66762  -32.286  -30.476  75.159 0.0000000000
58933  -26.495  -37.072  74.611 0.0000000000
58941  -26.951  -37.035  74.074 0.0000000000
58950  -27.424  -37.023  73.359 0.0000000000
60061  -27.805  -36.579  73.375 0.0000000000
60063  -28.299  -35.610  74.192 0.0000000000
60062  -28.277  -36.153  73.330 0.0000000000
61198  -29.151  -35.511  72.549 0.0000000000
60007  -27.263  -34.913  77.418 0.0000000000
61113  -28.729  -34.282  77.239 0.0000000000
60008  -28.069  -34.626  77.280 0.0000000000
60018  -27.198  -35.368  76.593 0.0000000000
60028  -27.126  -35.767  75.876 0.0000000000
60039  -26.526  -36.678  75.332 0.0000000000
93149  -54.354  -8.167  54.996 0.0000000000
94178  -54.854  -7.454  55.461 0.0000000000
86881  -48.404  -13.034  54.944 0.0000000000
85775  -47.721  -13.334  54.445 0.0000000000
86895  -47.407  -13.170  53.872 0.0000000000
87939  -47.687  -12.680  53.905 0.0000000000
91148  -50.980  -9.654  54.360 0.0000000000
91149  -51.837  -10.056  55.021 0.0000000000
93148  -53.948  -8.611  54.970 0.0000000000
79885  -41.823  -19.485  64.627 0.0000000000
78695  -41.306  -19.963  64.757 0.0000000000
78675  -41.495  -20.227  65.367 0.0000000000
79854  -42.203  -20.084  65.885 0.0000000000
78673  -40.732  -21.077  65.535 0.0000000000
79841  -42.054  -20.159  66.605 0.0000000000
78717  -34.149  -21.041  62.210 0.0000000000
78728  -33.608  -21.204  61.565 0.0000000000
77602  -34.541  -22.093  60.180 0.0000000000
77619  -34.329  -22.346  59.389 0.0000000000
77603  -35.378  -21.875  60.075 0.0000000000
77588  -36.415  -21.628  60.915 0.0000000000
77556  -37.692  -20.853  62.529 0.0000000000
76451  -38.521  -20.987  62.265 0.0000000000
77574  -39.148  -21.076  62.633 0.0000000000
77560  -40.151  -20.570  63.663 0.0000000000
77459  -2.628  -21.916  70.273 0.0000000000
63435  -2.005  -35.025  69.953 0.0000000000
61256  -1.169  -37.627  67.459 0.0000000000
61275  -1.463  -37.395  66.772 0.0000000000
60164  -1.750  -37.680  65.973 0.0000000000
60165  -2.059  -38.187  65.494 0.0000000000
59099  -2.355  -38.882  64.235 0.0000000000
58016  -2.251  -39.613  63.387 0.0000000000
57999  -2.304  -39.692  64.199 0.0000000000
56876  -2.035  -40.372  64.264 0.0000000000
55870  -1.608  -41.151  63.719 0.0000000000
55838  -1.131  -40.998  64.789 0.0000000000
55854  -0.981  -41.629  64.037 0.0000000000
54757  -0.917  -41.907  63.528 0.0000000000
53644  -0.317  -43.213  63.541 0.0000000000
56759  -2.771  -39.589  78.181 0.0000000000
55721  -2.147  -40.061  78.444 0.0000000000
55726  -2.214  -40.133  77.361 0.0000000000
54594  -1.647  -40.705  77.123 0.0000000000
54597  -1.352  -41.173  76.494 0.0000000000
53414  -1.853  -41.806  75.322 0.0000000000
53413  -1.116  -41.965  75.541 0.0000000000
52249  -0.646  -42.788  75.414 0.0000000000
78630  -32.580  -21.349  68.611 0.0000000000
79806  -32.888  -20.465  69.063 0.0000000000
79798  -33.075  -20.806  69.850 0.0000000000
66791  -32.175  -29.443  69.633 0.0000000000
66802  -31.761  -29.968  68.756 0.0000000000
67931  -32.460  -29.036  69.092 0.0000000000
67941  -32.836  -28.708  67.933 0.0000000000
69091  -33.453  -27.929  68.588 0.0000000000
69102  -32.934  -28.341  67.503 0.0000000000
69114  -33.006  -27.966  67.246 0.0000000000
71540  -32.777  -27.314  66.589 0.0000000000
72751  -32.921  -26.871  66.629 0.0000000000
72739  -33.044  -26.082  66.778 0.0000000000
75261  -33.082  -24.783  67.652 0.0000000000
75255  -33.453  -24.858  68.623 0.0000000000
76411  -33.047  -24.118  68.095 0.0000000000
63332  -19.807  -33.295  80.903 0.0000000000
62170  -19.929  -33.771  80.398 0.0000000000
61125  -22.816  -35.041  76.070 0.0000000000
61138  -21.788  -34.687  75.344 0.0000000000
61151  -20.756  -34.635  74.588 0.0000000000
62257  -20.726  -34.481  72.871 0.0000000000
61179  -19.998  -34.469  73.031 0.0000000000
61193  -18.720  -35.411  72.038 0.0000000000
61212  -18.410  -35.667  71.092 0.0000000000
95243  -50.500  -5.661  49.777 0.0000000000
96208  -50.744  -4.732  47.614 0.0000000000
96199  -52.833  -4.030  48.504 0.0000000000
96190  -53.505  -4.053  49.437 0.0000000000
67892  -1.248  -30.849  75.874 0.0000000000
65698  -1.789  -32.956  75.868 0.0000000000
63386  -0.441  -35.543  74.557 0.0000000000
87891  -48.671  -13.132  59.455 0.0000000000
87874  -50.289  -13.148  60.388 0.0000000000
87873  -49.236  -13.212  60.345 0.0000000000
86811  -48.856  -13.523  61.664 0.0000000000
83399  -40.219  -17.044  59.366 0.0000000000
84559  -41.504  -15.193  57.291 0.0000000000
85725  -44.049  -14.395  59.240 0.0000000000
85726  -44.860  -13.892  58.894 0.0000000000
86847  -46.364  -13.371  59.099 0.0000000000
87899  -47.159  -13.172  59.299 0.0000000000
62165  -7.208  -34.350  81.103 0.0000000000
61053  -6.616  -34.753  80.193 0.0000000000
59997  -6.307  -35.562  78.940 0.0000000000
61070  -7.198  -34.303  78.985 0.0000000000
60002  -6.233  -36.475  77.766 0.0000000000
58922  -5.916  -36.900  77.025 0.0000000000
57869  -5.428  -37.324  76.250 0.0000000000
59040  -9.566  -37.073  67.284 0.0000000000
59026  -9.438  -37.190  68.310 0.0000000000
59009  -9.251  -37.366  69.068 0.0000000000
60103  -9.237  -37.209  69.492 0.0000000000
59008  -8.923  -37.713  69.616 0.0000000000
58992  -8.669  -37.655  70.487 0.0000000000
58991  -8.206  -38.076  70.846 0.0000000000
58973  -8.017  -37.881  71.547 0.0000000000
57889  -7.481  -38.266  71.817 0.0000000000
56811  -6.351  -39.375  69.951 0.0000000000
73908  -1.436  -25.554  72.489 0.0000000000
75191  -1.665  -25.028  72.559 0.0000000000
70244  -2.090  -27.506  69.672 0.0000000000
70253  -2.568  -28.316  68.395 0.0000000000
65787  -1.973  -33.130  64.190 0.0000000000
63502  -1.737  -34.308  63.058 0.0000000000
65792  -1.987  -33.435  63.053 0.0000000000
65793  -2.034  -32.983  63.031 0.0000000000
65800  -1.599  -32.752  62.275 0.0000000000
65807  -1.349  -32.766  61.775 0.0000000000
66885  -1.645  -32.141  61.950 0.0000000000
70045  -3.065  -29.546  83.194 0.0000000000
70044  -2.576  -29.774  83.101 0.0000000000
70043  -2.254  -30.006  82.964 0.0000000000
67799  -1.774  -30.968  82.596 0.0000000000
66666  -1.515  -31.492  82.154 0.0000000000
56751  0.095  -39.905  78.700 0.0000000000
57840  -0.535  -38.659  79.847 0.0000000000
57853  0.304  -39.718  78.523 0.0000000000
57852  0.384  -39.358  78.465 0.0000000000
57857  1.096  -40.162  76.988 0.0000000000
58916  0.764  -39.041  77.308 0.0000000000
60010  0.590  -38.448  77.057 0.0000000000
60021  0.793  -38.574  76.365 0.0000000000
61129  0.695  -38.003  76.053 0.0000000000
58929  1.287  -39.280  75.382 0.0000000000
57873  1.675  -40.213  74.373 0.0000000000
57876  1.829  -40.155  73.540 0.0000000000
56781  1.879  -40.856  73.000 0.0000000000
66800  -29.796  -30.829  69.331 0.0000000000
63428  -29.476  -33.756  71.869 0.0000000000
65733  -29.669  -31.682  72.221 0.0000000000
65735  -30.578  -30.811  73.205 0.0000000000
66774  -30.015  -30.899  72.228 0.0000000000
66780  -29.723  -31.203  71.635 0.0000000000
67918  -32.362  -29.227  70.433 0.0000000000
67919  -32.599  -28.907  70.579 0.0000000000
69066  -33.149  -28.564  71.702 0.0000000000
69074  -33.446  -28.258  71.453 0.0000000000
70231  -33.784  -27.910  70.689 0.0000000000
71488  -34.371  -27.292  70.736 0.0000000000
61094  -23.559  -35.101  77.779 0.0000000000
59998  -26.064  -35.416  77.850 0.0000000000
61096  -25.529  -35.660  77.667 0.0000000000
61078  -25.318  -35.267  78.390 0.0000000000
61154  -23.638  -35.710  73.772 0.0000000000
61167  -22.912  -35.310  73.151 0.0000000000
92197  -50.195  -8.932  53.344 0.0000000000
92204  -49.273  -8.732  52.461 0.0000000000
92210  -48.781  -8.623  51.977 0.0000000000
94200  -52.117  -6.955  52.451 0.0000000000
94201  -52.762  -6.409  52.372 0.0000000000
95230  -53.228  -5.832  52.126 0.0000000000
95232  -54.307  -5.401  52.222 0.0000000000
84520  -44.654  -15.615  62.279 0.0000000000
84511  -45.196  -15.661  62.759 0.0000000000
84501  -44.783  -16.341  63.144 0.0000000000
84502  -45.462  -16.311  63.476 0.0000000000
79886  -42.809  -19.306  64.977 0.0000000000
81031  -44.674  -19.128  65.535 0.0000000000
81083  -39.987  -19.096  60.421 0.0000000000
81055  -40.930  -18.765  61.893 0.0000000000
83380  -42.589  -17.089  61.745 0.0000000000
83381  -43.337  -16.638  61.940 0.0000000000
62254  -15.892  -33.562  72.180 0.0000000000
63410  -14.874  -33.073  71.751 0.0000000000
63419  -14.735  -33.434  71.208 0.0000000000
63418  -13.989  -33.363  70.976 0.0000000000
62279  -13.294  -33.794  69.900 0.0000000000
62296  -12.870  -33.932  69.097 0.0000000000
61224  -11.416  -34.689  68.284 0.0000000000
61239  -10.900  -35.564  67.742 0.0000000000
77492  -0.836  -23.245  67.362 0.0000000000
72756  -1.880  -25.009  66.216 0.0000000000
72746  -2.015  -25.352  66.333 0.0000000000
71537  -2.453  -26.001  66.239 0.0000000000
69071  -3.518  -29.823  71.513 0.0000000000
65738  -3.620  -32.376  70.377 0.0000000000
65747  -3.478  -32.449  69.474 0.0000000000
65757  -2.673  -32.782  68.283 0.0000000000
65756  -2.129  -33.110  67.909 0.0000000000
65764  -2.117  -33.216  66.972 0.0000000000
64605  -1.926  -35.161  69.381 0.0000000000
64613  -1.932  -34.867  68.596 0.0000000000
64614  -1.836  -34.170  68.109 0.0000000000
64620  -1.989  -34.628  67.540 0.0000000000
64621  -1.973  -34.047  67.150 0.0000000000
64628  -2.014  -33.841  66.437 0.0000000000
65772  -1.867  -33.807  65.868 0.0000000000
64634  -1.666  -34.113  65.436 0.0000000000
62368  -1.611  -35.685  63.760 0.0000000000
61359  -1.537  -36.284  62.375 0.0000000000
56892  -2.097  -40.687  62.984 0.0000000000
61024  -3.239  -35.979  82.590 0.0000000000
59967  -2.504  -36.590  82.112 0.0000000000
57833  -2.647  -37.591  81.286 0.0000000000
58892  -2.593  -37.332  81.644 0.0000000000
58891  -2.020  -37.329  81.596 0.0000000000
58898  -1.882  -37.683  81.226 0.0000000000
57835  -1.218  -38.371  80.603 0.0000000000
56745  -0.697  -39.188  79.726 0.0000000000
55714  -2.053  -40.384  79.151 0.0000000000
54592  -1.040  -41.070  77.585 0.0000000000
54586  -0.865  -40.919  78.302 0.0000000000
55713  -1.169  -40.489  79.182 0.0000000000
55707  -0.949  -39.975  79.869 0.0000000000
56753  -0.781  -39.635  79.531 0.0000000000
56752  -0.388  -39.706  79.171 0.0000000000
55710  0.217  -40.388  78.382 0.0000000000
55724  0.667  -40.907  77.391 0.0000000000
55723  0.987  -40.950  76.959 0.0000000000
53390  0.925  -42.132  76.618 0.0000000000
53396  1.361  -42.601  76.313 0.0000000000
54595  1.578  -42.402  76.234 0.0000000000
52271  1.896  -43.918  74.056 0.0000000000
78642  -37.035  -19.798  66.614 0.0000000000
79838  -37.232  -19.583  67.228 0.0000000000
66813  -31.065  -30.202  67.885 0.0000000000
66828  -32.895  -29.852  66.432 0.0000000000
77553  -32.100  -22.249  63.742 0.0000000000
78702  -32.312  -21.415  64.025 0.0000000000
79863  -32.532  -20.679  65.033 0.0000000000
79882  -33.105  -20.485  64.643 0.0000000000
78690  -33.657  -20.531  64.151 0.0000000000
78691  -34.977  -20.418  64.463 0.0000000000
64527  -18.184  -32.192  78.202 0.0000000000
64536  -17.985  -32.529  77.407 0.0000000000
65695  -17.355  -32.255  76.177 0.0000000000
63391  -16.316  -33.341  73.591 0.0000000000
62146  -21.670  -33.560  81.104 0.0000000000
62173  -21.753  -34.249  80.306 0.0000000000
62157  -21.323  -33.816  80.896 0.0000000000
62172  -21.054  -34.258  80.444 0.0000000000
61044  -20.435  -34.545  80.114 0.0000000000
61056  -19.616  -34.545  79.327 0.0000000000
61109  -21.554  -34.429  77.250 0.0000000000
61108  -20.488  -34.684  77.387 0.0000000000
61136  -19.738  -34.707  75.583 0.0000000000
61091  -20.380  -34.876  78.248 0.0000000000
61090  -19.583  -34.991  78.240 0.0000000000
61071  -19.277  -34.580  78.903 0.0000000000
61088  -18.708  -34.601  77.754 0.0000000000
62215  -18.431  -34.248  76.738 0.0000000000
62232  -17.478  -34.010  74.816 0.0000000000
62231  -17.283  -33.881  74.446 0.0000000000
62247  -16.409  -33.706  72.970 0.0000000000
62246  -16.101  -33.541  72.657 0.0000000000
62281  -15.010  -34.162  69.582 0.0000000000
96218  -51.715  -4.543  46.558 0.0000000000
96227  -51.622  -4.705  45.567 0.0000000000
96228  -52.631  -4.693  45.696 0.0000000000
96238  -52.569  -4.641  44.798 0.0000000000
95282  -53.780  -4.291  43.677 0.0000000000
71464  -0.971  -27.007  73.013 0.0000000000
69060  -2.042  -29.067  72.717 0.0000000000
70205  -0.884  -27.933  74.080 0.0000000000
67908  -3.195  -30.590  72.608 0.0000000000
66767  -3.068  -31.617  72.929 0.0000000000
65724  -3.098  -32.678  72.039 0.0000000000
64579  -2.593  -33.535  71.685 0.0000000000
64586  -1.801  -34.583  71.269 0.0000000000
65706  -2.338  -32.793  73.986 0.0000000000
64561  -1.797  -33.733  74.054 0.0000000000
64570  -1.946  -33.845  73.157 0.0000000000
63422  -1.693  -35.196  70.687 0.0000000000
60102  -0.232  -37.510  69.411 0.0000000000
60114  0.172  -38.304  69.223 0.0000000000
59023  0.159  -38.553  68.893 0.0000000000
90020  -53.164  -11.613  57.273 0.0000000000
90030  -54.059  -11.200  57.474 0.0000000000
90022  -54.102  -11.132  58.137 0.0000000000
85678  -46.133  -15.071  62.872 0.0000000000
78633  -39.551  -20.263  67.073 0.0000000000
83441  -42.009  -15.177  56.075 0.0000000000
83442  -42.781  -14.942  55.747 0.0000000000
85738  -44.422  -13.546  57.132 0.0000000000
84575  -44.124  -13.907  56.219 0.0000000000
83457  -44.209  -14.692  54.695 0.0000000000
83458  -44.793  -14.639  54.540 0.0000000000
84605  -45.064  -14.619  54.475 0.0000000000
84594  -46.186  -14.282  55.019 0.0000000000
85755  -47.002  -13.970  55.155 0.0000000000
86857  -48.533  -12.633  56.524 0.0000000000
87911  -49.189  -12.326  56.477 0.0000000000
87908  -50.432  -11.916  56.565 0.0000000000
58895  -4.598  -36.652  81.911 0.0000000000
58905  -3.822  -37.546  80.664 0.0000000000
57845  -3.843  -37.637  80.273 0.0000000000
57854  -3.820  -38.315  79.448 0.0000000000
59987  -5.861  -35.383  80.455 0.0000000000
58912  -5.783  -36.572  79.095 0.0000000000
58911  -5.272  -37.030  79.503 0.0000000000
58910  -4.630  -37.391  79.746 0.0000000000
57855  -4.313  -38.181  79.039 0.0000000000
56760  -3.626  -38.924  78.776 0.0000000000
55731  -3.135  -40.107  76.596 0.0000000000
55733  -2.841  -40.607  76.051 0.0000000000
55734  -3.261  -40.323  75.792 0.0000000000
54607  -2.753  -41.676  74.478 0.0000000000
64574  -14.713  -32.541  72.672 0.0000000000
64573  -14.206  -32.319  72.410 0.0000000000
65718  -13.828  -32.026  72.746 0.0000000000
64589  -12.041  -32.757  71.347 0.0000000000
65717  -13.042  -32.118  72.590 0.0000000000
65708  -12.831  -31.894  73.412 0.0000000000
64556  -11.651  -32.227  75.075 0.0000000000
62278  -10.055  -34.274  70.939 0.0000000000
62263  -9.730  -34.329  72.164 0.0000000000
63399  -10.417  -33.124  73.441 0.0000000000
64547  -10.599  -32.581  75.611 0.0000000000
63372  -8.907  -33.504  76.152 0.0000000000
63365  -9.262  -32.968  77.181 0.0000000000
62211  -8.309  -34.153  77.462 0.0000000000
60013  -7.328  -35.056  76.734 0.0000000000
60022  -6.907  -35.888  75.860 0.0000000000
58927  -6.489  -36.408  76.351 0.0000000000
58926  -6.027  -36.833  75.863 0.0000000000
58956  -7.215  -38.017  72.969 0.0000000000
57888  -6.933  -38.579  72.561 0.0000000000
57878  -6.521  -38.336  73.626 0.0000000000
57887  -6.146  -38.831  73.161 0.0000000000
57874  -5.448  -38.249  74.847 0.0000000000
55740  -3.750  -39.940  74.006 0.0000000000
55742  -3.377  -40.701  73.553 0.0000000000
54619  -3.674  -41.534  72.239 0.0000000000
55752  -3.665  -40.926  72.818 0.0000000000
76369  -2.517  -22.717  70.395 0.0000000000
76368  -2.042  -23.071  69.777 0.0000000000
73909  -1.689  -25.199  72.067 0.0000000000
73921  -1.814  -25.067  71.401 0.0000000000
75203  -2.127  -24.564  71.289 0.0000000000
73934  -1.364  -25.726  70.252 0.0000000000
73936  -1.899  -24.816  70.677 0.0000000000
76367  -1.710  -23.720  69.468 0.0000000000
75243  -1.055  -24.474  68.119 0.0000000000
72732  -1.289  -25.159  67.585 0.0000000000
71511  -1.679  -25.981  67.830 0.0000000000
72724  -1.449  -25.527  67.794 0.0000000000
72733  -1.497  -25.390  67.323 0.0000000000
71524  -1.830  -25.677  66.942 0.0000000000
71538  -2.916  -26.574  65.815 0.0000000000
69077  -3.380  -29.236  70.555 0.0000000000
67922  -4.403  -30.640  69.313 0.0000000000
69082  -4.097  -29.721  69.534 0.0000000000
69081  -3.259  -28.914  69.477 0.0000000000
69089  -3.889  -29.255  68.560 0.0000000000
69088  -3.027  -28.672  68.368 0.0000000000
66821  -4.488  -31.210  66.544 0.0000000000
69099  -3.267  -28.690  67.187 0.0000000000
70284  -3.224  -28.118  65.613 0.0000000000
69132  -4.290  -29.243  64.323 0.0000000000
70283  -3.113  -27.197  65.627 0.0000000000
70292  -3.714  -27.599  64.395 0.0000000000
70309  -3.122  -29.024  62.100 0.0000000000
70308  -2.626  -29.621  61.543 0.0000000000
63280  -2.930  -34.263  82.824 0.0000000000
64475  -2.641  -33.722  82.773 0.0000000000
64474  -2.251  -33.684  82.666 0.0000000000
62136  -1.597  -35.506  82.211 0.0000000000
63287  -1.571  -34.522  82.410 0.0000000000
64473  -1.855  -33.586  82.494 0.0000000000
64472  -1.497  -33.356  82.168 0.0000000000
65635  -1.264  -32.667  81.840 0.0000000000
64485  -0.899  -33.278  81.604 0.0000000000
58903  -0.597  -38.228  80.066 0.0000000000
59984  -0.700  -37.179  80.567 0.0000000000
61035  -0.664  -36.415  80.814 0.0000000000
61040  -0.494  -36.474  80.294 0.0000000000
62151  -0.670  -35.354  81.325 0.0000000000
63295  -0.697  -34.158  81.490 0.0000000000
65634  -1.023  -32.080  81.583 0.0000000000
65646  -0.695  -32.349  81.269 0.0000000000
65663  -0.126  -32.560  80.294 0.0000000000
64515  0.004  -33.712  80.056 0.0000000000
66720  -0.499  -31.537  79.810 0.0000000000
66721  -0.669  -31.921  79.456 0.0000000000
66726  -0.866  -31.140  79.260 0.0000000000
65679  -1.317  -32.825  78.259 0.0000000000
63354  -0.676  -34.680  77.815 0.0000000000
63362  -0.457  -34.892  77.164 0.0000000000
63363  -0.783  -34.425  76.769 0.0000000000
63371  -0.538  -34.906  76.224 0.0000000000
61143  0.650  -37.417  75.006 0.0000000000
60055  1.152  -38.819  73.607 0.0000000000
61157  0.586  -37.360  74.111 0.0000000000
62243  0.260  -36.763  73.972 0.0000000000
62251  0.117  -36.648  73.386 0.0000000000
61186  0.136  -37.481  72.425 0.0000000000
60092  0.346  -38.348  71.003 0.0000000000
58989  0.861  -39.235  71.535 0.0000000000
58990  0.597  -38.930  70.983 0.0000000000
57921  0.625  -39.373  69.674 0.0000000000
57933  0.618  -39.817  69.102 0.0000000000
56822  0.549  -40.299  68.449 0.0000000000
51105  2.064  -44.812  73.958 0.0000000000
48629  3.011  -47.177  72.767 0.0000000000
52287  2.221  -44.621  73.621 0.0000000000
53485  2.562  -43.562  72.713 0.0000000000
53506  2.534  -43.487  71.813 0.0000000000
54638  1.853  -42.462  71.028 0.0000000000
49968  2.963  -46.383  68.864 0.0000000000
51199  2.748  -45.383  69.296 0.0000000000
54651  1.745  -42.653  70.187 0.0000000000
55776  1.528  -42.004  70.102 0.0000000000
54652  1.565  -42.353  69.665 0.0000000000
53563  1.414  -43.212  68.438 0.0000000000
55783  1.190  -41.591  69.146 0.0000000000
56827  0.704  -41.320  68.184 0.0000000000
56828  0.387  -40.762  67.632 0.0000000000
55819  0.063  -42.258  66.455 0.0000000000
52414  -0.071  -44.428  64.722 0.0000000000
51054  1.225  -43.921  75.917 0.0000000000
51055  0.866  -43.658  75.894 0.0000000000
51056  0.598  -43.418  76.011 0.0000000000
51081  -0.204  -43.651  75.535 0.0000000000
52214  0.886  -42.673  76.416 0.0000000000
52228  -0.100  -42.515  76.262 0.0000000000
52245  1.704  -43.963  75.259 0.0000000000
53389  1.159  -42.207  76.531 0.0000000000
53397  1.124  -42.632  76.391 0.0000000000
53411  1.454  -43.135  75.956 0.0000000000
54580  -0.075  -41.159  78.292 0.0000000000
54584  0.214  -41.133  77.873 0.0000000000
54588  1.019  -41.851  76.659 0.0000000000
54590  0.392  -41.319  77.461 0.0000000000
54596  1.247  -41.860  76.536 0.0000000000
54602  -2.836  -40.895  75.505 0.0000000000
54796  -1.231  -42.283  62.680 0.0000000000
55708  -1.135  -39.845  79.631 0.0000000000
55712  -0.695  -40.113  79.211 0.0000000000
55715  -2.173  -40.204  79.100 0.0000000000
55717  0.448  -40.667  77.876 0.0000000000
55718  0.257  -40.809  78.103 0.0000000000
55719  -1.378  -40.679  78.726 0.0000000000
55722  1.048  -41.106  76.770 0.0000000000
55793  0.663  -41.658  67.822 0.0000000000
55836  -0.185  -42.434  65.758 0.0000000000
55855  -1.630  -40.944  64.138 0.0000000000
56750  -3.307  -38.427  79.874 0.0000000000
56764  -2.782  -39.745  77.507 0.0000000000
56773  -4.895  -38.432  75.971 0.0000000000
56847  -0.520  -41.033  65.839 0.0000000000
56861  -1.302  -40.684  65.083 0.0000000000
56862  -1.643  -40.438  64.884 0.0000000000
56877  -2.255  -39.920  64.271 0.0000000000
57832  -2.163  -37.606  81.304 0.0000000000
57836  -1.853  -38.008  80.961 0.0000000000
57839  -3.151  -37.692  80.988 0.0000000000
57841  -0.750  -38.623  80.124 0.0000000000
57842  -0.992  -38.895  80.199 0.0000000000
57847  -0.063  -38.938  79.278 0.0000000000
57849  -3.575  -38.015  79.916 0.0000000000
57863  -4.597  -38.330  77.703 0.0000000000
57902  -7.750  -38.316  71.230 0.0000000000
57973  -1.083  -40.027  65.977 0.0000000000
57987  -1.977  -39.776  64.938 0.0000000000
57988  -2.205  -39.706  64.446 0.0000000000
57998  -2.359  -39.708  63.945 0.0000000000
58887  -2.854  -36.997  82.026 0.0000000000
58889  -3.858  -36.781  82.366 0.0000000000
58899  -3.177  -37.568  81.242 0.0000000000
58932  -26.027  -37.110  74.273 0.0000000000
58935  -27.368  -36.543  74.978 0.0000000000
58951  -27.879  -36.894  72.947 0.0000000000
58974  -8.432  -37.671  71.094 0.0000000000
59007  -8.317  -38.131  70.079 0.0000000000
59036  0.291  -39.138  68.793 0.0000000000
59068  -1.789  -38.874  65.826 0.0000000000
59085  -2.254  -39.360  64.584 0.0000000000
59098  -2.060  -38.384  63.742 0.0000000000
59100  -2.311  -39.453  64.260 0.0000000000
59973  -2.132  -36.808  81.829 0.0000000000
59974  -2.425  -36.875  81.995 0.0000000000
59975  -4.139  -36.564  82.370 0.0000000000
59979  -1.046  -36.971  81.168 0.0000000000
59980  -1.033  -37.196  80.913 0.0000000000
59981  -4.842  -36.299  81.773 0.0000000000
59983  -5.745  -35.306  81.006 0.0000000000
59989  0.065  -37.943  79.127 0.0000000000
60000  -26.927  -34.774  77.958 0.0000000000
60009  -28.468  -34.450  77.251 0.0000000000
60014  -24.590  -35.747  76.092 0.0000000000
60026  -25.937  -36.246  75.756 0.0000000000
60031  -28.934  -34.864  76.083 0.0000000000
60044  1.312  -39.237  74.299 0.0000000000
60078  0.345  -38.051  72.027 0.0000000000
60079  -8.343  -37.499  71.418 0.0000000000
60199  -1.619  -37.040  63.685 0.0000000000
60200  -1.866  -37.373  64.043 0.0000000000
61017  -2.675  -35.572  82.657 0.0000000000
61018  -2.942  -35.545  82.710 0.0000000000
61021  -1.761  -35.917  82.044 0.0000000000
61031  -1.870  -36.463  81.845 0.0000000000
61036  -0.840  -36.131  81.236 0.0000000000
61055  -19.428  -34.477  79.144 0.0000000000
61057  -20.154  -34.667  79.843 0.0000000000
61068  0.040  -37.041  78.925 0.0000000000
61072  -19.587  -34.798  78.965 0.0000000000
61081  -27.439  -34.229  78.543 0.0000000000
61084  0.214  -37.461  78.159 0.0000000000
61087  -7.398  -34.449  78.051 0.0000000000
61089  -18.886  -34.769  78.163 0.0000000000
61098  -27.774  -34.430  77.932 0.0000000000
61100  -28.896  -33.937  77.808 0.0000000000
61104  -8.181  -34.361  77.017 0.0000000000
61105  -18.691  -34.572  77.375 0.0000000000
61114  -29.039  -34.034  77.177 0.0000000000
61119  -18.247  -34.204  76.026 0.0000000000
61142  0.771  -38.089  75.231 0.0000000000
61180  -20.515  -34.427  73.205 0.0000000000
62130  -2.669  -35.159  82.784 0.0000000000
62137  -1.948  -35.335  82.518 0.0000000000
62156  -20.678  -33.781  80.880 0.0000000000
62158  -22.039  -33.873  80.537 0.0000000000
62169  -19.531  -33.500  79.911 0.0000000000
62171  -20.433  -34.254  80.343 0.0000000000
62186  -19.810  -34.197  79.829 0.0000000000
62187  -20.100  -34.296  80.148 0.0000000000
62195  -18.776  -33.962  78.325 0.0000000000
62204  -18.390  -33.905  77.189 0.0000000000
62206  -18.769  -34.510  78.131 0.0000000000
62208  -29.782  -33.257  77.688 0.0000000000
62213  -8.877  -33.518  77.055 0.0000000000
62217  -29.881  -33.385  77.110 0.0000000000
62220  0.418  -36.298  76.131 0.0000000000
62224  -18.325  -34.205  76.278 0.0000000000
62229  -8.167  -34.289  75.849 0.0000000000
62233  -29.348  -34.035  76.307 0.0000000000
62234  -29.617  -33.615  76.269 0.0000000000
62239  -17.113  -33.882  73.970 0.0000000000
62240  -17.385  -34.123  74.288 0.0000000000
62249  -21.319  -34.662  72.996 0.0000000000
62253  -9.454  -34.312  73.129 0.0000000000
62256  -20.256  -34.410  72.783 0.0000000000
63297  -1.241  -34.882  82.239 0.0000000000
63312  -0.686  -34.860  81.574 0.0000000000
63318  -20.114  -33.231  81.300 0.0000000000
63320  -21.263  -33.439  81.477 0.0000000000
63340  -18.539  -32.667  78.498 0.0000000000
63349  -18.651  -33.431  78.298 0.0000000000
63383  -17.363  -33.798  74.895 0.0000000000
63390  -15.940  -33.214  73.264 0.0000000000
63401  -16.215  -33.480  73.130 0.0000000000
63408  -10.682  -32.994  72.513 0.0000000000
63426  -13.521  -33.654  70.273 0.0000000000
64465  -2.515  -32.983  82.833 0.0000000000
64466  -3.058  -33.235  83.087 0.0000000000
64528  -30.668  -32.481  78.308 0.0000000000
64533  -1.292  -33.415  77.964 0.0000000000
64537  -31.120  -32.165  77.711 0.0000000000
64545  -31.546  -31.658  77.377 0.0000000000
64549  -16.963  -33.094  74.944 0.0000000000
64552  -31.537  -31.677  76.722 0.0000000000
64568  -31.425  -31.425  75.561 0.0000000000
64581  -12.720  -32.475  72.021 0.0000000000
64583  -14.557  -32.673  72.072 0.0000000000
64591  -13.645  -33.027  71.342 0.0000000000
64598  -12.729  -33.159  70.717 0.0000000000
64640  -1.701  -34.144  63.942 0.0000000000
64647  -1.984  -33.432  63.659 0.0000000000
64656  -1.761  -33.747  62.758 0.0000000000
65620  -1.528  -32.169  82.124 0.0000000000
65621  -1.803  -32.571  82.410 0.0000000000
65622  -2.131  -32.833  82.640 0.0000000000
65697  -32.371  -30.936  76.512 0.0000000000
65705  -32.265  -30.947  75.902 0.0000000000
65713  -31.829  -30.872  75.177 0.0000000000
65721  -31.036  -30.967  74.289 0.0000000000
65727  -13.525  -32.249  72.347 0.0000000000
65730  -31.269  -30.608  73.988 0.0000000000
65734  -30.194  -31.091  72.869 0.0000000000
65737  -3.030  -32.822  69.958 0.0000000000
65758  -3.293  -32.472  68.570 0.0000000000
65763  -2.042  -33.638  66.829 0.0000000000
65775  -2.781  -32.474  66.512 0.0000000000
66654  -1.924  -31.352  82.797 0.0000000000
66655  -2.218  -31.573  83.090 0.0000000000
66679  -1.086  -31.397  81.598 0.0000000000
66769  -31.124  -30.421  73.297 0.0000000000
66773  -29.779  -31.230  72.081 0.0000000000
66779  -4.130  -31.294  70.137 0.0000000000
66787  -29.272  -31.662  70.009 0.0000000000
66819  -2.647  -32.380  65.910 0.0000000000
66848  -2.928  -32.136  64.061 0.0000000000
67789  -2.873  -30.830  83.388 0.0000000000
67798  -1.535  -30.881  82.212 0.0000000000
67809  -1.345  -30.787  81.899 0.0000000000
67871  -1.097  -30.919  78.344 0.0000000000
67909  -3.568  -30.962  72.002 0.0000000000
67913  -3.811  -30.742  71.402 0.0000000000
67924  -32.710  -28.689  69.728 0.0000000000
67925  -33.077  -28.365  69.519 0.0000000000
67942  -33.135  -28.231  68.140 0.0000000000
67950  -32.711  -28.865  66.974 0.0000000000
67958  -4.333  -29.904  65.663 0.0000000000
68908  -1.926  -30.516  82.792 0.0000000000
68909  -2.102  -30.401  82.927 0.0000000000
68920  -1.970  -30.015  82.821 0.0000000000
69050  -1.242  -28.263  74.038 0.0000000000
69062  -3.290  -30.082  72.142 0.0000000000
69073  -33.422  -28.254  70.796 0.0000000000
69083  -4.438  -30.183  68.991 0.0000000000
69087  -2.595  -28.317  68.692 0.0000000000
69103  -33.285  -27.917  67.882 0.0000000000
69112  -4.276  -29.508  67.199 0.0000000000
69139  -3.700  -28.928  62.633 0.0000000000
70046  -3.529  -29.399  83.139 0.0000000000
70054  -2.591  -29.099  83.160 0.0000000000
70224  -1.524  -27.813  71.737 0.0000000000
70241  -33.919  -27.731  70.111 0.0000000000
70242  -33.976  -27.710  70.683 0.0000000000
70275  -32.971  -27.598  67.010 0.0000000000
71498  -34.475  -27.054  70.237 0.0000000000
71506  -34.099  -27.073  68.598 0.0000000000
71510  -1.476  -25.706  68.095 0.0000000000
72744  -1.299  -24.999  67.172 0.0000000000
73920  -1.544  -25.543  71.571 0.0000000000
73964  -1.132  -24.880  67.848 0.0000000000
75216  -2.087  -24.116  70.349 0.0000000000
75231  -1.278  -24.691  68.855 0.0000000000
76356  -2.651  -23.308  71.186 0.0000000000
76370  -2.717  -22.258  70.661 0.0000000000
76405  -0.792  -23.793  67.208 0.0000000000
76452  -38.827  -20.981  62.386 0.0000000000
76464  -37.070  -21.434  61.158 0.0000000000
76468  -38.997  -20.966  62.047 0.0000000000
76480  -38.042  -21.306  61.047 0.0000000000
76482  -38.893  -20.988  61.631 0.0000000000
77485  -1.272  -22.501  68.131 0.0000000000
77505  -31.954  -22.021  65.990 0.0000000000
77509  -40.422  -21.183  65.451 0.0000000000
77520  -40.752  -20.691  64.870 0.0000000000
77540  -40.481  -20.609  64.437 0.0000000000
77570  -34.730  -21.231  61.866 0.0000000000
77575  -39.110  -20.893  62.487 0.0000000000
77604  -39.211  -20.871  61.243 0.0000000000
78632  -38.763  -20.167  67.232 0.0000000000
78645  -39.951  -20.714  66.595 0.0000000000
78647  -41.363  -20.497  66.373 0.0000000000
78661  -41.064  -20.912  66.003 0.0000000000
78662  -41.554  -20.480  65.955 0.0000000000
78668  -32.093  -21.263  65.490 0.0000000000
78737  -39.453  -20.799  60.852 0.0000000000
78756  -39.875  -20.238  60.546 0.0000000000
79819  -35.815  -18.868  67.307 0.0000000000
79852  -35.290  -19.522  66.112 0.0000000000
79853  -35.886  -19.387  66.462 0.0000000000
79864  -33.136  -20.186  65.209 0.0000000000
79883  -33.872  -20.187  64.752 0.0000000000
79887  -43.401  -19.521  65.407 0.0000000000
79902  -40.710  -19.716  62.735 0.0000000000
81030  -44.003  -19.164  65.068 0.0000000000
81038  -42.150  -18.636  63.834 0.0000000000
81064  -40.471  -18.864  61.238 0.0000000000
82167  -45.130  -18.551  65.280 0.0000000000
82195  -41.987  -17.956  62.396 0.0000000000
82205  -41.932  -17.355  61.496 0.0000000000
83353  -45.792  -17.680  64.871 0.0000000000
83426  -41.685  -15.096  56.839 0.0000000000
83456  -43.010  -14.877  55.093 0.0000000000
83469  -44.767  -14.785  54.192 0.0000000000
84510  -44.451  -16.059  62.567 0.0000000000
84527  -43.066  -15.990  60.716 0.0000000000
84542  -43.357  -15.487  60.414 0.0000000000
84591  -43.109  -14.782  55.615 0.0000000000
84593  -44.928  -14.365  54.959 0.0000000000
85690  -45.630  -14.691  62.072 0.0000000000
85700  -45.073  -14.514  61.108 0.0000000000
85724  -43.424  -14.853  59.487 0.0000000000
85741  -46.901  -13.522  55.799 0.0000000000
85742  -47.672  -13.430  55.430 0.0000000000
85743  -48.050  -13.299  55.238 0.0000000000
86793  -46.475  -14.478  62.455 0.0000000000
86838  -46.772  -13.475  60.293 0.0000000000
86874  -48.466  -12.910  55.298 0.0000000000
86875  -48.880  -12.386  55.402 0.0000000000
86886  -47.459  -13.225  53.984 0.0000000000
86887  -48.122  -12.937  54.478 0.0000000000
86888  -48.595  -12.527  54.758 0.0000000000
86896  -47.865  -12.795  54.128 0.0000000000
87872  -48.275  -13.392  60.463 0.0000000000
87888  -46.695  -13.408  60.064 0.0000000000
87889  -47.095  -13.312  60.070 0.0000000000
87923  -50.171  -11.504  55.999 0.0000000000
87929  -49.528  -11.712  55.500 0.0000000000
87941  -48.768  -11.579  54.446 0.0000000000
88963  -50.170  -11.203  55.569 0.0000000000
88965  -51.142  -11.080  55.988 0.0000000000
88968  -49.910  -11.050  54.987 0.0000000000
89997  -53.060  -11.524  59.693 0.0000000000
90021  -53.438  -11.657  57.925 0.0000000000
90028  -52.836  -11.445  56.791 0.0000000000
90052  -51.358  -10.496  55.384 0.0000000000
90061  -48.598  -10.179  53.534 0.0000000000
91137  -53.446  -10.543  56.086 0.0000000000
91145  -53.781  -10.016  55.671 0.0000000000
91147  -50.461  -9.690  54.118 0.0000000000
92188  -53.487  -9.382  55.093 0.0000000000
92192  -51.229  -9.140  54.106 0.0000000000
92199  -51.434  -8.784  53.919 0.0000000000
92205  -49.785  -8.736  52.848 0.0000000000
93164  -49.857  -8.217  52.268 0.0000000000
94168  -54.793  -7.533  56.114 0.0000000000
95217  -54.762  -6.267  54.102 0.0000000000
95225  -54.704  -5.979  53.525 0.0000000000
95266  -53.825  -4.679  45.072 0.0000000000
96229  -53.567  -4.570  45.581 0.0000000000
97132  -54.591  -4.185  50.590 0.0000000000
