#!ascii label  , from subject 3480 vox2ras=TkReg
1412
105531  -41.544  4.044  39.816 0.0000000000
107598  -51.537  6.060  28.152 0.0000000000
112430  -47.763  11.020  45.194 0.0000000000
105566  -51.553  3.101  34.652 0.0000000000
101070  -51.041  -0.521  42.665 0.0000000000
111507  -46.309  9.220  32.953 0.0000000000
151201  -52.727  14.609  35.505 0.0000000000
117313  -46.588  15.096  42.946 0.0000000000
99021  -43.856  -2.533  48.006 0.0000000000
102190  -45.692  1.392  36.483 0.0000000000
106602  -48.138  5.078  32.375 0.0000000000
107501  -45.577  5.832  37.294 0.0000000000
113493  -52.044  12.180  49.073 0.0000000000
112461  -52.561  10.917  40.667 0.0000000000
116397  -54.454  14.579  42.899 0.0000000000
116436  -50.291  14.914  39.818 0.0000000000
119080  -51.700  17.074  45.577 0.0000000000
108590  -48.640  7.911  26.035 0.0000000000
106512  -39.861  4.396  45.709 0.0000000000
110448  -42.347  8.850  42.389 0.0000000000
105554  -56.425  3.448  36.509 0.0000000000
102179  -51.331  0.248  37.637 0.0000000000
102144  -45.102  -0.357  40.809 0.0000000000
101027  -44.275  -0.941  44.516 0.0000000000
110568  -50.648  8.936  28.346 0.0000000000
115587  -50.213  13.505  28.031 0.0000000000
109455  -48.531  8.494  39.970 0.0000000000
113599  -48.815  11.799  35.048 0.0000000000
117451  -50.855  16.027  30.839 0.0000000000
119163  -47.379  16.684  34.128 0.0000000000
119133  -44.503  17.242  36.275 0.0000000000
104413  -43.077  2.384  37.907 0.0000000000
104429  -44.683  3.364  36.531 0.0000000000
107495  -43.310  5.295  38.599 0.0000000000
115451  -52.849  13.491  49.207 0.0000000000
113520  -54.031  12.232  46.073 0.0000000000
116378  -53.925  15.410  45.985 0.0000000000
118228  -53.017  16.544  44.416 0.0000000000
107621  -50.094  6.673  26.796 0.0000000000
106489  -39.314  4.539  47.297 0.0000000000
106505  -41.962  4.683  46.720 0.0000000000
101096  -50.457  -0.554  40.817 0.0000000000
101103  -47.625  -0.677  39.529 0.0000000000
101082  -47.804  -0.525  41.458 0.0000000000
100029  -44.236  -1.292  45.807 0.0000000000
101044  -38.221  -0.843  43.252 0.0000000000
103212  -36.607  2.075  44.331 0.0000000000
103210  -35.774  1.018  44.621 0.0000000000
107536  -52.125  5.115  33.107 0.0000000000
109502  -46.725  7.421  32.128 0.0000000000
108543  -49.185  6.981  30.641 0.0000000000
110542  -47.725  8.536  30.321 0.0000000000
112565  -49.161  10.884  27.599 0.0000000000
113632  -47.669  11.184  30.716 0.0000000000
112437  -45.043  10.295  44.173 0.0000000000
110461  -46.537  8.422  41.045 0.0000000000
111430  -48.257  9.325  41.948 0.0000000000
113571  -53.938  11.759  38.313 0.0000000000
112492  -52.106  10.858  38.178 0.0000000000
114575  -51.280  12.558  35.872 0.0000000000
151186  -51.577  14.183  33.236 0.0000000000
151174  -48.750  14.778  33.886 0.0000000000
117441  -48.303  15.141  32.205 0.0000000000
151175  -48.892  16.133  35.153 0.0000000000
116404  -48.829  14.390  41.583 0.0000000000
117388  -47.233  15.457  37.779 0.0000000000
116432  -45.746  14.837  39.185 0.0000000000
118294  -43.372  16.432  37.602 0.0000000000
116400  -44.432  14.654  41.318 0.0000000000
103311  -48.433  1.896  35.189 0.0000000000
105602  -49.712  3.809  33.615 0.0000000000
104464  -47.264  2.667  34.600 0.0000000000
106568  -46.188  4.763  34.465 0.0000000000
108482  -46.394  6.670  35.841 0.0000000000
113498  -49.851  11.786  47.266 0.0000000000
112443  -50.046  11.006  43.413 0.0000000000
113527  -52.396  11.580  44.536 0.0000000000
114535  -54.323  12.288  42.205 0.0000000000
117372  -54.610  14.951  39.052 0.0000000000
117404  -51.627  15.760  37.787 0.0000000000
117346  -52.699  15.580  40.679 0.0000000000
117316  -51.025  15.356  43.034 0.0000000000
117292  -49.227  15.762  44.290 0.0000000000
111552  -47.819  9.750  25.723 0.0000000000
107483  -39.351  5.392  41.722 0.0000000000
108444  -41.135  6.721  40.738 0.0000000000
108435  -40.556  7.029  44.421 0.0000000000
110435  -42.948  7.850  45.633 0.0000000000
110433  -45.338  8.463  47.093 0.0000000000
109379  -45.053  7.699  49.909 0.0000000000
111379  -47.615  9.740  48.355 0.0000000000
105569  -54.401  3.194  35.450 0.0000000000
103296  -54.081  1.453  37.016 0.0000000000
103315  -51.737  1.589  35.986 0.0000000000
102176  -48.822  0.113  37.377 0.0000000000
102160  -45.345  0.104  38.631 0.0000000000
102075  -49.611  0.307  45.406 0.0000000000
100999  -47.070  -0.747  47.328 0.0000000000
103187  -47.120  -0.015  45.838 0.0000000000
102103  -47.599  -0.354  43.782 0.0000000000
102119  -44.729  -0.426  42.291 0.0000000000
104390  -40.311  3.017  40.964 0.0000000000
109562  -53.538  7.534  28.906 0.0000000000
107568  -51.290  6.052  31.553 0.0000000000
110558  -52.029  8.449  29.311 0.0000000000
110579  -51.886  8.514  27.410 0.0000000000
111564  -50.610  9.685  25.847 0.0000000000
113669  -49.791  11.574  25.673 0.0000000000
115603  -49.398  13.676  26.039 0.0000000000
108447  -45.186  7.139  39.693 0.0000000000
108468  -47.135  7.254  38.560 0.0000000000
110497  -47.373  8.295  36.731 0.0000000000
111441  -50.347  9.827  40.456 0.0000000000
112489  -49.066  9.687  37.862 0.0000000000
112521  -47.548  10.501  34.846 0.0000000000
115557  -50.700  13.437  31.235 0.0000000000
117483  -52.813  15.993  28.765 0.0000000000
116542  -47.859  14.864  27.178 0.0000000000
151169  -49.059  15.926  36.925 0.0000000000
119144  -46.039  17.493  35.520 0.0000000000
117425  -44.183  15.466  34.776 0.0000000000
119151  -42.569  16.984  35.678 0.0000000000
119138  -40.875  16.901  36.403 0.0000000000
104406  -42.284  3.051  39.056 0.0000000000
105536  -42.756  3.908  38.299 0.0000000000
106534  -42.249  4.814  39.216 0.0000000000
116372  -53.046  14.506  47.996 0.0000000000
118208  -53.750  17.023  47.225 0.0000000000
107609  -50.428  6.086  27.459 0.0000000000
101085  -50.670  -0.638  41.740 0.0000000000
101095  -49.503  -0.581  40.776 0.0000000000
101068  -48.814  -0.387  42.732 0.0000000000
100053  -38.175  -1.635  43.847 0.0000000000
102082  -36.268  0.272  44.253 0.0000000000
106569  -52.874  4.140  33.972 0.0000000000
106589  -52.320  4.483  33.525 0.0000000000
110525  -46.312  8.388  32.117 0.0000000000
110533  -47.380  8.227  30.906 0.0000000000
111521  -46.624  9.266  31.156 0.0000000000
112550  -47.286  10.298  30.393 0.0000000000
112543  -46.749  10.014  31.734 0.0000000000
112439  -46.513  10.548  44.294 0.0000000000
111421  -46.911  9.931  42.659 0.0000000000
112440  -47.475  10.646  44.156 0.0000000000
115518  -54.256  13.448  35.977 0.0000000000
151151  -53.181  12.109  35.660 0.0000000000
151183  -52.352  13.820  34.634 0.0000000000
151168  -47.795  14.234  35.959 0.0000000000
151158  -49.181  14.960  36.292 0.0000000000
118350  -48.256  15.317  34.997 0.0000000000
151177  -51.112  15.576  36.516 0.0000000000
116393  -48.020  14.673  42.509 0.0000000000
116416  -47.343  14.412  40.453 0.0000000000
116402  -46.646  14.418  41.384 0.0000000000
116414  -45.115  14.483  40.340 0.0000000000
116391  -46.006  14.695  42.264 0.0000000000
103289  -47.438  1.323  35.865 0.0000000000
103325  -47.955  2.116  34.890 0.0000000000
103309  -46.352  2.255  35.432 0.0000000000
106546  -45.194  4.800  36.615 0.0000000000
105581  -45.718  4.279  35.268 0.0000000000
107516  -45.917  5.335  35.608 0.0000000000
107517  -46.111  5.909  35.255 0.0000000000
107508  -46.204  5.991  36.162 0.0000000000
113499  -50.933  11.993  47.551 0.0000000000
113507  -50.757  11.925  46.330 0.0000000000
113508  -51.847  11.929  46.592 0.0000000000
115474  -54.381  13.714  44.767 0.0000000000
114533  -54.338  12.586  43.313 0.0000000000
115478  -54.512  13.413  42.550 0.0000000000
115483  -53.725  13.092  40.531 0.0000000000
117331  -54.220  15.089  41.084 0.0000000000
117347  -53.588  15.451  40.341 0.0000000000
117320  -53.971  15.222  42.165 0.0000000000
119086  -52.232  16.722  45.034 0.0000000000
118246  -52.415  15.899  43.229 0.0000000000
117295  -51.638  15.970  44.120 0.0000000000
117315  -50.350  15.265  43.263 0.0000000000
118225  -50.641  16.305  44.833 0.0000000000
110589  -48.125  8.951  25.681 0.0000000000
107475  -39.081  5.373  44.291 0.0000000000
108434  -40.100  6.922  43.807 0.0000000000
107472  -40.448  6.234  44.975 0.0000000000
107461  -42.906  5.807  47.324 0.0000000000
108425  -42.434  6.333  46.137 0.0000000000
109420  -43.732  7.200  46.740 0.0000000000
110437  -44.339  8.312  46.187 0.0000000000
109409  -44.366  7.338  47.621 0.0000000000
109377  -44.045  8.129  50.473 0.0000000000
110411  -46.416  8.188  49.144 0.0000000000
110402  -47.043  8.714  50.602 0.0000000000
111370  -48.289  9.801  49.190 0.0000000000
111344  -48.374  9.578  51.140 0.0000000000
106556  -55.295  3.975  35.129 0.0000000000
105570  -55.447  3.480  35.723 0.0000000000
102182  -54.030  0.886  38.337 0.0000000000
102180  -52.476  0.549  37.565 0.0000000000
103294  -52.371  1.271  36.445 0.0000000000
102196  -51.274  0.677  36.935 0.0000000000
102194  -49.580  0.701  36.781 0.0000000000
102177  -49.694  0.180  37.344 0.0000000000
101102  -46.683  -0.505  39.428 0.0000000000
101113  -46.543  -0.213  38.588 0.0000000000
101101  -45.900  -0.254  39.228 0.0000000000
100002  -45.650  -1.818  47.547 0.0000000000
101008  -45.491  -0.928  46.130 0.0000000000
101029  -45.663  -0.666  45.288 0.0000000000
103214  -47.048  -0.268  45.032 0.0000000000
102086  -46.424  -0.371  44.459 0.0000000000
102101  -46.031  -0.265  43.421 0.0000000000
102084  -44.673  -0.560  43.810 0.0000000000
104383  -38.905  2.836  42.094 0.0000000000
104382  -38.197  2.715  42.787 0.0000000000
108566  -54.262  7.016  29.335 0.0000000000
106586  -49.419  4.341  32.946 0.0000000000
106604  -50.094  4.870  32.421 0.0000000000
107554  -49.734  5.404  31.823 0.0000000000
109551  -49.369  7.997  29.575 0.0000000000
109537  -50.743  7.594  30.186 0.0000000000
110557  -50.985  8.497  29.027 0.0000000000
110570  -52.178  8.589  28.303 0.0000000000
110578  -51.716  8.914  27.645 0.0000000000
110586  -51.371  8.767  26.553 0.0000000000
111546  -51.089  9.343  27.288 0.0000000000
114659  -49.718  12.256  27.037 0.0000000000
113662  -50.024  11.865  26.106 0.0000000000
114669  -49.815  12.633  26.150 0.0000000000
114678  -49.394  12.239  25.546 0.0000000000
116544  -50.448  14.107  26.796 0.0000000000
109436  -41.796  8.361  42.038 0.0000000000
109448  -43.333  7.441  40.398 0.0000000000
109440  -43.845  8.089  40.829 0.0000000000
109444  -47.614  8.164  40.439 0.0000000000
108449  -46.657  7.526  39.870 0.0000000000
109458  -47.674  7.855  39.569 0.0000000000
109470  -47.607  7.518  37.906 0.0000000000
109471  -48.087  7.969  38.270 0.0000000000
113537  -51.147  10.857  42.217 0.0000000000
112455  -50.191  10.307  41.953 0.0000000000
112459  -51.187  10.764  41.033 0.0000000000
112503  -50.693  11.190  37.022 0.0000000000
112477  -50.504  10.099  38.812 0.0000000000
112511  -48.659  10.642  36.073 0.0000000000
112510  -47.892  10.126  35.782 0.0000000000
113598  -48.313  11.377  34.580 0.0000000000
113625  -48.509  12.026  32.184 0.0000000000
114604  -49.135  12.628  33.295 0.0000000000
117443  -52.104  15.666  32.249 0.0000000000
116515  -53.670  15.020  31.050 0.0000000000
118374  -52.622  16.810  29.825 0.0000000000
117480  -50.596  16.077  27.941 0.0000000000
117470  -49.219  15.863  28.897 0.0000000000
116533  -47.414  15.003  28.261 0.0000000000
117459  -48.951  15.632  29.953 0.0000000000
117435  -47.734  15.071  32.786 0.0000000000
117440  -47.367  14.715  32.038 0.0000000000
117391  -50.801  15.340  38.762 0.0000000000
117403  -50.341  15.777  37.193 0.0000000000
117390  -49.539  15.391  38.022 0.0000000000
117400  -45.739  16.301  37.162 0.0000000000
118310  -46.265  16.764  36.554 0.0000000000
119143  -45.087  17.397  35.790 0.0000000000
119160  -45.016  17.055  34.722 0.0000000000
119153  -44.484  17.252  35.113 0.0000000000
117422  -43.375  15.610  35.094 0.0000000000
119141  -43.159  17.365  35.963 0.0000000000
117364  -43.010  15.350  39.244 0.0000000000
118305  -41.794  16.921  37.246 0.0000000000
118292  -41.541  16.379  37.830 0.0000000000
118303  -39.827  16.673  37.089 0.0000000000
103274  -44.425  2.051  37.040 0.0000000000
103287  -45.447  2.208  36.070 0.0000000000
104421  -44.247  3.119  36.892 0.0000000000
106541  -43.861  4.308  37.525 0.0000000000
106539  -44.247  5.176  37.894 0.0000000000
113501  -52.984  12.202  47.492 0.0000000000
114514  -53.938  12.967  47.803 0.0000000000
115471  -54.198  13.661  45.835 0.0000000000
116383  -53.980  14.874  45.220 0.0000000000
117307  -53.755  15.655  43.313 0.0000000000
117288  -53.738  16.302  44.938 0.0000000000
119074  -52.996  17.541  46.080 0.0000000000
109576  -49.640  7.837  26.140 0.0000000000
105481  -40.414  3.749  46.972 0.0000000000
106513  -40.848  4.230  46.097 0.0000000000
105467  -41.068  4.263  47.509 0.0000000000
101118  -50.855  -0.307  39.426 0.0000000000
101116  -49.521  -0.447  38.905 0.0000000000
101105  -49.463  -0.477  39.860 0.0000000000
101093  -47.706  -0.666  40.517 0.0000000000
101080  -45.998  -0.478  41.258 0.0000000000
99038  -43.645  -2.303  47.411 0.0000000000
100028  -42.935  -1.809  45.888 0.0000000000
102114  -37.979  0.420  42.778 0.0000000000
103234  -37.961  1.658  42.874 0.0000000000
102113  -37.382  0.858  43.198 0.0000000000
103211  -36.259  1.568  44.447 0.0000000000
107552  -47.774  5.725  32.189 0.0000000000
107553  -48.668  5.670  31.821 0.0000000000
108527  -47.718  6.990  31.519 0.0000000000
109535  -48.496  7.667  30.351 0.0000000000
110555  -48.971  8.702  29.032 0.0000000000
111536  -49.303  9.785  27.950 0.0000000000
111531  -48.384  9.626  29.072 0.0000000000
113649  -48.905  11.808  28.213 0.0000000000
114641  -49.272  12.947  28.995 0.0000000000
111418  -43.636  9.722  43.507 0.0000000000
110459  -44.313  8.667  41.308 0.0000000000
111427  -45.444  9.638  42.259 0.0000000000
110452  -47.026  8.886  41.506 0.0000000000
110463  -48.320  8.584  40.822 0.0000000000
113548  -52.988  11.488  39.815 0.0000000000
112467  -52.141  10.672  39.722 0.0000000000
113569  -53.140  11.090  37.869 0.0000000000
113579  -51.440  11.428  36.754 0.0000000000
114587  -49.494  12.014  35.877 0.0000000000
113609  -48.913  12.496  34.236 0.0000000000
151207  -48.479  13.174  34.690 0.0000000000
151173  -48.653  14.050  34.265 0.0000000000
151199  -51.039  15.780  31.887 0.0000000000
117450  -49.762  15.726  30.946 0.0000000000
118363  -48.802  15.269  33.113 0.0000000000
118349  -48.227  15.864  34.090 0.0000000000
119164  -47.939  16.485  34.230 0.0000000000
116418  -49.582  14.510  40.679 0.0000000000
116448  -48.788  14.851  38.698 0.0000000000
116434  -48.068  14.453  39.518 0.0000000000
116446  -46.629  15.047  38.534 0.0000000000
117386  -45.076  15.852  37.762 0.0000000000
118295  -44.232  16.422  37.376 0.0000000000
117366  -44.845  15.348  38.644 0.0000000000
116430  -43.698  14.907  39.693 0.0000000000
116412  -43.364  14.804  40.382 0.0000000000
104450  -50.152  2.357  35.142 0.0000000000
105603  -50.673  3.838  33.718 0.0000000000
104466  -49.307  2.756  34.605 0.0000000000
105584  -48.013  3.092  33.906 0.0000000000
105600  -47.701  3.855  33.433 0.0000000000
104445  -45.668  2.982  35.573 0.0000000000
105582  -46.208  3.869  34.705 0.0000000000
106584  -47.348  4.774  32.985 0.0000000000
107534  -46.678  5.638  33.133 0.0000000000
108494  -46.220  6.491  33.629 0.0000000000
109490  -46.132  7.385  34.119 0.0000000000
113496  -48.219  11.275  46.606 0.0000000000
112431  -48.819  11.172  44.551 0.0000000000
113515  -49.438  11.433  44.945 0.0000000000
113526  -51.350  11.449  44.222 0.0000000000
113533  -52.144  11.359  43.345 0.0000000000
113528  -53.310  11.725  44.844 0.0000000000
113534  -53.124  11.591  43.730 0.0000000000
114537  -53.208  11.548  40.790 0.0000000000
115489  -53.120  12.438  39.907 0.0000000000
115499  -54.284  13.003  38.519 0.0000000000
116457  -53.995  14.791  37.129 0.0000000000
118314  -52.306  15.936  36.724 0.0000000000
117394  -53.801  15.333  38.024 0.0000000000
117370  -52.768  15.571  39.599 0.0000000000
117369  -51.718  15.359  39.969 0.0000000000
118247  -52.771  15.923  43.103 0.0000000000
117328  -51.895  15.437  42.004 0.0000000000
116419  -50.567  14.864  40.840 0.0000000000
116405  -49.936  14.677  41.679 0.0000000000
116386  -49.430  15.047  43.153 0.0000000000
117291  -48.317  15.803  44.183 0.0000000000
106529  -40.501  4.702  40.644 0.0000000000
107486  -40.752  5.616  40.505 0.0000000000
108440  -40.158  6.548  41.586 0.0000000000
108441  -40.572  7.282  42.040 0.0000000000
109433  -41.531  8.358  43.262 0.0000000000
108424  -41.788  6.090  45.798 0.0000000000
109430  -41.585  7.789  44.766 0.0000000000
111412  -42.636  9.003  44.428 0.0000000000
111413  -43.217  9.230  44.863 0.0000000000
111407  -44.960  10.060  45.219 0.0000000000
111403  -46.174  9.882  46.597 0.0000000000
108401  -43.924  6.915  49.079 0.0000000000
109399  -45.113  7.583  48.302 0.0000000000
111391  -46.495  9.403  47.454 0.0000000000
112414  -47.188  10.353  47.077 0.0000000000
112400  -48.191  10.451  48.236 0.0000000000
112402  -49.544  10.867  49.316 0.0000000000
113480  -50.325  11.274  49.448 0.0000000000
105590  -53.793  3.731  34.742 0.0000000000
105568  -53.172  3.021  35.055 0.0000000000
104423  -55.357  2.185  37.703 0.0000000000
104434  -55.175  2.300  36.996 0.0000000000
104454  -53.975  2.425  35.877 0.0000000000
104431  -52.874  1.926  35.851 0.0000000000
104451  -51.114  2.577  35.143 0.0000000000
103313  -50.286  1.814  35.629 0.0000000000
103290  -48.510  1.233  35.997 0.0000000000
102192  -47.555  0.644  36.634 0.0000000000
101123  -48.677  -0.277  37.874 0.0000000000
102174  -46.495  0.167  37.644 0.0000000000
102173  -45.155  0.914  37.366 0.0000000000
102172  -43.935  1.295  37.823 0.0000000000
101012  -48.043  -0.159  47.354 0.0000000000
100017  -45.138  -1.370  46.665 0.0000000000
102054  -47.331  -0.092  46.656 0.0000000000
103189  -48.205  0.420  46.137 0.0000000000
103201  -47.922  0.256  45.600 0.0000000000
102089  -48.997  -0.136  44.741 0.0000000000
102104  -48.400  -0.400  43.798 0.0000000000
102122  -47.313  -0.260  42.999 0.0000000000
101065  -46.458  -0.450  41.997 0.0000000000
102136  -45.173  -0.419  41.641 0.0000000000
104397  -40.854  3.070  40.481 0.0000000000
105524  -39.730  3.791  41.336 0.0000000000
106525  -38.510  4.672  42.659 0.0000000000
106519  -39.001  4.761  44.967 0.0000000000
105492  -39.259  4.054  46.191 0.0000000000
106639  -53.804  5.482  29.983 0.0000000000
107600  -53.251  6.598  28.950 0.0000000000
108563  -52.338  6.739  28.164 0.0000000000
106588  -51.439  4.637  33.179 0.0000000000
107556  -51.971  5.740  32.367 0.0000000000
108529  -49.718  6.401  30.955 0.0000000000
108545  -51.092  7.116  30.627 0.0000000000
109539  -52.722  7.912  30.334 0.0000000000
110559  -52.920  8.408  29.048 0.0000000000
109570  -52.524  7.647  27.987 0.0000000000
108574  -51.891  7.166  27.484 0.0000000000
108584  -51.357  7.412  26.794 0.0000000000
109587  -50.723  8.490  26.023 0.0000000000
110591  -49.669  9.116  25.574 0.0000000000
111553  -50.349  10.513  26.290 0.0000000000
112591  -50.266  10.131  25.682 0.0000000000
111562  -49.356  9.890  25.438 0.0000000000
112589  -48.984  10.719  25.380 0.0000000000
113661  -47.967  11.554  25.650 0.0000000000
114667  -47.821  12.409  25.971 0.0000000000
107488  -42.430  5.881  39.564 0.0000000000
107492  -43.803  5.866  38.801 0.0000000000
108458  -44.893  6.201  38.536 0.0000000000
109450  -45.612  7.571  40.194 0.0000000000
108454  -45.865  6.955  39.245 0.0000000000
108466  -45.745  6.285  37.879 0.0000000000
108475  -46.568  6.622  36.805 0.0000000000
109477  -47.000  7.437  36.631 0.0000000000
111500  -46.447  9.159  34.057 0.0000000000
112450  -49.089  10.332  42.891 0.0000000000
111432  -49.550  9.699  41.631 0.0000000000
110473  -49.615  9.341  40.201 0.0000000000
111447  -51.333  10.248  39.805 0.0000000000
111456  -49.834  9.636  39.141 0.0000000000
111455  -48.966  9.167  38.874 0.0000000000
111476  -48.263  9.092  37.150 0.0000000000
111494  -47.436  9.759  35.731 0.0000000000
112528  -46.752  9.976  33.745 0.0000000000
113624  -47.764  11.367  31.744 0.0000000000
115576  -50.183  13.493  29.158 0.0000000000
115549  -51.379  13.543  32.023 0.0000000000
115578  -51.892  14.157  30.160 0.0000000000
116534  -51.429  14.395  27.926 0.0000000000
117497  -50.416  15.303  26.767 0.0000000000
116551  -48.387  14.476  26.566 0.0000000000
117458  -47.969  15.043  30.029 0.0000000000
151172  -50.667  15.916  36.574 0.0000000000
118326  -49.242  16.309  35.955 0.0000000000
118339  -47.901  17.134  34.867 0.0000000000
117402  -47.831  16.002  37.028 0.0000000000
119145  -46.838  17.424  35.319 0.0000000000
119162  -46.571  16.889  34.220 0.0000000000
118346  -45.975  16.211  34.080 0.0000000000
116482  -45.253  14.632  34.316 0.0000000000
115532  -44.116  13.644  34.625 0.0000000000
119131  -42.894  17.262  36.550 0.0000000000
119150  -41.677  16.999  35.842 0.0000000000
118221  -46.827  16.728  44.187 0.0000000000
117299  -45.811  16.055  43.437 0.0000000000
118245  -44.963  16.093  43.150 0.0000000000
117311  -43.870  15.328  42.192 0.0000000000
117310  -42.529  15.754  41.968 0.0000000000
104405  -41.945  3.666  39.496 0.0000000000
105534  -42.280  4.069  39.037 0.0000000000
105533  -41.950  4.266  39.472 0.0000000000
107597  -50.838  5.607  28.109 0.0000000000
101086  -51.639  -0.341  41.701 0.0000000000
101084  -49.639  -0.670  41.734 0.0000000000
101069  -49.939  -0.665  42.702 0.0000000000
100044  -37.625  -1.923  44.566 0.0000000000
105588  -52.058  3.557  34.168 0.0000000000
111514  -46.384  9.264  31.944 0.0000000000
112549  -46.797  9.956  30.983 0.0000000000
112429  -46.689  10.720  45.243 0.0000000000
116466  -53.699  14.297  35.270 0.0000000000
115528  -53.874  13.530  34.722 0.0000000000
151180  -51.227  14.331  35.894 0.0000000000
151153  -50.139  15.010  36.418 0.0000000000
151162  -51.280  15.311  36.287 0.0000000000
117314  -47.288  14.886  42.857 0.0000000000
116392  -47.031  14.605  42.287 0.0000000000
103288  -46.409  1.610  35.867 0.0000000000
106543  -45.080  5.273  37.231 0.0000000000
107507  -45.785  5.465  36.417 0.0000000000
113492  -51.084  11.867  48.716 0.0000000000
113500  -52.133  12.188  47.847 0.0000000000
116388  -54.338  14.767  44.051 0.0000000000
115476  -54.507  13.612  43.655 0.0000000000
116408  -54.455  14.320  41.811 0.0000000000
118226  -51.655  16.375  44.692 0.0000000000
118216  -51.005  16.725  45.330 0.0000000000
108581  -48.894  7.255  26.293 0.0000000000
108589  -48.301  7.680  26.048 0.0000000000
109575  -47.868  8.016  25.917 0.0000000000
109584  -48.445  8.326  25.835 0.0000000000
106520  -39.612  4.850  45.287 0.0000000000
107471  -39.997  5.298  45.220 0.0000000000
108422  -43.322  6.444  47.075 0.0000000000
109408  -43.710  6.857  47.319 0.0000000000
110389  -47.008  9.007  51.281 0.0000000000
111353  -47.650  9.141  50.766 0.0000000000
105571  -56.045  3.671  35.950 0.0000000000
102197  -51.864  0.634  37.098 0.0000000000
102178  -50.477  0.196  37.473 0.0000000000
101091  -45.905  -0.431  40.168 0.0000000000
102151  -45.079  -0.171  39.813 0.0000000000
102143  -44.176  -0.100  40.482 0.0000000000
101028  -45.102  -0.793  44.979 0.0000000000
102073  -45.697  -0.535  44.743 0.0000000000
102072  -45.061  -0.610  44.429 0.0000000000
102085  -45.510  -0.396  44.017 0.0000000000
102130  -39.418  1.453  41.926 0.0000000000
103235  -38.863  1.903  42.230 0.0000000000
109540  -53.524  7.905  30.284 0.0000000000
106585  -48.395  4.375  32.824 0.0000000000
106603  -49.084  4.900  32.296 0.0000000000
110556  -50.036  8.482  28.953 0.0000000000
109552  -50.356  8.014  29.603 0.0000000000
110569  -51.433  8.854  28.214 0.0000000000
111538  -50.952  9.170  27.863 0.0000000000
111537  -50.369  9.383  27.724 0.0000000000
114651  -49.584  12.717  27.683 0.0000000000
114660  -49.869  12.732  26.756 0.0000000000
114652  -50.002  13.201  27.348 0.0000000000
115604  -49.907  13.482  26.466 0.0000000000
115596  -50.377  13.704  27.153 0.0000000000
110457  -42.453  8.531  41.733 0.0000000000
109439  -42.603  8.063  41.177 0.0000000000
110458  -43.155  8.635  41.563 0.0000000000
109445  -48.057  8.295  40.340 0.0000000000
109453  -47.687  7.994  40.031 0.0000000000
109462  -47.719  7.658  38.936 0.0000000000
109459  -48.236  8.227  39.484 0.0000000000
113542  -52.084  10.962  41.394 0.0000000000
112460  -51.898  10.821  40.900 0.0000000000
112512  -49.408  11.120  36.241 0.0000000000
112502  -49.836  10.878  36.951 0.0000000000
113608  -48.778  12.201  33.952 0.0000000000
117452  -52.090  16.393  31.053 0.0000000000
118369  -52.810  16.500  30.900 0.0000000000
117461  -51.552  16.508  29.781 0.0000000000
117471  -50.432  16.132  28.803 0.0000000000
117460  -50.127  16.035  29.844 0.0000000000
118356  -47.486  15.366  33.390 0.0000000000
117434  -47.240  14.917  32.933 0.0000000000
118355  -47.094  15.232  33.392 0.0000000000
118347  -46.887  15.884  33.736 0.0000000000
116449  -49.751  14.980  38.964 0.0000000000
118309  -45.254  16.957  36.561 0.0000000000
119142  -44.072  17.390  35.816 0.0000000000
117383  -42.267  15.849  38.477 0.0000000000
104420  -43.484  2.896  37.499 0.0000000000
105537  -43.247  4.311  38.001 0.0000000000
105543  -43.325  3.850  37.713 0.0000000000
106538  -43.761  4.673  37.850 0.0000000000
107496  -43.956  5.371  38.295 0.0000000000
114513  -53.496  12.839  48.317 0.0000000000
115463  -53.325  13.507  48.444 0.0000000000
116375  -53.579  15.111  46.958 0.0000000000
116376  -53.691  14.146  47.265 0.0000000000
116379  -53.918  14.446  46.334 0.0000000000
116382  -53.993  15.552  45.430 0.0000000000
117296  -54.011  15.641  45.144 0.0000000000
117287  -53.939  16.147  45.482 0.0000000000
119067  -53.352  17.640  46.903 0.0000000000
118210  -53.722  16.998  46.203 0.0000000000
107620  -49.466  6.404  26.823 0.0000000000
108582  -49.841  7.184  26.447 0.0000000000
105465  -39.857  4.057  47.200 0.0000000000
106490  -40.064  4.592  47.587 0.0000000000
101108  -51.822  -0.173  40.341 0.0000000000
101107  -51.341  -0.275  39.889 0.0000000000
101117  -50.341  -0.359  39.176 0.0000000000
101106  -50.317  -0.431  39.982 0.0000000000
101083  -48.676  -0.540  41.631 0.0000000000
101094  -48.599  -0.593  40.658 0.0000000000
101081  -46.959  -0.544  41.315 0.0000000000
100055  -39.933  -1.586  43.241 0.0000000000
101045  -39.017  -1.307  43.069 0.0000000000
101060  -39.099  -0.632  42.593 0.0000000000
101059  -38.256  -0.335  42.855 0.0000000000
102098  -37.840  -0.168  43.011 0.0000000000
102096  -36.548  0.804  43.956 0.0000000000
108509  -47.491  6.584  31.944 0.0000000000
109503  -47.373  7.152  31.694 0.0000000000
109534  -47.780  7.978  30.719 0.0000000000
110543  -48.406  8.353  29.797 0.0000000000
110554  -48.201  8.906  29.611 0.0000000000
113641  -47.662  10.921  30.057 0.0000000000
112558  -47.865  10.427  29.554 0.0000000000
113642  -48.243  11.652  29.652 0.0000000000
111419  -44.825  10.155  43.198 0.0000000000
111426  -44.410  9.689  42.532 0.0000000000
111420  -45.923  10.122  42.778 0.0000000000
111422  -47.802  9.769  42.588 0.0000000000
111429  -47.451  9.344  42.019 0.0000000000
110453  -47.914  8.848  41.466 0.0000000000
110454  -48.655  9.076  41.420 0.0000000000
113558  -53.334  11.548  38.949 0.0000000000
112480  -53.016  11.127  38.945 0.0000000000
113570  -53.742  11.402  37.900 0.0000000000
151155  -52.619  12.361  35.503 0.0000000000
114576  -52.876  11.782  36.209 0.0000000000
151149  -52.140  11.894  36.202 0.0000000000
113578  -50.482  11.630  36.402 0.0000000000
114574  -49.798  12.541  36.103 0.0000000000
114586  -48.933  12.437  35.809 0.0000000000
114573  -49.060  12.937  36.304 0.0000000000
151193  -47.972  14.264  34.754 0.0000000000
151194  -47.997  13.735  34.793 0.0000000000
151176  -49.796  14.670  33.463 0.0000000000
151196  -49.084  15.109  33.357 0.0000000000
151160  -49.147  15.933  35.505 0.0000000000
118358  -48.367  15.096  33.720 0.0000000000
118340  -48.354  16.518  34.845 0.0000000000
116435  -49.188  14.577  39.674 0.0000000000
116417  -48.460  14.333  40.555 0.0000000000
116433  -46.947  14.615  39.421 0.0000000000
116445  -46.032  15.204  38.504 0.0000000000
117367  -45.575  15.351  38.392 0.0000000000
116431  -44.582  14.850  39.505 0.0000000000
116413  -44.139  14.604  40.378 0.0000000000
116399  -43.686  14.711  40.996 0.0000000000
104449  -49.412  2.315  34.992 0.0000000000
104467  -50.055  2.835  34.781 0.0000000000
104448  -48.903  2.362  34.845 0.0000000000
104465  -48.346  2.497  34.570 0.0000000000
105601  -48.715  3.751  33.450 0.0000000000
105583  -47.083  3.414  34.113 0.0000000000
104430  -45.120  3.164  36.091 0.0000000000
103308  -45.937  2.557  35.518 0.0000000000
106567  -45.846  4.698  35.080 0.0000000000
105598  -46.461  4.397  34.187 0.0000000000
105599  -46.869  4.162  33.834 0.0000000000
106583  -46.552  4.854  33.754 0.0000000000
107523  -46.158  5.626  34.231 0.0000000000
108488  -46.172  6.593  34.737 0.0000000000
109483  -46.460  7.453  35.319 0.0000000000
113497  -48.804  11.468  47.075 0.0000000000
113505  -48.787  11.483  46.014 0.0000000000
113506  -49.682  11.729  46.113 0.0000000000
113517  -51.615  11.733  45.408 0.0000000000
113510  -53.617  12.141  46.860 0.0000000000
113519  -53.468  11.878  45.901 0.0000000000
113529  -54.074  12.043  45.130 0.0000000000
113535  -53.857  12.063  44.066 0.0000000000
113540  -53.783  11.833  42.997 0.0000000000
113544  -53.674  11.548  42.022 0.0000000000
114540  -53.138  11.997  40.310 0.0000000000
114538  -53.630  12.094  41.118 0.0000000000
116438  -54.397  13.976  39.804 0.0000000000
116451  -54.734  13.939  38.725 0.0000000000
116458  -54.573  13.915  37.660 0.0000000000
117395  -54.585  14.803  38.387 0.0000000000
117345  -51.985  15.495  41.102 0.0000000000
118229  -53.500  16.133  43.920 0.0000000000
117306  -53.327  15.832  43.090 0.0000000000
117317  -51.850  15.688  42.951 0.0000000000
117327  -51.397  15.325  42.458 0.0000000000
116407  -51.601  15.308  41.438 0.0000000000
116406  -51.032  15.083  41.803 0.0000000000
116396  -50.960  15.154  42.490 0.0000000000
117303  -49.806  15.376  43.685 0.0000000000
117302  -48.811  15.306  43.713 0.0000000000
116385  -48.591  14.944  43.114 0.0000000000
110585  -47.480  8.739  25.959 0.0000000000
111551  -47.211  9.624  26.147 0.0000000000
107484  -39.979  5.620  41.156 0.0000000000
107481  -39.530  6.180  42.282 0.0000000000
108438  -40.474  7.309  43.296 0.0000000000
109435  -41.047  7.841  42.661 0.0000000000
109432  -40.951  7.660  43.894 0.0000000000
106504  -41.563  4.340  46.658 0.0000000000
107464  -41.332  5.236  45.861 0.0000000000
107465  -41.988  5.681  46.109 0.0000000000
109424  -43.046  7.201  46.108 0.0000000000
108432  -41.830  6.845  45.623 0.0000000000
109423  -42.378  7.374  45.583 0.0000000000
110442  -42.531  8.381  44.983 0.0000000000
110443  -43.164  8.406  45.417 0.0000000000
110432  -44.750  8.139  46.765 0.0000000000
111401  -44.678  8.708  46.256 0.0000000000
111402  -45.362  9.370  46.430 0.0000000000
109378  -44.496  7.882  50.300 0.0000000000
108393  -43.858  7.193  49.544 0.0000000000
109389  -44.409  7.340  49.573 0.0000000000
109398  -44.554  7.110  48.703 0.0000000000
109390  -45.165  7.454  49.173 0.0000000000
111378  -46.924  8.776  48.693 0.0000000000
110421  -46.287  8.434  48.344 0.0000000000
111392  -47.280  10.047  47.602 0.0000000000
112415  -47.859  10.741  47.461 0.0000000000
112387  -49.015  10.189  49.682 0.0000000000
112388  -49.817  10.571  50.037 0.0000000000
106572  -55.663  4.618  34.760 0.0000000000
103278  -54.501  1.336  37.760 0.0000000000
103279  -55.010  1.657  38.325 0.0000000000
104422  -54.948  2.005  37.233 0.0000000000
104433  -54.528  2.165  36.527 0.0000000000
104452  -52.242  2.187  35.531 0.0000000000
103314  -51.151  1.770  35.791 0.0000000000
103291  -49.479  1.248  36.153 0.0000000000
102193  -48.640  0.673  36.717 0.0000000000
102163  -49.664  -0.265  38.001 0.0000000000
101115  -48.603  -0.487  38.530 0.0000000000
102161  -46.086  0.003  38.411 0.0000000000
101121  -47.281  -0.182  38.022 0.0000000000
102159  -44.168  0.650  38.496 0.0000000000
102090  -50.144  -0.011  44.915 0.0000000000
100003  -46.784  -1.365  47.779 0.0000000000
101000  -47.579  -0.683  47.642 0.0000000000
101011  -47.447  -0.301  47.126 0.0000000000
100016  -43.756  -1.970  46.841 0.0000000000
102063  -46.634  -0.299  45.925 0.0000000000
101009  -46.168  -0.737  46.414 0.0000000000
102064  -47.201  0.008  46.211 0.0000000000
102065  -47.736  0.237  46.423 0.0000000000
103188  -47.551  0.245  45.971 0.0000000000
102087  -47.247  -0.333  44.449 0.0000000000
102088  -47.986  -0.228  44.536 0.0000000000
102123  -47.980  -0.187  43.157 0.0000000000
102100  -45.139  -0.319  43.165 0.0000000000
102121  -46.570  -0.328  42.783 0.0000000000
102120  -45.719  -0.373  42.377 0.0000000000
103242  -40.457  1.981  41.035 0.0000000000
103243  -41.491  1.301  40.697 0.0000000000
103249  -40.700  2.565  40.699 0.0000000000
105525  -40.389  3.834  40.815 0.0000000000
105518  -38.273  3.731  42.716 0.0000000000
105519  -38.983  3.764  41.921 0.0000000000
103225  -37.478  2.111  43.421 0.0000000000
104375  -37.251  2.568  43.843 0.0000000000
105491  -38.155  3.800  45.767 0.0000000000
106510  -38.237  4.024  45.404 0.0000000000
105479  -38.564  4.010  46.336 0.0000000000
106640  -54.442  5.581  30.211 0.0000000000
107589  -54.607  6.236  29.889 0.0000000000
109563  -54.097  7.305  29.344 0.0000000000
108565  -53.756  6.933  29.075 0.0000000000
107599  -52.610  6.145  28.897 0.0000000000
108564  -52.996  7.083  28.497 0.0000000000
106587  -50.410  4.393  33.077 0.0000000000
107555  -50.762  5.460  32.004 0.0000000000
106605  -50.968  4.995  32.598 0.0000000000
108528  -48.473  6.664  31.296 0.0000000000
107566  -49.381  5.964  31.402 0.0000000000
109553  -51.201  8.139  29.735 0.0000000000
109538  -51.806  7.816  30.338 0.0000000000
110544  -52.395  8.198  29.957 0.0000000000
110545  -52.908  8.247  29.756 0.0000000000
110571  -52.692  8.099  28.370 0.0000000000
110580  -52.330  8.080  27.770 0.0000000000
109569  -52.160  7.933  27.407 0.0000000000
109579  -51.720  8.046  26.757 0.0000000000
111565  -50.986  9.297  26.269 0.0000000000
109588  -51.212  8.474  26.305 0.0000000000
110593  -50.980  9.007  26.031 0.0000000000
109586  -50.016  8.454  25.841 0.0000000000
110592  -50.401  9.117  25.741 0.0000000000
111544  -49.620  10.463  27.311 0.0000000000
111545  -50.172  10.170  26.930 0.0000000000
112571  -49.686  11.004  26.903 0.0000000000
112579  -50.267  10.867  25.926 0.0000000000
112590  -49.843  10.629  25.561 0.0000000000
113668  -49.255  11.516  25.438 0.0000000000
115609  -49.041  12.923  25.567 0.0000000000
114677  -48.862  12.243  25.413 0.0000000000
114668  -48.346  12.348  25.569 0.0000000000
115602  -48.347  13.421  26.065 0.0000000000
107487  -41.656  5.711  39.914 0.0000000000
108445  -42.642  6.585  39.938 0.0000000000
108446  -44.000  6.970  39.707 0.0000000000
108452  -43.493  6.286  39.326 0.0000000000
108453  -44.702  6.469  39.062 0.0000000000
110460  -45.501  8.543  41.116 0.0000000000
109441  -45.013  8.074  40.653 0.0000000000
109442  -46.050  8.006  40.597 0.0000000000
108455  -46.782  7.443  39.521 0.0000000000
108448  -46.140  7.344  39.786 0.0000000000
108460  -46.541  7.023  38.824 0.0000000000
108459  -45.570  6.438  38.442 0.0000000000
108467  -46.464  6.663  37.808 0.0000000000
109469  -46.999  6.981  37.307 0.0000000000
109478  -47.535  7.847  37.194 0.0000000000
110507  -46.767  8.335  35.856 0.0000000000
112442  -49.460  11.006  43.716 0.0000000000
112451  -50.070  10.688  42.815 0.0000000000
111437  -50.247  9.831  40.906 0.0000000000
110465  -49.786  9.462  40.951 0.0000000000
110464  -49.258  9.189  41.065 0.0000000000
110469  -49.689  9.401  40.684 0.0000000000
111448  -51.745  10.469  39.933 0.0000000000
112478  -51.546  10.442  39.138 0.0000000000
112490  -49.702  9.990  38.234 0.0000000000
112476  -50.021  9.870  38.774 0.0000000000
111467  -49.326  9.523  38.666 0.0000000000
110480  -49.120  9.151  39.407 0.0000000000
111466  -48.897  9.319  38.228 0.0000000000
110499  -48.479  8.879  37.758 0.0000000000
111477  -48.712  9.431  37.549 0.0000000000
112520  -46.802  9.789  34.484 0.0000000000
112529  -47.317  10.726  33.369 0.0000000000
112536  -47.267  10.708  32.282 0.0000000000
114623  -49.239  12.558  31.582 0.0000000000
114624  -49.912  13.058  30.930 0.0000000000
115568  -50.470  13.524  30.268 0.0000000000
114605  -50.048  13.372  33.332 0.0000000000
151187  -50.622  13.360  32.647 0.0000000000
151184  -51.574  13.615  32.712 0.0000000000
116525  -52.983  15.302  29.457 0.0000000000
116514  -53.173  14.686  30.617 0.0000000000
116524  -52.500  14.602  29.742 0.0000000000
115589  -51.885  14.242  29.257 0.0000000000
116535  -52.203  14.897  28.386 0.0000000000
116545  -51.103  14.688  27.334 0.0000000000
117490  -51.544  15.543  27.735 0.0000000000
117487  -48.755  15.601  27.305 0.0000000000
117488  -49.707  15.653  26.969 0.0000000000
116543  -48.720  15.157  26.768 0.0000000000
115595  -47.915  14.148  26.588 0.0000000000
116541  -46.789  14.379  27.706 0.0000000000
117449  -48.703  15.332  31.094 0.0000000000
116501  -46.869  14.353  31.037 0.0000000000
117405  -52.587  15.888  37.429 0.0000000000
118313  -51.693  16.021  36.945 0.0000000000
151159  -49.696  16.093  36.582 0.0000000000
118325  -47.765  16.987  35.545 0.0000000000
117389  -48.368  15.360  37.772 0.0000000000
118324  -46.695  17.196  35.946 0.0000000000
118311  -47.274  16.648  36.433 0.0000000000
119155  -46.300  17.449  34.818 0.0000000000
119161  -45.682  17.020  34.466 0.0000000000
118344  -44.478  15.956  34.590 0.0000000000
116481  -44.627  14.460  34.583 0.0000000000
116480  -43.795  14.663  34.986 0.0000000000
118336  -42.958  16.398  35.294 0.0000000000
116476  -42.933  14.763  35.293 0.0000000000
117421  -42.406  15.650  35.278 0.0000000000
118335  -41.957  16.424  35.486 0.0000000000
118307  -43.547  16.931  36.981 0.0000000000
119129  -41.241  17.058  36.734 0.0000000000
119130  -42.037  17.232  36.684 0.0000000000
119149  -41.092  16.917  36.084 0.0000000000
118322  -40.505  16.709  36.184 0.0000000000
119092  -45.421  17.199  43.578 0.0000000000
117312  -45.342  15.579  42.941 0.0000000000
118232  -44.784  16.576  43.238 0.0000000000
118244  -44.344  16.390  43.038 0.0000000000
117325  -42.878  15.115  41.193 0.0000000000
103265  -42.511  2.473  38.682 0.0000000000
104412  -42.765  2.897  38.147 0.0000000000
106535  -42.718  4.768  38.687 0.0000000000
116368  -52.865  14.090  48.947 0.0000000000
117282  -52.811  15.344  48.254 0.0000000000
117285  -53.843  16.156  46.604 0.0000000000
117283  -53.264  15.964  47.780 0.0000000000
119061  -53.396  17.802  47.723 0.0000000000
108408  -38.988  5.890  47.319 0.0000000000
107446  -39.500  5.192  47.574 0.0000000000
101097  -51.339  -0.389  40.870 0.0000000000
101043  -37.409  -0.947  43.796 0.0000000000
102083  -36.871  -0.331  43.913 0.0000000000
106570  -53.640  4.325  34.230 0.0000000000
109516  -46.795  7.932  31.645 0.0000000000
110532  -46.790  8.435  31.340 0.0000000000
111522  -47.118  9.338  30.557 0.0000000000
111530  -47.694  9.483  29.886 0.0000000000
112438  -45.571  10.379  44.384 0.0000000000
112447  -46.288  10.366  43.465 0.0000000000
112448  -47.222  10.299  43.339 0.0000000000
112449  -48.136  10.229  43.197 0.0000000000
114564  -54.185  12.174  37.088 0.0000000000
114578  -53.999  12.624  35.553 0.0000000000
151181  -53.051  12.939  34.449 0.0000000000
151150  -50.338  13.327  36.091 0.0000000000
151152  -49.117  13.784  36.483 0.0000000000
151167  -48.360  14.588  36.270 0.0000000000
151170  -48.117  14.812  35.669 0.0000000000
151161  -49.935  15.530  36.346 0.0000000000
116403  -47.714  14.381  41.477 0.0000000000
116415  -46.231  14.431  40.350 0.0000000000
116401  -45.568  14.476  41.335 0.0000000000
116390  -45.008  14.810  42.120 0.0000000000
103310  -47.294  2.041  35.193 0.0000000000
104447  -46.797  2.426  35.044 0.0000000000
105551  -44.897  3.924  36.383 0.0000000000
105564  -45.476  3.879  35.663 0.0000000000
106555  -45.625  4.741  35.772 0.0000000000
107522  -45.994  5.256  34.915 0.0000000000
113518  -52.614  11.758  45.674 0.0000000000
114527  -54.366  12.781  45.455 0.0000000000
114531  -54.423  12.707  44.395 0.0000000000
115480  -54.295  13.183  41.466 0.0000000000
116421  -54.364  14.127  40.785 0.0000000000
117348  -54.366  14.984  40.062 0.0000000000
117330  -53.400  15.488  41.420 0.0000000000
119087  -52.638  16.712  44.916 0.0000000000
118237  -52.662  16.174  43.699 0.0000000000
118227  -52.424  16.412  44.423 0.0000000000
118236  -52.089  16.008  43.821 0.0000000000
117305  -51.456  15.695  43.660 0.0000000000
117294  -51.081  15.918  44.248 0.0000000000
117293  -50.190  15.827  44.302 0.0000000000
118224  -49.649  16.269  44.859 0.0000000000
107480  -38.912  5.567  42.835 0.0000000000
107476  -39.609  6.313  43.932 0.0000000000
107477  -40.173  6.666  44.349 0.0000000000
107460  -42.257  5.282  46.651 0.0000000000
108421  -42.878  6.006  46.722 0.0000000000
108426  -43.095  6.600  46.559 0.0000000000
110436  -43.694  8.005  45.915 0.0000000000
109421  -44.283  7.591  46.890 0.0000000000
110419  -45.057  7.941  47.402 0.0000000000
110387  -45.421  8.193  50.708 0.0000000000
110400  -45.780  7.818  49.663 0.0000000000
110401  -46.522  8.327  50.063 0.0000000000
111369  -47.488  8.936  49.647 0.0000000000
111354  -48.361  9.531  50.179 0.0000000000
106557  -55.941  4.174  35.352 0.0000000000
102181  -53.518  0.686  38.075 0.0000000000
103277  -53.544  1.041  37.304 0.0000000000
103295  -53.524  1.451  36.678 0.0000000000
103276  -53.001  1.006  36.936 0.0000000000
103293  -51.212  1.217  36.368 0.0000000000
103292  -50.359  1.243  36.253 0.0000000000
102195  -50.432  0.688  36.834 0.0000000000
101114  -47.465  -0.472  38.658 0.0000000000
102150  -44.185  0.279  39.509 0.0000000000
100030  -45.016  -1.101  46.076 0.0000000000
101019  -45.168  -0.923  45.629 0.0000000000
101020  -45.923  -0.653  45.786 0.0000000000
103199  -46.870  -0.233  45.462 0.0000000000
103200  -47.358  -0.004  45.531 0.0000000000
103213  -46.674  -0.352  45.060 0.0000000000
102102  -46.850  -0.334  43.660 0.0000000000
102132  -40.997  0.870  41.255 0.0000000000
104389  -39.663  2.898  41.487 0.0000000000
103241  -39.566  2.033  41.726 0.0000000000
108556  -54.751  7.045  29.622 0.0000000000
109555  -54.303  7.563  29.689 0.0000000000
110561  -53.914  7.810  29.482 0.0000000000
107567  -50.306  5.885  31.384 0.0000000000
109536  -49.720  7.452  30.100 0.0000000000
111547  -51.563  9.001  27.232 0.0000000000
111555  -51.285  9.133  26.790 0.0000000000
111554  -50.613  9.878  26.324 0.0000000000
113654  -49.468  11.752  27.281 0.0000000000
112572  -50.048  11.029  26.345 0.0000000000
113655  -49.829  11.790  26.658 0.0000000000
114679  -49.751  12.240  25.800 0.0000000000
115610  -49.577  12.874  25.853 0.0000000000
109438  -41.484  7.699  41.473 0.0000000000
109447  -42.215  7.372  40.653 0.0000000000
109449  -44.538  7.539  40.223 0.0000000000
109443  -46.913  8.016  40.536 0.0000000000
109451  -46.460  7.645  40.172 0.0000000000
109452  -47.104  7.741  40.047 0.0000000000
108456  -47.260  7.633  39.508 0.0000000000
108461  -47.196  7.494  39.167 0.0000000000
110498  -47.993  8.313  37.483 0.0000000000
113532  -51.013  11.018  43.015 0.0000000000
112456  -50.928  10.689  41.609 0.0000000000
111434  -50.681  10.382  41.060 0.0000000000
111438  -50.969  10.432  40.665 0.0000000000
112491  -50.993  10.739  37.849 0.0000000000
112501  -49.062  10.059  37.297 0.0000000000
111486  -48.532  9.742  36.907 0.0000000000
112522  -48.400  11.016  35.121 0.0000000000
113607  -48.030  11.425  33.807 0.0000000000
113616  -48.605  12.061  33.132 0.0000000000
114612  -49.290  12.653  32.635 0.0000000000
151205  -51.997  14.852  33.185 0.0000000000
116504  -53.140  14.417  31.879 0.0000000000
117444  -52.914  15.160  32.332 0.0000000000
118375  -53.054  16.443  30.459 0.0000000000
118380  -52.767  16.712  29.041 0.0000000000
117481  -51.635  16.185  28.149 0.0000000000
117472  -51.491  16.414  28.697 0.0000000000
117479  -49.470  15.980  27.936 0.0000000000
117478  -48.358  15.661  28.046 0.0000000000
117469  -48.105  15.454  29.040 0.0000000000
151171  -51.102  15.980  37.078 0.0000000000
117401  -46.753  16.143  37.141 0.0000000000
118323  -45.875  17.261  36.118 0.0000000000
119154  -45.410  17.461  35.021 0.0000000000
118338  -44.612  16.826  34.758 0.0000000000
119152  -43.535  17.018  35.445 0.0000000000
117384  -43.192  15.854  38.315 0.0000000000
118306  -42.682  16.957  37.153 0.0000000000
118293  -42.475  16.440  37.764 0.0000000000
118304  -40.891  16.787  37.224 0.0000000000
119128  -40.534  16.849  36.726 0.0000000000
118291  -40.558  16.238  37.829 0.0000000000
103275  -45.166  1.608  36.730 0.0000000000
103286  -44.769  2.758  36.513 0.0000000000
104419  -43.078  3.264  37.794 0.0000000000
105544  -43.940  3.828  37.259 0.0000000000
105550  -44.459  3.915  36.832 0.0000000000
106545  -44.748  4.370  36.794 0.0000000000
106542  -44.499  4.794  37.361 0.0000000000
107500  -45.048  5.575  37.580 0.0000000000
114517  -52.758  12.327  48.146 0.0000000000
114518  -53.250  12.423  47.981 0.0000000000
114519  -53.786  12.483  47.552 0.0000000000
114523  -54.014  12.443  46.950 0.0000000000
115467  -53.767  13.463  47.672 0.0000000000
115469  -54.039  13.536  46.801 0.0000000000
114524  -54.174  12.780  46.425 0.0000000000
117297  -53.978  15.828  44.541 0.0000000000
118218  -53.521  16.327  44.594 0.0000000000
118217  -53.405  16.699  45.254 0.0000000000
119088  -52.866  16.700  44.824 0.0000000000
119082  -52.897  16.882  45.164 0.0000000000
119081  -52.475  17.139  45.465 0.0000000000
119073  -52.182  17.599  46.185 0.0000000000
109585  -49.145  8.306  25.894 0.0000000000
105493  -40.213  3.902  46.401 0.0000000000
107463  -40.584  4.697  45.714 0.0000000000
105494  -40.908  3.857  46.641 0.0000000000
105482  -41.105  3.958  47.176 0.0000000000
107447  -40.272  5.319  47.792 0.0000000000
106491  -40.919  4.745  47.743 0.0000000000
106493  -42.054  4.646  47.029 0.0000000000
102152  -51.974  -0.016  39.273 0.0000000000
102165  -51.434  -0.078  38.714 0.0000000000
102164  -50.472  -0.205  38.275 0.0000000000
101104  -48.579  -0.588  39.668 0.0000000000
101092  -46.788  -0.616  40.383 0.0000000000
99037  -43.062  -2.365  47.418 0.0000000000
100015  -42.545  -2.116  46.733 0.0000000000
100027  -41.740  -2.069  46.100 0.0000000000
102115  -39.178  0.732  42.132 0.0000000000
103233  -37.557  1.141  43.083 0.0000000000
103224  -37.050  1.620  43.654 0.0000000000
102097  -37.167  0.260  43.493 0.0000000000
103223  -36.692  1.072  43.821 0.0000000000
108510  -48.086  6.140  31.750 0.0000000000
108542  -48.614  7.140  30.837 0.0000000000
109517  -47.582  7.575  31.258 0.0000000000
109518  -48.297  7.265  30.960 0.0000000000
109550  -48.778  8.133  29.675 0.0000000000
110567  -49.864  9.028  28.354 0.0000000000
112559  -48.502  10.668  28.571 0.0000000000
115586  -49.704  13.146  28.304 0.0000000000
110449  -43.419  9.317  42.390 0.0000000000
110450  -44.859  9.203  41.757 0.0000000000
110451  -46.017  9.034  41.566 0.0000000000
111428  -46.504  9.479  42.099 0.0000000000
110462  -47.442  8.398  40.984 0.0000000000
110467  -48.373  8.481  40.398 0.0000000000
112463  -52.121  10.717  40.338 0.0000000000
112464  -52.681  10.927  40.098 0.0000000000
112479  -52.605  10.899  38.762 0.0000000000
112493  -52.676  10.922  38.110 0.0000000000
113582  -53.524  11.450  37.243 0.0000000000
113568  -52.614  11.075  37.574 0.0000000000
113567  -51.948  11.097  37.456 0.0000000000
113590  -49.732  11.598  36.215 0.0000000000
113589  -49.242  11.552  35.820 0.0000000000
113600  -48.847  12.346  34.692 0.0000000000
114597  -48.934  12.773  34.339 0.0000000000
151206  -48.991  13.270  34.132 0.0000000000
151166  -48.060  13.571  36.232 0.0000000000
151200  -51.090  14.440  33.267 0.0000000000
151197  -50.998  15.274  32.949 0.0000000000
117442  -49.568  15.449  32.393 0.0000000000
118362  -48.734  15.285  32.765 0.0000000000
118357  -48.175  15.360  33.258 0.0000000000
118348  -47.681  15.949  33.849 0.0000000000
116447  -47.669  14.820  38.543 0.0000000000
117387  -46.147  15.583  37.870 0.0000000000
118296  -44.933  16.495  37.120 0.0000000000
118308  -44.364  16.901  36.772 0.0000000000
117385  -44.104  15.843  38.070 0.0000000000
117365  -43.918  15.364  38.921 0.0000000000
117344  -42.695  15.083  40.076 0.0000000000
104468  -50.553  2.771  34.898 0.0000000000
105587  -50.923  3.237  34.453 0.0000000000
105586  -49.951  3.323  34.275 0.0000000000
105585  -49.020  3.203  34.089 0.0000000000
104446  -46.323  2.877  35.050 0.0000000000
105565  -45.895  3.377  35.228 0.0000000000
104463  -46.677  3.158  34.561 0.0000000000
107535  -47.308  5.465  32.663 0.0000000000
107551  -47.192  5.998  32.529 0.0000000000
108508  -46.691  6.548  32.689 0.0000000000
109496  -46.242  7.204  33.108 0.0000000000
110519  -46.106  8.178  33.269 0.0000000000
113513  -48.007  11.203  45.740 0.0000000000
113514  -48.502  11.279  45.399 0.0000000000
113525  -50.240  11.270  43.964 0.0000000000
113516  -50.530  11.635  45.144 0.0000000000
113531  -50.361  10.998  43.278 0.0000000000
113538  -51.862  11.047  42.075 0.0000000000
113509  -52.810  11.990  46.730 0.0000000000
113539  -52.949  11.365  42.584 0.0000000000
113543  -52.825  11.175  41.339 0.0000000000
114543  -53.235  12.123  39.516 0.0000000000
115490  -53.643  12.965  39.530 0.0000000000
114554  -54.103  12.248  38.408 0.0000000000
115508  -54.472  13.093  37.366 0.0000000000
115507  -54.186  14.074  36.641 0.0000000000
116465  -53.453  14.788  36.076 0.0000000000
151179  -52.202  15.352  36.063 0.0000000000
117406  -53.049  15.596  36.737 0.0000000000
117393  -52.772  15.657  38.488 0.0000000000
117371  -53.730  15.459  39.255 0.0000000000
117392  -51.960  15.500  38.898 0.0000000000
117368  -50.980  15.165  39.679 0.0000000000
117319  -53.154  15.745  42.627 0.0000000000
117329  -52.611  15.598  41.722 0.0000000000
117318  -52.466  15.735  42.598 0.0000000000
116420  -51.351  15.191  40.889 0.0000000000
116437  -51.005  15.092  40.229 0.0000000000
116395  -50.248  15.013  42.645 0.0000000000
116394  -49.185  14.690  42.478 0.0000000000
117301  -47.570  15.367  43.524 0.0000000000
106531  -41.194  4.777  40.146 0.0000000000
108443  -40.415  6.164  40.904 0.0000000000
108437  -40.026  6.808  42.826 0.0000000000
108431  -41.182  6.652  45.286 0.0000000000
109429  -41.019  7.300  44.675 0.0000000000
110445  -42.291  8.989  43.727 0.0000000000
110446  -42.997  9.366  43.371 0.0000000000
111414  -44.360  10.060  44.426 0.0000000000
111405  -43.549  8.667  45.497 0.0000000000
111406  -44.197  9.103  45.685 0.0000000000
111415  -44.971  10.231  44.568 0.0000000000
112428  -45.799  10.363  45.319 0.0000000000
112423  -46.071  10.294  46.075 0.0000000000
112424  -46.770  10.526  46.369 0.0000000000
109410  -45.059  7.741  47.778 0.0000000000
110420  -45.624  8.249  47.785 0.0000000000
110410  -45.784  7.863  48.726 0.0000000000
111390  -45.723  8.840  47.184 0.0000000000
112425  -47.632  11.045  46.384 0.0000000000
113490  -49.126  11.393  47.948 0.0000000000
111380  -48.247  10.123  48.617 0.0000000000
112401  -48.815  10.689  48.719 0.0000000000
113491  -49.913  11.510  48.477 0.0000000000
113455  -50.552  11.012  50.189 0.0000000000
106571  -54.727  4.439  34.542 0.0000000000
105589  -52.962  3.621  34.477 0.0000000000
105567  -52.176  3.015  34.825 0.0000000000
105552  -55.049  2.927  36.033 0.0000000000
104432  -53.470  1.919  36.105 0.0000000000
104453  -53.369  2.447  35.602 0.0000000000
103312  -49.408  1.785  35.496 0.0000000000
102191  -46.430  0.909  36.581 0.0000000000
102162  -49.113  -0.211  37.784 0.0000000000
101122  -48.116  -0.260  37.945 0.0000000000
102175  -47.821  0.127  37.355 0.0000000000
102171  -43.369  1.548  38.107 0.0000000000
103266  -42.846  1.924  38.379 0.0000000000
104398  -41.593  2.970  39.862 0.0000000000
101051  -50.362  -0.487  43.564 0.0000000000
102044  -49.079  -0.065  47.857 0.0000000000
102056  -48.940  0.212  47.263 0.0000000000
100001  -44.567  -2.125  47.396 0.0000000000
100018  -46.219  -1.120  47.085 0.0000000000
101010  -46.819  -0.556  46.906 0.0000000000
102055  -47.940  0.121  46.911 0.0000000000
102066  -48.362  0.328  46.625 0.0000000000
103190  -49.155  0.504  46.458 0.0000000000
103202  -48.798  0.365  45.660 0.0000000000
103215  -47.623  -0.076  45.084 0.0000000000
103216  -48.226  0.103  45.139 0.0000000000
101050  -49.345  -0.509  43.676 0.0000000000
101067  -47.922  -0.297  42.358 0.0000000000
101066  -47.144  -0.409  42.168 0.0000000000
101037  -43.853  -0.869  43.628 0.0000000000
102099  -44.258  -0.572  42.986 0.0000000000
102118  -43.729  -0.486  42.099 0.0000000000
102135  -44.373  -0.373  41.413 0.0000000000
105530  -41.017  3.881  40.302 0.0000000000
106528  -39.828  4.645  41.182 0.0000000000
106526  -39.100  4.668  41.793 0.0000000000
106523  -38.789  4.969  44.305 0.0000000000
106518  -38.246  4.234  44.852 0.0000000000
106511  -38.807  4.221  45.611 0.0000000000
105480  -39.622  3.898  46.686 0.0000000000
105464  -39.098  4.159  46.856 0.0000000000
105463  -38.352  4.173  46.645 0.0000000000
106488  -38.605  4.506  47.026 0.0000000000
107445  -38.777  5.075  47.309 0.0000000000
106638  -52.914  5.149  29.808 0.0000000000
108555  -54.217  6.708  29.451 0.0000000000
107588  -53.528  6.143  29.422 0.0000000000
107587  -52.892  5.729  29.399 0.0000000000
105604  -51.502  3.871  33.749 0.0000000000
108544  -50.219  6.939  30.531 0.0000000000
108531  -51.802  6.809  31.104 0.0000000000
109519  -52.440  7.442  30.798 0.0000000000
110546  -53.597  8.100  29.655 0.0000000000
110560  -53.490  7.943  29.132 0.0000000000
109561  -53.042  7.687  28.460 0.0000000000
108575  -52.464  7.193  28.004 0.0000000000
107610  -51.278  6.534  27.513 0.0000000000
108573  -51.167  6.838  27.107 0.0000000000
108583  -50.644  7.119  26.666 0.0000000000
109578  -51.081  7.890  26.332 0.0000000000
109577  -50.350  7.838  26.188 0.0000000000
112580  -50.382  10.281  25.817 0.0000000000
111563  -50.077  9.797  25.575 0.0000000000
110590  -48.865  9.074  25.566 0.0000000000
111561  -48.554  9.863  25.523 0.0000000000
112588  -48.239  10.700  25.558 0.0000000000
113667  -48.596  11.543  25.416 0.0000000000
112578  -47.601  10.626  25.909 0.0000000000
106532  -41.744  4.822  39.643 0.0000000000
107490  -42.165  5.368  39.472 0.0000000000
107491  -42.850  5.587  39.090 0.0000000000
108451  -42.858  6.103  39.461 0.0000000000
107493  -44.437  5.981  38.542 0.0000000000
107497  -44.761  5.737  38.075 0.0000000000
107498  -45.346  6.020  37.877 0.0000000000
107502  -46.145  6.106  36.928 0.0000000000
110514  -46.389  8.317  34.650 0.0000000000
112441  -48.457  10.783  43.896 0.0000000000
111423  -48.581  9.796  42.409 0.0000000000
112454  -49.622  10.149  42.253 0.0000000000
111424  -49.165  9.841  42.180 0.0000000000
111431  -48.894  9.464  41.831 0.0000000000
110455  -49.098  9.325  41.462 0.0000000000
110468  -48.865  8.803  40.390 0.0000000000
111442  -51.074  10.247  40.238 0.0000000000
111457  -50.839  10.069  39.448 0.0000000000
111446  -50.406  9.784  39.903 0.0000000000
111445  -49.556  9.355  39.744 0.0000000000
110472  -48.902  8.825  39.808 0.0000000000
110471  -48.539  8.535  39.567 0.0000000000
110489  -48.420  8.497  38.338 0.0000000000
111475  -47.745  8.866  36.833 0.0000000000
111485  -47.958  9.604  36.404 0.0000000000
111484  -47.219  9.089  36.232 0.0000000000
111493  -46.818  9.327  35.179 0.0000000000
112535  -46.749  10.022  32.673 0.0000000000
113615  -47.883  11.426  32.772 0.0000000000
114642  -49.680  13.270  29.340 0.0000000000
114613  -50.230  13.159  32.104 0.0000000000
115548  -50.939  13.432  31.861 0.0000000000
116503  -52.626  14.164  31.366 0.0000000000
115570  -51.878  14.046  30.991 0.0000000000
115569  -51.259  13.789  30.637 0.0000000000
115577  -51.189  13.837  29.657 0.0000000000
115588  -51.227  13.993  28.537 0.0000000000
115597  -50.928  14.048  27.735 0.0000000000
116553  -50.173  14.522  26.558 0.0000000000
117496  -49.892  15.110  26.509 0.0000000000
117489  -50.822  15.743  27.388 0.0000000000
116552  -49.214  14.635  26.381 0.0000000000
115601  -47.660  12.996  26.297 0.0000000000
117448  -47.751  14.761  31.059 0.0000000000
116512  -47.068  14.477  30.097 0.0000000000
118327  -51.730  15.748  36.464 0.0000000000
151154  -50.009  16.076  36.497 0.0000000000
119157  -47.818  16.944  34.498 0.0000000000
118312  -48.256  16.448  36.350 0.0000000000
119156  -47.263  17.281  34.711 0.0000000000
117428  -46.274  15.423  33.841 0.0000000000
117427  -45.635  15.285  34.183 0.0000000000
118345  -45.008  16.329  34.481 0.0000000000
116486  -45.186  13.909  34.057 0.0000000000
119132  -43.748  17.241  36.390 0.0000000000
119140  -42.269  17.334  36.131 0.0000000000
119127  -40.123  16.737  36.659 0.0000000000
119072  -51.312  17.643  46.390 0.0000000000
118214  -49.094  16.828  45.327 0.0000000000
118223  -48.636  16.300  44.720 0.0000000000
118222  -47.463  16.536  44.399 0.0000000000
118235  -46.911  16.024  43.862 0.0000000000
119084  -46.748  17.097  44.258 0.0000000000
118234  -46.305  16.573  43.871 0.0000000000
117300  -46.413  15.768  43.449 0.0000000000
117326  -43.706  14.892  41.483 0.0000000000
100000  -43.947  -2.252  47.405 0.0000000000
100019  -46.726  -0.932  47.264 0.0000000000
101112  -45.962  -0.090  38.725 0.0000000000
102053  -46.848  -0.313  46.417 0.0000000000
102074  -46.288  -0.440  45.255 0.0000000000
102168  -54.257  0.999  38.531 0.0000000000
103324  -47.717  2.295  34.786 0.0000000000
105466  -40.584  4.126  47.433 0.0000000000
105542  -42.932  3.473  37.964 0.0000000000
106487  -37.987  4.425  46.804 0.0000000000
106492  -41.548  4.582  47.429 0.0000000000
106537  -43.266  4.747  38.256 0.0000000000
106601  -47.635  5.252  32.543 0.0000000000
107459  -41.825  4.804  46.498 0.0000000000
107470  -39.449  5.076  44.998 0.0000000000
109454  -48.211  8.288  40.038 0.0000000000
109457  -47.321  7.729  39.739 0.0000000000
109460  -48.500  8.490  39.765 0.0000000000
109463  -48.142  8.033  38.714 0.0000000000
109554  -53.875  7.646  29.320 0.0000000000
110431  -44.208  7.796  46.462 0.0000000000
110479  -48.605  8.615  39.195 0.0000000000
110488  -48.081  8.009  38.011 0.0000000000
110541  -47.068  8.712  30.828 0.0000000000
110547  -53.971  7.861  29.650 0.0000000000
110572  -53.232  7.854  28.694 0.0000000000
111368  -46.869  8.491  49.390 0.0000000000
111417  -42.896  9.300  43.986 0.0000000000
111433  -50.235  10.060  41.350 0.0000000000
111436  -49.838  9.597  41.166 0.0000000000
111439  -51.563  10.601  40.429 0.0000000000
111443  -51.690  10.496  40.122 0.0000000000
111458  -51.278  10.237  39.526 0.0000000000
112416  -48.488  11.025  47.945 0.0000000000
112432  -49.331  11.260  44.329 0.0000000000
112445  -44.903  10.271  43.847 0.0000000000
112446  -45.436  10.320  43.622 0.0000000000
112452  -50.687  10.701  42.291 0.0000000000
112457  -51.611  10.907  41.348 0.0000000000
112466  -51.725  10.451  39.695 0.0000000000
112468  -52.816  11.066  39.413 0.0000000000
112544  -47.209  10.614  31.325 0.0000000000
113502  -53.450  12.243  47.487 0.0000000000
113504  -48.205  11.308  46.022 0.0000000000
113511  -54.047  12.304  46.595 0.0000000000
113524  -49.621  11.282  44.210 0.0000000000
113546  -52.943  11.300  40.502 0.0000000000
113557  -53.218  11.151  38.519 0.0000000000
113559  -53.694  11.866  38.752 0.0000000000
113580  -52.393  11.385  36.836 0.0000000000
113581  -53.088  11.364  36.984 0.0000000000
114520  -54.082  12.899  47.222 0.0000000000
114541  -53.381  12.421  40.544 0.0000000000
114544  -53.688  12.424  39.051 0.0000000000
114553  -53.546  12.015  38.986 0.0000000000
114563  -53.844  11.663  37.128 0.0000000000
114577  -53.574  11.903  36.360 0.0000000000
114588  -53.488  12.320  35.273 0.0000000000
114589  -53.546  12.815  34.618 0.0000000000
114596  -48.695  12.579  35.060 0.0000000000
114614  -50.946  13.413  32.324 0.0000000000
114615  -51.277  13.495  32.371 0.0000000000
115434  -52.646  13.376  49.786 0.0000000000
115464  -53.728  13.186  48.085 0.0000000000
115466  -53.429  13.796  47.973 0.0000000000
115482  -53.226  12.607  40.210 0.0000000000
115517  -53.971  14.193  35.908 0.0000000000
115534  -48.161  13.245  35.528 0.0000000000
115558  -51.362  13.688  31.430 0.0000000000
115559  -51.962  13.831  31.651 0.0000000000
115560  -52.296  13.834  32.106 0.0000000000
115575  -49.831  13.296  28.611 0.0000000000
115608  -48.628  12.749  25.563 0.0000000000
116371  -52.711  15.071  48.497 0.0000000000
116373  -53.497  13.931  47.733 0.0000000000
116387  -49.954  15.171  43.186 0.0000000000
116429  -43.185  14.968  39.844 0.0000000000
116450  -54.515  14.639  37.919 0.0000000000
116502  -52.279  14.097  31.194 0.0000000000
116513  -52.464  14.272  30.680 0.0000000000
116536  -52.756  15.726  28.792 0.0000000000
116546  -51.772  15.177  27.806 0.0000000000
116554  -50.738  14.988  26.810 0.0000000000
117304  -50.682  15.508  43.733 0.0000000000
117453  -53.081  16.075  31.416 0.0000000000
117454  -53.574  15.338  31.443 0.0000000000
117462  -52.284  16.712  30.293 0.0000000000
117463  -53.454  15.693  30.444 0.0000000000
117464  -53.722  15.361  30.969 0.0000000000
117473  -52.683  16.420  28.850 0.0000000000
117474  -53.025  16.128  29.109 0.0000000000
117482  -52.382  15.988  28.487 0.0000000000
117491  -52.046  15.447  28.019 0.0000000000
117498  -50.960  15.302  27.127 0.0000000000
118233  -45.220  16.413  43.334 0.0000000000
118238  -53.161  16.014  43.394 0.0000000000
118239  -53.458  15.969  43.527 0.0000000000
118248  -53.008  15.910  43.024 0.0000000000
118321  -39.814  16.623  36.416 0.0000000000
118328  -52.331  15.743  36.435 0.0000000000
118368  -52.645  16.668  30.513 0.0000000000
118373  -52.192  16.780  29.131 0.0000000000
118379  -52.179  16.596  28.675 0.0000000000
118381  -53.184  16.516  29.727 0.0000000000
118385  -52.183  16.369  28.553 0.0000000000
118386  -52.461  16.485  28.747 0.0000000000
119139  -41.502  17.151  36.294 0.0000000000
151156  -53.129  12.321  35.237 0.0000000000
151157  -48.566  13.150  36.220 0.0000000000
151163  -53.065  12.583  34.834 0.0000000000
151164  -52.366  13.123  34.864 0.0000000000
151165  -48.097  14.025  34.570 0.0000000000
151178  -51.627  15.551  36.281 0.0000000000
151182  -53.062  13.407  34.240 0.0000000000
151185  -51.706  13.795  33.055 0.0000000000
151188  -51.063  13.458  32.655 0.0000000000
151189  -51.629  13.596  32.289 0.0000000000
151190  -47.752  13.727  35.793 0.0000000000
151191  -47.661  13.911  35.258 0.0000000000
151192  -47.806  14.487  35.130 0.0000000000
151195  -51.647  14.473  33.326 0.0000000000
151198  -50.333  15.741  31.539 0.0000000000
151202  -52.884  14.254  34.639 0.0000000000
151203  -52.359  13.892  32.602 0.0000000000
151204  -52.448  14.331  32.868 0.0000000000
