#!ascii label  , from subject 3127 vox2ras=TkReg
1165
55035  -11.598  -32.738  66.267 0.0000000000
68883  -24.950  -23.719  54.948 0.0000000000
74392  -27.026  -17.945  49.242 0.0000000000
58930  -27.343  -30.304  55.328 0.0000000000
86229  -35.055  -9.415  43.700 0.0000000000
74533  -32.292  -17.718  43.516 0.0000000000
72904  -26.938  -20.895  59.819 0.0000000000
67427  -26.970  -25.828  57.325 0.0000000000
87398  -41.609  -7.160  45.269 0.0000000000
87497  -44.824  -7.590  41.123 0.0000000000
93245  -46.147  -3.456  40.810 0.0000000000
78000  -32.054  -16.636  50.301 0.0000000000
75774  -30.279  -17.620  43.969 0.0000000000
74440  -34.442  -19.025  46.874 0.0000000000
76979  -37.795  -17.238  44.548 0.0000000000
57811  -21.374  -30.700  56.301 0.0000000000
58775  -7.418  -31.888  68.854 0.0000000000
71696  -25.732  -20.656  52.250 0.0000000000
73014  -30.159  -18.268  53.679 0.0000000000
57878  -23.679  -31.562  51.735 0.0000000000
58972  -26.222  -30.589  50.139 0.0000000000
94415  -43.718  -2.455  34.852 0.0000000000
97742  -47.291  0.523  38.756 0.0000000000
80354  -33.370  -14.537  43.804 0.0000000000
83896  -38.296  -11.563  47.235 0.0000000000
55142  -12.893  -33.662  62.363 0.0000000000
52268  -4.308  -36.499  67.647 0.0000000000
87428  -43.611  -6.829  43.171 0.0000000000
76910  -33.710  -17.442  47.782 0.0000000000
57841  -18.974  -32.684  54.492 0.0000000000
57664  -9.772  -32.542  67.516 0.0000000000
70365  -23.911  -22.697  51.742 0.0000000000
70348  -25.338  -21.538  53.683 0.0000000000
57866  -25.379  -31.563  53.885 0.0000000000
57891  -24.637  -31.600  50.803 0.0000000000
58951  -26.179  -30.781  52.366 0.0000000000
67439  -26.526  -24.475  56.722 0.0000000000
64994  -27.369  -27.032  53.745 0.0000000000
67512  -26.026  -26.067  53.473 0.0000000000
56677  -25.849  -31.780  56.385 0.0000000000
57829  -24.407  -31.455  55.539 0.0000000000
89916  -41.204  -6.319  38.261 0.0000000000
92152  -43.259  -4.212  36.380 0.0000000000
95455  -47.128  -1.224  39.771 0.0000000000
74505  -31.325  -18.830  43.652 0.0000000000
77001  -32.700  -16.871  42.464 0.0000000000
80338  -37.943  -14.978  46.174 0.0000000000
56595  -15.953  -32.926  58.607 0.0000000000
56556  -15.688  -32.646  60.574 0.0000000000
56515  -14.449  -32.422  62.654 0.0000000000
55184  -13.690  -34.121  60.263 0.0000000000
52264  -6.025  -36.245  67.928 0.0000000000
70270  -25.683  -22.260  57.961 0.0000000000
70304  -26.309  -20.623  56.217 0.0000000000
71622  -28.152  -20.468  58.581 0.0000000000
62466  -27.829  -28.165  58.558 0.0000000000
62494  -27.657  -28.364  56.325 0.0000000000
67372  -27.632  -25.000  60.478 0.0000000000
67392  -26.326  -24.085  59.609 0.0000000000
86219  -38.136  -8.882  44.634 0.0000000000
87440  -40.456  -6.703  43.445 0.0000000000
87477  -41.729  -6.512  41.095 0.0000000000
90992  -43.078  -5.718  39.414 0.0000000000
92137  -43.931  -3.651  38.999 0.0000000000
90977  -45.274  -5.655  40.455 0.0000000000
75691  -29.281  -16.895  49.522 0.0000000000
75734  -28.281  -16.794  45.930 0.0000000000
75714  -31.260  -16.655  46.974 0.0000000000
74437  -32.184  -18.071  45.918 0.0000000000
74485  -33.410  -18.494  45.055 0.0000000000
75826  -34.943  -17.716  44.308 0.0000000000
73188  -36.209  -19.681  45.310 0.0000000000
56624  -19.796  -31.382  57.767 0.0000000000
56648  -17.254  -32.715  56.123 0.0000000000
97774  -48.863  1.169  33.797 0.0000000000
57676  -6.498  -32.729  66.223 0.0000000000
71712  -23.880  -21.142  50.313 0.0000000000
73060  -26.636  -19.611  50.982 0.0000000000
71675  -26.941  -19.724  54.216 0.0000000000
73012  -28.012  -18.818  53.423 0.0000000000
74346  -28.876  -18.558  50.996 0.0000000000
74349  -31.522  -17.311  51.912 0.0000000000
61309  -27.611  -28.848  52.825 0.0000000000
56653  -23.642  -31.526  57.272 0.0000000000
57844  -21.936  -31.373  54.043 0.0000000000
94384  -43.991  -1.854  38.602 0.0000000000
95486  -45.287  -0.702  36.382 0.0000000000
97753  -46.533  0.467  35.409 0.0000000000
98878  -48.971  1.397  37.805 0.0000000000
52294  -10.456  -35.350  63.835 0.0000000000
53668  -9.397  -34.893  65.259 0.0000000000
82731  -33.655  -11.884  43.982 0.0000000000
78100  -35.951  -16.200  44.663 0.0000000000
81543  -35.945  -13.557  44.906 0.0000000000
85117  -37.213  -10.077  45.310 0.0000000000
86207  -39.807  -9.068  46.306 0.0000000000
55102  -12.113  -33.444  64.249 0.0000000000
55009  -8.109  -33.873  67.524 0.0000000000
57646  -5.629  -33.876  68.621 0.0000000000
55055  -4.565  -34.848  66.208 0.0000000000
55012  -10.720  -32.370  66.635 0.0000000000
68906  -24.527  -23.659  53.837 0.0000000000
70347  -24.311  -22.328  53.187 0.0000000000
70330  -24.682  -22.491  54.274 0.0000000000
57867  -25.757  -31.178  54.319 0.0000000000
57881  -26.084  -31.361  53.194 0.0000000000
58941  -26.763  -30.485  54.295 0.0000000000
68862  -25.709  -23.864  56.188 0.0000000000
67471  -25.756  -24.892  55.125 0.0000000000
68884  -25.005  -24.522  54.354 0.0000000000
67511  -24.973  -25.663  53.108 0.0000000000
58911  -27.369  -30.160  57.159 0.0000000000
57796  -27.091  -30.679  57.826 0.0000000000
57832  -26.577  -30.851  56.155 0.0000000000
57848  -25.326  -31.474  55.012 0.0000000000
92151  -42.821  -4.683  36.890 0.0000000000
74390  -24.959  -18.242  48.531 0.0000000000
76884  -25.929  -17.171  47.739 0.0000000000
74532  -31.342  -18.461  42.781 0.0000000000
74554  -31.694  -19.027  41.462 0.0000000000
75824  -32.569  -17.383  42.797 0.0000000000
56620  -15.496  -33.284  57.982 0.0000000000
56574  -15.667  -33.003  59.617 0.0000000000
55208  -14.923  -33.410  59.443 0.0000000000
55185  -14.040  -33.398  60.711 0.0000000000
53763  -13.879  -34.570  59.058 0.0000000000
71601  -26.453  -21.853  59.092 0.0000000000
71637  -27.077  -20.859  58.036 0.0000000000
71603  -27.584  -20.568  59.348 0.0000000000
66059  -28.376  -25.632  61.474 0.0000000000
64911  -27.896  -26.746  59.841 0.0000000000
66081  -28.168  -25.591  60.797 0.0000000000
71559  -27.357  -21.392  61.295 0.0000000000
68768  -26.823  -23.372  60.625 0.0000000000
70214  -26.534  -22.387  60.342 0.0000000000
70246  -26.182  -22.451  58.840 0.0000000000
86221  -39.514  -8.572  45.377 0.0000000000
87424  -39.290  -7.072  44.218 0.0000000000
87425  -40.352  -6.881  44.166 0.0000000000
87443  -43.941  -7.434  42.538 0.0000000000
87459  -42.544  -6.443  42.038 0.0000000000
87479  -43.373  -6.629  41.470 0.0000000000
88677  -42.707  -6.664  40.122 0.0000000000
89908  -43.403  -6.762  39.812 0.0000000000
90993  -43.888  -5.576  39.767 0.0000000000
88662  -45.104  -6.659  40.438 0.0000000000
76869  -30.367  -16.996  49.883 0.0000000000
76906  -29.995  -15.982  48.843 0.0000000000
78037  -31.385  -15.968  49.040 0.0000000000
75717  -33.992  -18.138  47.590 0.0000000000
75715  -32.511  -17.390  46.805 0.0000000000
74438  -32.698  -19.127  46.385 0.0000000000
73162  -32.727  -18.984  45.448 0.0000000000
73145  -33.598  -19.402  46.136 0.0000000000
73187  -35.139  -19.185  45.254 0.0000000000
73165  -35.377  -19.662  45.880 0.0000000000
56626  -21.741  -31.753  57.774 0.0000000000
56600  -21.094  -31.988  58.551 0.0000000000
57792  -20.075  -31.019  57.150 0.0000000000
57808  -18.315  -32.322  55.945 0.0000000000
98891  -49.671  1.716  35.281 0.0000000000
98900  -50.451  1.810  34.430 0.0000000000
58798  -6.941  -32.156  67.577 0.0000000000
71695  -24.780  -21.275  52.194 0.0000000000
70384  -24.092  -21.697  51.520 0.0000000000
71713  -24.856  -20.484  51.528 0.0000000000
73058  -24.589  -19.889  50.625 0.0000000000
71714  -26.038  -19.963  51.528 0.0000000000
71655  -27.585  -19.739  56.198 0.0000000000
70318  -26.874  -20.173  55.698 0.0000000000
71656  -28.386  -19.262  55.770 0.0000000000
72991  -29.902  -18.504  54.346 0.0000000000
72990  -28.949  -18.366  54.452 0.0000000000
73013  -28.817  -18.578  53.671 0.0000000000
73037  -28.109  -18.635  52.675 0.0000000000
73038  -29.480  -18.401  52.694 0.0000000000
74372  -29.950  -18.325  50.823 0.0000000000
73039  -30.504  -17.897  53.114 0.0000000000
58961  -25.469  -31.109  50.518 0.0000000000
64969  -27.447  -27.077  56.285 0.0000000000
62530  -27.587  -28.576  54.927 0.0000000000
63754  -27.526  -27.711  54.958 0.0000000000
63788  -27.390  -27.875  51.941 0.0000000000
56654  -24.491  -31.930  57.125 0.0000000000
57864  -23.862  -31.053  52.995 0.0000000000
57845  -23.083  -30.771  54.105 0.0000000000
57863  -22.585  -31.354  52.646 0.0000000000
57876  -21.589  -32.453  52.227 0.0000000000
93243  -44.573  -3.368  39.603 0.0000000000
93256  -43.855  -2.765  39.185 0.0000000000
94373  -45.156  -2.470  39.751 0.0000000000
96604  -47.166  -0.104  39.446 0.0000000000
95465  -46.050  -1.077  38.658 0.0000000000
96614  -46.207  0.325  37.627 0.0000000000
96618  -45.982  0.103  36.065 0.0000000000
97750  -47.078  0.488  37.071 0.0000000000
97755  -48.020  1.314  36.297 0.0000000000
97747  -48.115  0.915  38.361 0.0000000000
75752  -29.349  -17.048  44.907 0.0000000000
76935  -27.880  -16.899  45.034 0.0000000000
82751  -33.234  -12.615  42.878 0.0000000000
81541  -33.691  -13.755  44.348 0.0000000000
76977  -36.532  -17.739  44.291 0.0000000000
78120  -35.338  -16.996  44.412 0.0000000000
78122  -37.274  -16.634  44.718 0.0000000000
82709  -38.189  -12.736  46.404 0.0000000000
81545  -37.540  -13.909  45.907 0.0000000000
82735  -37.319  -12.551  45.712 0.0000000000
82734  -36.355  -12.546  45.369 0.0000000000
83929  -37.830  -10.795  45.997 0.0000000000
85103  -37.990  -9.965  46.320 0.0000000000
85081  -38.911  -10.276  47.458 0.0000000000
56514  -13.471  -32.918  62.392 0.0000000000
56492  -13.089  -32.976  63.921 0.0000000000
55084  -12.717  -32.389  65.154 0.0000000000
55124  -12.134  -33.947  63.277 0.0000000000
53699  -11.630  -34.425  62.986 0.0000000000
53715  -11.780  -34.750  62.383 0.0000000000
52284  -8.445  -36.013  65.413 0.0000000000
55057  -8.966  -34.388  66.349 0.0000000000
53651  -7.493  -35.607  66.414 0.0000000000
52262  -5.254  -36.447  68.262 0.0000000000
53636  -6.037  -35.054  68.452 0.0000000000
54988  -5.301  -35.170  67.820 0.0000000000
56455  -5.007  -34.420  67.160 0.0000000000
53649  -4.429  -35.501  66.505 0.0000000000
68746  -28.134  -24.023  62.340 0.0000000000
88583  -42.424  -6.833  45.672 0.0000000000
88597  -42.548  -6.469  44.678 0.0000000000
88599  -44.251  -5.980  45.119 0.0000000000
78039  -32.942  -16.196  48.564 0.0000000000
57843  -20.801  -31.687  53.957 0.0000000000
57825  -19.887  -31.291  54.882 0.0000000000
57617  -10.240  -31.734  68.647 0.0000000000
57627  -8.827  -32.944  68.185 0.0000000000
68929  -24.077  -23.272  51.981 0.0000000000
71685  -25.135  -21.231  52.931 0.0000000000
73015  -31.250  -17.777  53.647 0.0000000000
57865  -24.867  -31.721  53.458 0.0000000000
57890  -23.927  -32.599  50.696 0.0000000000
57880  -25.531  -31.974  52.683 0.0000000000
57893  -25.859  -31.364  52.266 0.0000000000
58962  -25.903  -30.714  51.417 0.0000000000
67440  -27.025  -25.253  56.463 0.0000000000
66165  -26.861  -26.350  55.348 0.0000000000
67473  -26.696  -26.166  55.276 0.0000000000
67513  -26.642  -26.308  54.028 0.0000000000
66220  -26.065  -27.101  50.880 0.0000000000
56656  -25.439  -32.055  56.888 0.0000000000
56655  -25.152  -32.495  56.874 0.0000000000
56676  -25.469  -32.060  56.327 0.0000000000
57847  -24.947  -31.616  54.909 0.0000000000
88698  -40.013  -6.797  38.523 0.0000000000
94405  -43.670  -2.418  35.740 0.0000000000
94353  -47.108  -2.680  41.467 0.0000000000
94374  -46.014  -2.436  40.116 0.0000000000
74481  -31.217  -18.000  43.297 0.0000000000
78117  -32.452  -16.205  42.015 0.0000000000
78118  -33.089  -16.343  43.171 0.0000000000
78104  -38.628  -16.407  45.670 0.0000000000
79178  -38.286  -15.992  45.475 0.0000000000
80321  -39.062  -14.788  46.440 0.0000000000
56576  -17.704  -31.676  59.712 0.0000000000
57753  -16.902  -32.121  60.800 0.0000000000
56517  -16.690  -32.048  62.506 0.0000000000
56536  -14.562  -32.642  61.497 0.0000000000
56535  -13.844  -32.868  61.742 0.0000000000
55164  -13.275  -33.739  61.232 0.0000000000
55163  -12.581  -34.290  61.672 0.0000000000
53734  -12.722  -34.893  60.857 0.0000000000
70287  -25.481  -22.222  56.591 0.0000000000
70303  -25.607  -21.403  55.982 0.0000000000
70288  -25.931  -21.317  57.043 0.0000000000
71647  -27.163  -20.421  57.475 0.0000000000
60069  -27.645  -29.228  56.821 0.0000000000
60087  -27.626  -29.589  55.456 0.0000000000
62481  -28.012  -28.218  57.478 0.0000000000
64928  -27.626  -26.978  58.544 0.0000000000
66123  -27.291  -26.304  58.422 0.0000000000
68769  -27.313  -24.045  61.126 0.0000000000
67371  -26.885  -24.306  60.325 0.0000000000
67409  -26.581  -25.236  58.504 0.0000000000
68824  -26.532  -23.914  58.106 0.0000000000
68823  -25.873  -23.398  57.699 0.0000000000
61247  -28.084  -28.713  59.034 0.0000000000
86217  -36.512  -9.010  44.551 0.0000000000
87421  -36.028  -8.243  43.445 0.0000000000
88606  -37.618  -7.461  43.884 0.0000000000
88619  -38.514  -6.825  43.473 0.0000000000
88647  -40.086  -6.280  41.825 0.0000000000
88622  -41.493  -6.704  43.320 0.0000000000
88648  -41.234  -6.529  41.999 0.0000000000
88660  -41.069  -6.628  40.925 0.0000000000
88699  -40.986  -6.548  38.898 0.0000000000
91006  -41.935  -5.893  38.715 0.0000000000
92135  -42.596  -5.000  38.383 0.0000000000
92143  -42.595  -4.724  37.638 0.0000000000
92123  -43.350  -4.988  39.395 0.0000000000
92124  -44.063  -4.507  39.611 0.0000000000
92126  -45.574  -4.226  40.697 0.0000000000
89863  -46.302  -5.643  41.738 0.0000000000
93235  -47.036  -3.998  41.728 0.0000000000
75690  -28.216  -17.397  48.954 0.0000000000
75689  -26.869  -16.916  48.202 0.0000000000
75712  -28.324  -16.683  47.294 0.0000000000
75735  -29.583  -16.628  46.166 0.0000000000
75736  -30.829  -16.987  46.308 0.0000000000
76908  -31.749  -16.556  47.661 0.0000000000
75737  -31.857  -17.540  46.299 0.0000000000
75754  -31.514  -17.733  45.727 0.0000000000
74458  -31.535  -18.590  45.109 0.0000000000
74483  -32.081  -18.886  44.750 0.0000000000
74534  -33.390  -17.747  43.742 0.0000000000
73203  -34.069  -18.288  45.057 0.0000000000
74509  -35.648  -18.585  44.299 0.0000000000
75776  -36.951  -18.196  44.469 0.0000000000
74489  -37.516  -18.608  45.385 0.0000000000
75801  -38.367  -17.238  44.840 0.0000000000
56598  -19.337  -31.502  58.718 0.0000000000
57809  -19.189  -31.486  55.903 0.0000000000
57790  -18.594  -31.738  56.721 0.0000000000
56597  -18.170  -31.460  58.619 0.0000000000
56596  -16.870  -31.971  58.461 0.0000000000
73080  -25.238  -19.130  50.230 0.0000000000
74368  -26.118  -18.448  49.807 0.0000000000
70317  -26.099  -20.732  55.334 0.0000000000
70332  -26.173  -20.874  54.446 0.0000000000
71686  -26.263  -20.612  53.285 0.0000000000
71687  -27.248  -19.121  53.353 0.0000000000
71697  -26.650  -19.579  52.258 0.0000000000
73061  -27.291  -19.277  51.412 0.0000000000
73083  -27.760  -18.836  51.011 0.0000000000
74370  -28.181  -18.075  50.505 0.0000000000
74371  -29.405  -18.336  50.644 0.0000000000
75668  -30.363  -18.115  50.130 0.0000000000
76854  -31.635  -16.929  50.494 0.0000000000
74298  -32.402  -17.500  53.235 0.0000000000
74350  -32.565  -17.284  52.142 0.0000000000
60104  -27.222  -29.768  53.802 0.0000000000
60103  -27.276  -29.381  52.923 0.0000000000
60122  -26.674  -29.905  50.736 0.0000000000
63764  -27.461  -27.665  53.890 0.0000000000
61338  -27.285  -29.122  50.679 0.0000000000
56627  -22.619  -31.635  58.110 0.0000000000
57812  -21.997  -30.859  56.506 0.0000000000
56673  -23.689  -31.364  56.237 0.0000000000
57827  -22.340  -30.815  55.543 0.0000000000
57826  -21.053  -30.813  55.085 0.0000000000
57861  -20.736  -32.532  53.060 0.0000000000
92144  -43.106  -4.035  37.485 0.0000000000
94383  -43.681  -2.423  37.739 0.0000000000
95473  -43.950  -1.665  36.196 0.0000000000
94385  -45.103  -1.803  38.978 0.0000000000
96612  -44.786  -0.925  37.442 0.0000000000
95485  -44.631  -1.274  35.926 0.0000000000
96622  -45.433  -0.620  34.823 0.0000000000
96628  -45.911  0.057  34.154 0.0000000000
97771  -46.579  0.396  33.182 0.0000000000
97765  -47.356  0.887  33.984 0.0000000000
98890  -48.721  1.564  35.366 0.0000000000
53670  -10.548  -34.029  64.857 0.0000000000
55059  -10.562  -33.611  65.963 0.0000000000
53669  -9.939  -34.542  64.787 0.0000000000
76920  -26.849  -16.979  46.172 0.0000000000
83924  -33.993  -10.991  43.768 0.0000000000
77002  -33.525  -17.081  43.336 0.0000000000
78119  -34.021  -16.734  43.960 0.0000000000
80355  -34.098  -15.140  44.329 0.0000000000
79176  -37.005  -15.607  45.178 0.0000000000
80335  -35.509  -14.514  44.619 0.0000000000
80334  -34.304  -14.476  44.480 0.0000000000
82732  -34.746  -12.515  44.897 0.0000000000
83925  -34.815  -11.469  44.940 0.0000000000
85100  -36.124  -9.752  44.642 0.0000000000
86231  -37.604  -9.406  44.914 0.0000000000
85105  -39.345  -9.021  45.656 0.0000000000
88596  -40.613  -7.996  46.021 0.0000000000
55036  -12.487  -32.222  66.575 0.0000000000
55062  -12.743  -32.413  66.057 0.0000000000
55061  -11.727  -32.921  65.849 0.0000000000
55101  -11.322  -33.744  64.130 0.0000000000
52306  -10.708  -35.384  63.292 0.0000000000
55032  -9.348  -33.848  66.385 0.0000000000
56440  -9.034  -33.265  67.521 0.0000000000
54986  -7.576  -33.405  68.775 0.0000000000
55007  -6.742  -35.019  67.354 0.0000000000
54985  -6.819  -33.760  68.643 0.0000000000
58773  -6.230  -32.874  69.149 0.0000000000
56437  -6.108  -33.394  67.424 0.0000000000
56471  -5.471  -33.700  66.170 0.0000000000
50925  -3.852  -37.216  66.482 0.0000000000
53665  -4.152  -36.053  65.596 0.0000000000
55013  -11.513  -32.302  66.624 0.0000000000
55034  -10.980  -33.128  66.288 0.0000000000
70315  -24.893  -22.487  55.205 0.0000000000
57868  -26.095  -30.724  54.634 0.0000000000
57882  -26.298  -30.821  53.912 0.0000000000
58929  -27.087  -30.430  54.821 0.0000000000
68861  -25.392  -23.564  55.880 0.0000000000
67470  -25.416  -24.169  55.621 0.0000000000
58918  -27.464  -30.194  56.242 0.0000000000
57833  -27.056  -30.535  56.279 0.0000000000
57851  -26.864  -30.511  55.784 0.0000000000
57849  -25.758  -31.244  55.321 0.0000000000
74391  -25.933  -17.836  48.943 0.0000000000
75688  -25.712  -17.414  47.995 0.0000000000
76885  -26.166  -16.952  47.762 0.0000000000
75823  -31.786  -18.083  42.190 0.0000000000
55229  -14.921  -33.709  58.648 0.0000000000
55207  -14.233  -33.810  59.687 0.0000000000
71602  -27.036  -21.267  59.358 0.0000000000
67320  -28.386  -25.250  62.002 0.0000000000
67342  -28.247  -24.903  61.695 0.0000000000
71580  -26.768  -21.268  60.323 0.0000000000
71579  -26.399  -21.885  59.757 0.0000000000
66041  -28.467  -25.537  62.144 0.0000000000
87409  -40.653  -7.569  44.897 0.0000000000
87461  -43.917  -8.017  41.918 0.0000000000
87480  -43.658  -7.701  41.448 0.0000000000
87495  -43.534  -7.217  41.034 0.0000000000
87516  -43.241  -6.756  40.653 0.0000000000
88702  -43.826  -7.307  40.382 0.0000000000
89910  -44.180  -7.059  40.170 0.0000000000
88680  -44.553  -7.232  40.463 0.0000000000
78019  -31.769  -16.498  49.679 0.0000000000
78018  -30.989  -16.763  49.443 0.0000000000
74415  -33.866  -18.708  47.195 0.0000000000
74439  -33.694  -19.135  46.676 0.0000000000
73146  -34.613  -19.399  46.377 0.0000000000
73123  -35.069  -19.092  46.804 0.0000000000
56650  -21.040  -31.257  56.770 0.0000000000
56625  -20.781  -31.522  57.493 0.0000000000
57810  -20.353  -31.124  56.309 0.0000000000
98892  -50.623  2.230  35.289 0.0000000000
58760  -8.275  -31.838  69.053 0.0000000000
58790  -7.412  -31.573  68.367 0.0000000000
59931  -7.116  -31.502  67.948 0.0000000000
74322  -30.086  -17.979  52.312 0.0000000000
57877  -22.701  -32.314  51.642 0.0000000000
57889  -23.208  -33.013  50.787 0.0000000000
66156  -27.362  -26.763  56.389 0.0000000000
64980  -27.458  -27.230  55.840 0.0000000000
66155  -27.220  -26.544  56.132 0.0000000000
58950  -22.176  -31.690  52.061 0.0000000000
95492  -44.121  -1.839  34.528 0.0000000000
93244  -45.359  -3.368  40.250 0.0000000000
96603  -46.732  0.164  38.798 0.0000000000
96609  -46.295  0.060  38.317 0.0000000000
97741  -46.862  0.307  38.327 0.0000000000
97749  -46.574  0.388  37.392 0.0000000000
97746  -47.389  0.503  37.939 0.0000000000
76949  -28.967  -17.311  44.104 0.0000000000
76950  -29.582  -17.510  43.774 0.0000000000
79195  -32.785  -15.312  42.700 0.0000000000
80371  -32.890  -14.413  41.876 0.0000000000
80353  -32.756  -14.433  42.815 0.0000000000
81564  -33.212  -13.808  43.680 0.0000000000
76978  -36.962  -17.474  44.473 0.0000000000
77005  -37.074  -17.041  44.513 0.0000000000
77006  -37.694  -16.868  44.595 0.0000000000
82708  -37.786  -12.629  45.980 0.0000000000
83911  -37.597  -11.822  46.123 0.0000000000
83912  -37.792  -11.047  46.657 0.0000000000
56502  -12.922  -32.871  63.040 0.0000000000
55125  -12.652  -33.531  63.230 0.0000000000
55103  -12.646  -33.190  64.144 0.0000000000
55141  -12.364  -34.223  62.447 0.0000000000
53652  -8.431  -35.158  66.180 0.0000000000
52265  -4.592  -36.594  68.234 0.0000000000
53629  -4.983  -35.798  68.027 0.0000000000
53634  -4.761  -35.925  67.852 0.0000000000
55027  -4.715  -35.189  67.313 0.0000000000
52269  -4.459  -36.125  67.157 0.0000000000
76871  -33.778  -15.876  49.792 0.0000000000
57842  -19.852  -32.420  54.134 0.0000000000
57651  -10.316  -32.152  67.786 0.0000000000
57618  -11.099  -31.690  68.679 0.0000000000
57629  -10.167  -32.038  68.244 0.0000000000
56401  -9.859  -32.040  68.321 0.0000000000
57650  -9.576  -32.599  67.907 0.0000000000
68930  -24.222  -24.014  52.462 0.0000000000
71684  -24.516  -21.609  52.686 0.0000000000
57879  -24.635  -31.255  52.157 0.0000000000
67454  -26.779  -25.826  55.649 0.0000000000
67453  -26.783  -24.901  55.734 0.0000000000
67490  -26.299  -25.768  54.458 0.0000000000
66212  -26.732  -27.008  52.315 0.0000000000
66196  -26.131  -26.483  52.803 0.0000000000
67532  -25.649  -26.259  52.681 0.0000000000
67531  -25.100  -25.953  51.986 0.0000000000
57814  -26.944  -31.268  56.893 0.0000000000
56634  -27.054  -31.029  58.148 0.0000000000
56658  -26.503  -31.360  57.406 0.0000000000
56632  -26.147  -31.532  57.942 0.0000000000
56657  -26.041  -31.492  57.064 0.0000000000
74504  -30.937  -18.923  43.277 0.0000000000
74503  -30.786  -18.451  42.856 0.0000000000
77000  -32.510  -16.809  41.826 0.0000000000
80322  -39.231  -15.336  46.602 0.0000000000
79158  -38.504  -15.474  46.070 0.0000000000
82673  -38.563  -12.911  47.628 0.0000000000
56575  -16.547  -32.184  59.589 0.0000000000
56557  -16.425  -32.187  60.499 0.0000000000
56516  -15.574  -32.159  62.461 0.0000000000
56537  -15.625  -32.295  61.473 0.0000000000
55165  -13.870  -33.108  61.219 0.0000000000
53748  -13.140  -34.561  60.280 0.0000000000
70269  -25.563  -22.177  57.184 0.0000000000
71638  -27.889  -20.859  57.741 0.0000000000
61257  -27.741  -28.699  58.143 0.0000000000
61267  -27.850  -28.775  57.116 0.0000000000
66104  -27.786  -26.135  59.849 0.0000000000
64927  -27.709  -26.562  59.290 0.0000000000
68725  -27.846  -23.142  62.717 0.0000000000
68770  -27.904  -24.323  61.491 0.0000000000
67370  -26.611  -23.877  60.207 0.0000000000
67393  -26.689  -24.945  59.549 0.0000000000
67408  -26.353  -24.480  58.734 0.0000000000
67407  -26.172  -23.974  58.932 0.0000000000
68822  -25.194  -22.832  57.186 0.0000000000
63680  -27.749  -27.461  60.260 0.0000000000
62454  -27.599  -28.191  59.569 0.0000000000
60059  -27.559  -29.148  57.787 0.0000000000
86218  -37.356  -9.011  44.594 0.0000000000
87405  -36.947  -8.266  44.158 0.0000000000
87406  -37.855  -7.944  44.554 0.0000000000
87439  -39.914  -6.710  43.748 0.0000000000
88620  -39.425  -6.711  43.652 0.0000000000
88631  -39.002  -6.737  42.256 0.0000000000
88632  -39.929  -6.639  42.906 0.0000000000
88608  -42.728  -6.489  44.105 0.0000000000
87410  -41.984  -6.504  44.302 0.0000000000
87427  -42.539  -6.578  43.388 0.0000000000
88649  -41.635  -6.696  42.555 0.0000000000
87458  -41.795  -6.536  41.450 0.0000000000
88675  -40.448  -6.501  39.665 0.0000000000
88661  -41.735  -6.459  40.805 0.0000000000
90991  -42.666  -5.938  39.356 0.0000000000
89887  -42.259  -6.102  39.439 0.0000000000
91007  -42.355  -5.644  38.796 0.0000000000
91008  -42.851  -5.088  38.988 0.0000000000
90994  -44.836  -5.470  40.062 0.0000000000
92125  -44.909  -4.333  40.212 0.0000000000
90995  -45.368  -5.086  40.609 0.0000000000
93236  -46.858  -4.251  41.752 0.0000000000
75666  -28.704  -17.512  49.818 0.0000000000
76907  -30.708  -16.121  47.970 0.0000000000
75713  -29.645  -16.270  47.697 0.0000000000
76888  -33.212  -16.460  48.224 0.0000000000
78057  -32.466  -16.366  48.364 0.0000000000
76909  -32.976  -16.776  47.733 0.0000000000
74413  -32.659  -18.075  46.210 0.0000000000
74484  -32.836  -18.618  44.798 0.0000000000
74506  -32.028  -18.110  44.225 0.0000000000
74507  -33.609  -18.275  44.510 0.0000000000
74486  -35.245  -18.699  44.785 0.0000000000
74487  -35.948  -19.174  44.621 0.0000000000
74510  -36.426  -18.727  44.177 0.0000000000
74488  -36.878  -18.863  44.850 0.0000000000
74460  -38.106  -18.664  45.967 0.0000000000
75756  -38.746  -18.108  45.757 0.0000000000
75778  -38.443  -17.628  45.259 0.0000000000
76981  -38.720  -16.933  45.351 0.0000000000
56599  -20.304  -31.713  58.624 0.0000000000
56578  -19.971  -31.897  59.659 0.0000000000
57824  -18.862  -31.897  54.837 0.0000000000
57807  -17.883  -32.419  56.501 0.0000000000
57789  -18.174  -32.248  56.635 0.0000000000
56622  -17.784  -32.213  57.281 0.0000000000
70403  -23.690  -22.652  48.960 0.0000000000
71732  -23.519  -20.941  48.923 0.0000000000
73059  -25.747  -19.860  50.791 0.0000000000
73081  -26.371  -19.091  50.500 0.0000000000
70316  -25.575  -21.606  55.154 0.0000000000
70333  -26.636  -20.154  54.933 0.0000000000
71674  -26.453  -20.751  53.891 0.0000000000
71688  -28.109  -19.054  53.672 0.0000000000
71676  -28.219  -19.209  54.023 0.0000000000
71698  -27.296  -18.990  52.546 0.0000000000
73062  -28.271  -18.737  51.537 0.0000000000
74348  -30.473  -17.868  51.332 0.0000000000
75648  -30.629  -17.979  50.630 0.0000000000
75649  -30.996  -17.575  50.688 0.0000000000
73016  -32.360  -17.615  53.745 0.0000000000
74297  -31.799  -17.520  53.403 0.0000000000
61285  -27.529  -28.900  55.638 0.0000000000
60096  -27.529  -29.694  54.575 0.0000000000
61296  -27.548  -29.033  54.776 0.0000000000
62529  -27.492  -28.318  54.441 0.0000000000
61310  -27.338  -29.015  53.794 0.0000000000
60114  -26.967  -29.579  51.899 0.0000000000
66183  -27.313  -26.806  54.286 0.0000000000
64987  -27.425  -27.116  54.504 0.0000000000
65006  -27.208  -27.461  53.252 0.0000000000
56628  -23.214  -31.586  57.964 0.0000000000
56652  -22.607  -31.260  56.843 0.0000000000
57830  -24.898  -31.752  55.785 0.0000000000
56674  -24.513  -31.693  56.364 0.0000000000
57828  -23.508  -31.185  55.309 0.0000000000
57862  -21.524  -31.668  52.808 0.0000000000
92136  -43.229  -4.359  38.613 0.0000000000
93255  -43.450  -3.112  38.338 0.0000000000
94394  -43.668  -2.205  36.823 0.0000000000
94395  -44.085  -1.840  37.629 0.0000000000
95448  -46.593  -1.769  40.235 0.0000000000
94386  -45.798  -1.926  39.375 0.0000000000
95454  -46.423  -1.595  39.526 0.0000000000
95476  -45.634  -0.093  37.706 0.0000000000
95475  -45.080  -0.659  37.353 0.0000000000
95474  -44.578  -1.346  37.042 0.0000000000
95494  -45.134  -0.851  35.563 0.0000000000
96617  -45.572  -0.415  35.646 0.0000000000
96623  -46.063  -0.049  35.164 0.0000000000
97757  -46.541  0.574  34.583 0.0000000000
97764  -46.520  0.552  33.624 0.0000000000
97758  -47.326  0.741  34.974 0.0000000000
98881  -48.862  1.725  36.809 0.0000000000
98885  -48.891  1.938  35.958 0.0000000000
53683  -10.683  -34.437  64.026 0.0000000000
53682  -10.304  -34.810  64.256 0.0000000000
75711  -27.436  -16.862  46.844 0.0000000000
75733  -27.576  -16.952  46.193 0.0000000000
82730  -33.422  -12.496  43.814 0.0000000000
83923  -33.372  -11.769  43.179 0.0000000000
75796  -34.384  -17.980  44.166 0.0000000000
75825  -33.937  -17.585  43.730 0.0000000000
77003  -34.587  -17.299  44.137 0.0000000000
78099  -34.681  -16.332  44.445 0.0000000000
79173  -34.432  -15.783  44.466 0.0000000000
79174  -34.973  -15.484  44.551 0.0000000000
79177  -37.747  -15.795  45.370 0.0000000000
80337  -37.272  -14.780  45.486 0.0000000000
81544  -36.696  -13.694  45.585 0.0000000000
80336  -36.446  -14.629  45.042 0.0000000000
81542  -34.844  -13.425  44.662 0.0000000000
82733  -35.436  -12.535  45.119 0.0000000000
83927  -36.875  -11.385  45.317 0.0000000000
83926  -35.935  -11.487  45.203 0.0000000000
85115  -35.670  -10.572  44.711 0.0000000000
85116  -36.460  -10.492  45.014 0.0000000000
85101  -36.827  -9.651  44.862 0.0000000000
85089  -38.624  -9.800  46.767 0.0000000000
85104  -38.749  -9.329  45.835 0.0000000000
85090  -39.396  -9.171  45.919 0.0000000000
86208  -39.970  -8.606  45.625 0.0000000000
87396  -40.342  -8.567  46.415 0.0000000000
55083  -11.780  -32.906  65.053 0.0000000000
55082  -11.135  -33.628  65.030 0.0000000000
53714  -11.383  -34.926  62.622 0.0000000000
53698  -11.165  -34.629  63.249 0.0000000000
52319  -11.231  -35.690  62.514 0.0000000000
53654  -9.817  -33.862  65.579 0.0000000000
55033  -10.207  -33.428  66.283 0.0000000000
53645  -9.603  -33.811  66.059 0.0000000000
55031  -8.506  -34.355  66.776 0.0000000000
55010  -9.093  -33.622  66.915 0.0000000000
56439  -8.602  -33.199  67.866 0.0000000000
54993  -7.917  -33.325  68.221 0.0000000000
52270  -6.432  -36.635  67.535 0.0000000000
53641  -6.600  -35.748  67.123 0.0000000000
53637  -6.510  -35.451  67.466 0.0000000000
54990  -6.015  -34.766  68.632 0.0000000000
54991  -6.320  -34.511  68.459 0.0000000000
54984  -6.244  -34.079  68.913 0.0000000000
56397  -6.555  -33.509  69.055 0.0000000000
57647  -5.877  -33.377  68.797 0.0000000000
57648  -6.511  -33.003  68.244 0.0000000000
57660  -5.921  -33.547  67.935 0.0000000000
56470  -5.154  -34.249  66.517 0.0000000000
55056  -5.121  -34.457  65.901 0.0000000000
56482  -5.622  -33.719  65.417 0.0000000000
50926  -4.067  -37.256  65.737 0.0000000000
52282  -4.061  -36.627  66.059 0.0000000000
54994  -10.421  -32.298  67.042 0.0000000000
70331  -25.431  -21.653  54.421 0.0000000000
58953  -27.033  -30.159  53.919 0.0000000000
67438  -26.140  -24.117  56.453 0.0000000000
67452  -25.907  -24.221  56.031 0.0000000000
67489  -25.351  -25.406  54.105 0.0000000000
68907  -24.532  -24.808  53.597 0.0000000000
60048  -28.019  -29.721  58.664 0.0000000000
58902  -27.117  -29.990  58.116 0.0000000000
57815  -27.384  -30.786  56.919 0.0000000000
57813  -26.336  -31.390  56.467 0.0000000000
56693  -25.866  -31.898  55.982 0.0000000000
89922  -41.262  -6.415  37.457 0.0000000000
74531  -30.985  -19.063  42.650 0.0000000000
77026  -32.395  -17.340  41.532 0.0000000000
56573  -15.017  -33.138  59.934 0.0000000000
56555  -14.799  -32.911  60.581 0.0000000000
55206  -13.770  -34.163  59.866 0.0000000000
53762  -13.489  -34.519  59.661 0.0000000000
71619  -26.095  -21.731  58.582 0.0000000000
71636  -26.151  -21.177  58.055 0.0000000000
71620  -26.796  -21.365  58.599 0.0000000000
71621  -27.542  -21.009  58.547 0.0000000000
64895  -28.080  -26.770  61.017 0.0000000000
63691  -27.579  -27.553  59.130 0.0000000000
66082  -28.205  -26.216  60.661 0.0000000000
68744  -26.917  -23.211  61.670 0.0000000000
70202  -27.005  -22.324  61.034 0.0000000000
68767  -26.436  -23.026  60.112 0.0000000000
68787  -26.275  -23.158  59.468 0.0000000000
70229  -26.322  -22.387  59.406 0.0000000000
86220  -38.663  -8.731  45.199 0.0000000000
87407  -38.696  -7.986  44.616 0.0000000000
87408  -39.586  -7.896  44.687 0.0000000000
87442  -43.206  -6.629  42.633 0.0000000000
87460  -43.757  -6.977  41.977 0.0000000000
87478  -42.399  -6.363  41.099 0.0000000000
87493  -42.491  -6.459  40.595 0.0000000000
88678  -43.069  -6.862  39.868 0.0000000000
89888  -42.983  -6.409  39.640 0.0000000000
89889  -43.637  -6.341  39.716 0.0000000000
89890  -44.436  -6.435  40.014 0.0000000000
89870  -45.340  -6.129  40.659 0.0000000000
76887  -29.844  -17.126  50.115 0.0000000000
78017  -30.419  -16.588  49.602 0.0000000000
78054  -30.579  -16.020  48.593 0.0000000000
76923  -33.757  -17.878  47.476 0.0000000000
76922  -33.538  -17.582  47.426 0.0000000000
75716  -33.479  -17.856  47.058 0.0000000000
74414  -33.123  -18.526  46.734 0.0000000000
74459  -32.222  -19.090  45.663 0.0000000000
73144  -32.887  -19.280  45.901 0.0000000000
73163  -33.451  -19.071  45.644 0.0000000000
73186  -33.994  -18.517  45.351 0.0000000000
73164  -34.369  -19.379  45.751 0.0000000000
57823  -18.315  -32.732  55.022 0.0000000000
97767  -49.061  1.263  34.019 0.0000000000
98905  -48.948  1.528  32.961 0.0000000000
98906  -49.335  1.764  33.448 0.0000000000
98907  -50.211  2.192  33.501 0.0000000000
58803  -6.790  -32.003  66.973 0.0000000000
70366  -24.181  -22.031  52.284 0.0000000000
70383  -23.600  -22.730  50.687 0.0000000000
70305  -27.016  -20.117  56.546 0.0000000000
71663  -27.448  -19.602  55.240 0.0000000000
72974  -29.141  -18.408  54.861 0.0000000000
73063  -28.848  -18.582  52.132 0.0000000000
74347  -29.448  -18.384  51.600 0.0000000000
74321  -29.645  -18.248  52.215 0.0000000000
74323  -31.232  -17.555  52.802 0.0000000000
73017  -33.284  -17.625  53.546 0.0000000000
58960  -25.212  -31.758  49.854 0.0000000000
62511  -27.567  -28.378  55.387 0.0000000000
63755  -27.572  -27.993  55.239 0.0000000000
62509  -27.755  -27.991  54.967 0.0000000000
63763  -27.531  -27.944  54.613 0.0000000000
65005  -26.979  -27.325  52.771 0.0000000000
63777  -27.267  -27.778  52.501 0.0000000000
57846  -24.285  -31.024  54.397 0.0000000000
58940  -22.005  -31.566  52.389 0.0000000000
58949  -21.986  -31.955  51.865 0.0000000000
94372  -44.410  -2.350  39.387 0.0000000000
96610  -46.614  -0.408  38.845 0.0000000000
95487  -45.574  -0.035  36.866 0.0000000000
96619  -46.213  0.408  36.709 0.0000000000
97754  -46.988  0.689  36.014 0.0000000000
97751  -48.046  1.069  37.399 0.0000000000
52305  -10.449  -36.045  63.418 0.0000000000
52293  -10.099  -35.811  64.108 0.0000000000
75751  -28.525  -16.857  45.131 0.0000000000
76948  -28.201  -17.387  44.379 0.0000000000
81563  -32.941  -13.598  42.691 0.0000000000
81540  -33.249  -13.209  43.655 0.0000000000
81520  -33.541  -12.945  44.260 0.0000000000
75827  -35.596  -17.873  44.187 0.0000000000
77004  -35.965  -17.446  44.305 0.0000000000
78121  -36.415  -16.606  44.622 0.0000000000
79198  -36.444  -16.139  44.787 0.0000000000
81546  -38.080  -14.047  46.035 0.0000000000
81523  -38.011  -13.301  45.879 0.0000000000
83928  -37.532  -11.113  45.601 0.0000000000
85118  -37.690  -9.952  45.850 0.0000000000
86206  -39.344  -9.571  46.996 0.0000000000
57726  -13.831  -32.545  62.837 0.0000000000
57713  -14.000  -32.437  63.300 0.0000000000
57712  -13.465  -32.544  63.547 0.0000000000
55123  -11.664  -33.992  63.523 0.0000000000
53667  -8.947  -35.296  65.597 0.0000000000
53653  -9.279  -34.404  66.036 0.0000000000
53643  -7.903  -35.039  66.763 0.0000000000
55030  -7.660  -34.714  67.167 0.0000000000
53631  -5.883  -35.391  68.257 0.0000000000
53630  -5.704  -35.721  68.206 0.0000000000
54989  -5.834  -35.060  68.211 0.0000000000
56416  -5.588  -34.370  68.202 0.0000000000
57667  -5.451  -33.928  67.703 0.0000000000
56435  -5.036  -34.805  67.554 0.0000000000
55028  -4.604  -35.019  66.941 0.0000000000
67343  -28.343  -24.464  62.405 0.0000000000
71542  -27.662  -21.581  62.103 0.0000000000
88598  -43.382  -6.287  44.833 0.0000000000
88609  -43.527  -6.569  43.844 0.0000000000
86254  -45.110  -7.801  42.624 0.0000000000
87463  -45.837  -8.124  41.879 0.0000000000
87483  -45.928  -7.271  42.120 0.0000000000
78001  -32.516  -16.345  50.163 0.0000000000
78020  -32.568  -15.979  49.389 0.0000000000
78002  -33.056  -15.940  49.896 0.0000000000
78021  -33.223  -16.059  49.132 0.0000000000
76889  -33.717  -16.475  48.523 0.0000000000
75693  -34.304  -17.378  47.922 0.0000000000
73124  -35.652  -18.666  46.806 0.0000000000
57615  -8.769  -32.101  68.984 0.0000000000
56393  -8.484  -32.358  69.025 0.0000000000
68946  -23.952  -23.468  51.468 0.0000000000
70346  -24.026  -22.876  52.348 0.0000000000
57892  -25.298  -31.155  51.650 0.0000000000
67441  -26.998  -25.948  56.367 0.0000000000
67455  -26.845  -26.111  55.795 0.0000000000
66164  -26.702  -26.191  55.307 0.0000000000
66182  -27.077  -26.620  54.163 0.0000000000
67472  -26.599  -25.731  55.234 0.0000000000
67491  -26.757  -26.316  54.795 0.0000000000
64993  -27.085  -26.910  53.464 0.0000000000
56675  -25.161  -31.952  56.130 0.0000000000
56692  -25.489  -31.872  55.730 0.0000000000
88674  -39.273  -6.718  39.201 0.0000000000
94365  -46.635  -2.415  40.897 0.0000000000
97743  -48.009  0.877  39.426 0.0000000000
76974  -29.880  -17.596  43.246 0.0000000000
75795  -30.427  -17.957  42.836 0.0000000000
78103  -38.385  -16.634  45.272 0.0000000000
78102  -38.026  -16.692  44.937 0.0000000000
80320  -38.539  -14.842  46.251 0.0000000000
81524  -38.535  -14.048  46.128 0.0000000000
82688  -38.607  -13.413  46.730 0.0000000000
82687  -38.459  -12.842  47.000 0.0000000000
57752  -16.773  -32.156  61.018 0.0000000000
50894  -4.423  -37.323  68.059 0.0000000000
70302  -25.333  -22.406  55.860 0.0000000000
70289  -26.639  -20.439  56.980 0.0000000000
71646  -26.558  -20.721  57.537 0.0000000000
70290  -27.057  -20.071  57.106 0.0000000000
71648  -27.556  -19.928  57.213 0.0000000000
71604  -28.321  -20.159  59.588 0.0000000000
60076  -27.563  -29.678  56.479 0.0000000000
61275  -27.600  -28.905  56.324 0.0000000000
63708  -27.884  -27.622  57.989 0.0000000000
63727  -27.727  -27.680  56.847 0.0000000000
64949  -27.533  -27.173  57.369 0.0000000000
66124  -27.385  -26.743  57.670 0.0000000000
66144  -27.232  -26.344  57.114 0.0000000000
67394  -27.185  -25.599  59.160 0.0000000000
67410  -26.792  -25.770  58.196 0.0000000000
67426  -26.683  -25.253  57.490 0.0000000000
67425  -26.474  -24.634  57.809 0.0000000000
68841  -26.423  -23.984  57.379 0.0000000000
68805  -26.198  -23.345  58.584 0.0000000000
68840  -25.754  -23.756  56.687 0.0000000000
68839  -25.304  -23.001  56.438 0.0000000000
61238  -28.042  -28.697  59.911 0.0000000000
60049  -28.030  -29.365  58.697 0.0000000000
60068  -27.414  -29.600  57.453 0.0000000000
86216  -35.714  -9.042  44.236 0.0000000000
86230  -35.490  -8.820  43.726 0.0000000000
87404  -36.274  -8.598  44.189 0.0000000000
87422  -36.954  -7.696  43.472 0.0000000000
87423  -38.489  -7.373  44.312 0.0000000000
89832  -37.606  -6.693  42.884 0.0000000000
87426  -41.430  -6.618  43.830 0.0000000000
88621  -41.032  -6.735  43.449 0.0000000000
87441  -42.046  -6.737  42.959 0.0000000000
88634  -41.423  -6.787  43.021 0.0000000000
88633  -40.859  -6.623  42.804 0.0000000000
88659  -39.758  -6.608  40.461 0.0000000000
88676  -41.767  -6.261  40.030 0.0000000000
89906  -41.732  -6.159  38.986 0.0000000000
91014  -41.687  -5.883  38.157 0.0000000000
91015  -42.154  -5.370  37.820 0.0000000000
88682  -45.801  -7.140  41.157 0.0000000000
89871  -45.806  -6.139  41.397 0.0000000000
90996  -45.655  -4.789  41.156 0.0000000000
92127  -46.064  -4.286  41.164 0.0000000000
93221  -47.137  -3.139  41.555 0.0000000000
74393  -27.492  -17.768  49.775 0.0000000000
75753  -30.747  -17.406  45.176 0.0000000000
78038  -32.138  -15.901  48.850 0.0000000000
78056  -31.940  -16.380  48.351 0.0000000000
74457  -31.295  -17.885  44.240 0.0000000000
74482  -31.645  -18.629  43.989 0.0000000000
73204  -34.509  -18.419  45.016 0.0000000000
74508  -34.836  -18.248  44.594 0.0000000000
75797  -35.298  -18.073  44.328 0.0000000000
75798  -36.097  -18.132  44.021 0.0000000000
76953  -36.773  -17.770  44.342 0.0000000000
76955  -37.319  -17.695  44.538 0.0000000000
73147  -35.562  -19.350  46.490 0.0000000000
73166  -36.221  -19.439  46.111 0.0000000000
73189  -36.663  -18.757  45.662 0.0000000000
73168  -37.425  -18.589  46.507 0.0000000000
73190  -37.207  -18.519  45.977 0.0000000000
75777  -37.792  -17.878  44.821 0.0000000000
75800  -38.183  -17.277  44.636 0.0000000000
78086  -38.986  -16.486  46.140 0.0000000000
57791  -19.409  -31.139  56.927 0.0000000000
56623  -18.826  -31.499  57.680 0.0000000000
56621  -16.143  -32.835  57.234 0.0000000000
98908  -51.151  2.169  33.630 0.0000000000
73079  -24.195  -19.749  49.290 0.0000000000
74366  -24.686  -18.972  48.785 0.0000000000
74367  -25.097  -18.655  49.337 0.0000000000
70349  -26.013  -21.150  53.887 0.0000000000
71664  -28.400  -18.775  54.893 0.0000000000
71715  -26.640  -19.610  51.539 0.0000000000
73036  -27.606  -19.203  52.043 0.0000000000
73082  -27.257  -18.991  50.708 0.0000000000
74369  -27.045  -18.349  50.150 0.0000000000
75667  -29.306  -17.740  50.187 0.0000000000
75692  -29.700  -17.584  50.041 0.0000000000
75669  -30.926  -18.029  50.056 0.0000000000
76870  -31.120  -17.565  49.856 0.0000000000
73040  -30.953  -17.634  53.250 0.0000000000
74324  -32.395  -17.409  52.665 0.0000000000
75650  -31.932  -16.904  51.452 0.0000000000
76855  -32.399  -16.647  50.892 0.0000000000
58942  -27.307  -30.201  54.430 0.0000000000
58952  -26.622  -30.203  53.142 0.0000000000
58963  -26.348  -30.148  51.796 0.0000000000
58973  -26.302  -30.312  51.037 0.0000000000
62551  -27.427  -28.287  53.103 0.0000000000
62571  -27.449  -28.055  52.076 0.0000000000
62550  -27.489  -28.480  52.286 0.0000000000
61326  -27.450  -28.969  52.011 0.0000000000
60121  -26.568  -30.108  49.906 0.0000000000
56602  -22.322  -31.896  58.761 0.0000000000
56651  -21.596  -31.456  56.908 0.0000000000
56672  -23.046  -31.255  55.981 0.0000000000
93263  -43.348  -3.174  37.152 0.0000000000
93271  -43.551  -3.245  36.131 0.0000000000
95484  -43.914  -1.641  35.344 0.0000000000
95464  -44.866  -0.913  38.199 0.0000000000
95463  -44.478  -1.298  37.884 0.0000000000
95493  -44.528  -1.029  34.876 0.0000000000
96621  -45.061  -1.012  34.282 0.0000000000
96627  -45.463  -0.757  33.783 0.0000000000
97772  -47.133  0.602  33.019 0.0000000000
97766  -48.387  1.113  34.344 0.0000000000
97759  -47.976  1.173  35.323 0.0000000000
98898  -48.590  1.387  34.866 0.0000000000
98886  -49.728  1.950  36.114 0.0000000000
55060  -11.054  -33.575  65.809 0.0000000000
53655  -10.391  -33.827  65.420 0.0000000000
52286  -9.583  -35.448  64.634 0.0000000000
76905  -26.589  -17.006  47.202 0.0000000000
75794  -29.653  -17.996  42.801 0.0000000000
85113  -34.341  -9.893  43.590 0.0000000000
79196  -33.703  -15.730  44.097 0.0000000000
79200  -37.497  -16.342  45.027 0.0000000000
79199  -36.823  -16.192  44.921 0.0000000000
79175  -36.211  -15.602  44.741 0.0000000000
80333  -33.736  -14.320  44.315 0.0000000000
81521  -34.078  -13.015  44.624 0.0000000000
82707  -34.286  -12.482  44.710 0.0000000000
85114  -34.932  -10.361  44.181 0.0000000000
85099  -35.490  -9.762  44.299 0.0000000000
85102  -37.245  -9.536  44.954 0.0000000000
86233  -38.211  -9.398  45.648 0.0000000000
87397  -40.604  -7.997  45.850 0.0000000000
53733  -12.231  -35.035  61.662 0.0000000000
55011  -9.881  -32.913  66.760 0.0000000000
56441  -9.525  -32.896  67.261 0.0000000000
57649  -8.987  -33.050  67.957 0.0000000000
56418  -8.514  -33.033  68.304 0.0000000000
56392  -7.937  -32.642  69.305 0.0000000000
53650  -6.839  -35.863  66.675 0.0000000000
53642  -7.165  -35.254  66.848 0.0000000000
55008  -7.053  -34.550  67.438 0.0000000000
53632  -6.241  -35.192  67.865 0.0000000000
53633  -6.629  -34.743  67.641 0.0000000000
54992  -6.923  -34.032  67.882 0.0000000000
56398  -7.346  -33.130  69.124 0.0000000000
58774  -6.833  -32.541  68.949 0.0000000000
58789  -6.967  -32.330  68.341 0.0000000000
57661  -6.640  -33.031  67.718 0.0000000000
57669  -6.638  -32.863  66.974 0.0000000000
57668  -5.601  -33.738  67.657 0.0000000000
56457  -6.013  -33.327  66.897 0.0000000000
56472  -6.016  -33.098  66.392 0.0000000000
57675  -5.777  -33.150  65.858 0.0000000000
50910  -3.969  -37.219  67.275 0.0000000000
49598  -3.836  -37.841  66.756 0.0000000000
52274  -4.175  -36.561  66.804 0.0000000000
53648  -4.199  -36.041  66.249 0.0000000000
55054  -4.211  -35.521  65.972 0.0000000000
52266  -6.343  -36.424  67.714 0.0000000000
52275  -4.433  -36.000  66.731 0.0000000000
53635  -6.079  -35.301  68.321 0.0000000000
53638  -6.738  -34.818  67.470 0.0000000000
53639  -4.622  -35.806  67.477 0.0000000000
53640  -4.547  -35.603  67.007 0.0000000000
53644  -9.394  -33.946  66.148 0.0000000000
54982  -8.064  -33.043  69.222 0.0000000000
54983  -8.387  -32.859  68.996 0.0000000000
54987  -8.229  -33.145  68.821 0.0000000000
55004  -4.882  -35.378  67.614 0.0000000000
55005  -5.913  -35.306  68.344 0.0000000000
55006  -5.941  -35.093  68.472 0.0000000000
55029  -6.902  -35.075  67.182 0.0000000000
55058  -9.192  -34.182  66.248 0.0000000000
55079  -4.389  -35.439  65.435 0.0000000000
56394  -9.359  -31.941  68.656 0.0000000000
56396  -5.978  -33.639  69.139 0.0000000000
56399  -8.680  -32.718  68.598 0.0000000000
56400  -9.284  -32.249  68.504 0.0000000000
56415  -5.377  -34.625  67.796 0.0000000000
56417  -5.769  -34.148  68.821 0.0000000000
56419  -10.106  -32.426  67.321 0.0000000000
56436  -5.353  -34.301  67.780 0.0000000000
56438  -6.427  -33.203  67.254 0.0000000000
56454  -4.799  -34.822  67.267 0.0000000000
56456  -5.501  -33.733  67.212 0.0000000000
56608  -27.207  -30.931  58.378 0.0000000000
56691  -25.270  -31.781  55.516 0.0000000000
57614  -8.197  -32.194  69.232 0.0000000000
57624  -6.162  -33.212  69.190 0.0000000000
57625  -6.733  -32.926  69.155 0.0000000000
57626  -7.509  -32.418  69.203 0.0000000000
57628  -9.249  -32.583  68.229 0.0000000000
57659  -5.591  -33.865  68.248 0.0000000000
57662  -9.180  -33.003  67.771 0.0000000000
57663  -9.506  -32.751  67.623 0.0000000000
57725  -13.479  -32.599  63.024 0.0000000000
57795  -27.193  -31.093  57.317 0.0000000000
57831  -26.190  -31.392  55.910 0.0000000000
57850  -26.514  -30.631  55.304 0.0000000000
58788  -6.399  -32.811  68.813 0.0000000000
58891  -28.232  -29.772  58.774 0.0000000000
58939  -21.809  -31.792  52.193 0.0000000000
60058  -27.550  -29.585  58.307 0.0000000000
60077  -27.550  -29.249  55.973 0.0000000000
60088  -27.568  -29.217  55.495 0.0000000000
61284  -27.592  -29.125  55.229 0.0000000000
61297  -27.593  -28.836  55.135 0.0000000000
62510  -27.595  -28.198  54.966 0.0000000000
62528  -27.572  -28.144  54.782 0.0000000000
63740  -27.479  -27.480  55.376 0.0000000000
63741  -27.518  -27.658  55.732 0.0000000000
63753  -27.577  -27.954  54.914 0.0000000000
63776  -27.265  -27.573  52.019 0.0000000000
64910  -27.805  -26.510  59.687 0.0000000000
64968  -27.413  -26.967  56.040 0.0000000000
64979  -27.401  -27.151  55.495 0.0000000000
66060  -28.479  -26.117  61.683 0.0000000000
66105  -27.929  -26.393  60.157 0.0000000000
66145  -27.370  -26.765  56.819 0.0000000000
66172  -26.845  -26.468  55.014 0.0000000000
66173  -27.137  -26.693  54.765 0.0000000000
66197  -26.636  -26.707  53.126 0.0000000000
67391  -26.220  -23.686  59.151 0.0000000000
67451  -25.528  -24.043  55.872 0.0000000000
68745  -27.445  -23.735  62.071 0.0000000000
68788  -26.457  -23.541  60.051 0.0000000000
68806  -26.318  -23.954  58.568 0.0000000000
70213  -26.350  -22.570  59.838 0.0000000000
72905  -27.130  -20.708  59.998 0.0000000000
72920  -27.247  -20.785  59.647 0.0000000000
72921  -27.431  -20.608  59.816 0.0000000000
73184  -32.743  -18.772  45.015 0.0000000000
73185  -33.209  -18.699  45.280 0.0000000000
75738  -33.621  -17.847  47.252 0.0000000000
75739  -33.732  -18.060  47.337 0.0000000000
75755  -38.204  -18.301  45.345 0.0000000000
75773  -29.549  -17.412  44.208 0.0000000000
75775  -36.661  -17.978  44.273 0.0000000000
75799  -36.570  -18.296  44.137 0.0000000000
75802  -38.604  -17.232  45.222 0.0000000000
76868  -30.223  -16.658  49.759 0.0000000000
76886  -30.036  -16.494  49.672 0.0000000000
76904  -26.088  -17.400  47.444 0.0000000000
76921  -27.566  -17.029  45.758 0.0000000000
76936  -28.599  -17.130  44.738 0.0000000000
76947  -27.625  -17.639  44.697 0.0000000000
76951  -35.107  -16.187  44.409 0.0000000000
76952  -34.911  -16.035  44.503 0.0000000000
76954  -36.996  -17.784  44.442 0.0000000000
76972  -28.342  -17.681  43.613 0.0000000000
76973  -29.172  -17.669  43.341 0.0000000000
76975  -34.926  -16.308  44.479 0.0000000000
76976  -35.154  -16.226  44.516 0.0000000000
76980  -38.372  -17.005  44.702 0.0000000000
78036  -30.609  -16.133  49.150 0.0000000000
78040  -33.293  -16.241  48.731 0.0000000000
78055  -31.135  -16.139  48.453 0.0000000000
78084  -34.780  -16.112  44.457 0.0000000000
78085  -35.159  -15.983  44.502 0.0000000000
78101  -36.213  -16.130  44.722 0.0000000000
78123  -37.731  -16.684  44.776 0.0000000000
79156  -34.716  -15.879  44.500 0.0000000000
79157  -34.963  -15.846  44.515 0.0000000000
79159  -38.752  -15.807  46.203 0.0000000000
79179  -38.518  -16.090  45.666 0.0000000000
79197  -34.266  -15.520  44.420 0.0000000000
81522  -34.539  -12.878  44.700 0.0000000000
81525  -38.967  -14.111  46.295 0.0000000000
82705  -33.562  -12.637  44.169 0.0000000000
82706  -33.756  -12.463  44.370 0.0000000000
82710  -38.671  -13.731  46.431 0.0000000000
83909  -34.120  -11.868  44.515 0.0000000000
83910  -34.463  -12.085  44.881 0.0000000000
85091  -39.582  -8.854  45.629 0.0000000000
85119  -38.074  -9.556  46.014 0.0000000000
86215  -35.415  -9.407  44.113 0.0000000000
86228  -34.615  -9.611  43.477 0.0000000000
86232  -37.923  -9.413  45.210 0.0000000000
86235  -45.268  -7.744  43.066 0.0000000000
86243  -45.003  -7.715  42.977 0.0000000000
86244  -45.439  -7.899  42.796 0.0000000000
86255  -45.714  -8.163  42.263 0.0000000000
87411  -42.883  -6.542  43.706 0.0000000000
87420  -35.300  -8.739  43.280 0.0000000000
87444  -44.637  -7.703  42.550 0.0000000000
87462  -44.920  -7.776  42.022 0.0000000000
87464  -46.565  -8.114  41.703 0.0000000000
87481  -44.342  -7.895  41.529 0.0000000000
87482  -45.081  -7.612  41.773 0.0000000000
87494  -43.125  -6.461  40.879 0.0000000000
87496  -44.025  -7.789  40.799 0.0000000000
87498  -45.391  -7.327  41.390 0.0000000000
87499  -45.624  -6.860  41.998 0.0000000000
87517  -43.457  -7.000  40.688 0.0000000000
87518  -43.640  -7.463  40.702 0.0000000000
88582  -40.683  -8.050  46.256 0.0000000000
88595  -40.542  -8.185  46.154 0.0000000000
88607  -38.093  -7.322  44.196 0.0000000000
88618  -37.422  -6.953  43.050 0.0000000000
88663  -45.662  -6.724  40.898 0.0000000000
88664  -45.674  -6.813  41.694 0.0000000000
88679  -44.148  -7.468  40.495 0.0000000000
88681  -45.310  -7.194  40.789 0.0000000000
88700  -43.075  -6.707  40.502 0.0000000000
88701  -43.308  -6.995  40.231 0.0000000000
88703  -44.154  -7.292  40.332 0.0000000000
89833  -37.826  -6.595  42.952 0.0000000000
89843  -37.577  -6.629  42.572 0.0000000000
89845  -40.174  -6.537  42.657 0.0000000000
89846  -40.421  -6.528  42.617 0.0000000000
89859  -40.248  -6.434  42.450 0.0000000000
89860  -40.575  -6.434  42.337 0.0000000000
89869  -45.058  -6.136  40.187 0.0000000000
89886  -41.904  -6.146  39.500 0.0000000000
89891  -45.414  -5.681  40.897 0.0000000000
89907  -42.056  -5.938  38.980 0.0000000000
89909  -43.892  -6.835  39.958 0.0000000000
90976  -45.177  -5.864  40.276 0.0000000000
92096  -47.010  -3.145  41.401 0.0000000000
92097  -47.244  -3.306  41.687 0.0000000000
92109  -46.985  -3.322  41.558 0.0000000000
92110  -47.113  -3.497  41.646 0.0000000000
92128  -46.480  -4.356  41.527 0.0000000000
93222  -47.459  -3.163  41.883 0.0000000000
93234  -46.790  -3.309  41.399 0.0000000000
93246  -46.491  -3.968  41.385 0.0000000000
93247  -46.697  -4.149  41.594 0.0000000000
95477  -45.916  0.336  37.374 0.0000000000
95488  -45.809  0.303  37.108 0.0000000000
96607  -44.666  -1.038  37.629 0.0000000000
96608  -44.666  -0.939  37.908 0.0000000000
96613  -44.791  -0.817  37.734 0.0000000000
96615  -46.261  0.415  37.180 0.0000000000
97745  -46.742  0.353  37.777 0.0000000000
98882  -49.986  1.792  37.131 0.0000000000
98899  -49.329  1.563  34.420 0.0000000000
