#!ascii label  , from subject 3127 vox2ras=TkReg
988
68948  -30.693  -23.427  50.361 0.0000000000
53879  -22.383  -35.258  53.512 0.0000000000
57894  -30.653  -33.110  50.342 0.0000000000
91022  -42.321  -5.442  36.813 0.0000000000
96646  -47.002  -0.813  31.616 0.0000000000
53779  -14.801  -34.677  57.841 0.0000000000
88658  -38.714  -7.055  40.059 0.0000000000
71720  -32.510  -23.204  49.542 0.0000000000
63828  -31.339  -27.959  48.752 0.0000000000
53840  -18.405  -35.050  55.228 0.0000000000
52383  -19.246  -37.320  59.456 0.0000000000
67572  -25.115  -25.412  49.003 0.0000000000
70448  -25.390  -22.710  46.804 0.0000000000
55337  -27.359  -34.935  52.354 0.0000000000
63796  -27.521  -27.847  49.593 0.0000000000
80390  -35.897  -14.391  39.465 0.0000000000
85138  -38.655  -11.637  39.817 0.0000000000
85207  -42.987  -10.556  36.455 0.0000000000
50963  -11.206  -37.587  63.010 0.0000000000
52278  -7.845  -36.238  65.938 0.0000000000
71808  -28.560  -21.572  44.860 0.0000000000
71865  -32.261  -22.388  42.250 0.0000000000
74578  -35.153  -19.424  40.230 0.0000000000
52340  -14.966  -37.460  61.358 0.0000000000
52486  -22.904  -37.081  55.439 0.0000000000
52488  -25.312  -36.795  55.496 0.0000000000
65027  -31.461  -26.012  50.201 0.0000000000
56717  -20.852  -33.079  52.782 0.0000000000
53863  -20.736  -35.183  54.583 0.0000000000
53822  -21.127  -36.413  56.158 0.0000000000
67530  -24.398  -25.138  51.574 0.0000000000
65024  -26.027  -26.802  49.620 0.0000000000
83957  -34.022  -11.529  41.141 0.0000000000
82774  -37.142  -12.309  39.926 0.0000000000
86268  -35.794  -9.461  40.363 0.0000000000
88721  -39.579  -8.259  37.087 0.0000000000
88724  -42.151  -7.475  36.312 0.0000000000
87562  -45.058  -8.239  35.654 0.0000000000
91032  -44.012  -5.423  35.356 0.0000000000
92161  -45.080  -4.791  34.673 0.0000000000
74389  -24.175  -18.936  48.076 0.0000000000
73139  -25.664  -20.760  46.036 0.0000000000
75732  -25.996  -18.625  46.045 0.0000000000
73223  -29.839  -19.999  42.010 0.0000000000
73245  -31.523  -20.026  41.164 0.0000000000
73247  -34.319  -21.159  40.976 0.0000000000
75866  -32.984  -18.297  40.715 0.0000000000
78154  -32.898  -16.584  40.622 0.0000000000
56732  -28.438  -34.235  50.595 0.0000000000
52338  -12.788  -36.135  61.011 0.0000000000
52379  -15.051  -36.513  58.885 0.0000000000
49585  -7.553  -38.336  67.432 0.0000000000
153306  -5.383  -38.703  68.709 0.0000000000
88629  -36.544  -7.427  42.142 0.0000000000
70410  -33.763  -23.279  48.974 0.0000000000
60129  -31.519  -30.369  49.233 0.0000000000
53796  -16.392  -35.033  56.572 0.0000000000
52407  -16.129  -36.585  58.017 0.0000000000
53799  -18.947  -36.279  56.946 0.0000000000
96675  -49.518  -0.867  29.764 0.0000000000
67575  -29.196  -24.275  48.515 0.0000000000
70406  -27.958  -22.897  48.132 0.0000000000
70404  -25.007  -23.742  47.872 0.0000000000
56719  -22.372  -33.521  52.071 0.0000000000
55319  -24.884  -35.103  53.012 0.0000000000
56731  -24.767  -34.218  50.936 0.0000000000
56764  -26.526  -33.633  49.489 0.0000000000
57936  -27.649  -32.469  48.340 0.0000000000
60142  -27.397  -30.270  48.293 0.0000000000
59014  -29.624  -31.019  47.443 0.0000000000
62622  -29.874  -28.658  47.832 0.0000000000
66262  -28.326  -26.031  47.412 0.0000000000
75871  -38.910  -18.386  40.247 0.0000000000
86292  -37.870  -9.120  38.717 0.0000000000
85174  -40.332  -10.734  38.113 0.0000000000
92191  -46.338  -4.084  33.521 0.0000000000
49630  -9.364  -37.327  64.446 0.0000000000
49601  -8.693  -38.363  66.206 0.0000000000
71757  -28.775  -21.783  48.266 0.0000000000
73143  -29.726  -22.063  47.109 0.0000000000
70469  -32.775  -23.763  46.336 0.0000000000
74502  -27.793  -19.219  43.310 0.0000000000
71844  -30.206  -22.197  43.457 0.0000000000
69060  -34.626  -23.649  44.932 0.0000000000
70523  -35.877  -22.590  43.481 0.0000000000
73225  -37.081  -20.711  42.542 0.0000000000
74558  -38.552  -19.668  41.353 0.0000000000
78175  -35.624  -16.918  38.923 0.0000000000
81603  -33.643  -14.068  40.540 0.0000000000
55285  -27.366  -35.690  54.653 0.0000000000
52320  -11.528  -35.302  62.303 0.0000000000
51001  -12.722  -37.294  61.504 0.0000000000
52361  -17.283  -37.203  60.313 0.0000000000
48256  -5.879  -39.991  67.238 0.0000000000
53845  -23.405  -36.491  55.039 0.0000000000
53825  -24.179  -36.941  55.614 0.0000000000
53866  -23.972  -36.042  54.224 0.0000000000
67552  -30.452  -24.508  49.492 0.0000000000
55316  -21.524  -34.655  53.369 0.0000000000
55315  -20.842  -34.349  53.601 0.0000000000
53864  -21.680  -35.384  54.390 0.0000000000
53844  -22.102  -36.342  55.393 0.0000000000
85125  -33.879  -10.065  42.823 0.0000000000
85134  -34.797  -10.748  40.768 0.0000000000
86253  -34.997  -9.102  41.885 0.0000000000
91021  -41.724  -5.821  37.304 0.0000000000
88723  -40.774  -7.348  36.772 0.0000000000
89931  -42.348  -6.074  36.285 0.0000000000
89932  -42.872  -6.384  35.856 0.0000000000
91031  -43.247  -5.631  35.781 0.0000000000
92153  -43.748  -4.627  35.711 0.0000000000
75709  -24.849  -18.738  46.814 0.0000000000
74553  -31.168  -19.312  41.836 0.0000000000
74576  -32.678  -19.194  40.796 0.0000000000
75845  -32.082  -18.142  41.363 0.0000000000
77026  -32.395  -17.340  41.532 0.0000000000
56734  -29.899  -33.629  50.703 0.0000000000
55339  -29.588  -34.495  51.879 0.0000000000
56709  -30.831  -33.960  52.135 0.0000000000
52377  -13.647  -35.034  59.336 0.0000000000
52405  -14.530  -35.206  58.200 0.0000000000
94448  -47.374  -1.988  31.015 0.0000000000
49572  -6.349  -38.057  68.381 0.0000000000
70371  -32.996  -22.988  51.009 0.0000000000
71739  -32.905  -22.930  49.086 0.0000000000
61354  -31.808  -29.500  49.638 0.0000000000
61339  -32.227  -29.550  50.611 0.0000000000
55297  -18.576  -33.919  54.648 0.0000000000
56671  -17.660  -33.374  55.360 0.0000000000
56647  -16.355  -33.428  56.074 0.0000000000
55268  -17.586  -34.962  55.552 0.0000000000
53797  -17.178  -35.761  56.520 0.0000000000
53820  -18.954  -35.977  55.938 0.0000000000
52445  -22.764  -37.718  57.516 0.0000000000
52443  -20.789  -36.925  57.681 0.0000000000
67589  -27.469  -24.576  47.719 0.0000000000
68990  -27.520  -23.690  47.614 0.0000000000
68988  -24.409  -24.142  49.100 0.0000000000
57877  -22.701  -32.314  51.642 0.0000000000
55349  -23.794  -34.350  51.515 0.0000000000
57889  -23.208  -33.013  50.787 0.0000000000
57904  -24.888  -32.661  49.807 0.0000000000
58981  -26.109  -32.574  48.952 0.0000000000
56765  -27.464  -33.568  49.429 0.0000000000
58998  -27.059  -32.219  48.356 0.0000000000
63776  -27.265  -27.573  52.019 0.0000000000
62588  -27.735  -28.475  50.053 0.0000000000
60154  -28.429  -30.504  47.596 0.0000000000
61374  -28.224  -29.571  47.660 0.0000000000
61375  -29.434  -29.361  47.686 0.0000000000
63809  -27.410  -27.887  48.296 0.0000000000
66236  -25.743  -26.384  49.041 0.0000000000
65075  -27.086  -26.397  47.694 0.0000000000
66249  -26.705  -25.707  47.694 0.0000000000
66250  -28.102  -25.029  47.543 0.0000000000
78158  -37.101  -16.347  39.507 0.0000000000
78160  -38.999  -16.310  39.450 0.0000000000
79239  -37.610  -15.335  39.489 0.0000000000
83960  -37.506  -11.902  40.085 0.0000000000
82775  -38.573  -12.497  40.428 0.0000000000
88645  -37.805  -7.131  40.952 0.0000000000
87476  -36.876  -7.953  39.914 0.0000000000
88657  -37.971  -7.635  39.632 0.0000000000
86325  -41.259  -9.750  36.804 0.0000000000
86311  -40.099  -9.792  37.527 0.0000000000
84022  -41.333  -11.084  36.945 0.0000000000
83992  -41.503  -11.703  38.439 0.0000000000
92176  -45.557  -4.545  33.954 0.0000000000
93300  -44.861  -2.965  33.638 0.0000000000
94433  -45.398  -2.385  33.108 0.0000000000
50980  -10.575  -36.487  62.958 0.0000000000
52293  -10.099  -35.811  64.108 0.0000000000
50962  -10.324  -36.972  63.274 0.0000000000
49616  -10.031  -38.578  65.234 0.0000000000
49586  -9.076  -38.918  67.580 0.0000000000
70426  -27.321  -23.236  47.417 0.0000000000
71734  -28.414  -22.308  48.613 0.0000000000
71775  -27.355  -22.177  46.609 0.0000000000
73159  -27.066  -20.610  45.230 0.0000000000
73142  -29.043  -21.598  46.488 0.0000000000
71792  -29.954  -21.611  46.292 0.0000000000
71794  -31.239  -22.562  46.998 0.0000000000
70485  -30.713  -22.247  45.147 0.0000000000
76973  -29.172  -17.669  43.341 0.0000000000
71884  -30.592  -20.922  41.705 0.0000000000
71863  -29.765  -21.063  42.375 0.0000000000
71846  -32.069  -22.722  43.096 0.0000000000
70504  -32.365  -23.614  44.364 0.0000000000
70521  -33.951  -23.469  43.132 0.0000000000
70507  -35.531  -23.417  44.616 0.0000000000
69085  -34.564  -23.000  42.776 0.0000000000
73267  -34.642  -20.324  40.658 0.0000000000
71889  -35.624  -21.363  41.899 0.0000000000
73269  -36.434  -20.394  40.955 0.0000000000
73251  -38.075  -20.254  41.805 0.0000000000
74579  -36.591  -19.756  40.411 0.0000000000
75892  -36.661  -18.419  39.565 0.0000000000
75891  -35.619  -18.220  39.402 0.0000000000
79194  -32.529  -15.651  41.927 0.0000000000
79235  -33.411  -15.269  40.513 0.0000000000
80371  -32.890  -14.413  41.876 0.0000000000
55320  -25.869  -35.214  53.147 0.0000000000
53883  -26.331  -35.370  53.900 0.0000000000
55321  -27.047  -35.436  53.398 0.0000000000
52339  -13.797  -37.151  60.817 0.0000000000
51002  -13.719  -37.600  61.760 0.0000000000
52409  -18.233  -37.044  58.332 0.0000000000
52381  -17.112  -37.123  59.345 0.0000000000
52382  -18.155  -37.408  59.216 0.0000000000
52446  -24.048  -37.938  56.817 0.0000000000
52471  -25.770  -37.234  56.013 0.0000000000
52472  -26.854  -36.885  56.046 0.0000000000
65045  -31.412  -26.953  49.394 0.0000000000
63797  -32.119  -27.610  50.480 0.0000000000
57842  -19.852  -32.420  54.134 0.0000000000
55313  -19.559  -34.125  54.024 0.0000000000
55284  -19.236  -35.004  54.755 0.0000000000
53842  -19.866  -35.455  55.114 0.0000000000
53843  -20.998  -35.650  55.459 0.0000000000
53823  -21.639  -36.860  56.066 0.0000000000
67548  -24.226  -25.104  50.394 0.0000000000
68963  -23.819  -24.355  50.140 0.0000000000
65018  -26.816  -27.498  51.562 0.0000000000
63795  -27.081  -27.420  49.325 0.0000000000
67549  -24.972  -25.776  50.789 0.0000000000
81605  -35.200  -13.619  39.703 0.0000000000
81607  -36.895  -13.431  39.574 0.0000000000
82773  -35.917  -12.156  39.914 0.0000000000
85135  -35.700  -10.995  40.177 0.0000000000
85150  -37.054  -10.664  39.555 0.0000000000
88697  -39.165  -7.561  38.214 0.0000000000
88712  -39.942  -7.376  37.578 0.0000000000
87546  -41.596  -8.567  36.425 0.0000000000
87547  -42.830  -8.566  35.851 0.0000000000
86328  -44.412  -9.811  36.086 0.0000000000
87561  -43.885  -8.363  35.615 0.0000000000
88736  -44.412  -7.379  35.472 0.0000000000
89934  -44.849  -6.448  35.020 0.0000000000
91033  -44.909  -5.418  34.876 0.0000000000
92160  -44.258  -4.486  35.061 0.0000000000
50964  -12.039  -38.007  63.129 0.0000000000
49649  -11.208  -38.214  63.637 0.0000000000
49633  -12.249  -38.472  64.788 0.0000000000
73116  -24.482  -20.748  47.123 0.0000000000
73117  -25.435  -21.218  46.715 0.0000000000
74433  -24.768  -20.102  46.741 0.0000000000
74435  -26.018  -19.916  45.508 0.0000000000
74455  -27.114  -20.021  44.971 0.0000000000
75822  -30.049  -18.334  42.570 0.0000000000
74552  -30.807  -19.454  41.913 0.0000000000
73244  -31.028  -20.153  41.569 0.0000000000
71885  -31.669  -21.141  41.372 0.0000000000
71887  -33.932  -21.594  41.593 0.0000000000
73266  -33.328  -20.543  40.570 0.0000000000
74577  -33.801  -19.412  40.324 0.0000000000
75867  -34.090  -18.391  39.968 0.0000000000
77046  -33.046  -17.229  40.512 0.0000000000
55353  -27.501  -34.670  51.471 0.0000000000
55322  -28.275  -35.299  53.160 0.0000000000
55323  -29.414  -34.888  53.009 0.0000000000
52358  -13.892  -36.438  59.791 0.0000000000
52359  -14.914  -37.256  59.907 0.0000000000
50898  -7.262  -37.783  66.862 0.0000000000
52276  -6.525  -36.499  66.916 0.0000000000
50882  -6.552  -37.270  67.896 0.0000000000
153313  -5.871  -37.078  68.418 0.0000000000
50895  -4.862  -37.557  68.295 0.0000000000
69014  -34.699  -24.006  48.487 0.0000000000
58974  -30.830  -31.857  49.258 0.0000000000
57895  -31.189  -32.766  51.012 0.0000000000
56621  -16.143  -32.835  57.234 0.0000000000
53795  -15.509  -34.826  57.217 0.0000000000
52406  -15.210  -35.672  57.848 0.0000000000
52438  -16.271  -35.918  57.165 0.0000000000
52440  -18.145  -36.493  57.595 0.0000000000
52441  -18.963  -36.700  57.659 0.0000000000
53821  -19.974  -36.351  56.331 0.0000000000
52442  -19.849  -36.860  57.511 0.0000000000
52411  -20.080  -36.972  58.601 0.0000000000
96662  -48.044  -0.571  30.636 0.0000000000
67551  -29.758  -24.261  49.180 0.0000000000
68965  -30.292  -23.506  49.524 0.0000000000
68991  -28.810  -23.442  48.470 0.0000000000
70405  -26.668  -23.732  47.587 0.0000000000
70424  -24.668  -22.710  47.528 0.0000000000
68987  -23.542  -23.593  49.882 0.0000000000
70403  -23.690  -22.652  48.960 0.0000000000
71753  -23.869  -21.446  47.919 0.0000000000
73079  -24.195  -19.749  49.290 0.0000000000
53899  -22.729  -35.304  52.969 0.0000000000
53881  -24.493  -35.393  53.600 0.0000000000
55333  -23.258  -34.547  52.194 0.0000000000
55350  -24.564  -34.575  51.416 0.0000000000
55351  -25.486  -34.677  51.289 0.0000000000
57903  -24.311  -33.080  50.058 0.0000000000
56745  -25.038  -33.814  50.366 0.0000000000
55367  -26.772  -34.625  50.889 0.0000000000
56747  -27.346  -34.220  49.925 0.0000000000
56766  -28.362  -33.412  49.432 0.0000000000
56767  -29.164  -33.156  49.356 0.0000000000
60127  -26.657  -30.387  49.155 0.0000000000
59000  -27.396  -31.007  48.056 0.0000000000
57938  -29.289  -32.124  48.038 0.0000000000
57918  -30.060  -32.263  48.740 0.0000000000
59003  -30.902  -30.957  48.062 0.0000000000
61376  -30.539  -29.474  47.933 0.0000000000
62623  -30.868  -28.392  48.277 0.0000000000
63825  -27.435  -27.420  47.895 0.0000000000
65077  -28.494  -26.810  47.485 0.0000000000
65064  -30.482  -26.476  47.813 0.0000000000
66239  -30.300  -25.608  48.361 0.0000000000
66238  -29.615  -24.758  48.504 0.0000000000
56718  -21.409  -33.581  52.735 0.0000000000
80373  -38.080  -13.789  39.768 0.0000000000
87455  -35.499  -8.453  41.335 0.0000000000
86269  -36.674  -9.474  39.799 0.0000000000
86270  -37.390  -10.168  39.135 0.0000000000
87514  -38.631  -8.433  38.240 0.0000000000
86294  -39.186  -9.996  38.321 0.0000000000
85165  -39.434  -10.681  38.827 0.0000000000
85154  -40.523  -11.251  39.358 0.0000000000
93302  -46.820  -3.611  33.011 0.0000000000
94441  -46.270  -2.064  32.227 0.0000000000
95511  -46.251  -1.224  32.449 0.0000000000
52285  -9.048  -35.872  64.854 0.0000000000
50928  -8.814  -36.930  64.998 0.0000000000
49631  -10.190  -37.875  64.149 0.0000000000
49615  -9.065  -38.062  64.877 0.0000000000
50914  -8.452  -37.591  65.519 0.0000000000
49600  -7.757  -38.103  66.613 0.0000000000
70386  -30.199  -22.696  49.563 0.0000000000
71717  -30.059  -22.172  50.147 0.0000000000
71737  -31.125  -22.372  49.384 0.0000000000
71776  -28.279  -21.889  47.277 0.0000000000
73122  -29.648  -22.074  48.015 0.0000000000
71760  -31.352  -22.367  48.632 0.0000000000
71779  -31.581  -22.665  47.935 0.0000000000
70451  -32.826  -23.335  47.491 0.0000000000
69031  -34.490  -24.020  47.301 0.0000000000
75771  -26.952  -18.561  44.560 0.0000000000
74480  -27.616  -19.922  44.201 0.0000000000
74528  -28.690  -19.321  42.613 0.0000000000
71862  -28.737  -20.793  42.798 0.0000000000
71828  -29.261  -21.732  44.285 0.0000000000
70503  -31.562  -23.079  44.585 0.0000000000
70470  -33.540  -24.215  45.970 0.0000000000
71868  -35.307  -21.819  42.509 0.0000000000
71848  -36.485  -21.818  43.299 0.0000000000
74581  -38.367  -18.970  40.661 0.0000000000
77070  -37.318  -17.491  39.486 0.0000000000
78157  -36.028  -16.189  39.167 0.0000000000
77047  -34.177  -17.310  39.676 0.0000000000
79236  -34.340  -15.392  39.949 0.0000000000
80389  -34.889  -14.445  39.719 0.0000000000
82771  -33.794  -12.494  40.921 0.0000000000
83938  -33.426  -11.943  42.083 0.0000000000
53867  -25.011  -35.799  54.378 0.0000000000
53848  -26.520  -36.161  55.034 0.0000000000
55287  -28.688  -35.630  54.851 0.0000000000
50981  -11.136  -36.708  62.531 0.0000000000
52337  -11.887  -35.789  62.059 0.0000000000
51000  -11.881  -36.690  61.766 0.0000000000
50982  -11.858  -37.489  62.227 0.0000000000
50983  -12.838  -37.826  62.427 0.0000000000
52380  -16.074  -37.126  59.054 0.0000000000
52360  -16.111  -37.300  60.185 0.0000000000
48250  -5.384  -39.905  68.654 0.0000000000
49583  -4.908  -38.651  68.232 0.0000000000
49582  -4.347  -37.843  67.467 0.0000000000
53865  -22.824  -35.822  54.333 0.0000000000
67534  -31.208  -24.307  50.093 0.0000000000
86241  -34.461  -9.549  43.134 0.0000000000
86252  -34.439  -9.580  42.289 0.0000000000
86242  -34.867  -9.077  42.811 0.0000000000
89923  -41.747  -6.392  36.656 0.0000000000
91030  -42.652  -5.665  36.097 0.0000000000
91023  -42.954  -5.096  36.323 0.0000000000
75844  -31.864  -18.523  41.523 0.0000000000
56750  -29.923  -33.313  49.797 0.0000000000
56721  -30.341  -33.949  51.534 0.0000000000
56735  -30.650  -33.376  51.080 0.0000000000
55228  -14.184  -34.089  58.883 0.0000000000
53763  -13.879  -34.570  59.058 0.0000000000
95518  -47.146  -1.182  31.363 0.0000000000
95532  -47.607  -1.064  30.740 0.0000000000
70389  -32.986  -23.449  50.078 0.0000000000
71721  -33.190  -23.344  49.606 0.0000000000
62624  -31.526  -28.560  49.102 0.0000000000
62605  -32.069  -28.554  49.982 0.0000000000
55283  -18.692  -34.883  54.902 0.0000000000
56688  -18.335  -33.477  54.804 0.0000000000
55282  -18.021  -34.438  55.092 0.0000000000
55281  -17.120  -34.031  55.449 0.0000000000
53819  -18.029  -35.425  55.725 0.0000000000
53841  -18.881  -35.322  55.272 0.0000000000
67573  -26.763  -24.484  47.856 0.0000000000
67571  -24.334  -24.767  49.681 0.0000000000
58971  -25.900  -31.471  49.507 0.0000000000
58970  -25.697  -32.252  49.287 0.0000000000
58982  -26.439  -32.118  48.682 0.0000000000
58983  -26.514  -31.162  48.930 0.0000000000
65026  -26.996  -27.918  50.640 0.0000000000
63787  -27.234  -28.015  51.331 0.0000000000
62604  -27.484  -28.571  48.309 0.0000000000
67587  -25.821  -25.882  48.216 0.0000000000
67588  -26.542  -25.070  47.860 0.0000000000
79238  -36.547  -15.296  39.526 0.0000000000
85137  -37.712  -11.522  39.775 0.0000000000
83961  -38.512  -11.965  40.390 0.0000000000
85139  -39.481  -11.500  39.911 0.0000000000
86326  -42.350  -9.639  36.328 0.0000000000
85205  -41.450  -10.572  36.800 0.0000000000
85206  -42.022  -10.729  36.544 0.0000000000
84023  -42.102  -11.401  36.852 0.0000000000
94424  -44.519  -2.542  33.840 0.0000000000
49648  -10.730  -37.725  63.491 0.0000000000
71754  -26.213  -22.977  46.578 0.0000000000
71755  -26.941  -22.972  46.668 0.0000000000
71774  -26.059  -22.278  46.535 0.0000000000
73160  -27.578  -21.111  44.967 0.0000000000
73161  -28.511  -21.460  45.609 0.0000000000
71809  -29.493  -21.539  45.430 0.0000000000
71810  -30.503  -21.937  45.737 0.0000000000
71864  -30.858  -21.956  42.136 0.0000000000
70520  -32.708  -23.214  43.276 0.0000000000
70534  -33.284  -22.854  42.593 0.0000000000
69070  -34.519  -23.253  42.987 0.0000000000
70535  -34.130  -22.776  42.561 0.0000000000
73268  -35.771  -20.360  40.784 0.0000000000
74599  -35.940  -19.028  39.703 0.0000000000
55336  -26.276  -35.052  52.302 0.0000000000
51003  -14.290  -37.694  62.057 0.0000000000
51036  -18.070  -37.333  58.736 0.0000000000
53651  -7.493  -35.607  66.414 0.0000000000
71699  -31.575  -23.129  50.748 0.0000000000
52469  -23.528  -37.393  55.966 0.0000000000
53846  -24.500  -36.513  55.165 0.0000000000
52470  -24.658  -37.232  55.925 0.0000000000
52489  -26.130  -36.726  55.446 0.0000000000
65044  -31.169  -26.371  49.048 0.0000000000
65028  -31.496  -26.863  49.991 0.0000000000
57861  -20.736  -32.532  53.060 0.0000000000
57860  -20.311  -32.944  53.657 0.0000000000
55300  -20.450  -34.770  54.057 0.0000000000
55314  -20.113  -34.198  53.725 0.0000000000
55299  -19.786  -34.702  54.360 0.0000000000
53862  -20.226  -35.026  54.520 0.0000000000
52468  -22.208  -37.348  56.261 0.0000000000
68947  -23.957  -24.338  51.158 0.0000000000
66211  -26.095  -26.721  51.832 0.0000000000
68931  -24.346  -25.039  52.970 0.0000000000
82772  -35.034  -12.393  40.800 0.0000000000
81587  -35.489  -12.841  39.832 0.0000000000
85147  -34.612  -9.965  40.890 0.0000000000
85148  -35.247  -10.111  40.378 0.0000000000
85136  -36.683  -11.250  39.793 0.0000000000
85149  -36.093  -10.320  39.837 0.0000000000
88698  -40.013  -6.797  38.523 0.0000000000
88713  -40.617  -6.727  37.865 0.0000000000
88734  -42.849  -7.705  35.827 0.0000000000
89933  -43.796  -6.416  35.536 0.0000000000
88735  -43.393  -7.333  35.697 0.0000000000
73099  -24.112  -20.306  48.197 0.0000000000
73137  -24.699  -20.248  46.933 0.0000000000
74411  -24.546  -19.706  47.110 0.0000000000
75731  -25.291  -19.299  46.179 0.0000000000
74454  -26.389  -19.111  44.913 0.0000000000
71901  -31.933  -20.519  40.935 0.0000000000
71902  -32.383  -20.830  40.772 0.0000000000
77000  -32.510  -16.809  41.826 0.0000000000
55354  -28.435  -34.393  51.179 0.0000000000
55338  -28.444  -34.815  52.173 0.0000000000
55324  -30.614  -34.375  52.784 0.0000000000
52378  -14.303  -35.431  59.010 0.0000000000
52357  -13.232  -35.365  59.851 0.0000000000
50897  -6.666  -37.412  67.467 0.0000000000
49584  -6.797  -37.857  67.806 0.0000000000
153308  -5.701  -38.079  68.453 0.0000000000
153315  -5.790  -37.505  68.385 0.0000000000
153314  -5.525  -37.766  68.391 0.0000000000
50868  -5.175  -37.137  68.594 0.0000000000
153309  -5.199  -38.111  68.341 0.0000000000
68992  -34.514  -23.814  49.639 0.0000000000
68993  -35.518  -23.970  49.504 0.0000000000
58975  -31.528  -31.345  49.730 0.0000000000
58964  -31.749  -31.681  50.905 0.0000000000
55266  -16.466  -34.264  55.805 0.0000000000
55250  -15.775  -34.036  56.576 0.0000000000
55249  -15.306  -33.857  57.518 0.0000000000
52437  -15.842  -35.386  57.200 0.0000000000
53798  -18.094  -36.061  56.689 0.0000000000
52412  -21.034  -37.065  58.606 0.0000000000
68964  -29.514  -23.777  49.026 0.0000000000
67550  -29.161  -24.005  48.652 0.0000000000
68989  -25.857  -24.295  48.067 0.0000000000
68962  -23.597  -23.741  50.705 0.0000000000
70383  -23.600  -22.730  50.687 0.0000000000
71712  -23.880  -21.142  50.313 0.0000000000
71732  -23.519  -20.941  48.923 0.0000000000
71731  -23.664  -20.673  48.681 0.0000000000
55332  -22.329  -34.667  52.675 0.0000000000
55317  -23.479  -35.047  52.713 0.0000000000
56730  -24.021  -33.714  50.831 0.0000000000
55335  -25.210  -35.110  52.178 0.0000000000
56763  -25.631  -33.547  49.675 0.0000000000
55366  -26.030  -34.486  50.811 0.0000000000
56746  -26.369  -34.236  50.172 0.0000000000
55368  -27.406  -34.501  50.648 0.0000000000
57915  -27.584  -32.958  48.939 0.0000000000
57916  -28.408  -32.797  48.905 0.0000000000
62570  -27.430  -28.447  51.408 0.0000000000
61338  -27.285  -29.122  50.679 0.0000000000
60128  -26.756  -29.679  49.574 0.0000000000
60141  -26.953  -30.859  48.398 0.0000000000
59013  -29.044  -31.050  47.511 0.0000000000
57953  -28.938  -31.642  47.632 0.0000000000
59001  -29.564  -31.514  47.681 0.0000000000
57939  -29.979  -31.756  48.095 0.0000000000
58984  -30.570  -31.537  48.429 0.0000000000
59002  -30.268  -31.192  47.669 0.0000000000
62621  -28.664  -28.601  47.579 0.0000000000
61377  -31.289  -29.422  48.714 0.0000000000
62638  -29.484  -28.132  47.403 0.0000000000
65043  -26.981  -26.973  48.967 0.0000000000
63808  -27.289  -27.398  48.694 0.0000000000
66261  -27.379  -25.997  47.492 0.0000000000
65076  -27.540  -26.713  47.635 0.0000000000
65079  -30.118  -27.014  47.511 0.0000000000
65063  -29.712  -26.177  47.603 0.0000000000
66252  -29.993  -25.914  47.815 0.0000000000
66237  -28.999  -24.413  47.940 0.0000000000
66221  -30.158  -24.616  49.135 0.0000000000
57876  -21.589  -32.453  52.227 0.0000000000
78177  -39.418  -15.814  39.511 0.0000000000
78161  -39.856  -16.628  39.752 0.0000000000
81588  -36.541  -12.852  39.638 0.0000000000
80372  -37.663  -13.712  39.683 0.0000000000
81589  -37.646  -13.216  39.805 0.0000000000
88617  -36.661  -7.504  42.714 0.0000000000
87437  -35.972  -7.725  42.119 0.0000000000
87438  -36.533  -7.506  41.704 0.0000000000
86281  -37.438  -9.160  39.274 0.0000000000
88711  -39.419  -7.982  37.397 0.0000000000
88696  -38.711  -7.811  38.392 0.0000000000
87515  -39.099  -8.173  37.749 0.0000000000
86295  -39.862  -9.990  38.187 0.0000000000
86310  -39.376  -9.534  37.803 0.0000000000
85173  -39.826  -10.421  38.524 0.0000000000
86283  -38.616  -10.297  38.696 0.0000000000
85153  -39.965  -11.075  39.561 0.0000000000
85167  -40.705  -11.384  38.737 0.0000000000
83993  -42.432  -12.039  38.828 0.0000000000
86340  -44.745  -9.124  35.596 0.0000000000
91041  -45.675  -5.380  34.503 0.0000000000
92190  -45.663  -3.942  33.608 0.0000000000
95502  -45.144  -1.973  33.402 0.0000000000
94440  -45.780  -2.284  32.636 0.0000000000
95510  -45.948  -1.783  32.626 0.0000000000
50943  -9.678  -36.836  64.013 0.0000000000
52292  -9.569  -36.152  64.423 0.0000000000
50942  -9.281  -36.642  64.522 0.0000000000
49632  -11.161  -38.456  64.541 0.0000000000
49602  -10.124  -38.843  66.472 0.0000000000
49573  -8.134  -38.542  68.686 0.0000000000
70385  -29.733  -23.219  49.015 0.0000000000
70407  -29.240  -22.579  48.899 0.0000000000
71735  -29.395  -22.028  49.412 0.0000000000
71736  -30.216  -21.937  49.643 0.0000000000
71758  -29.555  -21.800  48.882 0.0000000000
73118  -26.482  -21.535  46.229 0.0000000000
73119  -27.663  -21.527  46.476 0.0000000000
73121  -29.085  -21.573  47.573 0.0000000000
71778  -30.607  -22.387  47.754 0.0000000000
71761  -32.188  -22.620  48.591 0.0000000000
70468  -31.803  -23.206  46.689 0.0000000000
70450  -32.148  -23.168  47.451 0.0000000000
70452  -33.650  -23.791  46.922 0.0000000000
76971  -27.772  -17.763  44.052 0.0000000000
75750  -27.192  -17.872  44.826 0.0000000000
74501  -27.470  -18.670  43.846 0.0000000000
74479  -27.130  -19.047  44.314 0.0000000000
75821  -29.563  -18.597  42.504 0.0000000000
74529  -29.419  -19.288  42.261 0.0000000000
71845  -31.383  -22.561  43.045 0.0000000000
71843  -29.029  -21.463  43.346 0.0000000000
70502  -30.784  -22.624  44.535 0.0000000000
70518  -31.020  -23.049  43.775 0.0000000000
69058  -33.566  -23.824  44.842 0.0000000000
70488  -33.084  -23.947  45.208 0.0000000000
69049  -34.112  -23.841  45.463 0.0000000000
69040  -34.317  -24.014  46.308 0.0000000000
69050  -35.039  -23.724  45.620 0.0000000000
71867  -34.406  -21.977  42.306 0.0000000000
71888  -34.817  -21.500  41.747 0.0000000000
73224  -36.570  -20.923  42.495 0.0000000000
71869  -36.146  -21.392  42.553 0.0000000000
71870  -36.790  -21.136  42.974 0.0000000000
74535  -38.707  -20.292  42.071 0.0000000000
75846  -38.986  -18.919  41.077 0.0000000000
77068  -36.083  -17.617  39.175 0.0000000000
75893  -37.313  -17.887  39.580 0.0000000000
77069  -36.857  -17.598  39.406 0.0000000000
78176  -36.540  -16.976  39.068 0.0000000000
78155  -33.496  -16.257  40.247 0.0000000000
80387  -33.259  -14.488  40.868 0.0000000000
80388  -33.943  -14.573  40.285 0.0000000000
81604  -34.233  -13.847  40.232 0.0000000000
81585  -33.393  -13.505  41.024 0.0000000000
82751  -33.234  -12.615  42.878 0.0000000000
53882  -25.455  -35.296  53.776 0.0000000000
53869  -26.851  -35.719  54.451 0.0000000000
53868  -25.977  -35.749  54.369 0.0000000000
53849  -27.348  -35.950  55.044 0.0000000000
53826  -27.041  -36.423  55.427 0.0000000000
53827  -27.639  -36.480  55.703 0.0000000000
55303  -28.053  -35.478  54.129 0.0000000000
57883  -31.533  -32.547  51.886 0.0000000000
52318  -10.737  -36.079  62.864 0.0000000000
50999  -11.556  -36.211  62.206 0.0000000000
53734  -12.722  -34.893  60.857 0.0000000000
53733  -12.231  -35.035  61.662 0.0000000000
96663  -49.204  -0.349  30.269 0.0000000000
46846  -5.699  -40.456  67.554 0.0000000000
46845  -5.269  -40.190  68.050 0.0000000000
48255  -5.272  -39.581  67.472 0.0000000000
49599  -4.643  -38.470  67.026 0.0000000000
53824  -23.899  -36.843  55.419 0.0000000000
66222  -30.769  -25.162  49.446 0.0000000000
56708  -21.158  -33.994  53.290 0.0000000000
56707  -20.686  -33.476  53.371 0.0000000000
55301  -21.024  -34.974  53.901 0.0000000000
85133  -34.208  -10.340  41.636 0.0000000000
86266  -34.590  -9.629  41.462 0.0000000000
86267  -35.149  -9.356  40.966 0.0000000000
89922  -41.262  -6.415  37.457 0.0000000000
89924  -42.385  -6.672  36.267 0.0000000000
88725  -42.773  -7.115  36.077 0.0000000000
91024  -43.588  -5.036  36.074 0.0000000000
75686  -24.614  -18.743  47.500 0.0000000000
75687  -24.946  -18.294  47.695 0.0000000000
75710  -25.770  -18.097  47.181 0.0000000000
76919  -26.198  -17.584  46.650 0.0000000000
74554  -31.694  -19.027  41.462 0.0000000000
73265  -32.187  -19.927  40.710 0.0000000000
74575  -32.166  -19.242  41.000 0.0000000000
74555  -32.087  -18.831  41.206 0.0000000000
56733  -28.978  -33.992  50.757 0.0000000000
55355  -29.128  -34.162  51.314 0.0000000000
56720  -29.578  -34.016  51.273 0.0000000000
55340  -30.380  -34.263  52.084 0.0000000000
93320  -47.277  -2.915  31.456 0.0000000000
94449  -47.826  -2.677  30.933 0.0000000000
49563  -6.359  -39.143  69.328 0.0000000000
48227  -5.535  -38.868  68.822 0.0000000000
71740  -33.501  -23.268  49.448 0.0000000000
60123  -32.126  -30.565  50.165 0.0000000000
61327  -32.409  -29.526  51.634 0.0000000000
57840  -18.623  -33.044  54.617 0.0000000000
57823  -18.315  -32.732  55.022 0.0000000000
56649  -17.873  -32.783  55.608 0.0000000000
56648  -17.254  -32.715  56.123 0.0000000000
56670  -16.905  -33.505  55.667 0.0000000000
55280  -16.713  -33.899  55.577 0.0000000000
53817  -16.805  -34.776  55.998 0.0000000000
53818  -17.196  -35.129  55.995 0.0000000000
52467  -21.346  -36.923  56.774 0.0000000000
52444  -21.686  -37.246  57.583 0.0000000000
67574  -28.388  -24.099  47.798 0.0000000000
56729  -23.122  -33.598  51.395 0.0000000000
58960  -25.212  -31.758  49.854 0.0000000000
57913  -25.805  -32.978  49.181 0.0000000000
57914  -26.643  -32.984  48.869 0.0000000000
57935  -27.036  -32.580  48.558 0.0000000000
61353  -27.210  -29.159  48.978 0.0000000000
61397  -28.772  -30.161  47.457 0.0000000000
60156  -29.859  -30.527  47.439 0.0000000000
61398  -29.260  -30.002  47.406 0.0000000000
65061  -26.844  -26.639  48.177 0.0000000000
66248  -26.287  -26.304  48.264 0.0000000000
66251  -29.379  -25.551  47.605 0.0000000000
77049  -37.982  -17.348  39.551 0.0000000000
77050  -39.317  -17.340  39.966 0.0000000000
78159  -38.008  -16.186  39.205 0.0000000000
79240  -38.526  -15.473  39.356 0.0000000000
80392  -38.411  -14.557  39.511 0.0000000000
89857  -37.695  -6.579  41.922 0.0000000000
87457  -36.978  -7.647  41.193 0.0000000000
87491  -37.922  -8.381  39.038 0.0000000000
87545  -40.256  -8.684  36.683 0.0000000000
87534  -39.944  -9.255  36.963 0.0000000000
86324  -40.425  -9.519  36.966 0.0000000000
85187  -40.647  -10.506  37.444 0.0000000000
84007  -40.817  -11.147  37.485 0.0000000000
85175  -40.823  -11.520  38.023 0.0000000000
84008  -41.464  -11.533  37.570 0.0000000000
84009  -42.346  -11.668  37.839 0.0000000000
92175  -44.743  -4.271  34.511 0.0000000000
93290  -44.524  -3.510  34.032 0.0000000000
93291  -45.284  -3.843  33.689 0.0000000000
93301  -45.516  -3.299  33.244 0.0000000000
94432  -45.001  -2.456  33.489 0.0000000000
52305  -10.449  -36.045  63.418 0.0000000000
71733  -28.017  -22.604  48.202 0.0000000000
71756  -27.937  -22.534  47.636 0.0000000000
73140  -26.797  -21.037  45.566 0.0000000000
73141  -28.019  -21.258  46.141 0.0000000000
71793  -30.520  -22.127  46.655 0.0000000000
71811  -30.991  -22.319  46.276 0.0000000000
70486  -31.264  -22.619  45.599 0.0000000000
76972  -28.342  -17.681  43.613 0.0000000000
71883  -30.156  -20.525  41.930 0.0000000000
70519  -31.853  -23.060  43.673 0.0000000000
70505  -33.432  -23.781  44.217 0.0000000000
70506  -34.427  -23.641  44.165 0.0000000000
70522  -34.891  -23.175  43.475 0.0000000000
73248  -35.289  -20.971  41.240 0.0000000000
73249  -36.348  -20.735  41.742 0.0000000000
73250  -37.334  -20.387  41.885 0.0000000000
74556  -36.883  -20.326  41.185 0.0000000000
74557  -37.552  -20.037  41.145 0.0000000000
74580  -37.675  -19.382  40.548 0.0000000000
75869  -37.103  -19.121  39.948 0.0000000000
78136  -32.609  -16.147  41.014 0.0000000000
78137  -32.982  -15.718  40.717 0.0000000000
79218  -32.794  -15.316  41.368 0.0000000000
53884  -26.868  -35.543  54.016 0.0000000000
55302  -27.349  -35.594  54.278 0.0000000000
52408  -17.283  -36.991  58.317 0.0000000000
71700  -31.992  -23.241  50.516 0.0000000000
71719  -31.777  -23.007  49.781 0.0000000000
51076  -23.622  -38.191  57.845 0.0000000000
52447  -25.230  -37.784  56.689 0.0000000000
63811  -31.613  -27.591  49.370 0.0000000000
56690  -19.406  -32.976  54.225 0.0000000000
56706  -19.743  -33.425  53.872 0.0000000000
56689  -19.009  -33.440  54.405 0.0000000000
56705  -19.349  -33.824  54.186 0.0000000000
55298  -19.036  -34.296  54.530 0.0000000000
65017  -26.350  -27.274  51.128 0.0000000000
66220  -26.065  -27.101  50.880 0.0000000000
66219  -25.639  -26.570  50.335 0.0000000000
66210  -25.506  -26.223  51.261 0.0000000000
81613  -35.502  -13.812  39.570 0.0000000000
81606  -36.079  -13.575  39.524 0.0000000000
83958  -35.346  -11.631  40.568 0.0000000000
83959  -36.354  -11.703  39.964 0.0000000000
88674  -39.273  -6.718  39.201 0.0000000000
88722  -39.787  -7.935  36.846 0.0000000000
86327  -43.404  -9.660  35.948 0.0000000000
87548  -43.516  -8.967  35.727 0.0000000000
93280  -44.376  -3.901  34.740 0.0000000000
49650  -12.020  -38.496  63.907 0.0000000000
71773  -24.832  -21.876  46.969 0.0000000000
73138  -25.033  -20.477  46.709 0.0000000000
74412  -24.811  -19.395  46.528 0.0000000000
74434  -25.015  -19.969  46.282 0.0000000000
74436  -26.755  -20.398  45.305 0.0000000000
74456  -27.504  -20.410  44.606 0.0000000000
74530  -30.409  -18.888  42.244 0.0000000000
74531  -30.985  -19.063  42.650 0.0000000000
73243  -30.489  -20.011  41.871 0.0000000000
71866  -33.489  -22.181  42.077 0.0000000000
71886  -32.947  -21.564  41.215 0.0000000000
73246  -33.645  -21.314  40.966 0.0000000000
75868  -35.128  -18.597  39.840 0.0000000000
77025  -32.492  -16.747  41.268 0.0000000000
79217  -32.529  -15.827  41.583 0.0000000000
79195  -32.785  -15.312  42.700 0.0000000000
50913  -7.692  -37.411  66.133 0.0000000000
52277  -7.158  -36.477  66.428 0.0000000000
50912  -6.802  -37.195  66.756 0.0000000000
50896  -6.497  -37.050  67.629 0.0000000000
52267  -6.511  -36.927  67.772 0.0000000000
50881  -6.338  -36.995  68.045 0.0000000000
50869  -6.048  -36.943  68.172 0.0000000000
52263  -5.671  -36.430  68.180 0.0000000000
52261  -4.846  -36.701  68.448 0.0000000000
87422  -36.954  -7.696  43.472 0.0000000000
89844  -38.137  -6.522  42.499 0.0000000000
88646  -38.911  -6.517  41.176 0.0000000000
69015  -35.951  -24.018  48.483 0.0000000000
57906  -31.213  -32.329  50.092 0.0000000000
62589  -32.476  -28.599  50.976 0.0000000000
56620  -15.496  -33.284  57.982 0.0000000000
52439  -17.168  -36.512  57.263 0.0000000000
52410  -19.124  -36.993  58.493 0.0000000000
53800  -19.424  -36.534  57.110 0.0000000000
52466  -20.640  -36.687  56.896 0.0000000000
96661  -47.669  -0.655  30.834 0.0000000000
67533  -30.559  -23.992  49.675 0.0000000000
70425  -25.969  -23.423  46.926 0.0000000000
73058  -24.589  -19.889  50.625 0.0000000000
53880  -23.388  -35.411  53.361 0.0000000000
55318  -23.967  -34.918  52.904 0.0000000000
55334  -24.244  -34.875  52.175 0.0000000000
57890  -23.927  -32.599  50.696 0.0000000000
56744  -24.211  -33.318  50.401 0.0000000000
55352  -26.575  -34.784  51.514 0.0000000000
55369  -27.993  -34.357  50.438 0.0000000000
56748  -28.301  -34.123  49.967 0.0000000000
56749  -29.178  -33.780  49.912 0.0000000000
58999  -27.252  -31.670  48.129 0.0000000000
57951  -27.903  -32.138  47.837 0.0000000000
59012  -28.080  -31.313  47.730 0.0000000000
57961  -28.028  -32.026  47.723 0.0000000000
57937  -28.489  -32.431  48.205 0.0000000000
57917  -29.212  -32.617  48.763 0.0000000000
56768  -29.774  -32.820  49.260 0.0000000000
57905  -30.447  -32.656  49.575 0.0000000000
58985  -31.227  -31.104  48.765 0.0000000000
60143  -30.554  -30.404  47.710 0.0000000000
60144  -31.171  -30.303  48.289 0.0000000000
63826  -27.744  -28.010  47.551 0.0000000000
63837  -27.921  -27.359  47.485 0.0000000000
63838  -28.748  -27.648  47.338 0.0000000000
63839  -29.778  -27.512  47.456 0.0000000000
62640  -30.686  -27.777  48.018 0.0000000000
63827  -31.010  -27.368  48.504 0.0000000000
63810  -31.341  -27.051  49.068 0.0000000000
57875  -20.969  -32.889  52.503 0.0000000000
80391  -37.210  -14.150  39.598 0.0000000000
81590  -38.647  -13.329  40.241 0.0000000000
87436  -35.400  -8.498  42.490 0.0000000000
87474  -35.575  -8.927  40.744 0.0000000000
87456  -36.160  -7.771  41.010 0.0000000000
87475  -36.066  -8.625  40.511 0.0000000000
85151  -37.971  -10.947  39.435 0.0000000000
88673  -38.528  -7.541  38.901 0.0000000000
87492  -38.306  -8.061  38.821 0.0000000000
87513  -38.176  -8.834  38.579 0.0000000000
87532  -38.971  -9.054  37.729 0.0000000000
86309  -38.820  -9.348  38.005 0.0000000000
86282  -37.842  -9.828  38.702 0.0000000000
86271  -38.137  -10.490  39.048 0.0000000000
85152  -38.888  -11.057  39.242 0.0000000000
83975  -40.562  -11.322  39.771 0.0000000000
93313  -47.457  -3.742  32.164 0.0000000000
93311  -45.664  -2.783  32.743 0.0000000000
93312  -46.238  -2.998  32.202 0.0000000000
93319  -46.735  -2.356  31.691 0.0000000000
94447  -46.704  -1.669  31.722 0.0000000000
96636  -46.755  -0.609  32.029 0.0000000000
96632  -46.159  -0.054  32.879 0.0000000000
52284  -8.445  -36.013  65.413 0.0000000000
50927  -8.252  -36.860  65.596 0.0000000000
70367  -30.471  -23.126  50.340 0.0000000000
70408  -29.650  -22.226  49.566 0.0000000000
71716  -29.836  -22.225  50.006 0.0000000000
71777  -28.742  -21.588  47.676 0.0000000000
73120  -28.573  -21.640  47.103 0.0000000000
73100  -28.842  -21.361  47.855 0.0000000000
73101  -29.193  -21.635  48.212 0.0000000000
73102  -29.629  -21.869  48.532 0.0000000000
71759  -30.316  -22.006  48.764 0.0000000000
71738  -32.057  -22.542  49.199 0.0000000000
71762  -32.713  -22.984  48.521 0.0000000000
71795  -31.759  -22.944  47.454 0.0000000000
71781  -32.703  -23.186  48.120 0.0000000000
70428  -33.194  -23.227  48.323 0.0000000000
70429  -33.987  -23.099  47.811 0.0000000000
76933  -26.325  -17.590  45.709 0.0000000000
76934  -27.148  -17.443  45.293 0.0000000000
75749  -26.635  -18.231  44.960 0.0000000000
74478  -26.738  -18.731  44.663 0.0000000000
73183  -27.656  -20.815  44.041 0.0000000000
75793  -28.656  -18.358  42.858 0.0000000000
73222  -28.978  -20.152  42.194 0.0000000000
73221  -28.382  -20.069  42.870 0.0000000000
73202  -28.029  -20.250  43.510 0.0000000000
71827  -28.287  -21.431  44.095 0.0000000000
71829  -30.187  -21.979  44.757 0.0000000000
70487  -32.105  -23.408  45.472 0.0000000000
69032  -35.453  -24.113  47.526 0.0000000000
70490  -35.718  -23.586  45.464 0.0000000000
70536  -34.939  -22.532  42.891 0.0000000000
70537  -35.460  -22.169  43.007 0.0000000000
71847  -35.848  -21.945  42.975 0.0000000000
75870  -37.729  -18.527  39.991 0.0000000000
77048  -37.188  -17.155  39.397 0.0000000000
75890  -34.765  -18.071  39.413 0.0000000000
77067  -35.151  -17.380  39.170 0.0000000000
78174  -35.205  -16.914  39.151 0.0000000000
78156  -34.882  -16.446  39.353 0.0000000000
79237  -35.417  -15.353  39.489 0.0000000000
80400  -35.436  -14.049  39.555 0.0000000000
81586  -34.562  -13.101  40.482 0.0000000000
82770  -33.491  -12.736  41.851 0.0000000000
83956  -33.530  -12.135  41.378 0.0000000000
83939  -33.639  -11.046  42.388 0.0000000000
53847  -25.570  -36.309  54.951 0.0000000000
52490  -26.675  -36.593  55.444 0.0000000000
55286  -27.802  -35.629  54.746 0.0000000000
53850  -28.185  -36.061  55.297 0.0000000000
53828  -28.391  -36.405  56.141 0.0000000000
56722  -31.097  -33.434  51.678 0.0000000000
56710  -31.343  -33.476  52.564 0.0000000000
50984  -13.776  -37.874  62.637 0.0000000000
52362  -18.307  -37.500  60.350 0.0000000000
52341  -16.426  -37.320  61.309 0.0000000000
95533  -48.303  -1.206  30.327 0.0000000000
48241  -5.797  -39.731  68.964 0.0000000000
48226  -5.257  -39.231  68.758 0.0000000000
46831  -5.288  -40.199  68.340 0.0000000000
48249  -5.101  -39.847  68.351 0.0000000000
50894  -4.423  -37.323  68.059 0.0000000000
48264  -5.621  -39.735  66.798 0.0000000000
48272  -5.407  -39.689  65.991 0.0000000000
48263  -5.004  -39.081  66.422 0.0000000000
46859  -6.000  -40.330  66.714 0.0000000000
48240  -5.167  -39.516  68.675 0.0000000000
50880  -4.610  -37.049  68.603 0.0000000000
50911  -6.447  -37.022  67.291 0.0000000000
51035  -17.707  -37.279  58.758 0.0000000000
51054  -17.769  -37.113  58.442 0.0000000000
51055  -17.963  -37.217  58.533 0.0000000000
52270  -6.432  -36.635  67.535 0.0000000000
52271  -6.498  -37.048  67.646 0.0000000000
52336  -11.589  -35.942  62.260 0.0000000000
52487  -23.479  -36.977  55.400 0.0000000000
53778  -14.257  -34.619  58.473 0.0000000000
53900  -23.027  -35.108  52.686 0.0000000000
55267  -17.171  -34.632  55.609 0.0000000000
56669  -16.505  -33.755  55.695 0.0000000000
57952  -28.441  -31.980  47.724 0.0000000000
57962  -28.172  -31.762  47.694 0.0000000000
59011  -27.800  -31.724  47.781 0.0000000000
59023  -27.933  -31.822  47.721 0.0000000000
59024  -27.997  -31.582  47.711 0.0000000000
60155  -29.176  -30.555  47.440 0.0000000000
61399  -29.981  -29.932  47.529 0.0000000000
62639  -30.247  -27.987  47.702 0.0000000000
63840  -30.459  -27.354  47.763 0.0000000000
65025  -26.544  -27.318  50.101 0.0000000000
65042  -26.420  -26.701  49.041 0.0000000000
65062  -27.213  -27.001  48.260 0.0000000000
65078  -29.482  -26.833  47.497 0.0000000000
66260  -26.758  -26.237  47.733 0.0000000000
66263  -29.089  -26.255  47.461 0.0000000000
67510  -24.534  -25.228  52.436 0.0000000000
69048  -33.680  -23.847  45.142 0.0000000000
69059  -33.986  -23.762  44.793 0.0000000000
69071  -34.823  -23.046  42.974 0.0000000000
69084  -34.287  -23.199  42.789 0.0000000000
70409  -33.150  -23.068  48.767 0.0000000000
70427  -27.799  -22.785  47.976 0.0000000000
70449  -25.873  -22.920  46.619 0.0000000000
70467  -31.333  -22.617  46.387 0.0000000000
70489  -33.593  -23.993  45.447 0.0000000000
71752  -23.703  -20.778  48.441 0.0000000000
71780  -32.290  -22.923  47.965 0.0000000000
71842  -28.296  -20.969  43.441 0.0000000000
71861  -28.362  -20.536  43.146 0.0000000000
71871  -37.453  -21.012  43.085 0.0000000000
73078  -23.791  -20.414  48.744 0.0000000000
73098  -23.812  -20.545  48.531 0.0000000000
74600  -36.589  -19.141  39.806 0.0000000000
75708  -24.502  -19.015  47.365 0.0000000000
75772  -27.325  -18.248  44.360 0.0000000000
75792  -27.741  -18.239  43.526 0.0000000000
75820  -29.099  -18.884  42.558 0.0000000000
77045  -32.681  -16.681  40.819 0.0000000000
79250  -39.181  -15.510  39.452 0.0000000000
80401  -35.727  -13.897  39.510 0.0000000000
81614  -35.686  -13.650  39.563 0.0000000000
84021  -40.928  -10.827  37.215 0.0000000000
84041  -41.624  -10.869  36.699 0.0000000000
84042  -41.770  -11.088  36.686 0.0000000000
85166  -40.131  -10.909  38.880 0.0000000000
85188  -41.050  -10.450  37.076 0.0000000000
85189  -42.242  -11.095  36.630 0.0000000000
86293  -38.406  -9.426  38.407 0.0000000000
86312  -40.715  -9.994  37.200 0.0000000000
86339  -43.987  -9.213  35.720 0.0000000000
87533  -39.465  -8.765  37.351 0.0000000000
87544  -39.724  -8.408  36.912 0.0000000000
87560  -43.193  -8.001  35.578 0.0000000000
88630  -37.002  -6.957  42.002 0.0000000000
88672  -38.174  -7.907  39.105 0.0000000000
89858  -38.294  -6.598  41.734 0.0000000000
94456  -47.808  -1.643  30.450 0.0000000000
95497  -44.288  -2.110  34.079 0.0000000000
95517  -46.709  -1.092  31.792 0.0000000000
96647  -47.477  -0.388  31.313 0.0000000000
153305  -5.278  -38.600  68.516 0.0000000000
153307  -5.281  -37.891  68.372 0.0000000000
153310  -5.433  -38.064  68.406 0.0000000000
153311  -5.525  -37.332  68.447 0.0000000000
153312  -5.531  -38.392  68.522 0.0000000000
