#!ascii label  , from subject 3127 vox2ras=TkReg
458
101874  -21.855  3.211  -12.047 0.0000000000
95013  -19.456  -2.248  -11.952 0.0000000000
96078  -24.737  -1.880  -10.536 0.0000000000
89375  -23.317  -7.936  -11.122 0.0000000000
116436  -19.967  16.240  -15.293 0.0000000000
113147  -22.897  13.349  -12.087 0.0000000000
106485  -17.748  7.784  -13.274 0.0000000000
84660  -20.531  -11.748  -10.252 0.0000000000
92803  -20.363  -4.533  -12.008 0.0000000000
91670  -19.606  -6.335  -10.907 0.0000000000
114266  -21.086  14.914  -13.967 0.0000000000
110940  -18.584  11.394  -13.505 0.0000000000
100701  -17.905  2.608  -12.358 0.0000000000
103047  -16.212  5.069  -11.404 0.0000000000
104237  -20.303  5.156  -13.573 0.0000000000
107536  -21.810  8.153  -11.673 0.0000000000
105354  -23.841  6.349  -10.476 0.0000000000
101853  -25.190  3.374  -9.879 0.0000000000
98361  -16.770  0.550  -10.492 0.0000000000
98403  -19.408  0.699  -12.535 0.0000000000
98386  -23.171  0.693  -10.645 0.0000000000
95015  -22.174  -2.365  -11.738 0.0000000000
92780  -24.146  -4.817  -10.136 0.0000000000
88172  -25.598  -8.440  -13.582 0.0000000000
108673  -16.309  9.658  -11.895 0.0000000000
109829  -20.351  10.132  -13.323 0.0000000000
110914  -24.403  11.629  -10.770 0.0000000000
89357  -18.803  -7.753  -9.705 0.0000000000
86942  -22.075  -10.021  -10.694 0.0000000000
91692  -18.593  -5.369  -10.844 0.0000000000
91651  -18.042  -5.981  -9.753 0.0000000000
112019  -17.713  12.252  -12.637 0.0000000000
110911  -16.843  11.666  -11.714 0.0000000000
100712  -19.462  2.550  -12.732 0.0000000000
101892  -18.325  3.451  -12.669 0.0000000000
101911  -21.059  4.039  -13.218 0.0000000000
104218  -21.952  5.297  -12.222 0.0000000000
103050  -22.674  4.757  -11.917 0.0000000000
103052  -24.062  4.585  -10.479 0.0000000000
101876  -23.563  3.611  -10.742 0.0000000000
97209  -17.468  -0.387  -10.693 0.0000000000
98382  -18.057  0.784  -11.965 0.0000000000
96127  -19.102  -1.020  -12.399 0.0000000000
96129  -20.455  -1.220  -12.168 0.0000000000
93956  -20.243  -2.494  -13.000 0.0000000000
91673  -22.138  -5.851  -10.515 0.0000000000
92778  -22.363  -5.063  -11.009 0.0000000000
90546  -23.662  -6.447  -10.655 0.0000000000
90566  -25.058  -6.677  -11.371 0.0000000000
89389  -24.095  -7.965  -11.546 0.0000000000
115321  -18.748  15.401  -14.001 0.0000000000
115295  -18.176  15.569  -11.626 0.0000000000
117475  -19.526  16.747  -14.197 0.0000000000
119407  -20.747  18.530  -15.734 0.0000000000
118455  -22.866  17.833  -14.666 0.0000000000
114228  -22.165  14.340  -12.786 0.0000000000
104213  -17.146  6.204  -12.411 0.0000000000
106452  -15.752  7.669  -11.431 0.0000000000
107548  -16.743  8.763  -12.354 0.0000000000
108688  -17.819  9.689  -13.611 0.0000000000
107565  -19.062  8.509  -14.140 0.0000000000
108648  -24.100  8.906  -10.340 0.0000000000
108663  -23.647  9.585  -10.834 0.0000000000
109802  -26.119  10.662  -9.672 0.0000000000
97210  -23.818  -1.116  -10.582 0.0000000000
99488  -24.230  0.987  -10.329 0.0000000000
85781  -19.397  -10.629  -9.592 0.0000000000
86931  -19.768  -9.730  -9.595 0.0000000000
88143  -20.477  -8.782  -10.315 0.0000000000
85796  -21.670  -10.925  -10.737 0.0000000000
93917  -18.429  -3.488  -11.310 0.0000000000
93918  -19.274  -3.242  -11.860 0.0000000000
92802  -19.413  -4.400  -11.617 0.0000000000
91694  -20.169  -5.331  -11.507 0.0000000000
90543  -20.931  -6.827  -10.742 0.0000000000
114227  -18.296  14.549  -13.189 0.0000000000
115335  -20.895  15.461  -14.559 0.0000000000
113178  -19.430  13.804  -14.175 0.0000000000
113162  -20.524  13.657  -13.938 0.0000000000
110943  -20.977  12.088  -14.096 0.0000000000
100678  -16.850  2.662  -11.215 0.0000000000
101872  -16.978  3.503  -11.698 0.0000000000
104215  -18.246  4.958  -13.052 0.0000000000
104234  -18.219  6.116  -13.323 0.0000000000
106489  -20.504  7.779  -13.026 0.0000000000
105368  -20.920  6.606  -12.327 0.0000000000
106454  -22.861  7.472  -11.092 0.0000000000
106440  -24.949  7.485  -9.668 0.0000000000
105335  -26.313  6.517  -9.343 0.0000000000
83486  -21.386  -12.565  -9.946 0.0000000000
83507  -21.708  -12.193  -10.669 0.0000000000
99487  -17.441  1.399  -11.482 0.0000000000
99527  -19.060  1.725  -12.504 0.0000000000
99529  -20.788  1.778  -12.776 0.0000000000
100702  -22.023  2.269  -11.686 0.0000000000
98406  -21.345  0.391  -11.976 0.0000000000
97239  -22.278  -0.589  -11.857 0.0000000000
96077  -23.937  -1.992  -11.050 0.0000000000
93920  -21.431  -3.604  -11.942 0.0000000000
93922  -22.963  -2.942  -11.310 0.0000000000
93894  -24.369  -3.754  -10.270 0.0000000000
92806  -25.887  -4.982  -11.204 0.0000000000
90574  -26.014  -6.290  -12.993 0.0000000000
117454  -23.296  17.326  -13.811 0.0000000000
109827  -17.050  10.581  -12.881 0.0000000000
109847  -20.107  10.749  -13.544 0.0000000000
110929  -21.433  11.911  -12.416 0.0000000000
108677  -21.359  9.714  -12.407 0.0000000000
110912  -22.286  11.426  -11.752 0.0000000000
112008  -23.762  12.421  -11.289 0.0000000000
100679  -24.410  2.250  -9.999 0.0000000000
100680  -25.605  2.345  -9.497 0.0000000000
90522  -17.595  -6.772  -9.536 0.0000000000
90524  -18.976  -7.182  -9.943 0.0000000000
89372  -20.744  -7.782  -10.476 0.0000000000
88145  -22.437  -9.025  -10.781 0.0000000000
85797  -22.281  -11.051  -11.398 0.0000000000
86952  -23.129  -10.305  -12.102 0.0000000000
88159  -23.598  -9.159  -11.963 0.0000000000
110891  -15.425  11.954  -10.797 0.0000000000
100714  -20.893  2.829  -12.804 0.0000000000
101895  -20.553  3.585  -13.007 0.0000000000
101896  -21.375  3.664  -12.597 0.0000000000
103072  -21.887  4.471  -12.336 0.0000000000
101897  -22.075  3.944  -12.087 0.0000000000
101875  -22.683  3.573  -11.595 0.0000000000
95012  -18.583  -2.370  -11.550 0.0000000000
96076  -17.325  -1.415  -10.504 0.0000000000
96101  -18.062  -1.376  -11.072 0.0000000000
96102  -18.704  -1.350  -11.938 0.0000000000
96103  -19.455  -1.600  -12.230 0.0000000000
90545  -22.920  -6.845  -10.514 0.0000000000
90565  -24.110  -6.821  -11.529 0.0000000000
115322  -19.208  15.766  -14.348 0.0000000000
116424  -19.137  16.078  -14.063 0.0000000000
117477  -20.688  16.909  -14.709 0.0000000000
117485  -20.990  17.337  -15.172 0.0000000000
118462  -22.073  17.768  -15.188 0.0000000000
117478  -21.384  16.873  -14.914 0.0000000000
114229  -22.769  14.286  -12.579 0.0000000000
115311  -23.329  15.103  -12.383 0.0000000000
115299  -23.714  14.648  -11.811 0.0000000000
114216  -23.867  14.279  -11.434 0.0000000000
105366  -17.368  6.801  -12.831 0.0000000000
105351  -16.162  6.676  -11.620 0.0000000000
106465  -16.547  7.737  -11.934 0.0000000000
106466  -17.044  7.799  -12.715 0.0000000000
107564  -18.295  8.706  -13.506 0.0000000000
106486  -18.526  7.643  -13.647 0.0000000000
108649  -24.818  9.240  -9.921 0.0000000000
109800  -24.407  9.743  -10.518 0.0000000000
97211  -24.780  -0.959  -10.124 0.0000000000
84659  -19.866  -11.625  -9.680 0.0000000000
85782  -20.185  -10.737  -9.821 0.0000000000
86940  -20.475  -9.819  -9.922 0.0000000000
85795  -20.940  -10.829  -10.226 0.0000000000
93916  -17.507  -3.331  -10.986 0.0000000000
93891  -18.101  -3.913  -10.814 0.0000000000
90563  -18.690  -6.013  -11.105 0.0000000000
91693  -19.227  -5.654  -11.221 0.0000000000
91671  -20.151  -6.076  -10.926 0.0000000000
113128  -17.762  14.006  -12.887 0.0000000000
114243  -18.857  14.218  -13.989 0.0000000000
113145  -18.343  13.351  -13.285 0.0000000000
112020  -18.298  12.226  -13.122 0.0000000000
112031  -18.897  12.357  -13.710 0.0000000000
112032  -19.791  12.454  -13.692 0.0000000000
112033  -20.502  12.617  -13.690 0.0000000000
100700  -17.361  2.693  -11.816 0.0000000000
101873  -17.572  3.471  -12.289 0.0000000000
103068  -18.811  4.402  -13.187 0.0000000000
103067  -17.940  4.349  -12.722 0.0000000000
103086  -19.151  5.031  -13.509 0.0000000000
104235  -18.694  5.572  -13.401 0.0000000000
104236  -19.565  5.518  -13.569 0.0000000000
105386  -20.157  6.198  -13.376 0.0000000000
104216  -20.726  5.935  -13.044 0.0000000000
104196  -22.481  5.855  -11.497 0.0000000000
105352  -22.413  6.727  -11.278 0.0000000000
105353  -23.025  6.542  -10.934 0.0000000000
106439  -24.346  7.369  -10.319 0.0000000000
105333  -24.580  6.683  -9.981 0.0000000000
106441  -25.910  7.521  -9.476 0.0000000000
105334  -25.245  6.558  -9.466 0.0000000000
103032  -24.941  4.593  -10.059 0.0000000000
104178  -25.553  5.513  -9.488 0.0000000000
101854  -26.243  3.416  -9.609 0.0000000000
83485  -20.380  -12.660  -9.620 0.0000000000
99485  -16.135  1.438  -10.193 0.0000000000
99486  -16.869  1.628  -10.892 0.0000000000
98362  -17.560  0.656  -11.030 0.0000000000
98383  -18.782  0.372  -12.308 0.0000000000
98402  -18.658  1.054  -12.406 0.0000000000
99528  -19.886  1.694  -12.623 0.0000000000
98404  -20.332  0.732  -12.555 0.0000000000
98405  -20.960  0.807  -12.426 0.0000000000
96152  -21.090  -1.823  -12.120 0.0000000000
96131  -22.028  -1.013  -12.485 0.0000000000
96104  -22.453  -1.496  -11.928 0.0000000000
96105  -23.141  -1.253  -11.392 0.0000000000
95016  -23.120  -2.150  -11.498 0.0000000000
92820  -19.766  -3.864  -12.245 0.0000000000
92821  -20.273  -3.724  -12.359 0.0000000000
93919  -20.818  -3.945  -12.101 0.0000000000
92779  -23.249  -4.945  -10.572 0.0000000000
93892  -22.696  -4.340  -11.100 0.0000000000
93893  -23.277  -3.838  -10.639 0.0000000000
94993  -23.685  -2.871  -10.810 0.0000000000
92781  -25.230  -4.768  -10.491 0.0000000000
89401  -25.357  -7.746  -12.957 0.0000000000
90573  -25.663  -6.661  -12.324 0.0000000000
89408  -26.059  -7.826  -13.548 0.0000000000
89409  -26.992  -8.062  -13.574 0.0000000000
115323  -21.614  15.500  -13.877 0.0000000000
116426  -22.091  16.366  -13.704 0.0000000000
103027  -15.857  4.578  -10.824 0.0000000000
108659  -15.786  9.714  -10.828 0.0000000000
109825  -15.927  10.457  -11.658 0.0000000000
110923  -16.137  10.927  -11.703 0.0000000000
109826  -16.586  10.455  -12.074 0.0000000000
108689  -18.593  9.554  -13.876 0.0000000000
109846  -19.078  10.522  -13.576 0.0000000000
110927  -20.607  10.979  -13.582 0.0000000000
109831  -21.112  10.957  -12.148 0.0000000000
106468  -20.842  7.548  -12.642 0.0000000000
107549  -20.774  8.283  -12.915 0.0000000000
107550  -21.381  8.481  -12.460 0.0000000000
109814  -24.132  10.605  -10.836 0.0000000000
109813  -23.131  10.420  -11.376 0.0000000000
110913  -23.489  11.476  -11.331 0.0000000000
112009  -24.470  12.551  -11.081 0.0000000000
111992  -25.120  12.580  -10.913 0.0000000000
99512  -22.462  1.468  -10.947 0.0000000000
100703  -22.843  2.628  -10.854 0.0000000000
99513  -23.434  1.802  -10.541 0.0000000000
99489  -25.183  1.200  -9.626 0.0000000000
88129  -18.582  -8.601  -9.330 0.0000000000
89356  -18.085  -7.681  -9.462 0.0000000000
90523  -18.468  -6.859  -9.841 0.0000000000
89358  -19.302  -7.700  -10.078 0.0000000000
88144  -21.464  -8.875  -10.454 0.0000000000
89371  -19.883  -7.679  -10.406 0.0000000000
89373  -21.704  -7.841  -10.430 0.0000000000
84682  -21.992  -11.801  -11.187 0.0000000000
88158  -22.936  -9.506  -11.520 0.0000000000
92776  -18.199  -4.568  -10.536 0.0000000000
92775  -17.719  -4.551  -10.060 0.0000000000
91669  -18.282  -5.381  -10.221 0.0000000000
90540  -18.443  -6.194  -10.260 0.0000000000
113144  -18.005  12.796  -12.868 0.0000000000
112006  -17.276  12.396  -11.747 0.0000000000
110925  -17.176  11.445  -12.602 0.0000000000
100711  -18.663  2.559  -12.628 0.0000000000
101893  -19.101  3.359  -12.952 0.0000000000
103069  -19.621  4.007  -13.091 0.0000000000
104256  -20.291  4.681  -13.664 0.0000000000
104238  -20.911  5.129  -13.250 0.0000000000
103071  -21.448  4.680  -12.947 0.0000000000
104197  -23.202  5.553  -11.111 0.0000000000
104198  -23.736  5.315  -10.575 0.0000000000
103051  -23.324  4.556  -11.106 0.0000000000
101877  -24.332  3.895  -10.280 0.0000000000
97208  -16.515  -0.549  -10.335 0.0000000000
97236  -18.146  -0.312  -11.397 0.0000000000
97237  -18.680  -0.311  -12.083 0.0000000000
97260  -19.273  -0.331  -12.410 0.0000000000
97261  -20.020  -0.299  -12.416 0.0000000000
96128  -19.823  -1.343  -12.425 0.0000000000
96150  -20.316  -1.777  -12.699 0.0000000000
95025  -21.328  -2.219  -12.356 0.0000000000
92777  -21.694  -5.271  -10.831 0.0000000000
92804  -21.359  -4.742  -11.579 0.0000000000
91674  -23.049  -5.817  -10.430 0.0000000000
91675  -23.906  -5.734  -10.281 0.0000000000
91676  -24.801  -5.745  -10.530 0.0000000000
90547  -24.342  -6.316  -10.745 0.0000000000
89390  -24.912  -7.745  -11.935 0.0000000000
89400  -24.899  -8.305  -12.782 0.0000000000
114209  -17.538  15.089  -11.541 0.0000000000
116423  -18.775  16.503  -13.593 0.0000000000
118470  -20.411  17.743  -15.436 0.0000000000
119393  -22.949  18.574  -14.986 0.0000000000
114245  -21.716  14.569  -13.287 0.0000000000
115324  -22.562  15.378  -13.211 0.0000000000
115325  -23.267  15.693  -13.018 0.0000000000
106451  -15.278  7.747  -10.553 0.0000000000
107547  -16.253  8.641  -11.682 0.0000000000
108674  -17.162  9.804  -12.404 0.0000000000
107563  -17.656  8.982  -12.889 0.0000000000
108690  -19.803  9.510  -13.523 0.0000000000
107538  -23.434  8.432  -10.954 0.0000000000
108662  -22.857  9.310  -11.409 0.0000000000
109801  -25.023  10.435  -10.267 0.0000000000
110915  -24.796  11.187  -10.392 0.0000000000
97240  -23.135  -0.312  -11.073 0.0000000000
98363  -23.822  -0.136  -10.131 0.0000000000
98364  -24.947  0.068  -9.820 0.0000000000
86930  -19.003  -9.609  -9.387 0.0000000000
88130  -19.277  -8.691  -9.794 0.0000000000
88142  -19.738  -8.388  -10.191 0.0000000000
88131  -19.929  -9.079  -9.988 0.0000000000
86941  -21.288  -9.880  -10.217 0.0000000000
95011  -17.720  -2.432  -10.957 0.0000000000
92801  -18.675  -4.558  -11.034 0.0000000000
91672  -21.072  -5.638  -10.797 0.0000000000
90544  -21.874  -6.793  -10.556 0.0000000000
114203  -16.559  15.126  -10.722 0.0000000000
114215  -18.129  14.495  -11.926 0.0000000000
115333  -19.485  15.355  -14.718 0.0000000000
116437  -20.703  16.163  -14.964 0.0000000000
115334  -20.243  15.359  -15.066 0.0000000000
114264  -19.951  14.626  -14.715 0.0000000000
113180  -20.205  14.194  -14.451 0.0000000000
113160  -19.188  13.252  -13.790 0.0000000000
113161  -19.887  13.339  -13.786 0.0000000000
114244  -20.980  14.280  -13.788 0.0000000000
113163  -21.261  13.575  -13.403 0.0000000000
113146  -22.013  13.648  -12.711 0.0000000000
112021  -21.424  12.679  -12.991 0.0000000000
103048  -16.529  4.435  -11.560 0.0000000000
103049  -17.286  4.379  -12.151 0.0000000000
104195  -17.120  5.021  -11.964 0.0000000000
104214  -17.655  5.568  -12.721 0.0000000000
105383  -17.952  6.736  -13.374 0.0000000000
106487  -19.330  7.479  -13.748 0.0000000000
105385  -19.466  6.453  -13.583 0.0000000000
106467  -20.529  7.373  -13.048 0.0000000000
106469  -21.436  7.439  -11.999 0.0000000000
105369  -21.705  6.395  -11.761 0.0000000000
106453  -22.050  7.431  -11.366 0.0000000000
107522  -24.053  8.069  -10.497 0.0000000000
107523  -24.629  8.253  -10.065 0.0000000000
107524  -25.403  8.433  -9.630 0.0000000000
106442  -27.023  7.547  -9.487 0.0000000000
94995  -25.524  -2.744  -10.400 0.0000000000
83506  -20.982  -12.390  -10.484 0.0000000000
84681  -21.329  -11.726  -10.616 0.0000000000
99509  -17.170  2.035  -11.523 0.0000000000
99510  -17.668  1.875  -11.930 0.0000000000
99526  -18.295  1.760  -12.325 0.0000000000
100713  -20.244  2.642  -12.755 0.0000000000
100715  -21.405  2.518  -12.459 0.0000000000
99530  -21.350  1.454  -12.200 0.0000000000
99511  -21.726  0.968  -11.498 0.0000000000
98385  -22.310  0.326  -11.184 0.0000000000
97262  -20.838  -0.245  -12.124 0.0000000000
97238  -21.890  -0.384  -11.949 0.0000000000
93938  -19.870  -3.016  -12.533 0.0000000000
93957  -20.603  -2.551  -12.873 0.0000000000
95014  -21.674  -2.884  -11.983 0.0000000000
92805  -22.055  -4.263  -11.472 0.0000000000
93921  -22.302  -3.445  -11.424 0.0000000000
94994  -24.595  -2.788  -10.510 0.0000000000
93895  -25.361  -3.682  -10.383 0.0000000000
92782  -25.926  -4.384  -10.767 0.0000000000
91696  -25.591  -5.750  -11.394 0.0000000000
91704  -25.975  -5.910  -12.323 0.0000000000
117469  -21.817  16.947  -14.274 0.0000000000
118440  -23.172  17.473  -14.180 0.0000000000
116411  -23.508  16.746  -13.304 0.0000000000
110909  -15.865  11.157  -11.040 0.0000000000
110924  -16.697  11.062  -12.029 0.0000000000
109828  -17.342  10.822  -13.359 0.0000000000
109844  -17.449  10.318  -13.537 0.0000000000
109845  -17.948  10.471  -13.645 0.0000000000
110941  -19.552  11.517  -13.670 0.0000000000
110942  -20.549  11.678  -13.885 0.0000000000
110928  -20.977  11.670  -13.474 0.0000000000
112022  -22.114  12.595  -12.199 0.0000000000
107566  -19.820  8.333  -13.580 0.0000000000
108691  -20.184  8.861  -13.374 0.0000000000
108661  -21.999  8.990  -11.754 0.0000000000
109812  -21.962  10.153  -11.561 0.0000000000
112007  -22.969  12.392  -11.669 0.0000000000
113129  -23.334  13.037  -11.537 0.0000000000
113130  -23.911  13.396  -11.361 0.0000000000
100704  -23.645  2.724  -10.451 0.0000000000
101852  -24.126  3.208  -10.203 0.0000000000
90541  -19.092  -6.640  -10.541 0.0000000000
90542  -20.055  -6.863  -10.654 0.0000000000
89374  -22.586  -7.859  -10.681 0.0000000000
85810  -22.882  -11.069  -11.888 0.0000000000
86951  -22.491  -10.159  -11.562 0.0000000000
88146  -22.998  -8.700  -11.185 0.0000000000
88160  -24.420  -8.642  -12.483 0.0000000000
89391  -25.370  -7.278  -12.048 0.0000000000
90562  -18.513  -5.986  -10.763 0.0000000000
90564  -23.571  -7.112  -11.148 0.0000000000
90580  -25.894  -7.005  -13.160 0.0000000000
91695  -20.769  -5.125  -11.575 0.0000000000
93939  -20.678  -3.134  -12.616 0.0000000000
93940  -21.253  -2.893  -12.456 0.0000000000
95023  -19.826  -2.109  -12.676 0.0000000000
95024  -20.906  -2.567  -12.747 0.0000000000
95026  -21.837  -1.705  -12.180 0.0000000000
95036  -20.026  -1.972  -13.103 0.0000000000
95037  -20.682  -2.116  -12.966 0.0000000000
95038  -20.988  -1.908  -12.457 0.0000000000
96130  -21.202  -1.429  -12.118 0.0000000000
96151  -20.750  -1.820  -12.352 0.0000000000
97263  -21.660  -0.511  -12.053 0.0000000000
97264  -22.030  -0.680  -12.275 0.0000000000
98384  -21.768  -0.026  -11.671 0.0000000000
101894  -19.842  3.341  -12.901 0.0000000000
101910  -20.670  4.071  -13.306 0.0000000000
103070  -20.069  3.826  -13.032 0.0000000000
103087  -19.602  4.678  -13.562 0.0000000000
103088  -20.247  4.251  -13.427 0.0000000000
103089  -20.798  4.480  -13.375 0.0000000000
103102  -20.308  4.428  -13.604 0.0000000000
103103  -20.534  4.442  -13.501 0.0000000000
104177  -24.552  5.644  -10.053 0.0000000000
104217  -21.245  5.671  -12.555 0.0000000000
104257  -20.552  4.731  -13.512 0.0000000000
105365  -16.972  6.828  -12.098 0.0000000000
105367  -20.580  6.826  -13.011 0.0000000000
105384  -18.687  6.658  -13.553 0.0000000000
106455  -23.570  7.381  -10.642 0.0000000000
106488  -20.210  7.338  -13.497 0.0000000000
107525  -26.457  8.533  -9.616 0.0000000000
107537  -22.580  8.298  -11.462 0.0000000000
107567  -20.357  8.316  -13.241 0.0000000000
108650  -25.775  9.501  -9.666 0.0000000000
108672  -15.788  9.970  -11.522 0.0000000000
108675  -20.316  9.649  -13.325 0.0000000000
108676  -20.679  9.270  -13.159 0.0000000000
108687  -17.831  10.085  -12.996 0.0000000000
109811  -15.732  10.585  -10.952 0.0000000000
109815  -24.541  10.988  -10.450 0.0000000000
109830  -20.647  10.491  -12.932 0.0000000000
110895  -24.866  12.078  -10.871 0.0000000000
110910  -16.208  11.620  -11.252 0.0000000000
110926  -17.865  11.345  -13.080 0.0000000000
112034  -20.946  12.654  -13.632 0.0000000000
113148  -23.399  13.476  -11.723 0.0000000000
113179  -19.894  13.962  -14.376 0.0000000000
114217  -24.399  14.089  -10.938 0.0000000000
114230  -23.511  14.042  -12.030 0.0000000000
114246  -22.367  14.716  -12.886 0.0000000000
114263  -19.440  14.464  -14.440 0.0000000000
114265  -20.515  14.632  -14.432 0.0000000000
115279  -16.581  15.443  -10.348 0.0000000000
115310  -22.737  14.898  -12.735 0.0000000000
115332  -19.056  14.845  -14.400 0.0000000000
116425  -21.399  16.239  -14.427 0.0000000000
116427  -23.109  16.343  -13.348 0.0000000000
116434  -19.242  16.535  -14.045 0.0000000000
116435  -19.541  16.247  -14.477 0.0000000000
117455  -23.575  17.347  -13.149 0.0000000000
117470  -22.720  17.096  -14.040 0.0000000000
117471  -23.286  16.964  -13.569 0.0000000000
117479  -22.225  17.176  -14.935 0.0000000000
117483  -19.974  17.552  -15.090 0.0000000000
117484  -20.427  17.340  -14.932 0.0000000000
118471  -21.199  17.746  -15.401 0.0000000000
119409  -22.222  18.427  -15.210 0.0000000000
119417  -20.195  18.417  -15.658 0.0000000000
120280  -20.420  18.721  -15.847 0.0000000000
