#!ascii label  , from subject 3127 vox2ras=TkReg
509
89411  -28.664  -8.059  -13.123 0.0000000000
96078  -24.737  -1.880  -10.536 0.0000000000
113147  -22.897  13.349  -12.087 0.0000000000
108651  -26.918  9.613  -9.645 0.0000000000
103053  -28.951  4.397  -11.953 0.0000000000
96155  -29.312  -0.983  -13.007 0.0000000000
114266  -21.086  14.914  -13.967 0.0000000000
105337  -28.361  6.488  -10.182 0.0000000000
101853  -25.190  3.374  -9.879 0.0000000000
92822  -27.191  -4.973  -12.469 0.0000000000
96106  -27.983  -1.599  -11.863 0.0000000000
92825  -29.400  -4.193  -12.693 0.0000000000
84661  -22.887  -12.156  -10.865 0.0000000000
88172  -25.598  -8.440  -13.582 0.0000000000
120308  -19.536  20.218  -16.799 0.0000000000
120298  -21.900  19.979  -15.920 0.0000000000
118464  -24.319  18.953  -14.921 0.0000000000
117456  -24.709  17.205  -12.667 0.0000000000
115303  -27.299  15.367  -11.209 0.0000000000
110914  -24.403  11.629  -10.770 0.0000000000
112010  -28.664  12.340  -11.709 0.0000000000
108709  -28.545  9.430  -14.367 0.0000000000
106507  -27.207  7.242  -15.241 0.0000000000
103134  -28.218  4.609  -15.766 0.0000000000
99490  -26.324  1.322  -9.652 0.0000000000
98408  -27.912  1.087  -13.028 0.0000000000
103052  -24.062  4.585  -10.479 0.0000000000
101876  -23.563  3.611  -10.742 0.0000000000
91716  -27.354  -6.187  -13.572 0.0000000000
92823  -27.850  -4.830  -12.686 0.0000000000
90584  -29.402  -6.620  -13.259 0.0000000000
80972  -21.956  -13.907  -6.310 0.0000000000
82185  -22.289  -13.226  -6.813 0.0000000000
83444  -22.874  -11.978  -7.511 0.0000000000
90566  -25.058  -6.677  -11.371 0.0000000000
89389  -24.095  -7.965  -11.546 0.0000000000
120283  -23.013  19.575  -15.202 0.0000000000
114228  -22.165  14.340  -12.786 0.0000000000
116412  -24.014  16.296  -13.086 0.0000000000
115312  -23.971  15.699  -12.355 0.0000000000
116413  -26.156  16.587  -11.788 0.0000000000
115290  -24.602  14.676  -10.882 0.0000000000
109802  -26.119  10.662  -9.672 0.0000000000
111994  -26.980  12.671  -10.405 0.0000000000
109804  -28.192  10.668  -10.601 0.0000000000
110930  -28.603  11.487  -12.424 0.0000000000
108664  -28.616  9.646  -10.984 0.0000000000
104181  -28.474  5.415  -10.526 0.0000000000
106490  -28.672  7.367  -13.441 0.0000000000
104219  -28.715  5.314  -12.781 0.0000000000
104273  -27.129  5.561  -15.759 0.0000000000
103090  -28.602  4.161  -14.029 0.0000000000
97210  -23.818  -1.116  -10.582 0.0000000000
99488  -24.230  0.987  -10.329 0.0000000000
97212  -25.827  -0.889  -9.731 0.0000000000
95039  -27.741  -2.021  -13.241 0.0000000000
97242  -28.298  -0.141  -12.215 0.0000000000
97266  -28.188  0.139  -13.315 0.0000000000
99552  -28.864  1.489  -14.432 0.0000000000
98420  -29.916  0.453  -13.154 0.0000000000
84662  -23.305  -11.132  -10.244 0.0000000000
84684  -23.324  -11.774  -11.514 0.0000000000
85799  -24.053  -10.262  -10.867 0.0000000000
85813  -25.242  -10.589  -12.424 0.0000000000
106440  -24.949  7.485  -9.668 0.0000000000
107526  -27.608  8.595  -9.712 0.0000000000
105335  -26.313  6.517  -9.343 0.0000000000
104179  -26.673  5.469  -9.464 0.0000000000
101855  -27.350  3.406  -9.733 0.0000000000
93896  -26.305  -3.665  -10.712 0.0000000000
96080  -26.661  -1.776  -10.240 0.0000000000
93924  -27.557  -3.593  -11.563 0.0000000000
95018  -27.410  -3.077  -12.868 0.0000000000
93943  -29.231  -3.014  -12.914 0.0000000000
84636  -23.269  -11.269  -8.902 0.0000000000
93894  -24.369  -3.754  -10.270 0.0000000000
92806  -25.887  -4.982  -11.204 0.0000000000
90574  -26.014  -6.290  -12.993 0.0000000000
88184  -27.352  -9.112  -13.757 0.0000000000
121146  -19.381  21.517  -17.689 0.0000000000
119416  -19.633  18.873  -15.537 0.0000000000
120309  -20.094  19.047  -17.407 0.0000000000
120312  -22.925  20.821  -16.532 0.0000000000
120300  -23.861  20.646  -15.379 0.0000000000
120285  -25.044  20.354  -14.646 0.0000000000
117454  -23.296  17.326  -13.811 0.0000000000
118442  -24.166  18.360  -13.364 0.0000000000
119397  -26.294  19.625  -13.242 0.0000000000
118445  -27.448  18.267  -12.325 0.0000000000
116416  -28.487  16.679  -12.093 0.0000000000
115313  -28.869  15.641  -11.880 0.0000000000
112008  -23.762  12.421  -11.289 0.0000000000
113118  -26.266  13.510  -10.828 0.0000000000
113133  -27.938  13.934  -11.510 0.0000000000
113149  -29.060  13.588  -12.848 0.0000000000
112035  -28.528  12.654  -13.584 0.0000000000
109874  -27.351  10.389  -15.758 0.0000000000
106471  -28.965  7.979  -11.575 0.0000000000
107583  -28.405  8.296  -14.264 0.0000000000
100679  -24.410  2.250  -9.999 0.0000000000
100680  -25.605  2.345  -9.497 0.0000000000
100682  -27.816  2.406  -9.919 0.0000000000
97214  -27.701  -0.569  -10.762 0.0000000000
98368  -28.289  0.761  -11.389 0.0000000000
100705  -28.536  2.528  -12.696 0.0000000000
101912  -28.345  3.201  -14.103 0.0000000000
101928  -29.374  3.468  -14.732 0.0000000000
86973  -24.888  -10.285  -14.375 0.0000000000
86965  -26.379  -10.239  -13.188 0.0000000000
89392  -27.793  -8.793  -12.696 0.0000000000
91717  -28.311  -6.276  -13.566 0.0000000000
90583  -28.898  -7.169  -13.163 0.0000000000
90575  -29.339  -7.178  -12.798 0.0000000000
89394  -28.867  -7.391  -12.679 0.0000000000
82161  -22.564  -13.606  -6.227 0.0000000000
114229  -22.769  14.286  -12.579 0.0000000000
115311  -23.329  15.103  -12.383 0.0000000000
115299  -23.714  14.648  -11.811 0.0000000000
115300  -24.216  15.098  -11.457 0.0000000000
114216  -23.867  14.279  -11.434 0.0000000000
108649  -24.818  9.240  -9.921 0.0000000000
109800  -24.407  9.743  -10.518 0.0000000000
108650  -25.775  9.501  -9.666 0.0000000000
109803  -27.318  10.709  -9.791 0.0000000000
109816  -28.830  10.532  -11.256 0.0000000000
108652  -28.011  9.657  -10.021 0.0000000000
103036  -28.472  4.414  -10.961 0.0000000000
104199  -28.636  5.406  -11.663 0.0000000000
104240  -28.495  5.126  -13.775 0.0000000000
103073  -28.578  4.287  -13.002 0.0000000000
97211  -24.780  -0.959  -10.124 0.0000000000
95040  -28.182  -1.880  -13.340 0.0000000000
96154  -28.628  -0.845  -13.127 0.0000000000
97276  -29.490  -0.121  -13.443 0.0000000000
97268  -30.086  0.006  -12.406 0.0000000000
97243  -29.885  -1.099  -12.243 0.0000000000
85783  -23.650  -10.539  -10.552 0.0000000000
105333  -24.580  6.683  -9.981 0.0000000000
106441  -25.910  7.521  -9.476 0.0000000000
105334  -25.245  6.558  -9.466 0.0000000000
103032  -24.941  4.593  -10.059 0.0000000000
104178  -25.553  5.513  -9.488 0.0000000000
103033  -25.874  4.473  -9.568 0.0000000000
103034  -26.997  4.418  -9.564 0.0000000000
101854  -26.243  3.416  -9.609 0.0000000000
92807  -26.563  -4.674  -11.599 0.0000000000
93897  -26.961  -3.324  -10.917 0.0000000000
92808  -27.308  -4.357  -11.980 0.0000000000
92824  -28.480  -4.514  -12.710 0.0000000000
92809  -27.730  -4.176  -12.356 0.0000000000
93942  -27.924  -3.272  -13.248 0.0000000000
92826  -30.085  -3.577  -12.523 0.0000000000
80971  -21.162  -14.488  -6.444 0.0000000000
79834  -21.082  -15.165  -6.103 0.0000000000
84608  -22.562  -11.801  -8.411 0.0000000000
92781  -25.230  -4.768  -10.491 0.0000000000
89401  -25.357  -7.746  -12.957 0.0000000000
90573  -25.663  -6.661  -12.324 0.0000000000
89408  -26.059  -7.826  -13.548 0.0000000000
89409  -26.992  -8.062  -13.574 0.0000000000
121128  -19.021  21.275  -16.209 0.0000000000
121129  -19.082  21.401  -16.885 0.0000000000
121165  -19.866  21.347  -18.350 0.0000000000
120336  -19.637  20.627  -18.238 0.0000000000
120281  -20.913  18.878  -15.859 0.0000000000
120297  -20.830  19.312  -16.342 0.0000000000
120310  -20.938  19.842  -17.056 0.0000000000
120326  -21.076  20.540  -17.853 0.0000000000
120311  -21.850  20.799  -16.604 0.0000000000
120327  -21.724  21.254  -17.397 0.0000000000
119410  -23.981  19.240  -15.111 0.0000000000
120284  -24.026  20.040  -14.701 0.0000000000
121099  -24.406  20.762  -14.959 0.0000000000
120264  -24.612  19.565  -14.390 0.0000000000
116426  -22.091  16.366  -13.704 0.0000000000
117455  -23.575  17.347  -13.149 0.0000000000
118443  -25.360  18.129  -12.849 0.0000000000
119378  -24.895  19.004  -12.999 0.0000000000
119379  -25.763  19.052  -12.704 0.0000000000
119380  -26.824  19.076  -12.556 0.0000000000
118444  -26.393  18.225  -12.427 0.0000000000
116402  -26.580  16.042  -11.313 0.0000000000
116415  -27.665  16.777  -11.924 0.0000000000
116403  -27.484  16.127  -11.441 0.0000000000
116404  -28.211  16.207  -11.567 0.0000000000
115304  -28.129  15.478  -11.294 0.0000000000
109814  -24.132  10.605  -10.836 0.0000000000
110913  -23.489  11.476  -11.331 0.0000000000
112009  -24.470  12.551  -11.081 0.0000000000
113131  -24.652  13.220  -11.074 0.0000000000
111992  -25.120  12.580  -10.913 0.0000000000
111995  -28.012  12.598  -10.502 0.0000000000
113120  -28.307  13.182  -11.054 0.0000000000
113134  -28.641  13.444  -11.807 0.0000000000
112023  -28.760  12.515  -12.599 0.0000000000
109848  -28.554  10.549  -13.335 0.0000000000
110944  -28.532  11.614  -13.504 0.0000000000
109864  -28.066  10.713  -14.644 0.0000000000
109875  -27.851  10.349  -15.226 0.0000000000
108719  -28.101  9.978  -15.278 0.0000000000
106443  -28.071  7.559  -9.917 0.0000000000
107540  -28.767  8.220  -11.245 0.0000000000
106456  -28.651  7.603  -11.019 0.0000000000
106508  -27.954  7.180  -14.350 0.0000000000
107582  -27.563  8.115  -14.964 0.0000000000
107595  -26.739  8.071  -15.952 0.0000000000
103117  -27.506  5.098  -15.821 0.0000000000
104276  -29.601  4.625  -15.407 0.0000000000
100703  -22.843  2.628  -10.854 0.0000000000
99489  -25.183  1.200  -9.626 0.0000000000
100681  -26.803  2.379  -9.568 0.0000000000
99491  -27.345  1.418  -9.926 0.0000000000
96081  -27.589  -1.739  -10.735 0.0000000000
97213  -26.857  -0.759  -9.992 0.0000000000
98387  -28.372  0.973  -12.464 0.0000000000
99493  -28.421  1.692  -11.507 0.0000000000
99532  -28.073  1.728  -13.011 0.0000000000
100717  -28.232  2.423  -13.480 0.0000000000
100716  -28.161  1.866  -13.530 0.0000000000
100729  -29.791  2.261  -14.242 0.0000000000
101913  -29.348  2.835  -14.463 0.0000000000
101914  -29.892  3.376  -14.146 0.0000000000
86954  -25.272  -9.872  -11.771 0.0000000000
86955  -25.993  -9.838  -12.400 0.0000000000
88173  -27.527  -9.344  -13.362 0.0000000000
88148  -26.086  -8.518  -11.658 0.0000000000
104198  -23.736  5.315  -10.575 0.0000000000
101877  -24.332  3.895  -10.280 0.0000000000
91706  -27.667  -5.508  -13.172 0.0000000000
91707  -28.625  -5.485  -13.228 0.0000000000
91708  -29.522  -5.637  -12.873 0.0000000000
90569  -29.553  -6.436  -12.367 0.0000000000
80947  -21.838  -14.463  -6.017 0.0000000000
83443  -22.070  -12.697  -7.716 0.0000000000
83423  -22.455  -12.840  -7.032 0.0000000000
83424  -23.016  -12.632  -6.660 0.0000000000
91676  -24.801  -5.745  -10.530 0.0000000000
90547  -24.342  -6.316  -10.745 0.0000000000
89390  -24.912  -7.745  -11.935 0.0000000000
89400  -24.899  -8.305  -12.782 0.0000000000
120295  -19.426  20.333  -15.427 0.0000000000
120282  -21.950  19.194  -15.380 0.0000000000
120262  -22.510  18.833  -15.193 0.0000000000
119393  -22.949  18.574  -14.986 0.0000000000
118456  -23.615  18.414  -14.464 0.0000000000
115324  -22.562  15.378  -13.211 0.0000000000
115325  -23.267  15.693  -13.018 0.0000000000
115326  -23.677  15.729  -12.863 0.0000000000
116400  -24.596  16.244  -11.940 0.0000000000
117457  -25.958  17.218  -12.238 0.0000000000
116401  -25.577  16.309  -11.378 0.0000000000
116388  -25.459  15.647  -10.874 0.0000000000
115292  -25.860  15.062  -10.869 0.0000000000
110915  -24.796  11.187  -10.392 0.0000000000
110896  -25.351  11.627  -10.408 0.0000000000
110897  -26.549  11.724  -9.984 0.0000000000
110898  -27.627  11.677  -10.211 0.0000000000
110899  -28.499  11.562  -10.711 0.0000000000
109817  -29.110  10.964  -11.061 0.0000000000
109832  -28.779  10.542  -12.188 0.0000000000
108692  -28.747  9.537  -12.913 0.0000000000
105355  -28.669  6.478  -11.315 0.0000000000
105370  -28.806  6.393  -12.528 0.0000000000
105388  -28.309  6.239  -13.682 0.0000000000
105387  -27.759  6.227  -14.094 0.0000000000
105418  -26.959  6.361  -15.578 0.0000000000
104239  -27.791  5.743  -14.211 0.0000000000
104259  -27.957  4.910  -14.522 0.0000000000
103105  -28.281  4.151  -14.788 0.0000000000
98386  -23.171  0.693  -10.645 0.0000000000
98363  -23.822  -0.136  -10.131 0.0000000000
98364  -24.947  0.068  -9.820 0.0000000000
98365  -26.039  0.206  -9.591 0.0000000000
96107  -28.138  -1.024  -12.343 0.0000000000
96133  -28.295  -0.912  -12.862 0.0000000000
99541  -28.340  1.387  -13.764 0.0000000000
97274  -28.652  0.527  -14.135 0.0000000000
98428  -29.411  0.942  -14.040 0.0000000000
99533  -30.069  1.550  -13.367 0.0000000000
99534  -30.183  1.603  -12.601 0.0000000000
98410  -30.162  0.692  -12.561 0.0000000000
85798  -23.580  -10.836  -11.293 0.0000000000
85812  -24.559  -10.837  -12.015 0.0000000000
85821  -24.421  -11.027  -13.104 0.0000000000
107523  -24.629  8.253  -10.065 0.0000000000
107524  -25.403  8.433  -9.630 0.0000000000
106442  -27.023  7.547  -9.487 0.0000000000
105336  -27.442  6.502  -9.568 0.0000000000
104180  -27.797  5.422  -9.702 0.0000000000
103035  -27.817  4.417  -10.202 0.0000000000
94995  -25.524  -2.744  -10.400 0.0000000000
96079  -25.668  -1.816  -10.213 0.0000000000
94996  -26.442  -2.683  -10.468 0.0000000000
94997  -27.342  -2.697  -10.805 0.0000000000
95017  -27.934  -2.757  -11.797 0.0000000000
93925  -27.869  -3.599  -12.430 0.0000000000
95027  -27.477  -2.533  -12.995 0.0000000000
93959  -28.468  -2.500  -13.275 0.0000000000
93960  -29.059  -2.407  -13.080 0.0000000000
96134  -29.778  -1.492  -12.568 0.0000000000
93944  -30.122  -2.776  -12.482 0.0000000000
92810  -29.605  -4.904  -12.005 0.0000000000
83487  -22.136  -12.178  -10.314 0.0000000000
83464  -21.975  -12.358  -9.169 0.0000000000
84635  -22.632  -11.772  -9.685 0.0000000000
84663  -23.696  -10.666  -9.171 0.0000000000
94994  -24.595  -2.788  -10.510 0.0000000000
93895  -25.361  -3.682  -10.383 0.0000000000
92782  -25.926  -4.384  -10.767 0.0000000000
91697  -26.142  -5.396  -11.848 0.0000000000
91696  -25.591  -5.750  -11.394 0.0000000000
91704  -25.975  -5.910  -12.323 0.0000000000
91705  -26.623  -5.640  -12.803 0.0000000000
90581  -26.572  -6.776  -13.600 0.0000000000
90582  -27.726  -7.120  -13.458 0.0000000000
89410  -28.100  -8.261  -13.328 0.0000000000
122021  -19.272  22.738  -16.486 0.0000000000
119406  -19.383  19.172  -14.699 0.0000000000
120296  -19.939  18.821  -16.360 0.0000000000
119427  -19.689  19.542  -17.537 0.0000000000
119445  -19.898  19.931  -18.310 0.0000000000
120338  -20.871  21.048  -18.409 0.0000000000
120299  -23.023  20.381  -15.746 0.0000000000
121115  -23.586  20.748  -16.152 0.0000000000
121116  -24.291  21.252  -15.729 0.0000000000
121100  -25.083  21.139  -14.890 0.0000000000
120286  -25.618  20.794  -14.388 0.0000000000
118440  -23.172  17.473  -14.180 0.0000000000
118441  -23.487  17.799  -13.940 0.0000000000
116411  -23.508  16.746  -13.304 0.0000000000
119395  -24.662  19.196  -13.864 0.0000000000
119396  -25.305  19.543  -13.363 0.0000000000
120266  -25.793  20.062  -14.060 0.0000000000
120267  -26.735  20.224  -13.723 0.0000000000
119398  -27.311  19.693  -13.061 0.0000000000
118446  -28.565  18.291  -11.934 0.0000000000
117458  -27.049  17.436  -12.199 0.0000000000
117459  -27.986  17.473  -12.150 0.0000000000
112007  -22.969  12.392  -11.669 0.0000000000
113129  -23.334  13.037  -11.537 0.0000000000
113130  -23.911  13.396  -11.361 0.0000000000
114211  -25.632  14.319  -10.804 0.0000000000
114212  -26.445  14.374  -11.046 0.0000000000
111993  -25.935  12.594  -10.615 0.0000000000
113119  -27.319  13.624  -11.020 0.0000000000
114219  -27.790  14.710  -11.276 0.0000000000
114220  -28.514  14.628  -11.573 0.0000000000
114231  -29.091  14.538  -12.229 0.0000000000
110957  -28.389  11.805  -14.368 0.0000000000
110970  -26.750  11.662  -15.872 0.0000000000
110978  -26.565  10.868  -16.425 0.0000000000
107539  -28.448  8.571  -10.608 0.0000000000
107551  -28.895  8.678  -11.785 0.0000000000
108693  -29.093  9.269  -13.731 0.0000000000
106470  -28.761  7.580  -12.146 0.0000000000
107568  -28.865  8.548  -13.300 0.0000000000
108710  -29.058  9.207  -14.219 0.0000000000
108718  -27.542  9.045  -15.459 0.0000000000
104285  -26.784  6.023  -16.423 0.0000000000
100704  -23.645  2.724  -10.451 0.0000000000
101852  -24.126  3.208  -10.203 0.0000000000
101856  -28.191  3.383  -10.431 0.0000000000
98366  -27.086  0.347  -9.867 0.0000000000
98367  -27.798  0.574  -10.557 0.0000000000
99492  -28.009  1.549  -10.640 0.0000000000
100663  -28.622  2.753  -11.005 0.0000000000
101878  -29.023  3.394  -12.329 0.0000000000
101898  -28.503  3.308  -13.301 0.0000000000
101926  -28.533  3.370  -14.647 0.0000000000
100743  -28.645  2.215  -14.553 0.0000000000
101927  -28.924  2.991  -14.787 0.0000000000
103120  -29.269  3.949  -15.165 0.0000000000
88160  -24.420  -8.642  -12.483 0.0000000000
88182  -25.348  -9.636  -14.316 0.0000000000
85822  -25.370  -10.893  -13.188 0.0000000000
86984  -26.169  -10.514  -14.210 0.0000000000
88183  -26.103  -9.093  -14.041 0.0000000000
88174  -28.301  -9.010  -13.269 0.0000000000
82186  -22.790  -13.222  -6.407 0.0000000000
85823  -26.006  -10.695  -13.802 0.0000000000
85833  -25.508  -11.004  -14.060 0.0000000000
85834  -26.097  -10.686  -14.035 0.0000000000
85842  -25.145  -11.017  -14.640 0.0000000000
85843  -25.634  -10.740  -14.292 0.0000000000
85844  -25.947  -10.622  -14.193 0.0000000000
86964  -25.691  -10.377  -12.605 0.0000000000
86974  -25.689  -10.062  -14.479 0.0000000000
86975  -26.619  -10.230  -14.191 0.0000000000
86982  -25.370  -10.550  -14.496 0.0000000000
86983  -25.880  -10.431  -14.326 0.0000000000
88162  -26.516  -8.972  -12.570 0.0000000000
88171  -24.927  -9.099  -13.601 0.0000000000
88185  -28.098  -9.024  -13.414 0.0000000000
89391  -25.370  -7.278  -12.048 0.0000000000
89402  -28.217  -9.208  -13.136 0.0000000000
89403  -28.422  -8.643  -13.112 0.0000000000
89404  -28.833  -7.738  -12.986 0.0000000000
90576  -29.691  -6.671  -13.105 0.0000000000
90580  -25.894  -7.005  -13.160 0.0000000000
91718  -29.174  -6.269  -13.388 0.0000000000
91719  -29.546  -6.354  -13.230 0.0000000000
93923  -26.932  -3.911  -11.345 0.0000000000
93941  -27.656  -2.786  -13.288 0.0000000000
93958  -27.793  -2.522  -13.334 0.0000000000
95028  -27.445  -2.969  -13.159 0.0000000000
95029  -29.558  -2.262  -12.777 0.0000000000
95030  -30.115  -2.015  -12.361 0.0000000000
95041  -28.984  -1.790  -13.123 0.0000000000
96132  -27.767  -1.598  -12.871 0.0000000000
96135  -30.055  -1.676  -12.301 0.0000000000
96153  -28.019  -1.493  -13.186 0.0000000000
97215  -28.171  -0.037  -11.235 0.0000000000
97241  -28.101  -0.692  -11.664 0.0000000000
97265  -28.406  0.565  -13.697 0.0000000000
97267  -29.804  -0.609  -12.699 0.0000000000
97275  -28.756  0.357  -13.817 0.0000000000
97277  -30.009  0.026  -12.966 0.0000000000
97283  -29.097  0.633  -14.039 0.0000000000
97284  -29.286  0.489  -13.869 0.0000000000
98407  -28.299  0.849  -13.557 0.0000000000
98409  -30.040  0.989  -13.083 0.0000000000
98417  -28.494  0.949  -13.770 0.0000000000
98418  -28.751  0.979  -13.948 0.0000000000
98419  -29.779  0.789  -13.618 0.0000000000
98427  -29.020  0.958  -14.121 0.0000000000
99514  -28.579  1.867  -12.287 0.0000000000
99531  -28.144  1.394  -13.463 0.0000000000
99542  -28.524  1.500  -14.120 0.0000000000
99543  -29.960  1.454  -14.048 0.0000000000
99553  -29.387  1.497  -14.355 0.0000000000
100664  -28.816  2.995  -11.005 0.0000000000
100683  -28.348  2.468  -10.791 0.0000000000
100684  -28.755  2.608  -11.581 0.0000000000
100718  -30.151  2.071  -13.738 0.0000000000
100727  -28.222  1.664  -13.701 0.0000000000
100728  -28.283  2.160  -14.026 0.0000000000
100730  -30.102  2.768  -13.658 0.0000000000
100744  -29.176  2.145  -14.691 0.0000000000
101834  -28.636  3.032  -10.770 0.0000000000
101835  -28.692  3.224  -10.936 0.0000000000
101857  -28.732  3.443  -11.208 0.0000000000
101940  -28.483  4.000  -15.111 0.0000000000
101941  -28.790  3.690  -15.058 0.0000000000
101942  -29.045  3.496  -14.998 0.0000000000
103104  -27.665  4.902  -15.284 0.0000000000
103118  -28.059  4.365  -15.421 0.0000000000
103119  -28.716  4.374  -15.566 0.0000000000
103133  -27.882  4.890  -15.972 0.0000000000
104177  -24.552  5.644  -10.053 0.0000000000
104258  -27.537  5.650  -15.048 0.0000000000
104272  -26.670  6.020  -16.164 0.0000000000
105404  -27.548  6.420  -14.652 0.0000000000
105405  -27.864  6.512  -14.167 0.0000000000
105427  -26.758  6.512  -16.598 0.0000000000
106457  -28.848  7.999  -11.341 0.0000000000
107525  -26.457  8.533  -9.616 0.0000000000
107552  -28.900  8.220  -11.498 0.0000000000
107569  -29.204  8.925  -13.939 0.0000000000
107584  -28.953  8.764  -14.235 0.0000000000
108678  -28.839  9.784  -11.827 0.0000000000
108708  -27.898  8.731  -14.704 0.0000000000
109805  -28.810  10.969  -10.880 0.0000000000
109815  -24.541  10.988  -10.450 0.0000000000
110895  -24.866  12.078  -10.871 0.0000000000
110900  -28.980  11.215  -10.951 0.0000000000
110916  -28.872  11.358  -11.356 0.0000000000
110917  -29.069  11.191  -11.183 0.0000000000
111996  -28.620  12.359  -10.990 0.0000000000
113117  -25.270  13.522  -10.843 0.0000000000
113121  -28.533  12.829  -11.330 0.0000000000
113132  -27.496  14.196  -11.358 0.0000000000
113148  -23.399  13.476  -11.723 0.0000000000
113150  -29.070  13.986  -13.306 0.0000000000
114210  -24.957  14.348  -10.748 0.0000000000
114217  -24.399  14.089  -10.938 0.0000000000
114218  -27.142  14.583  -11.199 0.0000000000
114230  -23.511  14.042  -12.030 0.0000000000
114246  -22.367  14.716  -12.886 0.0000000000
115291  -25.024  15.057  -10.736 0.0000000000
115301  -24.906  15.747  -11.186 0.0000000000
115302  -26.564  15.207  -11.052 0.0000000000
115310  -22.737  14.898  -12.735 0.0000000000
116389  -26.039  15.752  -10.872 0.0000000000
116414  -26.823  16.700  -11.841 0.0000000000
116427  -23.109  16.343  -13.348 0.0000000000
116428  -23.602  15.948  -13.200 0.0000000000
117445  -25.284  16.839  -11.939 0.0000000000
117446  -25.767  16.731  -11.883 0.0000000000
117470  -22.720  17.096  -14.040 0.0000000000
117471  -23.286  16.964  -13.569 0.0000000000
118457  -24.275  18.769  -14.415 0.0000000000
118463  -24.020  18.738  -14.953 0.0000000000
119394  -23.454  18.892  -15.082 0.0000000000
119411  -24.430  19.295  -14.632 0.0000000000
119426  -19.542  19.921  -17.671 0.0000000000
119438  -19.604  20.062  -18.140 0.0000000000
119439  -19.835  19.670  -17.870 0.0000000000
119444  -19.802  20.185  -18.386 0.0000000000
120263  -22.795  19.041  -15.141 0.0000000000
120265  -24.916  19.770  -14.145 0.0000000000
120324  -19.393  20.601  -17.633 0.0000000000
120325  -20.275  19.865  -17.886 0.0000000000
120337  -20.211  20.497  -18.451 0.0000000000
121084  -26.189  20.798  -14.030 0.0000000000
121097  -21.367  19.338  -15.785 0.0000000000
121098  -21.702  19.611  -15.720 0.0000000000
121113  -21.513  19.611  -15.907 0.0000000000
121114  -21.747  19.786  -15.879 0.0000000000
121130  -22.396  21.328  -16.944 0.0000000000
