#!ascii label  , from subject 3127 vox2ras=TkReg
1239
79834  -21.082  -15.165  -6.103 0.4285714328
82184  -21.496  -13.598  -6.930 0.2857142985
80971  -21.162  -14.488  -6.444 0.4285714328
80972  -21.956  -13.907  -6.310 0.4285714328
82161  -22.564  -13.606  -6.227 0.4285714328
82202  -21.830  -13.245  -7.328 0.2857142985
82185  -22.289  -13.226  -6.813 0.4285714328
83424  -23.016  -12.632  -6.660 0.4285714328
83464  -21.975  -12.358  -9.169 0.4285714328
84608  -22.562  -11.801  -8.411 0.4285714328
84635  -22.632  -11.772  -9.685 0.4285714328
84662  -23.305  -11.132  -10.244 0.4285714328
84684  -23.324  -11.774  -11.514 0.5714285970
85798  -23.580  -10.836  -11.293 0.5714285970
85783  -23.650  -10.539  -10.552 0.4285714328
86943  -24.505  -9.802  -10.225 0.2857142985
85812  -24.559  -10.837  -12.015 0.7142857313
86955  -25.993  -9.838  -12.400 0.7142857313
88148  -26.086  -8.518  -11.658 0.4285714328
85813  -25.242  -10.589  -12.424 0.7142857313
86954  -25.272  -9.872  -11.771 0.5714285970
89392  -27.793  -8.793  -12.696 0.5714285970
86965  -26.379  -10.239  -13.188 0.5714285970
88174  -28.301  -9.010  -13.269 0.5714285970
89410  -28.100  -8.261  -13.328 0.5714285970
89411  -28.664  -8.059  -13.123 0.5714285970
88184  -27.352  -9.112  -13.757 0.5714285970
89394  -28.867  -7.391  -12.679 0.4285714328
91717  -28.311  -6.276  -13.566 0.5714285970
91708  -29.522  -5.637  -12.873 0.5714285970
90581  -26.572  -6.776  -13.600 0.7142857313
91707  -28.625  -5.485  -13.228 0.7142857313
92824  -28.480  -4.514  -12.710 0.7142857313
92825  -29.400  -4.193  -12.693 0.5714285970
91716  -27.354  -6.187  -13.572 0.5714285970
90573  -25.663  -6.661  -12.324 0.5714285970
92822  -27.191  -4.973  -12.469 0.8571428657
91697  -26.142  -5.396  -11.848 0.5714285970
95027  -27.477  -2.533  -12.995 0.7142857313
93943  -29.231  -3.014  -12.914 0.5714285970
92809  -27.730  -4.176  -12.356 0.7142857313
95018  -27.410  -3.077  -12.868 0.7142857313
95039  -27.741  -2.021  -13.241 0.5714285970
93925  -27.869  -3.599  -12.430 0.7142857313
95040  -28.182  -1.880  -13.340 0.5714285970
93924  -27.557  -3.593  -11.563 0.5714285970
95017  -27.934  -2.757  -11.797 0.7142857313
96106  -27.983  -1.599  -11.863 0.7142857313
96133  -28.295  -0.912  -12.862 0.7142857313
96154  -28.628  -0.845  -13.127 0.7142857313
96081  -27.589  -1.739  -10.735 0.7142857313
97242  -28.298  -0.141  -12.215 0.7142857313
98408  -27.912  1.087  -13.028 0.7142857313
97266  -28.188  0.139  -13.315 0.5714285970
97214  -27.701  -0.569  -10.762 0.7142857313
96080  -26.661  -1.776  -10.240 0.5714285970
100716  -28.161  1.866  -13.530 0.5714285970
101912  -28.345  3.201  -14.103 0.5714285970
98367  -27.798  0.574  -10.557 0.8571428657
100717  -28.232  2.423  -13.480 0.7142857313
100705  -28.536  2.528  -12.696 0.7142857313
98368  -28.289  0.761  -11.389 0.8571428657
99493  -28.421  1.692  -11.507 0.7142857313
104219  -28.715  5.314  -12.781 0.8571428657
103090  -28.602  4.161  -14.029 0.5714285970
101878  -29.023  3.394  -12.329 0.8571428657
101856  -28.191  3.383  -10.431 0.8571428657
99492  -28.009  1.549  -10.640 0.8571428657
100663  -28.622  2.753  -11.005 0.8571428657
105370  -28.806  6.393  -12.528 0.8571428657
106490  -28.672  7.367  -13.441 0.8571428657
106471  -28.965  7.979  -11.575 0.8571428657
103053  -28.951  4.397  -11.953 0.8571428657
105355  -28.669  6.478  -11.315 0.8571428657
106443  -28.071  7.559  -9.917 1.0000000000
106456  -28.651  7.603  -11.019 1.0000000000
104181  -28.474  5.415  -10.526 0.8571428657
107540  -28.767  8.220  -11.245 1.0000000000
105337  -28.361  6.488  -10.182 1.0000000000
108652  -28.011  9.657  -10.021 1.0000000000
109802  -26.119  10.662  -9.672 0.7142857313
107539  -28.448  8.571  -10.608 1.0000000000
107526  -27.608  8.595  -9.712 1.0000000000
109803  -27.318  10.709  -9.791 1.0000000000
114211  -25.632  14.319  -10.804 1.0000000000
113130  -23.911  13.396  -11.361 0.8571428657
115312  -23.971  15.699  -12.355 0.8571428657
115300  -24.216  15.098  -11.457 1.0000000000
119395  -24.662  19.196  -13.864 0.8571428657
117455  -23.575  17.347  -13.149 0.8571428657
117456  -24.709  17.205  -12.667 1.0000000000
120300  -23.861  20.646  -15.379 0.8571428657
120284  -24.026  20.040  -14.701 0.8571428657
120299  -23.023  20.381  -15.746 0.7142857313
120262  -22.510  18.833  -15.193 0.5714285970
120311  -21.850  20.799  -16.604 0.7142857313
120327  -21.724  21.254  -17.397 0.5714285970
120296  -19.939  18.821  -16.360 0.5714285970
120281  -20.913  18.878  -15.859 0.5714285970
120308  -19.536  20.218  -16.799 0.4285714328
121146  -19.381  21.517  -17.689 0.4285714328
121165  -19.866  21.347  -18.350 0.4285714328
121994  -19.569  21.872  -14.743 0.2857142985
121096  -19.773  22.027  -13.982 0.2857142985
121112  -19.253  21.460  -15.108 0.2857142985
93942  -27.924  -3.272  -13.248 0.5714285970
98387  -28.372  0.973  -12.464 0.7142857313
99532  -28.073  1.728  -13.011 0.7142857313
103073  -28.578  4.287  -13.002 0.8571428657
105388  -28.309  6.239  -13.682 0.8571428657
106470  -28.761  7.580  -12.146 0.8571428657
110897  -26.549  11.724  -9.984 0.8571428657
121981  -21.669  22.539  -12.567 0.1428571492
82183  -20.728  -13.901  -7.321 0.2857142985
83442  -21.594  -13.045  -8.137 0.2857142985
83443  -22.070  -12.697  -7.716 0.2857142985
83444  -22.874  -11.978  -7.511 0.4285714328
84636  -23.269  -11.269  -8.902 0.4285714328
84663  -23.696  -10.666  -9.171 0.4285714328
84661  -22.887  -12.156  -10.865 0.5714285970
85821  -24.421  -11.027  -13.104 0.2857142985
88173  -27.527  -9.344  -13.362 0.4285714328
88183  -26.103  -9.093  -14.041 0.5714285970
90569  -29.553  -6.436  -12.367 0.4285714328
89408  -26.059  -7.826  -13.548 0.7142857313
89409  -26.992  -8.062  -13.574 0.7142857313
90583  -28.898  -7.169  -13.163 0.7142857313
90584  -29.402  -6.620  -13.259 0.5714285970
92823  -27.850  -4.830  -12.686 0.7142857313
91704  -25.975  -5.910  -12.323 0.5714285970
91705  -26.623  -5.640  -12.803 0.5714285970
92807  -26.563  -4.674  -11.599 0.5714285970
93960  -29.059  -2.407  -13.080 0.5714285970
94997  -27.342  -2.697  -10.805 0.8571428657
104240  -28.495  5.126  -13.775 0.5714285970
103036  -28.472  4.414  -10.961 1.0000000000
107551  -28.895  8.678  -11.785 1.0000000000
105336  -27.442  6.502  -9.568 1.0000000000
108650  -25.775  9.501  -9.666 0.8571428657
110914  -24.403  11.629  -10.770 0.7142857313
110896  -25.351  11.627  -10.408 1.0000000000
111994  -26.980  12.671  -10.405 1.0000000000
113131  -24.652  13.220  -11.074 0.7142857313
111993  -25.935  12.594  -10.615 1.0000000000
112009  -24.470  12.551  -11.081 0.7142857313
115290  -24.602  14.676  -10.882 0.8571428657
118442  -24.166  18.360  -13.364 0.8571428657
116400  -24.596  16.244  -11.940 1.0000000000
116401  -25.577  16.309  -11.378 1.0000000000
120283  -23.013  19.575  -15.202 0.7142857313
120282  -21.950  19.194  -15.380 0.5714285970
120310  -20.938  19.842  -17.056 0.7142857313
120326  -21.076  20.540  -17.853 0.7142857313
119416  -19.633  18.873  -15.537 0.4285714328
122005  -19.097  22.154  -15.481 0.2857142985
121129  -19.082  21.401  -16.885 0.4285714328
120338  -20.871  21.048  -18.409 0.4285714328
121995  -20.267  22.579  -14.539 0.2857142985
122021  -19.272  22.738  -16.486 0.4285714328
86973  -24.888  -10.285  -14.375 0.4285714328
88182  -25.348  -9.636  -14.316 0.4285714328
121128  -19.021  21.275  -16.209 0.4285714328
119427  -19.689  19.542  -17.537 0.7142857313
122004  -18.922  21.718  -15.864 0.2857142985
80947  -21.838  -14.463  -6.017 0.4285714328
82201  -21.362  -13.365  -7.877 0.2857142985
83423  -22.455  -12.840  -7.032 0.4285714328
83487  -22.136  -12.178  -10.314 0.4285714328
85811  -23.543  -11.124  -12.230 0.2857142985
85799  -24.053  -10.262  -10.867 0.4285714328
85822  -25.370  -10.893  -13.188 0.5714285970
86984  -26.169  -10.514  -14.210 0.5714285970
90582  -27.726  -7.120  -13.458 0.5714285970
90575  -29.339  -7.178  -12.798 0.4285714328
91706  -27.667  -5.508  -13.172 0.7142857313
90574  -26.014  -6.290  -12.993 0.7142857313
92808  -27.308  -4.357  -11.980 0.5714285970
93959  -28.468  -2.500  -13.275 0.5714285970
96107  -28.138  -1.024  -12.343 0.7142857313
93897  -26.961  -3.324  -10.917 0.7142857313
97213  -26.857  -0.759  -9.992 0.8571428657
101898  -28.503  3.308  -13.301 0.8571428657
104199  -28.636  5.406  -11.663 0.8571428657
100682  -27.816  2.406  -9.919 0.8571428657
108651  -26.918  9.613  -9.645 1.0000000000
110915  -24.796  11.187  -10.392 0.8571428657
118464  -24.319  18.953  -14.921 0.8571428657
119410  -23.981  19.240  -15.111 0.8571428657
120298  -21.900  19.979  -15.920 0.7142857313
120309  -20.094  19.047  -17.407 0.5714285970
120297  -20.830  19.312  -16.342 0.5714285970
119406  -19.383  19.172  -14.699 0.4285714328
120295  -19.426  20.333  -15.427 0.4285714328
120336  -19.637  20.627  -18.238 0.4285714328
121083  -20.117  21.496  -13.314 0.2857142985
120294  -19.167  20.888  -15.610 0.2857142985
121987  -20.557  22.681  -13.402 0.2857142985
121988  -21.203  23.164  -13.185 0.1428571492
86963  -24.419  -10.409  -13.471 0.2857142985
111992  -25.120  12.580  -10.913 1.0000000000
119445  -19.898  19.931  -18.310 0.5714285970
124080  -21.065  24.236  -16.158 0.2857142985
124047  -20.981  25.583  -14.908 0.1428571492
123055  -20.093  23.144  -16.950 0.2857142985
124096  -21.348  24.045  -17.313 0.2857142985
124063  -20.632  25.148  -15.366 0.1428571492
125048  -21.255  26.063  -14.553 0.1428571492
123046  -19.655  23.625  -15.921 0.1428571492
123033  -19.149  24.451  -15.518 0.1428571492
123064  -20.827  23.708  -18.996 0.2857142985
123056  -20.695  23.014  -17.982 0.2857142985
122061  -25.134  22.807  -19.138 0.2857142985
122081  -22.550  22.412  -20.317 0.2857142985
125047  -20.340  26.239  -14.333 0.1428571492
122035  -19.864  22.375  -17.990 0.2857142985
121149  -23.676  22.112  -18.132 0.2857142985
121118  -26.610  21.880  -15.725 0.1428571492
121169  -23.236  22.117  -19.476 0.2857142985
122058  -21.778  22.768  -19.368 0.2857142985
124062  -19.531  25.177  -15.485 0.1428571492
121167  -21.342  21.807  -18.630 0.2857142985
122036  -20.033  22.915  -18.539 0.2857142985
120302  -29.593  21.221  -14.520 0.1428571492
121119  -27.662  21.697  -15.339 0.1428571492
121150  -24.917  22.472  -17.515 0.4285714328
121148  -22.298  21.623  -17.846 0.2857142985
119381  -27.862  19.134  -12.328 0.2857142985
121100  -25.083  21.139  -14.890 0.4285714328
121131  -23.385  21.431  -16.841 0.2857142985
121166  -20.450  21.475  -18.466 0.2857142985
117461  -29.722  17.558  -12.564 0.1428571492
121085  -26.890  21.082  -13.924 0.2857142985
121116  -24.291  21.252  -15.729 0.4285714328
120266  -25.793  20.062  -14.060 0.5714285970
116417  -29.351  16.479  -12.467 0.1428571492
118432  -29.050  17.920  -11.640 0.1428571492
121099  -24.406  20.762  -14.959 0.7142857313
120312  -22.925  20.821  -16.532 0.4285714328
119380  -26.824  19.076  -12.556 0.4285714328
114232  -29.367  14.490  -13.081 0.2857142985
115313  -28.869  15.641  -11.880 0.7142857313
119396  -25.305  19.543  -13.363 0.7142857313
116388  -25.459  15.647  -10.874 0.8571428657
116415  -27.665  16.777  -11.924 0.8571428657
119379  -25.763  19.052  -12.704 0.5714285970
113182  -27.981  13.498  -15.131 0.2857142985
113164  -28.602  13.702  -13.873 0.2857142985
118444  -26.393  18.225  -12.427 0.7142857313
117454  -23.296  17.326  -13.811 0.5714285970
112048  -28.148  12.606  -14.551 0.1428571492
114220  -28.514  14.628  -11.573 0.7142857313
112047  -27.462  12.486  -15.273 0.1428571492
104198  -23.736  5.315  -10.575 0.5714285970
106441  -25.910  7.521  -9.476 0.8571428657
107524  -25.403  8.433  -9.630 0.8571428657
106440  -24.949  7.485  -9.668 0.4285714328
108649  -24.818  9.240  -9.921 0.5714285970
113118  -26.266  13.510  -10.828 0.8571428657
110899  -28.499  11.562  -10.711 0.8571428657
114212  -26.445  14.374  -11.046 0.8571428657
109863  -27.495  10.849  -14.982 0.2857142985
113120  -28.307  13.182  -11.054 0.8571428657
114219  -27.790  14.710  -11.276 0.8571428657
117457  -25.958  17.218  -12.238 0.8571428657
110978  -26.565  10.868  -16.425 0.4285714328
112023  -28.760  12.515  -12.599 0.7142857313
113134  -28.641  13.444  -11.807 0.7142857313
103051  -23.324  4.556  -11.106 0.2857142985
105335  -26.313  6.517  -9.343 0.5714285970
105334  -25.245  6.558  -9.466 0.5714285970
109804  -28.192  10.668  -10.601 0.8571428657
110898  -27.627  11.677  -10.211 0.8571428657
111995  -28.012  12.598  -10.502 0.8571428657
109864  -28.066  10.713  -14.644 0.4285714328
110930  -28.603  11.487  -12.424 0.8571428657
112010  -28.664  12.340  -11.709 0.8571428657
109874  -27.351  10.389  -15.758 0.4285714328
97211  -24.780  -0.959  -10.124 0.7142857313
98386  -23.171  0.693  -10.645 0.4285714328
97212  -25.827  -0.889  -9.731 0.7142857313
99490  -26.324  1.322  -9.652 0.8571428657
100679  -24.410  2.250  -9.999 0.5714285970
101877  -24.332  3.895  -10.280 0.5714285970
101876  -23.563  3.611  -10.742 0.4285714328
101854  -26.243  3.416  -9.609 0.8571428657
101853  -25.190  3.374  -9.879 0.5714285970
103052  -24.062  4.585  -10.479 0.5714285970
103035  -27.817  4.417  -10.202 0.8571428657
104179  -26.673  5.469  -9.464 0.7142857313
104178  -25.553  5.513  -9.488 0.5714285970
107568  -28.865  8.548  -13.300 0.7142857313
108692  -28.747  9.537  -12.913 0.7142857313
109832  -28.779  10.542  -12.188 0.8571428657
107608  -25.704  7.782  -16.984 0.2857142985
107595  -26.739  8.071  -15.952 0.4285714328
108718  -27.542  9.045  -15.459 0.5714285970
93896  -26.305  -3.665  -10.712 0.4285714328
96078  -24.737  -1.880  -10.536 0.4285714328
97210  -23.818  -1.116  -10.582 0.4285714328
99491  -27.345  1.418  -9.926 0.7142857313
101855  -27.350  3.406  -9.733 0.8571428657
105387  -27.759  6.227  -14.094 0.7142857313
105417  -26.699  6.653  -16.230 0.2857142985
106507  -27.207  7.242  -15.241 0.5714285970
106508  -27.954  7.180  -14.350 0.5714285970
92782  -25.926  -4.384  -10.767 0.4285714328
93894  -24.369  -3.754  -10.270 0.5714285970
96079  -25.668  -1.816  -10.213 0.5714285970
98366  -27.086  0.347  -9.867 0.7142857313
103105  -28.281  4.151  -14.788 0.4285714328
104273  -27.129  5.561  -15.759 0.4285714328
104285  -26.784  6.023  -16.423 0.4285714328
105418  -26.959  6.361  -15.578 0.4285714328
89401  -25.357  -7.746  -12.957 0.5714285970
93944  -30.122  -2.776  -12.482 0.4285714328
96155  -29.312  -0.983  -13.007 0.4285714328
101913  -29.348  2.835  -14.463 0.4285714328
99541  -28.340  1.387  -13.764 0.4285714328
101928  -29.374  3.468  -14.732 0.4285714328
101926  -28.533  3.370  -14.647 0.4285714328
85772  -24.293  -10.192  -8.744 0.1428571492
97276  -29.490  -0.121  -13.443 0.4285714328
98428  -29.411  0.942  -14.040 0.4285714328
100729  -29.791  2.261  -14.242 0.4285714328
86944  -24.836  -9.263  -10.661 0.1428571492
88133  -25.359  -8.691  -9.774 0.1428571492
90567  -28.061  -7.171  -11.547 0.2857142985
93898  -30.733  -3.839  -10.873 0.2857142985
97216  -30.339  -0.918  -10.853 0.2857142985
95019  -30.373  -2.396  -11.721 0.2857142985
92810  -29.605  -4.904  -12.005 0.4285714328
98369  -30.496  0.079  -10.832 0.2857142985
96109  -30.164  -1.486  -11.913 0.2857142985
92826  -30.085  -3.577  -12.523 0.2857142985
98388  -30.276  0.492  -11.681 0.2857142985
97268  -30.086  0.006  -12.406 0.4285714328
88132  -24.767  -8.976  -8.949 0.1428571492
85784  -23.945  -10.245  -9.846 0.1428571492
89359  -25.931  -7.989  -10.502 0.2857142985
90548  -26.903  -7.185  -10.603 0.2857142985
91652  -29.890  -5.619  -10.088 0.2857142985
91679  -31.076  -5.211  -10.509 0.2857142985
91678  -30.424  -5.149  -10.826 0.2857142985
91698  -29.693  -5.536  -11.584 0.2857142985
92811  -30.288  -4.345  -11.679 0.2857142985
90506  -27.795  -6.466  -9.303 0.2857142985
89344  -25.811  -7.658  -9.334 0.2857142985
90527  -28.625  -6.366  -9.976 0.2857142985
90525  -26.949  -6.639  -10.109 0.2857142985
89376  -25.999  -8.153  -11.210 0.2857142985
82186  -22.790  -13.222  -6.407 0.2857142985
84637  -23.689  -10.540  -8.205 0.1428571492
84609  -23.059  -11.091  -7.760 0.2857142985
85749  -24.515  -10.022  -7.716 0.1428571492
79812  -21.709  -15.192  -5.648 0.2857142985
78685  -21.397  -16.316  -5.278 0.2857142985
79811  -20.919  -15.779  -5.923 0.2857142985
84585  -23.621  -11.666  -7.074 0.2857142985
78667  -20.921  -16.835  -4.831 0.2857142985
89345  -26.773  -6.848  -9.070 0.2857142985
90528  -29.575  -5.864  -9.756 0.2857142985
92783  -31.034  -4.725  -10.588 0.2857142985
91677  -29.860  -5.606  -10.537 0.2857142985
94998  -30.464  -2.896  -10.828 0.2857142985
96134  -29.778  -1.492  -12.568 0.4285714328
97244  -30.109  -0.504  -11.816 0.2857142985
99515  -30.378  1.481  -11.714 0.2857142985
99488  -24.230  0.987  -10.329 0.7142857313
99533  -30.069  1.550  -13.367 0.4285714328
103033  -25.874  4.473  -9.568 0.5714285970
100743  -28.645  2.215  -14.553 0.4285714328
104259  -27.957  4.910  -14.522 0.4285714328
104287  -27.997  5.622  -16.299 0.2857142985
105434  -26.888  6.870  -17.121 0.2857142985
115326  -23.677  15.729  -12.863 0.7142857313
108709  -28.545  9.430  -14.367 0.7142857313
115292  -25.860  15.062  -10.869 0.8571428657
119393  -22.949  18.574  -14.986 0.4285714328
118456  -23.615  18.414  -14.464 0.5714285970
108731  -26.383  8.835  -16.679 0.2857142985
115303  -27.299  15.367  -11.209 0.8571428657
118443  -25.360  18.129  -12.849 0.8571428657
113149  -29.060  13.588  -12.848 0.5714285970
118446  -28.565  18.291  -11.934 0.4285714328
119398  -27.311  19.693  -13.061 0.4285714328
125030  -19.442  25.705  -14.443 0.1428571492
121133  -25.786  22.118  -16.726 0.2857142985
121102  -27.167  21.442  -14.687 0.1428571492
123081  -21.702  23.457  -19.746 0.2857142985
79813  -22.768  -15.193  -5.181 0.1428571492
79833  -20.501  -15.211  -6.423 0.2857142985
82162  -23.266  -13.428  -5.995 0.1428571492
86919  -24.703  -9.474  -8.279 0.1428571492
88121  -25.413  -8.564  -8.353 0.1428571492
88122  -26.239  -7.753  -8.409 0.1428571492
89377  -26.820  -7.810  -11.478 0.2857142985
90526  -27.725  -6.553  -10.118 0.2857142985
90551  -29.306  -6.249  -11.027 0.2857142985
92784  -31.318  -5.183  -10.338 0.2857142985
90568  -28.773  -6.908  -12.057 0.2857142985
94983  -30.559  -3.455  -9.962 0.2857142985
93895  -25.361  -3.682  -10.383 0.5714285970
91699  -29.931  -4.939  -11.484 0.2857142985
100706  -30.485  2.489  -11.914 0.2857142985
98364  -24.947  0.068  -9.820 0.7142857313
98365  -26.039  0.206  -9.591 0.5714285970
100703  -22.843  2.628  -10.854 0.4285714328
99534  -30.183  1.603  -12.601 0.4285714328
104197  -23.202  5.553  -11.111 0.2857142985
100719  -30.260  2.530  -12.930 0.2857142985
97274  -28.652  0.527  -14.135 0.4285714328
105354  -23.841  6.349  -10.476 0.2857142985
103092  -30.098  4.461  -13.854 0.1428571492
104276  -29.601  4.625  -15.407 0.4285714328
103134  -28.218  4.609  -15.766 0.4285714328
104275  -29.053  5.319  -15.925 0.1428571492
109816  -28.830  10.532  -11.256 0.8571428657
104274  -28.682  6.229  -16.107 0.1428571492
107582  -27.563  8.115  -14.964 0.5714285970
107609  -25.941  8.169  -16.651 0.2857142985
108719  -28.101  9.978  -15.278 0.5714285970
110944  -28.532  11.614  -13.504 0.7142857313
116402  -26.580  16.042  -11.313 0.8571428657
110977  -25.952  11.346  -16.900 0.2857142985
112062  -26.469  12.360  -16.370 0.1428571492
122006  -20.316  22.888  -15.444 0.2857142985
112035  -28.528  12.654  -13.584 0.4285714328
110970  -26.750  11.662  -15.872 0.4285714328
116416  -28.487  16.679  -12.093 0.5714285970
114247  -28.544  14.211  -14.567 0.1428571492
115314  -29.405  15.425  -12.636 0.1428571492
116418  -30.133  16.684  -12.689 0.1428571492
124060  -18.612  25.326  -15.145 0.1428571492
118445  -27.448  18.267  -12.325 0.5714285970
116429  -29.887  16.038  -12.958 0.1428571492
119383  -29.258  18.822  -12.629 0.1428571492
121132  -24.540  21.934  -16.709 0.2857142985
121101  -26.121  21.278  -14.718 0.2857142985
120268  -27.740  20.451  -13.563 0.2857142985
120269  -28.801  20.253  -13.424 0.1428571492
120288  -29.301  20.786  -13.856 0.1428571492
120301  -28.853  21.382  -14.254 0.1428571492
122037  -24.634  22.627  -18.408 0.2857142985
122039  -26.381  22.378  -17.573 0.1428571492
122025  -27.090  22.401  -16.515 0.1428571492
96065  -30.426  -2.453  -9.873 0.2857142985
107620  -27.102  8.258  -17.790 0.2857142985
122010  -29.040  22.281  -15.895 0.1428571492
122084  -25.708  23.103  -19.649 0.2857142985
80948  -22.510  -14.285  -5.725 0.1428571492
83403  -23.403  -12.949  -6.243 0.1428571492
86932  -24.538  -9.691  -9.278 0.1428571492
88147  -25.381  -8.622  -11.164 0.2857142985
89393  -28.036  -7.614  -12.439 0.2857142985
94996  -26.442  -2.683  -10.468 0.4285714328
101927  -28.924  2.991  -14.787 0.4285714328
108693  -29.093  9.269  -13.731 0.7142857313
106442  -27.023  7.547  -9.487 0.8571428657
104180  -27.797  5.422  -9.702 0.8571428657
108664  -28.616  9.646  -10.984 0.8571428657
118441  -23.487  17.799  -13.940 0.5714285970
120264  -24.612  19.565  -14.390 0.7142857313
121115  -23.586  20.748  -16.152 0.5714285970
121147  -21.394  21.310  -18.061 0.2857142985
122056  -20.131  21.915  -18.395 0.2857142985
104239  -27.791  5.743  -14.211 0.4285714328
88172  -25.598  -8.440  -13.582 0.5714285970
113119  -27.319  13.624  -11.020 0.8571428657
116413  -26.156  16.587  -11.788 0.8571428657
100681  -26.803  2.379  -9.568 0.8571428657
124095  -20.469  23.958  -16.941 0.2857142985
124079  -20.123  24.491  -16.033 0.2857142985
125063  -19.715  25.686  -14.961 0.1428571492
124094  -19.898  24.013  -16.430 0.2857142985
123057  -21.646  23.360  -18.150 0.2857142985
124078  -19.515  24.515  -15.745 0.1428571492
123045  -19.669  23.783  -16.159 0.1428571492
122060  -24.087  22.624  -19.329 0.2857142985
122080  -21.991  22.942  -20.481 0.2857142985
122059  -22.385  22.359  -19.638 0.2857142985
125046  -19.194  25.828  -14.818 0.1428571492
121168  -22.465  21.896  -19.093 0.2857142985
122057  -20.457  22.665  -18.535 0.2857142985
121117  -25.388  21.620  -15.709 0.2857142985
121134  -26.459  22.198  -16.418 0.1428571492
121120  -28.741  21.806  -15.018 0.1428571492
121086  -27.650  21.242  -13.970 0.1428571492
122009  -28.001  22.184  -15.866 0.1428571492
121151  -25.627  22.389  -17.468 0.1428571492
119399  -28.317  19.727  -12.879 0.1428571492
120285  -25.044  20.354  -14.646 0.5714285970
120286  -25.618  20.794  -14.388 0.4285714328
117472  -29.942  17.958  -13.080 0.1428571492
120287  -28.417  21.027  -13.838 0.2857142985
120267  -26.735  20.224  -13.723 0.4285714328
119397  -26.294  19.625  -13.242 0.5714285970
119378  -24.895  19.004  -12.999 0.7142857313
116404  -28.211  16.207  -11.567 0.4285714328
117459  -27.986  17.473  -12.150 0.5714285970
114231  -29.091  14.538  -12.229 0.5714285970
115304  -28.129  15.478  -11.294 0.7142857313
116403  -27.484  16.127  -11.441 0.7142857313
117458  -27.049  17.436  -12.199 0.7142857313
110957  -28.389  11.805  -14.368 0.4285714328
113133  -27.938  13.934  -11.510 0.8571428657
107523  -24.629  8.253  -10.065 0.4285714328
105333  -24.580  6.683  -9.981 0.4285714328
109817  -29.110  10.964  -11.061 0.8571428657
109875  -27.851  10.349  -15.226 0.5714285970
109848  -28.554  10.549  -13.335 0.7142857313
98363  -23.822  -0.136  -10.131 0.4285714328
99489  -25.183  1.200  -9.626 0.7142857313
100680  -25.605  2.345  -9.497 0.7142857313
101852  -24.126  3.208  -10.203 0.5714285970
103032  -24.941  4.593  -10.059 0.5714285970
100704  -23.645  2.724  -10.451 0.4285714328
103034  -26.997  4.418  -9.564 0.8571428657
107583  -28.405  8.296  -14.264 0.5714285970
108710  -29.058  9.207  -14.219 0.7142857313
94995  -25.524  -2.744  -10.400 0.5714285970
94994  -24.595  -2.788  -10.510 0.5714285970
103117  -27.506  5.098  -15.821 0.4285714328
105428  -27.373  6.357  -16.777 0.2857142985
97243  -29.885  -1.099  -12.243 0.4285714328
99552  -28.864  1.489  -14.432 0.4285714328
101914  -29.892  3.376  -14.146 0.4285714328
103120  -29.269  3.949  -15.165 0.4285714328
98420  -29.916  0.453  -13.154 0.4285714328
90549  -27.531  -7.148  -10.825 0.2857142985
90550  -28.371  -6.753  -10.906 0.2857142985
93926  -30.401  -3.309  -11.727 0.2857142985
98410  -30.162  0.692  -12.561 0.4285714328
88120  -24.915  -8.973  -8.390 0.1428571492
89360  -26.414  -7.234  -10.171 0.2857142985
90505  -27.261  -6.517  -9.618 0.2857142985
90507  -28.697  -6.296  -8.972 0.2857142985
78686  -22.201  -16.146  -5.114 0.1428571492
104288  -28.371  4.881  -16.021 0.2857142985
124032  -18.953  25.560  -14.427 0.1428571492
123016  -19.162  24.531  -14.115 0.1428571492
115324  -22.562  15.378  -13.211 0.5714285970
114229  -22.769  14.286  -12.579 0.4285714328
114228  -22.165  14.340  -12.786 0.4285714328
115325  -23.267  15.693  -13.018 0.5714285970
113147  -22.897  13.349  -12.087 0.4285714328
115311  -23.329  15.103  -12.383 0.5714285970
116412  -24.014  16.296  -13.086 0.4285714328
110913  -23.489  11.476  -11.331 0.4285714328
112008  -23.762  12.421  -11.289 0.4285714328
112007  -22.969  12.392  -11.669 0.4285714328
113129  -23.334  13.037  -11.537 0.5714285970
114216  -23.867  14.279  -11.434 0.5714285970
115299  -23.714  14.648  -11.811 0.5714285970
109800  -24.407  9.743  -10.518 0.5714285970
97193  -31.049  -0.774  -9.117 0.1428571492
98343  -30.479  -0.334  -9.886 0.1428571492
99494  -30.628  1.214  -10.641 0.1428571492
84703  -23.094  -11.505  -12.060 0.2857142985
96082  -30.266  -1.923  -10.807 0.1428571492
96038  -32.615  -1.846  -7.165 0.1428571492
97181  -31.628  -1.162  -8.328 0.1428571492
97168  -32.919  -0.946  -7.227 0.1428571492
98329  -31.530  -0.171  -8.401 0.1428571492
98316  -32.701  -0.137  -7.126 0.1428571492
84683  -22.725  -11.951  -11.756 0.2857142985
93880  -31.234  -3.872  -9.307 0.1428571492
94972  -31.430  -3.043  -8.553 0.1428571492
96053  -31.661  -2.068  -7.881 0.1428571492
96022  -33.443  -1.740  -6.094 0.1428571492
96037  -32.161  -2.424  -7.508 0.1428571492
97144  -35.140  -0.459  -4.613 0.1428571492
97142  -34.138  -1.047  -5.599 0.1428571492
98283  -34.648  0.107  -4.932 0.1428571492
83508  -22.332  -12.130  -11.053 0.2857142985
83507  -21.708  -12.193  -10.669 0.2857142985
90529  -30.516  -6.284  -9.313 0.1428571492
90530  -31.395  -6.618  -9.373 0.1428571492
91654  -31.222  -5.751  -10.182 0.1428571492
91653  -30.269  -5.643  -10.103 0.1428571492
92763  -31.599  -4.985  -9.814 0.1428571492
92726  -32.636  -4.483  -7.271 0.1428571492
92755  -32.111  -5.140  -8.884 0.1428571492
93842  -33.329  -3.625  -6.444 0.1428571492
92745  -32.123  -4.548  -8.067 0.1428571492
93843  -33.820  -3.553  -5.936 0.1428571492
93830  -34.799  -3.524  -4.739 0.1428571492
94933  -35.664  -2.165  -4.404 0.1428571492
96010  -34.306  -1.709  -5.281 0.1428571492
83486  -21.386  -12.565  -9.946 0.2857142985
83485  -20.380  -12.660  -9.620 0.2857142985
89347  -28.870  -6.893  -8.271 0.1428571492
90509  -30.174  -6.551  -8.638 0.1428571492
89361  -30.926  -6.863  -9.239 0.1428571492
90531  -31.843  -6.543  -9.211 0.1428571492
91612  -32.600  -5.144  -7.591 0.1428571492
91638  -32.254  -5.889  -8.833 0.1428571492
92728  -33.715  -4.405  -6.079 0.1428571492
92709  -34.111  -4.210  -5.581 0.1428571492
98270  -36.145  -0.075  -4.428 0.1428571492
95999  -36.248  -1.468  -4.180 0.1428571492
89346  -27.849  -6.791  -8.443 0.1428571492
89336  -31.018  -7.718  -7.896 0.1428571492
89335  -30.134  -7.683  -7.799 0.1428571492
90495  -32.893  -6.762  -7.359 0.1428571492
89362  -31.130  -7.075  -9.138 0.1428571492
90483  -33.193  -6.210  -6.812 0.1428571492
90494  -32.560  -6.355  -8.113 0.1428571492
91614  -33.670  -5.447  -6.345 0.1428571492
93817  -35.484  -3.582  -4.269 0.1428571492
91587  -34.835  -5.516  -5.096 0.1428571492
93802  -36.410  -3.172  -3.708 0.1428571492
93818  -36.066  -3.550  -3.686 0.1428571492
89333  -28.165  -7.529  -7.738 0.1428571492
88112  -30.474  -8.567  -7.500 0.1428571492
89334  -29.184  -7.634  -7.738 0.1428571492
89337  -31.793  -7.745  -7.952 0.1428571492
89348  -29.787  -6.961  -8.223 0.1428571492
89322  -33.458  -7.354  -6.722 0.1428571492
88115  -33.067  -8.225  -7.209 0.1428571492
89323  -33.916  -7.163  -5.912 0.1428571492
89306  -34.609  -7.360  -5.371 0.1428571492
90484  -33.680  -6.474  -6.260 0.1428571492
92695  -35.209  -4.220  -4.493 0.1428571492
86905  -30.822  -9.515  -7.291 0.1428571492
88111  -29.556  -8.520  -7.471 0.1428571492
86906  -31.777  -9.552  -7.423 0.1428571492
88096  -33.627  -8.255  -6.741 0.1428571492
90455  -35.071  -6.483  -5.008 0.1428571492
88097  -34.299  -8.328  -6.228 0.1428571492
88113  -31.374  -8.585  -7.528 0.1428571492
89349  -30.663  -7.090  -8.680 0.1428571492
89338  -32.439  -7.342  -7.784 0.1428571492
94902  -37.053  -3.054  -3.684 0.1428571492
98271  -36.696  0.142  -4.478 0.1428571492
94932  -35.225  -2.610  -4.571 0.1428571492
94944  -33.495  -2.792  -6.322 0.1428571492
94931  -34.399  -2.730  -5.198 0.1428571492
97192  -30.461  -1.380  -9.851 0.1428571492
98344  -30.909  0.280  -9.133 0.1428571492
91588  -35.371  -5.883  -4.576 0.1428571492
92696  -35.776  -4.513  -3.871 0.1428571492
94920  -37.164  -2.272  -3.677 0.1428571492
98286  -37.171  1.077  -4.738 0.1428571492
109814  -24.132  10.605  -10.836 0.4285714328
96011  -35.256  -1.496  -4.551 0.1428571492
98284  -35.471  0.553  -4.815 0.1428571492
98296  -34.048  -0.003  -6.154 0.1428571492
98298  -35.006  1.043  -5.616 0.1428571492
99470  -30.974  1.385  -9.400 0.1428571492
116426  -22.091  16.366  -13.704 0.4285714328
118440  -23.172  17.473  -14.180 0.4285714328
122085  -26.651  23.029  -19.225 0.1428571492
116411  -23.508  16.746  -13.304 0.4285714328
122083  -24.740  22.780  -20.455 0.1428571492
89332  -27.089  -7.505  -7.963 0.1428571492
90508  -29.613  -6.318  -8.736 0.1428571492
93879  -31.026  -4.318  -10.123 0.1428571492
101899  -30.418  3.696  -13.167 0.1428571492
94984  -30.968  -2.957  -9.347 0.1428571492
96066  -31.272  -1.960  -9.114 0.1428571492
96054  -32.060  -1.427  -7.789 0.1428571492
97182  -32.342  -0.747  -7.801 0.1428571492
96039  -33.080  -1.301  -6.817 0.1428571492
94943  -32.890  -2.838  -6.695 0.1428571492
97169  -33.203  -0.734  -6.609 0.1428571492
99452  -31.476  0.901  -8.491 0.1428571492
99435  -32.726  0.875  -7.230 0.1428571492
98317  -33.480  0.282  -6.507 0.1428571492
93868  -31.564  -3.835  -8.617 0.1428571492
94959  -31.915  -2.961  -7.767 0.1428571492
96009  -33.873  -1.264  -5.686 0.1428571492
96023  -33.936  -2.241  -5.517 0.1428571492
93841  -32.750  -3.675  -6.927 0.1428571492
97143  -34.476  -0.603  -5.340 0.1428571492
91655  -31.989  -6.068  -9.534 0.1428571492
91628  -32.460  -5.492  -8.188 0.1428571492
92727  -33.178  -4.496  -6.658 0.1428571492
93829  -34.292  -3.536  -5.388 0.1428571492
90511  -32.082  -6.679  -8.737 0.1428571492
89350  -31.517  -7.193  -8.722 0.1428571492
91613  -32.936  -5.295  -6.956 0.1428571492
90482  -32.741  -5.885  -7.476 0.1428571492
90454  -34.272  -6.212  -5.643 0.1428571492
92710  -34.639  -4.452  -5.023 0.1428571492
88110  -28.601  -8.457  -7.402 0.1428571492
89339  -32.988  -7.419  -7.291 0.1428571492
89351  -31.993  -7.241  -8.328 0.1428571492
89307  -35.175  -7.196  -4.850 0.1428571492
88114  -32.252  -8.508  -7.566 0.1428571492
78683  -19.129  -17.100  -5.745 0.1428571492
78684  -20.279  -16.598  -5.457 0.1428571492
78700  -18.384  -16.770  -6.525 0.1428571492
78701  -19.425  -16.288  -6.304 0.1428571492
78702  -20.209  -15.915  -6.279 0.1428571492
80970  -20.073  -14.641  -7.051 0.1428571492
80990  -20.049  -14.179  -7.919 0.1428571492
81008  -20.045  -13.722  -8.525 0.1428571492
82200  -20.564  -13.591  -8.134 0.1428571492
82214  -20.882  -13.267  -8.402 0.1428571492
81007  -19.401  -13.906  -8.443 0.1428571492
82212  -19.727  -13.494  -9.074 0.1428571492
82213  -20.414  -13.217  -8.879 0.1428571492
83462  -20.595  -12.833  -9.033 0.1428571492
83484  -19.545  -12.366  -9.428 0.1428571492
84659  -19.866  -11.625  -9.680 0.1428571492
84681  -21.329  -11.726  -10.616 0.1428571492
83506  -20.982  -12.390  -10.484 0.1428571492
85796  -21.670  -10.925  -10.737 0.2857142985
84682  -21.992  -11.801  -11.187 0.1428571492
85797  -22.281  -11.051  -11.398 0.1428571492
86962  -23.723  -10.388  -12.781 0.2857142985
91676  -24.801  -5.745  -10.530 0.4285714328
92806  -25.887  -4.982  -11.204 0.4285714328
92781  -25.230  -4.768  -10.491 0.4285714328
108648  -24.100  8.906  -10.340 0.2857142985
108663  -23.647  9.585  -10.834 0.2857142985
109801  -25.023  10.435  -10.267 0.2857142985
112033  -20.502  12.617  -13.690 0.2857142985
113163  -21.261  13.575  -13.403 0.2857142985
114245  -21.716  14.569  -13.287 0.2857142985
114266  -21.086  14.914  -13.967 0.4285714328
86942  -22.075  -10.021  -10.694 0.2857142985
86952  -23.129  -10.305  -12.102 0.1428571492
80969  -19.632  -14.949  -7.203 0.1428571492
82229  -19.615  -13.074  -9.466 0.1428571492
84660  -20.531  -11.748  -10.252 0.1428571492
85795  -20.940  -10.829  -10.226 0.1428571492
86951  -22.491  -10.159  -11.562 0.2857142985
88158  -22.936  -9.506  -11.520 0.2857142985
88170  -24.147  -9.558  -12.962 0.2857142985
89400  -24.899  -8.305  -12.782 0.4285714328
89390  -24.912  -7.745  -11.935 0.4285714328
91675  -23.906  -5.734  -10.281 0.2857142985
106439  -24.346  7.369  -10.319 0.2857142985
107538  -23.434  8.432  -10.954 0.2857142985
108661  -21.999  8.990  -11.754 0.2857142985
109813  -23.131  10.420  -11.376 0.2857142985
110928  -20.977  11.670  -13.474 0.2857142985
110942  -20.549  11.678  -13.885 0.2857142985
113146  -22.013  13.648  -12.711 0.2857142985
88159  -23.598  -9.159  -11.963 0.2857142985
107522  -24.053  8.069  -10.497 0.2857142985
108662  -22.857  9.310  -11.409 0.2857142985
106453  -22.050  7.431  -11.366 0.2857142985
109812  -21.962  10.153  -11.561 0.2857142985
109831  -21.112  10.957  -12.148 0.2857142985
110912  -22.286  11.426  -11.752 0.2857142985
110927  -20.607  10.979  -13.582 0.2857142985
112022  -22.114  12.595  -12.199 0.2857142985
108677  -21.359  9.714  -12.407 0.2857142985
90566  -25.058  -6.677  -11.371 0.4285714328
91696  -25.591  -5.750  -11.394 0.4285714328
83463  -21.126  -12.800  -8.698 0.1428571492
88160  -24.420  -8.642  -12.483 0.4285714328
79832  -19.605  -15.385  -6.868 0.1428571492
112021  -21.424  12.679  -12.991 0.2857142985
110929  -21.433  11.911  -12.416 0.2857142985
85810  -22.882  -11.069  -11.888 0.1428571492
82230  -20.039  -13.209  -9.377 0.1428571492
82228  -19.211  -12.852  -9.444 0.1428571492
86941  -21.288  -9.880  -10.217 0.2857142985
90547  -24.342  -6.316  -10.745 0.4285714328
110943  -20.977  12.088  -14.096 0.2857142985
89389  -24.095  -7.965  -11.546 0.4285714328
109829  -20.351  10.132  -13.323 0.2857142985
94993  -23.685  -2.871  -10.810 0.2857142985
96077  -23.937  -1.992  -11.050 0.2857142985
125093  -24.215  25.431  -19.124 0.1428571492
126081  -24.438  26.430  -19.834 0.1428571492
125106  -22.655  25.354  -20.372 0.1428571492
123108  -22.781  23.728  -20.785 0.1428571492
122100  -23.626  22.690  -20.964 0.1428571492
125094  -25.192  25.488  -18.683 0.1428571492
124141  -22.553  24.746  -20.650 0.1428571492
123065  -21.519  24.233  -18.720 0.1428571492
124065  -22.864  24.521  -15.632 0.1428571492
124121  -25.071  23.216  -21.135 0.1428571492
126112  -24.527  26.690  -20.992 0.1428571492
122094  -23.870  22.615  -20.871 0.1428571492
124152  -22.818  25.367  -21.256 0.1428571492
124154  -24.124  24.593  -20.582 0.1428571492
121177  -22.991  22.249  -19.992 0.1428571492
124106  -21.267  24.411  -19.126 0.1428571492
122093  -23.099  22.258  -21.081 0.1428571492
124108  -23.440  24.564  -18.495 0.1428571492
124082  -23.168  24.061  -16.483 0.1428571492
123058  -22.480  23.571  -18.188 0.1428571492
124081  -22.130  24.323  -16.468 0.1428571492
124097  -22.414  23.730  -17.389 0.1428571492
122097  -22.026  23.230  -21.207 0.1428571492
123099  -21.971  23.536  -20.460 0.1428571492
125107  -23.082  25.693  -20.105 0.1428571492
124109  -24.804  24.766  -18.384 0.1428571492
126110  -22.890  26.243  -20.909 0.1428571492
124120  -22.283  24.704  -19.969 0.1428571492
125091  -22.599  25.177  -19.785 0.1428571492
124107  -22.167  24.639  -19.220 0.1428571492
125135  -23.536  25.813  -21.183 0.1428571492
106468  -20.842  7.548  -12.642 0.1428571492
107536  -21.810  8.153  -11.673 0.1428571492
107550  -21.381  8.481  -12.460 0.1428571492
109847  -20.107  10.749  -13.544 0.1428571492
109827  -17.050  10.581  -12.881 0.1428571492
109828  -17.342  10.822  -13.359 0.1428571492
106454  -22.861  7.472  -11.092 0.1428571492
110911  -16.843  11.666  -11.714 0.1428571492
112019  -17.713  12.252  -12.637 0.1428571492
113144  -18.005  12.796  -12.868 0.2857142985
99513  -23.434  1.802  -10.541 0.2857142985
99512  -22.462  1.468  -10.947 0.1428571492
104218  -21.952  5.297  -12.222 0.1428571492
104196  -22.481  5.855  -11.497 0.1428571492
105369  -21.705  6.395  -11.761 0.1428571492
109883  -26.281  10.146  -17.117 0.1428571492
107549  -20.774  8.283  -12.915 0.1428571492
113161  -19.887  13.339  -13.786 0.1428571492
113160  -19.188  13.252  -13.790 0.1428571492
113145  -18.343  13.351  -13.285 0.2857142985
115334  -20.243  15.359  -15.066 0.2857142985
117467  -19.341  17.052  -13.878 0.2857142985
116410  -18.626  16.786  -12.697 0.2857142985
118461  -19.625  18.327  -14.208 0.2857142985
121074  -20.521  21.061  -12.428 0.1428571492
115323  -21.614  15.500  -13.877 0.2857142985
114243  -18.857  14.218  -13.989 0.2857142985
116437  -20.703  16.163  -14.964 0.2857142985
118462  -22.073  17.768  -15.188 0.2857142985
117477  -20.688  16.909  -14.709 0.2857142985
116423  -18.775  16.503  -13.593 0.2857142985
119418  -20.908  18.160  -15.592 0.2857142985
117476  -19.997  17.222  -14.440 0.2857142985
119417  -20.195  18.417  -15.658 0.2857142985
120279  -18.908  20.112  -14.156 0.1428571492
118428  -18.548  18.097  -11.962 0.2857142985
116384  -17.943  16.646  -11.586 0.1428571492
116383  -16.591  16.663  -11.337 0.1428571492
113116  -17.376  13.405  -11.226 0.2857142985
117441  -18.690  17.579  -12.172 0.2857142985
119391  -19.271  19.287  -13.817 0.1428571492
118438  -19.767  18.218  -12.465 0.2857142985
119377  -20.121  19.741  -12.531 0.1428571492
118439  -20.156  19.027  -12.488 0.1428571492
111990  -15.738  12.706  -10.715 0.2857142985
115288  -20.111  16.508  -11.253 0.1428571492
121065  -20.667  20.716  -11.755 0.1428571492
118430  -20.071  18.656  -11.749 0.1428571492
111964  -14.691  12.611  -8.644 0.1428571492
106543  -27.602  7.655  -17.221 0.1428571492
103050  -22.674  4.757  -11.917 0.1428571492
105368  -20.920  6.606  -12.327 0.1428571492
107566  -19.820  8.333  -13.580 0.1428571492
107565  -19.062  8.509  -14.140 0.1428571492
108690  -19.803  9.510  -13.523 0.1428571492
109844  -17.449  10.318  -13.537 0.1428571492
110941  -19.552  11.517  -13.670 0.1428571492
112005  -16.545  12.238  -11.287 0.1428571492
112032  -19.791  12.454  -13.692 0.1428571492
111991  -16.781  12.802  -10.989 0.2857142985
114227  -18.296  14.549  -13.189 0.1428571492
115322  -19.208  15.766  -14.348 0.2857142985
115309  -18.283  15.741  -12.802 0.1428571492
116424  -19.137  16.078  -14.063 0.1428571492
115289  -20.586  16.559  -11.138 0.1428571492
116385  -19.416  16.680  -11.192 0.2857142985
117443  -19.697  17.833  -11.716 0.1428571492
121082  -19.745  20.604  -13.777 0.1428571492
120246  -20.370  20.076  -11.631 0.1428571492
120254  -20.072  20.301  -12.090 0.1428571492
108745  -25.850  8.377  -17.186 0.1428571492
108746  -26.433  9.101  -17.583 0.1428571492
119419  -21.572  18.088  -15.350 0.2857142985
119407  -20.747  18.530  -15.734 0.2857142985
118469  -19.632  18.069  -15.161 0.2857142985
120261  -20.258  20.366  -13.126 0.1428571492
101875  -22.683  3.573  -11.595 0.1428571492
118455  -22.866  17.833  -14.666 0.2857142985
105353  -23.025  6.542  -10.934 0.1428571492
106536  -28.967  7.550  -16.516 0.1428571492
117469  -21.817  16.947  -14.274 0.2857142985
113162  -20.524  13.657  -13.938 0.1428571492
114244  -20.980  14.280  -13.788 0.1428571492
113180  -20.205  14.194  -14.451 0.1428571492
106469  -21.436  7.439  -11.999 0.1428571492
108691  -20.184  8.861  -13.374 0.1428571492
108689  -18.593  9.554  -13.876 0.1428571492
106489  -20.504  7.779  -13.026 0.1428571492
106467  -20.529  7.373  -13.048 0.1428571492
109846  -19.078  10.522  -13.576 0.1428571492
109845  -17.948  10.471  -13.645 0.1428571492
110925  -17.176  11.445  -12.602 0.1428571492
110940  -18.584  11.394  -13.505 0.1428571492
105352  -22.413  6.727  -11.278 0.1428571492
112006  -17.276  12.396  -11.747 0.1428571492
112020  -18.298  12.226  -13.122 0.1428571492
112031  -18.897  12.357  -13.710 0.1428571492
113178  -19.430  13.804  -14.175 0.2857142985
113128  -17.762  14.006  -12.887 0.2857142985
115333  -19.485  15.355  -14.718 0.2857142985
115335  -20.895  15.461  -14.559 0.2857142985
114264  -19.951  14.626  -14.715 0.2857142985
117468  -19.762  17.740  -13.646 0.2857142985
116396  -18.567  16.623  -11.877 0.1428571492
117453  -19.795  17.986  -13.079 0.2857142985
121975  -20.779  21.435  -11.874 0.1428571492
116436  -19.967  16.240  -15.293 0.2857142985
117478  -21.384  16.873  -14.914 0.2857142985
117486  -21.626  17.412  -15.241 0.2857142985
117475  -19.526  16.747  -14.197 0.2857142985
117485  -20.990  17.337  -15.172 0.2857142985
115295  -18.176  15.569  -11.626 0.1428571492
118470  -20.411  17.743  -15.436 0.2857142985
119392  -20.069  19.556  -13.316 0.1428571492
118429  -19.079  18.196  -11.966 0.2857142985
123017  -19.838  24.067  -13.717 0.1428571492
118454  -20.371  19.252  -12.957 0.2857142985
114215  -18.129  14.495  -11.926 0.1428571492
115321  -18.748  15.401  -14.001 0.2857142985
119369  -19.973  19.594  -11.858 0.1428571492
88143  -20.477  -8.782  -10.315 0.1428571492
88145  -22.437  -9.025  -10.781 0.1428571492
89371  -19.883  -7.679  -10.406 0.1428571492
91670  -19.606  -6.335  -10.907 0.1428571492
91671  -20.151  -6.076  -10.926 0.1428571492
89373  -21.704  -7.841  -10.430 0.1428571492
91672  -21.072  -5.638  -10.797 0.1428571492
90544  -21.874  -6.793  -10.556 0.1428571492
89375  -23.317  -7.936  -11.122 0.1428571492
92777  -21.694  -5.271  -10.831 0.1428571492
91673  -22.138  -5.851  -10.515 0.1428571492
90565  -24.110  -6.821  -11.529 0.1428571492
91674  -23.049  -5.817  -10.430 0.1428571492
90546  -23.662  -6.447  -10.655 0.1428571492
91694  -20.169  -5.331  -11.507 0.1428571492
92804  -21.359  -4.742  -11.579 0.1428571492
92779  -23.249  -4.945  -10.572 0.1428571492
93922  -22.963  -2.942  -11.310 0.1428571492
96105  -23.141  -1.253  -11.392 0.1428571492
97240  -23.135  -0.312  -11.073 0.1428571492
113115  -16.586  13.564  -10.642 0.1428571492
89374  -22.586  -7.859  -10.681 0.1428571492
88131  -19.929  -9.079  -9.988 0.1428571492
89358  -19.302  -7.700  -10.078 0.1428571492
90543  -20.931  -6.827  -10.742 0.1428571492
117429  -18.608  17.093  -10.666 0.1428571492
92780  -24.146  -4.817  -10.136 0.1428571492
88144  -21.464  -8.875  -10.454 0.1428571492
88146  -22.998  -8.700  -11.185 0.1428571492
93893  -23.277  -3.838  -10.639 0.1428571492
89372  -20.744  -7.782  -10.476 0.1428571492
90545  -22.920  -6.845  -10.514 0.1428571492
92803  -20.363  -4.533  -12.008 0.1428571492
92778  -22.363  -5.063  -11.009 0.1428571492
88130  -19.277  -8.691  -9.794 0.1428571492
84704  -23.044  -11.688  -11.918 0.2857142985
85820  -23.886  -10.996  -13.116 0.2857142985
85823  -26.006  -10.695  -13.802 0.5714285970
85832  -24.834  -11.065  -13.988 0.2857142985
85833  -25.508  -11.004  -14.060 0.5714285970
85834  -26.097  -10.686  -14.035 0.5714285970
85842  -25.145  -11.017  -14.640 0.4285714328
85843  -25.634  -10.740  -14.292 0.5714285970
85844  -25.947  -10.622  -14.193 0.5714285970
86898  -24.776  -9.598  -7.804 0.1428571492
86933  -24.847  -9.322  -9.748 0.1428571492
86953  -24.555  -9.913  -11.155 0.2857142985
86964  -25.691  -10.377  -12.605 0.7142857313
86974  -25.689  -10.062  -14.479 0.5714285970
86975  -26.619  -10.230  -14.191 0.5714285970
86982  -25.370  -10.550  -14.496 0.5714285970
86983  -25.880  -10.431  -14.326 0.5714285970
88161  -25.805  -9.153  -11.940 0.2857142985
88162  -26.516  -8.972  -12.570 0.4285714328
88171  -24.927  -9.099  -13.601 0.4285714328
88185  -28.098  -9.024  -13.414 0.5714285970
89378  -27.625  -7.463  -11.532 0.2857142985
89391  -25.370  -7.278  -12.048 0.5714285970
89402  -28.217  -9.208  -13.136 0.5714285970
89403  -28.422  -8.643  -13.112 0.5714285970
89404  -28.833  -7.738  -12.986 0.5714285970
90456  -35.422  -6.403  -4.559 0.1428571492
90510  -31.756  -6.794  -9.062 0.1428571492
90564  -23.571  -7.112  -11.148 0.1428571492
90576  -29.691  -6.671  -13.105 0.5714285970
90580  -25.894  -7.005  -13.160 0.7142857313
91566  -35.336  -5.002  -4.601 0.1428571492
91586  -34.272  -5.042  -5.685 0.1428571492
91695  -20.769  -5.125  -11.575 0.1428571492
91718  -29.174  -6.269  -13.388 0.5714285970
91719  -29.546  -6.354  -13.230 0.5714285970
92744  -31.779  -4.129  -8.387 0.1428571492
92754  -31.685  -4.440  -8.817 0.1428571492
92762  -31.302  -4.691  -10.232 0.2857142985
92764  -32.037  -5.530  -9.305 0.1428571492
93858  -31.795  -3.705  -8.114 0.1428571492
93859  -32.256  -3.710  -7.541 0.1428571492
93923  -26.932  -3.911  -11.345 0.7142857313
93941  -27.656  -2.786  -13.288 0.7142857313
93958  -27.793  -2.522  -13.334 0.5714285970
94901  -36.631  -3.055  -3.703 0.1428571492
94918  -35.719  -3.074  -4.109 0.1428571492
94919  -36.167  -2.599  -3.928 0.1428571492
94945  -33.929  -2.764  -5.782 0.1428571492
94960  -32.431  -2.894  -7.259 0.1428571492
95028  -27.445  -2.969  -13.159 0.7142857313
95029  -29.558  -2.262  -12.777 0.4285714328
95030  -30.115  -2.015  -12.361 0.4285714328
95041  -28.984  -1.790  -13.123 0.5714285970
95998  -35.581  -0.967  -4.343 0.1428571492
96012  -35.870  -1.944  -4.354 0.1428571492
96021  -33.129  -2.290  -6.585 0.1428571492
96108  -29.957  -1.364  -12.264 0.2857142985
96132  -27.767  -1.598  -12.871 0.5714285970
96135  -30.055  -1.676  -12.301 0.4285714328
96153  -28.019  -1.493  -13.186 0.5714285970
97130  -35.845  -0.483  -4.382 0.1428571492
97131  -36.668  -0.629  -4.277 0.1428571492
97152  -33.810  -0.630  -5.953 0.1428571492
97153  -34.205  -0.154  -5.875 0.1428571492
97215  -28.171  -0.037  -11.235 0.7142857313
97241  -28.101  -0.692  -11.664 0.7142857313
97265  -28.406  0.565  -13.697 0.5714285970
97267  -29.804  -0.609  -12.699 0.4285714328
97275  -28.756  0.357  -13.817 0.4285714328
97277  -30.009  0.026  -12.966 0.4285714328
97283  -29.097  0.633  -14.039 0.4285714328
97284  -29.286  0.489  -13.869 0.4285714328
98407  -28.299  0.849  -13.557 0.5714285970
98409  -30.040  0.989  -13.083 0.4285714328
98417  -28.494  0.949  -13.770 0.4285714328
98418  -28.751  0.979  -13.948 0.4285714328
98419  -29.779  0.789  -13.618 0.4285714328
98427  -29.020  0.958  -14.121 0.4285714328
99469  -30.652  0.545  -9.962 0.1428571492
99514  -28.579  1.867  -12.287 0.7142857313
99531  -28.144  1.394  -13.463 0.4285714328
99542  -28.524  1.500  -14.120 0.4285714328
99543  -29.960  1.454  -14.048 0.4285714328
99553  -29.387  1.497  -14.355 0.4285714328
100664  -28.816  2.995  -11.005 0.8571428657
100683  -28.348  2.468  -10.791 0.8571428657
100684  -28.755  2.608  -11.581 0.8571428657
100718  -30.151  2.071  -13.738 0.4285714328
100727  -28.222  1.664  -13.701 0.5714285970
100728  -28.283  2.160  -14.026 0.5714285970
100730  -30.102  2.768  -13.658 0.4285714328
100744  -29.176  2.145  -14.691 0.4285714328
101834  -28.636  3.032  -10.770 0.8571428657
101835  -28.692  3.224  -10.936 0.8571428657
101857  -28.732  3.443  -11.208 0.8571428657
101940  -28.483  4.000  -15.111 0.4285714328
101941  -28.790  3.690  -15.058 0.4285714328
101942  -29.045  3.496  -14.998 0.4285714328
103104  -27.665  4.902  -15.284 0.4285714328
103118  -28.059  4.365  -15.421 0.4285714328
103119  -28.716  4.374  -15.566 0.4285714328
103132  -27.540  5.277  -16.107 0.2857142985
103133  -27.882  4.890  -15.972 0.4285714328
104177  -24.552  5.644  -10.053 0.5714285970
104258  -27.537  5.650  -15.048 0.4285714328
104272  -26.670  6.020  -16.164 0.4285714328
104286  -27.028  5.663  -16.322 0.2857142985
105367  -20.580  6.826  -13.011 0.1428571492
105404  -27.548  6.420  -14.652 0.7142857313
105405  -27.864  6.512  -14.167 0.7142857313
105427  -26.758  6.512  -16.598 0.4285714328
105429  -28.321  6.713  -16.855 0.2857142985
105435  -27.503  6.998  -17.200 0.2857142985
105436  -27.973  7.202  -17.124 0.1428571492
106455  -23.570  7.381  -10.642 0.2857142985
106457  -28.848  7.999  -11.341 1.0000000000
106488  -20.210  7.338  -13.497 0.1428571492
106523  -26.479  7.255  -16.657 0.2857142985
106524  -26.707  7.234  -16.044 0.2857142985
106535  -26.363  7.287  -17.137 0.2857142985
106542  -26.858  7.487  -17.422 0.2857142985
106544  -28.289  7.593  -16.902 0.1428571492
107525  -26.457  8.533  -9.616 0.8571428657
107537  -22.580  8.298  -11.462 0.1428571492
107552  -28.900  8.220  -11.498 1.0000000000
107567  -20.357  8.316  -13.241 0.1428571492
107569  -29.204  8.925  -13.939 0.7142857313
107584  -28.953  8.764  -14.235 0.7142857313
107594  -26.302  7.768  -16.523 0.2857142985
107619  -26.207  8.013  -17.522 0.2857142985
108675  -20.316  9.649  -13.325 0.1428571492
108676  -20.679  9.270  -13.159 0.2857142985
108678  -28.839  9.784  -11.827 0.8571428657
108708  -27.898  8.731  -14.704 0.5714285970
108730  -25.755  8.274  -16.876 0.2857142985
109805  -28.810  10.969  -10.880 0.8571428657
109815  -24.541  10.988  -10.450 0.8571428657
109830  -20.647  10.491  -12.932 0.2857142985
110895  -24.866  12.078  -10.871 1.0000000000
110900  -28.980  11.215  -10.951 0.8571428657
110916  -28.872  11.358  -11.356 0.8571428657
110917  -29.069  11.191  -11.183 0.8571428657
110926  -17.865  11.345  -13.080 0.1428571492
110956  -27.559  11.494  -14.962 0.2857142985
110969  -26.360  11.765  -16.321 0.1428571492
111996  -28.620  12.359  -10.990 0.8571428657
112034  -20.946  12.654  -13.632 0.2857142985
113117  -25.270  13.522  -10.843 0.8571428657
113121  -28.533  12.829  -11.330 0.8571428657
113127  -17.637  13.359  -12.354 0.2857142985
113132  -27.496  14.196  -11.358 0.8571428657
113148  -23.399  13.476  -11.723 0.5714285970
113150  -29.070  13.986  -13.306 0.5714285970
113165  -29.069  14.186  -13.532 0.2857142985
113179  -19.894  13.962  -14.376 0.2857142985
114210  -24.957  14.348  -10.748 1.0000000000
114217  -24.399  14.089  -10.938 0.8571428657
114218  -27.142  14.583  -11.199 0.8571428657
114230  -23.511  14.042  -12.030 0.4285714328
114246  -22.367  14.716  -12.886 0.4285714328
114248  -29.051  14.592  -13.938 0.2857142985
114263  -19.440  14.464  -14.440 0.2857142985
114265  -20.515  14.632  -14.432 0.1428571492
115287  -19.948  16.622  -11.391 0.1428571492
115291  -25.024  15.057  -10.736 0.8571428657
115296  -19.787  16.506  -11.423 0.1428571492
115297  -20.326  16.663  -11.380 0.1428571492
115298  -20.726  16.878  -11.198 0.1428571492
115301  -24.906  15.747  -11.186 0.8571428657
115302  -26.564  15.207  -11.052 0.8571428657
115310  -22.737  14.898  -12.735 0.4285714328
115332  -19.056  14.845  -14.400 0.1428571492
116386  -20.255  16.468  -10.694 0.1428571492
116389  -26.039  15.752  -10.872 0.8571428657
116394  -15.903  16.965  -11.454 0.1428571492
116395  -16.142  17.140  -11.587 0.1428571492
116397  -19.577  16.915  -11.530 0.2857142985
116398  -20.357  17.257  -11.407 0.1428571492
116414  -26.823  16.700  -11.841 0.8571428657
116425  -21.399  16.239  -14.427 0.2857142985
116427  -23.109  16.343  -13.348 0.4285714328
116428  -23.602  15.948  -13.200 0.4285714328
116430  -30.398  16.561  -13.185 0.1428571492
116434  -19.242  16.535  -14.045 0.2857142985
116435  -19.541  16.247  -14.477 0.1428571492
117442  -18.787  17.693  -11.775 0.2857142985
117445  -25.284  16.839  -11.939 0.8571428657
117446  -25.767  16.731  -11.883 0.8571428657
117447  -29.292  17.864  -11.926 0.1428571492
117448  -29.471  18.029  -12.023 0.1428571492
117452  -19.403  17.355  -12.863 0.2857142985
117460  -28.899  17.434  -12.170 0.1428571492
117470  -22.720  17.096  -14.040 0.5714285970
117471  -23.286  16.964  -13.569 0.4285714328
117479  -22.225  17.176  -14.935 0.2857142985
117483  -19.974  17.552  -15.090 0.2857142985
117484  -20.427  17.340  -14.932 0.2857142985
118433  -29.217  18.151  -11.789 0.1428571492
118437  -18.846  18.068  -12.202 0.2857142985
118447  -29.276  18.378  -12.240 0.1428571492
118453  -20.020  18.654  -13.304 0.2857142985
118457  -24.275  18.769  -14.415 0.8571428657
118458  -29.563  18.407  -12.880 0.1428571492
118459  -30.064  18.481  -13.317 0.1428571492
118463  -24.020  18.738  -14.953 0.8571428657
118471  -21.199  17.746  -15.401 0.2857142985
118472  -21.628  17.760  -15.298 0.2857142985
119370  -20.580  19.444  -11.416 0.1428571492
119382  -28.797  19.059  -12.354 0.1428571492
119394  -23.454  18.892  -15.082 0.8571428657
119408  -21.384  18.559  -15.507 0.2857142985
119409  -22.222  18.427  -15.210 0.2857142985
119411  -24.430  19.295  -14.632 0.8571428657
119426  -19.542  19.921  -17.671 0.7142857313
119438  -19.604  20.062  -18.140 0.4285714328
119439  -19.835  19.670  -17.870 0.7142857313
119444  -19.802  20.185  -18.386 0.4285714328
120260  -19.326  19.977  -13.567 0.1428571492
120263  -22.795  19.041  -15.141 0.5714285970
120265  -24.916  19.770  -14.145 0.7142857313
120280  -20.420  18.721  -15.847 0.2857142985
120307  -19.068  20.817  -15.913 0.2857142985
120324  -19.393  20.601  -17.633 0.7142857313
120325  -20.275  19.865  -17.886 0.5714285970
120337  -20.211  20.497  -18.451 0.5714285970
121084  -26.189  20.798  -14.030 0.4285714328
121095  -19.631  21.168  -14.371 0.2857142985
121097  -21.367  19.338  -15.785 0.5714285970
121098  -21.702  19.611  -15.720 0.5714285970
121103  -28.086  21.432  -14.519 0.1428571492
121111  -19.069  21.310  -15.627 0.2857142985
121113  -21.513  19.611  -15.907 0.5714285970
121114  -21.747  19.786  -15.879 0.5714285970
121130  -22.396  21.328  -16.944 0.5714285970
121176  -22.722  22.217  -19.709 0.2857142985
122007  -20.721  23.148  -15.530 0.2857142985
122008  -27.314  22.139  -15.815 0.1428571492
122020  -18.810  21.926  -16.202 0.2857142985
122022  -20.168  23.170  -16.036 0.2857142985
122023  -20.780  23.279  -15.921 0.2857142985
122024  -26.419  22.277  -16.795 0.1428571492
122038  -25.461  22.606  -18.119 0.2857142985
122082  -23.509  22.301  -20.324 0.1428571492
122091  -21.910  23.049  -21.098 0.1428571492
122092  -22.351  22.653  -21.050 0.1428571492
122098  -22.236  23.101  -21.172 0.1428571492
122099  -22.925  22.843  -21.053 0.1428571492
123025  -18.554  24.902  -15.120 0.1428571492
123032  -18.629  24.997  -15.362 0.1428571492
123034  -20.140  23.660  -15.433 0.1428571492
123035  -20.633  23.425  -15.723 0.1428571492
123047  -20.402  23.487  -15.814 0.1428571492
123063  -20.057  23.246  -18.763 0.2857142985
123066  -22.570  23.882  -18.742 0.1428571492
123100  -22.229  23.822  -20.713 0.1428571492
123101  -22.496  24.033  -20.693 0.1428571492
123102  -24.555  22.948  -21.107 0.1428571492
123106  -21.963  23.389  -21.045 0.1428571492
123107  -22.174  23.498  -21.045 0.1428571492
123109  -23.752  23.586  -20.734 0.1428571492
124033  -19.164  25.349  -13.881 0.1428571492
124045  -18.688  25.317  -14.629 0.1428571492
124046  -18.757  24.938  -14.214 0.1428571492
124061  -18.852  25.189  -15.496 0.1428571492
124110  -25.415  24.955  -18.278 0.1428571492
124119  -21.698  24.116  -19.606 0.1428571492
124140  -22.159  24.167  -20.269 0.1428571492
124142  -22.817  24.570  -21.003 0.1428571492
124143  -24.885  24.163  -20.548 0.1428571492
124153  -23.413  24.770  -21.174 0.1428571492
125029  -18.905  25.688  -14.695 0.1428571492
125045  -18.738  25.719  -14.979 0.1428571492
125061  -18.733  25.527  -15.161 0.1428571492
125062  -18.981  25.684  -15.199 0.1428571492
125064  -20.522  25.714  -14.771 0.1428571492
125108  -23.743  25.654  -19.844 0.1428571492
125122  -22.615  25.817  -20.887 0.1428571492
125123  -22.799  25.929  -20.575 0.1428571492
125134  -22.908  26.059  -21.191 0.1428571492
126068  -24.792  25.935  -19.175 0.1428571492
126080  -23.639  26.025  -20.124 0.1428571492
126097  -22.811  26.137  -20.770 0.1428571492
126098  -23.383  26.204  -20.519 0.1428571492
126099  -24.435  26.763  -20.560 0.1428571492
126111  -23.543  26.220  -20.863 0.1428571492
