#!ascii label  , from subject 3127 vox2ras=TkReg
1650
82417  53.403  -17.905  48.284 0.0000000000
52271  38.379  -41.341  53.429 0.0000000000
48138  24.563  -44.413  55.521 0.0000000000
45355  17.023  -45.904  58.388 0.0000000000
44042  32.650  -47.593  57.379 0.0000000000
49613  29.002  -43.411  48.039 0.0000000000
76692  48.097  -22.095  44.008 0.0000000000
86984  54.630  -13.247  46.498 0.0000000000
68173  47.943  -29.387  50.746 0.0000000000
64270  39.946  -32.280  48.284 0.0000000000
60458  31.788  -34.955  44.660 0.0000000000
45297  25.081  -45.752  60.266 0.0000000000
45386  20.269  -46.123  56.706 0.0000000000
43967  21.482  -47.571  61.587 0.0000000000
44079  28.086  -46.812  55.647 0.0000000000
71856  50.327  -26.042  52.576 0.0000000000
49457  40.591  -43.314  58.234 0.0000000000
54860  42.765  -39.340  55.632 0.0000000000
60317  43.843  -35.694  53.101 0.0000000000
57660  39.309  -37.160  51.004 0.0000000000
63030  35.877  -33.940  46.387 0.0000000000
56297  35.661  -38.107  48.584 0.0000000000
49637  24.457  -42.989  46.603 0.0000000000
53705  26.066  -40.419  44.209 0.0000000000
84788  55.200  -16.266  49.097 0.0000000000
81334  54.729  -18.537  44.949 0.0000000000
50959  22.320  -42.419  50.195 0.0000000000
49539  18.777  -43.766  51.615 0.0000000000
45422  36.094  -45.923  54.280 0.0000000000
52296  32.930  -41.920  51.672 0.0000000000
45458  30.448  -46.562  51.864 0.0000000000
48207  26.768  -45.007  51.335 0.0000000000
80196  50.682  -19.867  45.341 0.0000000000
42643  17.258  -47.876  64.490 0.0000000000
45306  12.745  -46.026  60.702 0.0000000000
84758  53.053  -15.696  52.320 0.0000000000
80127  51.227  -19.443  51.602 0.0000000000
76608  49.919  -22.154  49.887 0.0000000000
73055  47.412  -25.458  48.599 0.0000000000
70799  44.674  -28.145  45.857 0.0000000000
64169  47.392  -32.742  53.132 0.0000000000
64244  45.762  -32.268  48.551 0.0000000000
68249  41.642  -29.456  44.163 0.0000000000
68268  37.538  -29.740  43.370 0.0000000000
56315  30.271  -38.741  47.871 0.0000000000
43938  25.668  -46.552  62.711 0.0000000000
45277  23.411  -46.604  60.982 0.0000000000
43917  23.747  -46.986  63.325 0.0000000000
43986  28.115  -46.744  60.589 0.0000000000
50884  39.811  -43.195  55.509 0.0000000000
53585  40.764  -40.604  53.929 0.0000000000
56238  41.303  -38.378  53.001 0.0000000000
54919  38.826  -39.392  51.625 0.0000000000
56280  37.862  -38.146  49.729 0.0000000000
54921  37.000  -39.516  50.995 0.0000000000
49659  22.370  -43.778  45.541 0.0000000000
49693  23.512  -43.625  43.540 0.0000000000
81250  54.665  -18.239  49.392 0.0000000000
81278  56.126  -18.528  47.928 0.0000000000
80152  55.582  -19.735  48.376 0.0000000000
49535  22.804  -42.701  52.419 0.0000000000
50946  20.391  -42.581  50.772 0.0000000000
49526  20.729  -43.588  53.614 0.0000000000
45372  19.425  -46.467  57.418 0.0000000000
46812  18.491  -45.371  54.651 0.0000000000
48144  16.896  -44.535  55.328 0.0000000000
48125  14.764  -43.934  56.855 0.0000000000
45364  37.926  -46.612  57.462 0.0000000000
44072  34.660  -47.014  55.288 0.0000000000
45425  33.804  -46.308  53.472 0.0000000000
44087  31.582  -46.958  54.429 0.0000000000
46788  26.038  -45.274  55.628 0.0000000000
46823  27.081  -46.250  53.855 0.0000000000
48174  25.264  -43.822  53.557 0.0000000000
49564  24.744  -43.336  50.417 0.0000000000
77893  49.448  -20.880  44.578 0.0000000000
77891  51.525  -21.552  44.138 0.0000000000
76736  50.087  -22.999  42.943 0.0000000000
43975  11.333  -47.464  61.358 0.0000000000
78978  50.799  -21.046  50.403 0.0000000000
76587  50.980  -22.724  52.129 0.0000000000
70689  49.074  -27.888  52.031 0.0000000000
73032  48.346  -25.594  50.626 0.0000000000
70723  47.200  -27.706  49.473 0.0000000000
71937  46.036  -26.704  46.584 0.0000000000
69519  46.735  -28.564  48.356 0.0000000000
62955  41.537  -33.463  50.796 0.0000000000
62952  44.819  -33.494  50.560 0.0000000000
64247  42.400  -32.048  48.951 0.0000000000
65614  43.794  -31.175  46.709 0.0000000000
66894  40.718  -30.641  46.779 0.0000000000
68265  40.189  -29.312  43.628 0.0000000000
66914  38.937  -30.601  45.898 0.0000000000
64309  34.422  -32.210  44.309 0.0000000000
50956  30.382  -42.839  50.052 0.0000000000
53633  31.999  -40.172  50.058 0.0000000000
53643  29.302  -40.857  48.265 0.0000000000
56374  26.440  -38.745  43.394 0.0000000000
85947  56.158  -14.880  42.045 0.0000000000
85901  53.906  -14.735  43.811 0.0000000000
46722  25.357  -45.301  57.588 0.0000000000
46791  22.448  -44.926  56.177 0.0000000000
46703  23.054  -45.793  58.961 0.0000000000
45324  21.595  -46.936  59.167 0.0000000000
44012  19.322  -46.939  59.714 0.0000000000
44004  31.458  -47.558  59.739 0.0000000000
44062  30.163  -47.606  56.513 0.0000000000
44028  29.305  -47.361  58.568 0.0000000000
45345  27.754  -46.401  58.126 0.0000000000
74179  50.853  -24.429  52.915 0.0000000000
66818  49.839  -30.003  53.090 0.0000000000
56224  43.837  -38.215  54.324 0.0000000000
60320  41.138  -35.986  52.226 0.0000000000
61697  39.466  -34.729  49.849 0.0000000000
64273  37.633  -32.905  47.442 0.0000000000
60409  37.586  -35.595  48.804 0.0000000000
57717  35.734  -36.713  47.229 0.0000000000
57720  33.987  -36.714  46.835 0.0000000000
49634  27.096  -43.474  46.633 0.0000000000
52360  27.762  -41.559  46.631 0.0000000000
51039  26.210  -42.393  45.526 0.0000000000
84803  54.735  -15.629  48.015 0.0000000000
83715  53.888  -15.943  45.421 0.0000000000
82435  55.484  -17.673  46.735 0.0000000000
46825  19.606  -45.086  54.420 0.0000000000
46762  39.201  -45.292  56.374 0.0000000000
49518  36.996  -43.124  54.281 0.0000000000
52286  34.893  -41.455  52.305 0.0000000000
49530  34.292  -43.951  53.132 0.0000000000
48205  31.716  -44.681  51.503 0.0000000000
48221  29.966  -44.873  50.115 0.0000000000
44119  29.446  -47.358  53.386 0.0000000000
45470  28.394  -46.377  51.118 0.0000000000
46894  27.735  -45.403  48.605 0.0000000000
49599  25.686  -43.497  48.467 0.0000000000
51007  23.558  -42.638  47.955 0.0000000000
81301  52.260  -18.595  46.694 0.0000000000
80177  54.461  -19.968  47.236 0.0000000000
79032  53.083  -20.623  45.530 0.0000000000
42676  19.969  -47.791  62.757 0.0000000000
45279  17.329  -46.740  61.435 0.0000000000
43946  15.477  -47.068  62.851 0.0000000000
45329  15.548  -45.862  59.820 0.0000000000
86960  54.383  -13.822  49.754 0.0000000000
84771  54.418  -15.596  50.705 0.0000000000
82372  53.792  -17.292  50.910 0.0000000000
82384  51.965  -17.526  49.304 0.0000000000
81264  50.646  -18.933  48.972 0.0000000000
78997  49.666  -21.063  48.103 0.0000000000
77843  48.817  -21.752  47.624 0.0000000000
75399  49.829  -23.964  51.276 0.0000000000
75435  48.739  -23.483  49.440 0.0000000000
75504  47.509  -23.372  46.439 0.0000000000
74334  46.348  -24.682  45.482 0.0000000000
73131  44.938  -25.593  44.166 0.0000000000
65539  48.479  -31.204  51.915 0.0000000000
60313  47.099  -35.239  52.838 0.0000000000
62934  47.148  -33.480  51.284 0.0000000000
65558  46.824  -31.481  49.228 0.0000000000
66889  45.637  -30.381  46.630 0.0000000000
68246  44.445  -29.267  44.666 0.0000000000
65636  36.318  -31.595  45.304 0.0000000000
53626  34.477  -40.000  50.844 0.0000000000
56299  33.215  -38.599  48.739 0.0000000000
59075  30.964  -36.669  46.345 0.0000000000
56329  27.423  -39.076  45.920 0.0000000000
57752  28.086  -37.077  44.895 0.0000000000
43916  24.783  -46.658  63.306 0.0000000000
45227  24.253  -46.539  64.087 0.0000000000
50913  38.908  -42.235  54.266 0.0000000000
50897  40.069  -42.078  54.601 0.0000000000
53587  39.276  -40.826  53.248 0.0000000000
53601  39.731  -40.294  52.870 0.0000000000
53602  38.769  -40.263  52.470 0.0000000000
54920  37.900  -39.490  51.102 0.0000000000
53603  37.838  -40.392  52.300 0.0000000000
81251  54.164  -18.110  49.199 0.0000000000
80144  55.219  -18.948  49.167 0.0000000000
81279  54.559  -18.907  48.568 0.0000000000
49512  23.386  -43.647  54.163 0.0000000000
49525  22.015  -43.192  53.539 0.0000000000
49513  22.497  -43.552  54.300 0.0000000000
45374  17.815  -45.962  57.497 0.0000000000
46776  17.683  -45.529  56.423 0.0000000000
46753  17.084  -45.490  57.457 0.0000000000
48124  15.722  -44.356  56.643 0.0000000000
46754  16.406  -45.271  57.489 0.0000000000
42709  33.799  -48.063  59.423 0.0000000000
44023  34.148  -47.936  58.549 0.0000000000
44039  35.923  -47.499  57.482 0.0000000000
44058  34.159  -47.309  56.412 0.0000000000
44073  33.432  -47.070  55.411 0.0000000000
44059  33.036  -47.325  56.444 0.0000000000
46789  25.302  -44.835  55.624 0.0000000000
48157  26.015  -44.682  54.637 0.0000000000
48175  24.526  -43.695  53.781 0.0000000000
49522  24.623  -43.634  53.422 0.0000000000
77894  48.602  -21.586  44.368 0.0000000000
77912  50.065  -21.594  43.597 0.0000000000
77913  49.095  -21.536  43.674 0.0000000000
77777  51.067  -21.528  53.548 0.0000000000
77790  51.427  -21.422  52.946 0.0000000000
76558  51.257  -22.006  53.275 0.0000000000
69461  48.713  -28.765  51.676 0.0000000000
70708  47.998  -27.707  50.833 0.0000000000
69482  47.772  -28.369  50.465 0.0000000000
70734  46.831  -27.662  48.715 0.0000000000
68186  47.299  -29.457  49.344 0.0000000000
64229  40.836  -32.718  49.603 0.0000000000
64211  42.517  -32.793  50.355 0.0000000000
64248  41.371  -32.259  48.921 0.0000000000
66872  41.620  -30.814  47.234 0.0000000000
65592  40.159  -31.575  47.601 0.0000000000
66895  39.693  -30.789  46.468 0.0000000000
65617  39.354  -31.354  46.882 0.0000000000
50970  29.693  -42.948  48.906 0.0000000000
52318  30.098  -41.981  49.359 0.0000000000
52331  29.543  -41.891  48.534 0.0000000000
87009  54.993  -13.313  44.162 0.0000000000
85900  54.339  -13.978  44.478 0.0000000000
45321  25.162  -45.571  59.081 0.0000000000
46724  23.887  -45.718  58.082 0.0000000000
46684  24.345  -45.747  59.540 0.0000000000
43966  22.281  -47.364  61.721 0.0000000000
45300  22.149  -46.861  59.872 0.0000000000
44009  21.573  -47.289  60.017 0.0000000000
44030  20.449  -47.140  58.931 0.0000000000
43990  20.336  -47.621  60.515 0.0000000000
43983  30.584  -47.313  60.589 0.0000000000
44027  30.324  -47.465  58.741 0.0000000000
43984  29.617  -47.372  60.594 0.0000000000
45295  27.327  -46.467  60.496 0.0000000000
44008  27.942  -46.661  59.835 0.0000000000
45320  26.102  -45.841  59.249 0.0000000000
45347  25.756  -45.408  58.143 0.0000000000
53558  41.537  -40.501  55.891 0.0000000000
54838  42.548  -39.282  56.320 0.0000000000
54837  43.254  -38.823  55.972 0.0000000000
56204  44.487  -38.310  54.997 0.0000000000
56206  43.551  -38.607  54.589 0.0000000000
56251  40.100  -38.028  51.748 0.0000000000
57638  40.973  -37.507  52.569 0.0000000000
59013  40.235  -36.657  51.523 0.0000000000
60365  40.196  -35.382  51.053 0.0000000000
60367  38.997  -35.909  50.350 0.0000000000
61698  38.693  -34.709  49.458 0.0000000000
59027  38.625  -36.591  50.159 0.0000000000
56296  36.490  -38.042  48.547 0.0000000000
57689  36.505  -37.304  48.363 0.0000000000
57690  35.939  -37.538  48.174 0.0000000000
57718  35.178  -36.891  46.947 0.0000000000
57702  34.778  -37.342  47.520 0.0000000000
49635  26.302  -43.535  46.673 0.0000000000
51038  26.724  -42.813  45.901 0.0000000000
49656  25.348  -42.847  45.969 0.0000000000
84802  55.201  -16.176  48.419 0.0000000000
83685  54.742  -16.148  47.277 0.0000000000
83684  55.259  -16.696  47.473 0.0000000000
81297  56.308  -19.233  47.244 0.0000000000
50991  21.799  -43.346  48.593 0.0000000000
50974  21.328  -43.227  49.189 0.0000000000
46773  21.242  -45.686  57.039 0.0000000000
48142  21.043  -45.067  55.684 0.0000000000
46810  20.125  -45.292  55.085 0.0000000000
48179  17.761  -45.141  54.213 0.0000000000
46827  17.965  -45.353  53.499 0.0000000000
45381  37.223  -46.420  56.271 0.0000000000
46763  38.441  -45.962  56.719 0.0000000000
46802  37.393  -45.448  55.399 0.0000000000
48153  38.300  -44.597  55.289 0.0000000000
48155  36.747  -44.892  54.772 0.0000000000
49520  35.677  -44.277  53.977 0.0000000000
48172  35.064  -44.920  53.709 0.0000000000
45444  31.940  -46.317  52.697 0.0000000000
46853  32.728  -45.374  52.277 0.0000000000
46855  31.363  -45.658  51.460 0.0000000000
48206  30.969  -44.957  51.198 0.0000000000
45482  30.260  -46.070  50.704 0.0000000000
44063  29.237  -47.595  56.548 0.0000000000
44089  29.681  -47.485  54.694 0.0000000000
44090  28.911  -47.357  54.811 0.0000000000
46858  26.454  -45.086  51.944 0.0000000000
46856  27.826  -46.209  52.002 0.0000000000
46868  27.257  -45.243  50.902 0.0000000000
46879  27.816  -45.521  49.508 0.0000000000
48238  27.277  -45.133  49.729 0.0000000000
48259  26.680  -44.910  48.422 0.0000000000
48240  26.256  -44.120  49.798 0.0000000000
50958  23.444  -42.580  50.456 0.0000000000
50971  24.100  -42.696  49.384 0.0000000000
50972  23.143  -42.514  49.386 0.0000000000
80180  51.609  -18.955  46.434 0.0000000000
80194  52.407  -19.636  45.466 0.0000000000
80215  51.892  -19.961  44.855 0.0000000000
76690  52.045  -22.539  44.497 0.0000000000
43919  18.407  -47.923  63.438 0.0000000000
43968  18.517  -47.432  61.756 0.0000000000
43944  17.730  -47.354  62.732 0.0000000000
43973  13.207  -47.016  61.981 0.0000000000
45282  14.096  -46.472  61.504 0.0000000000
45281  15.213  -46.513  61.472 0.0000000000
45331  13.941  -45.414  60.138 0.0000000000
46730  14.092  -44.825  58.755 0.0000000000
46706  12.815  -45.379  59.460 0.0000000000
88087  54.440  -13.124  48.993 0.0000000000
85824  54.266  -14.309  51.143 0.0000000000
83633  53.985  -16.026  51.317 0.0000000000
82371  54.143  -16.702  51.061 0.0000000000
82361  53.557  -16.650  51.810 0.0000000000
81234  52.036  -18.378  52.028 0.0000000000
82363  52.297  -17.774  51.204 0.0000000000
81243  51.541  -18.304  51.006 0.0000000000
81263  51.341  -18.206  48.823 0.0000000000
81253  50.767  -18.702  49.803 0.0000000000
77820  50.324  -21.748  49.938 0.0000000000
78988  50.452  -20.745  49.559 0.0000000000
77831  49.552  -21.516  48.768 0.0000000000
77842  49.351  -21.354  47.897 0.0000000000
76624  49.217  -22.065  48.782 0.0000000000
73005  50.874  -25.505  52.770 0.0000000000
74198  50.658  -24.167  52.531 0.0000000000
73017  50.121  -25.308  52.188 0.0000000000
73044  48.034  -25.052  49.485 0.0000000000
74240  48.667  -24.360  50.000 0.0000000000
74265  47.767  -24.378  48.548 0.0000000000
75482  48.084  -23.158  47.757 0.0000000000
74290  47.323  -24.557  47.727 0.0000000000
74333  46.925  -24.177  45.745 0.0000000000
73086  46.660  -25.183  46.624 0.0000000000
70782  45.491  -27.636  46.472 0.0000000000
71961  45.831  -26.328  46.055 0.0000000000
71982  45.027  -26.547  44.700 0.0000000000
70815  44.519  -27.315  44.299 0.0000000000
65526  47.983  -31.877  52.562 0.0000000000
58961  45.415  -36.679  53.717 0.0000000000
58939  46.559  -35.869  53.541 0.0000000000
60315  45.797  -35.360  52.335 0.0000000000
62966  45.068  -33.149  49.877 0.0000000000
61679  46.098  -34.088  50.725 0.0000000000
62993  46.093  -32.723  49.082 0.0000000000
64222  47.072  -32.194  49.856 0.0000000000
64243  46.432  -32.376  49.002 0.0000000000
65586  45.946  -31.044  47.523 0.0000000000
65587  45.466  -31.384  47.229 0.0000000000
66911  42.500  -30.170  45.708 0.0000000000
66909  44.238  -30.323  45.396 0.0000000000
68247  43.644  -29.546  44.412 0.0000000000
69599  43.265  -28.453  42.913 0.0000000000
68263  42.228  -28.990  43.228 0.0000000000
69600  41.410  -28.798  42.876 0.0000000000
68267  38.418  -29.467  43.466 0.0000000000
69615  39.533  -28.653  42.317 0.0000000000
63028  37.148  -33.339  47.342 0.0000000000
64288  37.318  -32.651  46.827 0.0000000000
64289  36.562  -32.712  46.339 0.0000000000
65658  35.137  -30.991  43.714 0.0000000000
52287  33.722  -42.123  52.216 0.0000000000
52294  34.595  -40.947  51.622 0.0000000000
53618  33.255  -40.959  51.290 0.0000000000
54963  31.496  -39.489  49.011 0.0000000000
54962  32.403  -39.324  49.132 0.0000000000
56314  31.450  -38.307  47.957 0.0000000000
57705  31.897  -37.535  47.450 0.0000000000
57723  30.456  -37.354  46.668 0.0000000000
52379  26.863  -41.083  45.557 0.0000000000
53670  27.756  -40.628  46.309 0.0000000000
55003  27.202  -39.609  45.507 0.0000000000
57753  27.598  -37.568  44.632 0.0000000000
60462  28.618  -36.087  44.331 0.0000000000
82452  54.444  -17.518  45.628 0.0000000000
83721  53.574  -16.213  44.774 0.0000000000
79006  54.837  -20.714  47.450 0.0000000000
45258  25.552  -46.452  62.119 0.0000000000
45276  24.263  -46.417  61.298 0.0000000000
45259  24.763  -46.475  61.992 0.0000000000
43940  23.523  -47.209  62.692 0.0000000000
43941  22.472  -47.559  62.611 0.0000000000
43963  27.052  -46.550  61.776 0.0000000000
49477  40.263  -43.508  56.548 0.0000000000
50840  40.785  -42.198  57.767 0.0000000000
50874  40.711  -42.036  56.250 0.0000000000
52240  40.833  -41.209  55.657 0.0000000000
53571  41.594  -40.370  55.041 0.0000000000
54893  42.374  -38.866  53.990 0.0000000000
54895  40.792  -40.041  53.349 0.0000000000
56240  39.834  -39.124  52.183 0.0000000000
56253  38.714  -38.373  51.074 0.0000000000
57673  38.297  -37.458  49.874 0.0000000000
54933  38.291  -38.978  50.573 0.0000000000
54934  37.458  -38.979  50.162 0.0000000000
56268  35.905  -38.824  49.924 0.0000000000
49638  23.534  -42.943  46.476 0.0000000000
51042  23.900  -42.892  44.875 0.0000000000
49675  23.004  -43.652  44.520 0.0000000000
82380  55.315  -17.833  49.219 0.0000000000
82395  55.566  -17.803  48.573 0.0000000000
81260  55.816  -18.852  48.684 0.0000000000
81259  56.135  -19.304  48.398 0.0000000000
50944  22.482  -42.478  51.373 0.0000000000
50960  21.285  -42.312  49.897 0.0000000000
50932  21.440  -42.402  51.946 0.0000000000
49537  20.466  -42.944  52.499 0.0000000000
49527  19.841  -43.707  53.064 0.0000000000
45387  19.614  -46.357  56.690 0.0000000000
45401  19.701  -46.227  56.085 0.0000000000
46775  18.465  -45.809  56.033 0.0000000000
48164  17.877  -45.213  54.864 0.0000000000
48146  14.693  -43.820  55.064 0.0000000000
44056  36.368  -47.173  56.347 0.0000000000
45396  35.741  -46.722  55.256 0.0000000000
45424  34.917  -46.320  53.984 0.0000000000
44084  34.465  -46.667  54.328 0.0000000000
45411  32.728  -46.531  53.948 0.0000000000
45428  31.177  -46.797  53.470 0.0000000000
45398  27.456  -46.300  55.693 0.0000000000
45413  27.627  -46.499  54.791 0.0000000000
46806  27.275  -45.921  54.786 0.0000000000
46824  26.593  -45.308  53.409 0.0000000000
48209  25.410  -44.219  51.612 0.0000000000
49547  25.581  -44.195  51.132 0.0000000000
49548  24.872  -43.725  51.584 0.0000000000
49549  23.838  -42.833  51.391 0.0000000000
79034  50.251  -20.286  45.185 0.0000000000
80216  51.222  -20.050  44.800 0.0000000000
77892  50.566  -21.094  44.047 0.0000000000
77911  50.981  -21.972  43.667 0.0000000000
43950  11.661  -47.607  62.105 0.0000000000
45284  12.093  -46.654  61.142 0.0000000000
46687  12.353  -45.735  60.068 0.0000000000
45308  11.066  -46.755  60.233 0.0000000000
78961  51.250  -20.529  52.341 0.0000000000
78969  50.724  -20.103  50.912 0.0000000000
77810  50.678  -21.501  51.111 0.0000000000
77811  50.392  -22.051  50.826 0.0000000000
71845  49.678  -26.939  52.546 0.0000000000
73018  49.378  -25.494  51.543 0.0000000000
71858  49.224  -26.829  51.829 0.0000000000
73033  47.628  -26.221  50.230 0.0000000000
71884  47.253  -26.715  49.027 0.0000000000
73066  46.738  -25.677  47.310 0.0000000000
71894  46.656  -26.647  48.100 0.0000000000
70755  46.249  -27.658  47.461 0.0000000000
69562  45.837  -28.378  46.987 0.0000000000
61665  43.007  -34.344  51.916 0.0000000000
61664  44.058  -34.284  52.035 0.0000000000
62938  43.460  -33.767  51.376 0.0000000000
64209  43.990  -32.997  50.116 0.0000000000
64246  43.514  -32.006  48.810 0.0000000000
65588  44.431  -31.603  47.333 0.0000000000
65589  43.400  -31.461  47.428 0.0000000000
66893  41.958  -30.471  46.500 0.0000000000
66912  41.412  -30.076  45.821 0.0000000000
68250  40.628  -29.515  44.257 0.0000000000
68236  40.172  -29.622  45.004 0.0000000000
66930  39.518  -29.999  45.220 0.0000000000
66932  37.798  -30.231  44.620 0.0000000000
61747  35.377  -34.541  46.204 0.0000000000
63039  35.449  -33.523  45.886 0.0000000000
63041  34.036  -33.484  45.044 0.0000000000
64310  33.599  -32.506  43.995 0.0000000000
64331  32.929  -31.876  42.650 0.0000000000
52297  31.770  -41.767  51.190 0.0000000000
53628  32.354  -40.682  50.598 0.0000000000
52317  30.634  -41.284  49.821 0.0000000000
53635  30.479  -40.843  49.377 0.0000000000
54976  30.076  -39.513  48.321 0.0000000000
55038  26.196  -39.551  43.579 0.0000000000
55058  25.577  -39.959  42.410 0.0000000000
87030  56.023  -13.256  43.670 0.0000000000
85919  54.714  -14.113  43.422 0.0000000000
85935  54.137  -15.094  42.419 0.0000000000
46770  24.547  -44.754  56.388 0.0000000000
46790  23.033  -44.666  56.056 0.0000000000
46771  23.409  -44.943  56.542 0.0000000000
46750  23.134  -45.401  57.527 0.0000000000
45369  21.562  -45.965  57.879 0.0000000000
45322  23.417  -46.237  59.669 0.0000000000
45323  22.650  -46.179  59.200 0.0000000000
45370  21.006  -46.175  57.565 0.0000000000
45352  20.015  -46.720  58.223 0.0000000000
45353  19.213  -46.481  58.366 0.0000000000
45326  18.779  -46.497  59.153 0.0000000000
42720  32.609  -47.901  58.693 0.0000000000
44043  31.771  -47.673  57.445 0.0000000000
42729  31.409  -47.797  58.008 0.0000000000
44045  29.966  -47.428  57.583 0.0000000000
44046  28.896  -47.375  57.472 0.0000000000
44007  28.635  -47.096  59.559 0.0000000000
44029  28.529  -46.937  58.339 0.0000000000
44048  27.636  -46.589  56.988 0.0000000000
45384  26.797  -46.114  56.527 0.0000000000
46769  25.484  -45.172  56.372 0.0000000000
76718  47.436  -22.569  43.336 0.0000000000
76717  48.596  -22.165  43.221 0.0000000000
75577  47.995  -23.493  41.938 0.0000000000
75360  51.005  -23.449  53.153 0.0000000000
70668  50.313  -26.864  53.269 0.0000000000
70648  50.111  -27.869  53.631 0.0000000000
69445  49.462  -28.752  53.099 0.0000000000
68151  48.907  -29.632  52.058 0.0000000000
57589  44.667  -37.735  54.639 0.0000000000
58963  43.492  -36.678  53.425 0.0000000000
56226  42.195  -38.271  53.516 0.0000000000
58964  42.800  -36.985  53.416 0.0000000000
60318  42.893  -35.656  52.780 0.0000000000
61647  41.713  -34.929  52.101 0.0000000000
62956  40.781  -33.918  50.636 0.0000000000
62970  39.567  -33.710  49.510 0.0000000000
64271  39.252  -32.345  48.095 0.0000000000
62995  38.837  -33.805  48.949 0.0000000000
62996  38.088  -34.055  48.487 0.0000000000
61738  37.089  -34.672  47.756 0.0000000000
59037  37.594  -36.604  48.999 0.0000000000
59061  36.737  -35.929  47.882 0.0000000000
60427  36.006  -35.464  47.216 0.0000000000
60428  35.351  -35.556  46.558 0.0000000000
59085  34.322  -35.941  45.921 0.0000000000
60431  32.817  -35.901  46.025 0.0000000000
49614  28.412  -43.758  47.619 0.0000000000
51005  28.308  -42.757  47.253 0.0000000000
51006  27.655  -43.018  46.818 0.0000000000
51025  26.753  -42.181  46.004 0.0000000000
52398  25.650  -41.390  44.220 0.0000000000
51057  24.127  -42.779  44.400 0.0000000000
51056  25.101  -42.334  44.174 0.0000000000
85874  54.370  -14.348  46.758 0.0000000000
84832  54.060  -15.258  45.970 0.0000000000
84816  54.420  -15.558  46.944 0.0000000000
83701  54.722  -16.682  46.641 0.0000000000
81315  55.084  -18.318  45.565 0.0000000000
82416  55.672  -17.671  47.693 0.0000000000
81314  55.724  -18.661  45.998 0.0000000000
48161  22.006  -44.044  55.052 0.0000000000
48176  20.333  -44.174  54.311 0.0000000000
48191  19.309  -44.270  52.905 0.0000000000
46811  19.343  -45.495  54.872 0.0000000000
46842  18.450  -45.179  53.055 0.0000000000
48093  40.146  -44.393  57.207 0.0000000000
48132  39.790  -44.134  55.855 0.0000000000
50899  38.615  -43.067  54.758 0.0000000000
50914  37.739  -42.621  54.257 0.0000000000
52285  36.323  -41.562  52.816 0.0000000000
50926  36.132  -42.390  53.291 0.0000000000
50917  34.888  -43.278  53.310 0.0000000000
50929  33.199  -42.952  52.483 0.0000000000
46837  33.994  -45.533  53.162 0.0000000000
48188  33.160  -44.712  52.404 0.0000000000
50930  32.576  -43.221  52.160 0.0000000000
49561  31.049  -43.657  50.780 0.0000000000
49562  30.457  -43.620  50.311 0.0000000000
48256  29.258  -44.409  48.865 0.0000000000
44075  31.296  -47.257  55.513 0.0000000000
44088  30.579  -47.363  54.589 0.0000000000
45446  30.067  -46.885  52.566 0.0000000000
45430  27.856  -46.890  53.856 0.0000000000
45460  28.752  -46.463  51.933 0.0000000000
45459  29.599  -46.584  51.856 0.0000000000
45484  29.217  -46.178  50.158 0.0000000000
48237  28.857  -45.000  49.106 0.0000000000
48257  28.524  -44.728  48.484 0.0000000000
48275  27.565  -44.715  47.738 0.0000000000
49616  26.450  -43.875  47.445 0.0000000000
49617  25.501  -43.460  47.533 0.0000000000
49580  24.894  -43.200  49.371 0.0000000000
49600  24.789  -43.004  48.471 0.0000000000
49618  24.478  -42.886  47.554 0.0000000000
49639  22.657  -43.310  46.364 0.0000000000
81281  53.117  -18.146  47.528 0.0000000000
80164  54.211  -19.304  47.389 0.0000000000
80178  53.737  -19.561  46.664 0.0000000000
77890  52.289  -21.578  44.635 0.0000000000
77872  52.865  -21.581  45.267 0.0000000000
76737  49.321  -22.898  42.637 0.0000000000
43886  23.424  -46.612  64.266 0.0000000000
42637  22.257  -47.552  64.267 0.0000000000
42655  21.561  -47.850  63.833 0.0000000000
42640  20.236  -47.759  64.434 0.0000000000
42689  20.580  -47.668  62.111 0.0000000000
42700  19.837  -47.706  61.205 0.0000000000
43992  18.807  -47.086  60.715 0.0000000000
45327  17.728  -46.387  59.480 0.0000000000
43921  16.976  -47.732  63.817 0.0000000000
45261  16.730  -46.765  62.075 0.0000000000
45302  16.971  -46.414  60.513 0.0000000000
45356  15.936  -45.716  58.888 0.0000000000
46729  15.115  -45.062  58.328 0.0000000000
88105  55.017  -12.469  47.313 0.0000000000
86977  54.680  -13.403  47.620 0.0000000000
85851  54.678  -14.624  48.864 0.0000000000
84789  55.048  -15.521  48.995 0.0000000000
86952  53.921  -13.705  50.745 0.0000000000
85832  54.490  -14.739  50.509 0.0000000000
84778  54.736  -15.907  49.760 0.0000000000
82381  54.579  -17.263  49.892 0.0000000000
82382  53.850  -17.546  49.768 0.0000000000
82396  53.521  -17.802  49.064 0.0000000000
82362  52.855  -17.459  51.698 0.0000000000
82373  53.038  -17.579  50.648 0.0000000000
82397  52.738  -17.486  48.727 0.0000000000
82419  52.133  -17.755  47.866 0.0000000000
80165  51.253  -18.770  47.281 0.0000000000
80166  50.671  -19.457  47.366 0.0000000000
80146  50.509  -19.630  49.672 0.0000000000
78996  50.106  -20.612  48.251 0.0000000000
79007  50.110  -20.160  46.934 0.0000000000
79020  49.701  -20.664  46.445 0.0000000000
77873  49.176  -21.018  45.915 0.0000000000
77874  48.621  -21.596  45.419 0.0000000000
75378  51.041  -23.474  52.638 0.0000000000
75397  50.711  -23.531  52.012 0.0000000000
75416  50.076  -23.140  50.750 0.0000000000
74218  49.447  -24.464  51.074 0.0000000000
75434  49.263  -23.479  50.114 0.0000000000
76609  49.410  -22.528  49.505 0.0000000000
76625  48.654  -22.440  48.445 0.0000000000
75503  47.847  -23.004  46.985 0.0000000000
76673  47.472  -22.793  45.394 0.0000000000
75541  47.124  -23.283  44.960 0.0000000000
75542  46.646  -23.745  44.642 0.0000000000
73087  46.297  -25.672  46.369 0.0000000000
74354  45.587  -24.943  44.656 0.0000000000
65524  49.173  -30.801  52.742 0.0000000000
66837  48.310  -30.582  51.158 0.0000000000
62892  47.143  -34.197  53.576 0.0000000000
60340  45.963  -34.843  51.834 0.0000000000
61661  46.930  -34.271  51.549 0.0000000000
62919  47.528  -33.407  52.137 0.0000000000
64196  47.743  -32.656  51.715 0.0000000000
65549  47.964  -31.388  50.972 0.0000000000
66838  47.752  -30.602  50.438 0.0000000000
66855  47.071  -29.928  49.017 0.0000000000
68217  46.193  -29.354  47.218 0.0000000000
68230  45.302  -29.584  45.782 0.0000000000
65613  44.703  -31.232  46.319 0.0000000000
66908  44.926  -30.353  45.552 0.0000000000
68245  45.009  -29.107  45.121 0.0000000000
69589  44.218  -28.340  44.071 0.0000000000
68279  40.573  -29.009  43.112 0.0000000000
69636  39.959  -28.308  41.498 0.0000000000
65594  38.394  -32.164  47.198 0.0000000000
65635  37.528  -31.265  45.745 0.0000000000
66945  37.419  -30.317  43.939 0.0000000000
65637  35.504  -31.886  44.964 0.0000000000
66934  36.107  -30.745  44.207 0.0000000000
53605  35.923  -40.642  52.219 0.0000000000
54936  35.522  -39.453  50.445 0.0000000000
54946  35.118  -39.326  49.897 0.0000000000
54939  33.221  -39.844  50.337 0.0000000000
56285  33.502  -39.034  49.221 0.0000000000
56298  34.516  -38.008  48.438 0.0000000000
56312  33.587  -37.817  47.856 0.0000000000
59073  32.880  -36.460  46.601 0.0000000000
60442  31.008  -35.453  45.176 0.0000000000
52344  28.240  -41.647  47.243 0.0000000000
54978  28.658  -39.806  47.161 0.0000000000
56316  29.001  -38.620  47.151 0.0000000000
56340  27.386  -38.578  45.328 0.0000000000
56339  27.899  -38.139  45.618 0.0000000000
57724  29.274  -37.485  46.377 0.0000000000
59090  29.514  -36.539  45.657 0.0000000000
60443  29.912  -35.740  45.218 0.0000000000
84844  53.569  -15.466  44.246 0.0000000000
84856  53.512  -15.553  43.272 0.0000000000
83748  53.165  -16.559  42.709 0.0000000000
80163  54.904  -19.685  47.966 0.0000000000
52270  39.526  -41.567  53.786 0.0000000000
52283  38.158  -40.804  52.684 0.0000000000
52284  37.469  -41.028  52.863 0.0000000000
81262  54.039  -18.376  48.734 0.0000000000
81280  54.093  -18.628  47.909 0.0000000000
48159  24.239  -43.890  54.534 0.0000000000
48160  23.063  -43.840  54.987 0.0000000000
46727  16.693  -45.500  57.872 0.0000000000
44024  33.156  -47.722  58.267 0.0000000000
44041  33.653  -47.543  57.463 0.0000000000
48158  25.381  -44.327  54.755 0.0000000000
77914  48.557  -21.760  43.777 0.0000000000
76559  50.789  -22.033  53.502 0.0000000000
69481  48.176  -28.685  50.970 0.0000000000
69503  47.812  -28.957  50.417 0.0000000000
69504  47.463  -28.648  49.869 0.0000000000
68174  47.584  -29.645  50.175 0.0000000000
64249  40.407  -32.405  48.811 0.0000000000
65572  40.368  -32.077  48.192 0.0000000000
65571  40.895  -31.863  48.275 0.0000000000
50987  29.488  -42.887  48.322 0.0000000000
52319  29.663  -42.439  48.793 0.0000000000
86992  54.836  -13.002  45.331 0.0000000000
85886  54.128  -14.206  45.549 0.0000000000
43988  22.017  -47.182  60.776 0.0000000000
43989  21.106  -47.650  60.768 0.0000000000
42698  20.927  -47.759  61.604 0.0000000000
43959  30.697  -46.855  61.200 0.0000000000
44005  30.409  -47.578  59.789 0.0000000000
45296  26.315  -46.210  60.352 0.0000000000
53570  42.160  -39.872  55.465 0.0000000000
53540  42.044  -39.722  56.400 0.0000000000
54820  43.068  -38.766  56.589 0.0000000000
54859  43.583  -38.813  55.381 0.0000000000
54880  42.665  -39.271  54.722 0.0000000000
57647  39.766  -37.457  51.465 0.0000000000
57646  40.423  -37.497  51.885 0.0000000000
59014  39.663  -36.559  51.117 0.0000000000
60343  40.018  -35.961  51.237 0.0000000000
59026  39.141  -36.537  50.669 0.0000000000
56282  36.211  -38.456  49.221 0.0000000000
57691  35.313  -37.589  48.081 0.0000000000
49636  25.367  -43.351  46.647 0.0000000000
49657  24.438  -42.901  45.769 0.0000000000
83665  55.456  -16.888  48.455 0.0000000000
50973  22.228  -42.659  49.262 0.0000000000
46774  20.617  -45.814  56.757 0.0000000000
46793  20.577  -45.651  56.053 0.0000000000
45400  20.115  -46.128  56.029 0.0000000000
46828  17.244  -45.137  52.847 0.0000000000
45395  36.507  -46.440  55.541 0.0000000000
45394  37.042  -46.138  55.829 0.0000000000
46803  36.855  -45.650  55.108 0.0000000000
46804  36.385  -45.457  54.561 0.0000000000
48156  36.120  -45.060  54.396 0.0000000000
46819  35.940  -45.640  54.209 0.0000000000
45457  31.303  -46.380  51.917 0.0000000000
45456  31.973  -45.941  52.141 0.0000000000
45467  30.680  -46.161  51.238 0.0000000000
44078  28.709  -47.348  55.652 0.0000000000
46857  27.110  -45.524  51.720 0.0000000000
48222  27.485  -45.241  50.256 0.0000000000
48223  26.876  -44.836  50.522 0.0000000000
48239  26.824  -44.772  49.421 0.0000000000
48224  26.203  -44.373  50.487 0.0000000000
50990  22.304  -43.105  48.374 0.0000000000
80181  50.697  -19.575  46.199 0.0000000000
80195  51.378  -19.525  45.432 0.0000000000
42642  18.341  -47.922  64.435 0.0000000000
42659  18.061  -48.081  63.865 0.0000000000
43920  17.937  -47.798  63.505 0.0000000000
42660  17.581  -47.995  63.937 0.0000000000
45283  13.046  -46.485  61.350 0.0000000000
43972  13.884  -46.816  62.226 0.0000000000
45305  13.844  -45.844  60.711 0.0000000000
46686  13.272  -45.549  60.125 0.0000000000
88097  54.121  -12.172  48.648 0.0000000000
88098  53.693  -12.585  48.771 0.0000000000
84767  52.871  -15.447  51.930 0.0000000000
84766  53.411  -15.453  51.676 0.0000000000
83634  53.618  -16.056  51.900 0.0000000000
80136  51.126  -18.931  50.989 0.0000000000
81244  51.074  -18.641  50.514 0.0000000000
77821  49.860  -21.840  49.493 0.0000000000
71844  50.452  -26.177  52.888 0.0000000000
73016  50.553  -25.180  52.590 0.0000000000
73054  47.857  -24.783  48.966 0.0000000000
74311  47.061  -24.468  46.485 0.0000000000
70798  45.041  -27.553  45.850 0.0000000000
71938  45.598  -26.966  46.094 0.0000000000
70814  45.061  -27.501  45.061 0.0000000000
60293  44.759  -36.311  53.236 0.0000000000
58991  45.658  -36.087  52.936 0.0000000000
60316  44.935  -35.826  52.860 0.0000000000
64225  45.285  -32.647  49.172 0.0000000000
62965  45.900  -33.189  49.564 0.0000000000
64224  45.824  -32.742  49.059 0.0000000000
62992  46.290  -32.673  49.187 0.0000000000
65567  45.683  -31.707  48.035 0.0000000000
64268  45.333  -31.827  47.963 0.0000000000
68234  42.070  -29.687  45.012 0.0000000000
68233  43.046  -29.743  45.035 0.0000000000
68248  42.691  -29.542  44.138 0.0000000000
68282  38.140  -29.181  42.751 0.0000000000
63029  36.525  -33.649  46.845 0.0000000000
63038  36.090  -33.290  46.264 0.0000000000
52295  33.966  -41.366  51.677 0.0000000000
56301  31.034  -39.038  48.474 0.0000000000
57706  30.892  -37.798  47.365 0.0000000000
57707  29.940  -37.921  47.171 0.0000000000
53687  26.275  -40.837  44.809 0.0000000000
53686  26.696  -40.396  45.060 0.0000000000
82469  54.262  -17.991  44.860 0.0000000000
81335  54.045  -18.503  44.450 0.0000000000
43939  24.565  -46.682  62.704 0.0000000000
43918  22.819  -47.439  63.338 0.0000000000
43915  25.935  -46.434  63.278 0.0000000000
43937  26.871  -46.527  62.365 0.0000000000
45257  26.354  -46.496  62.145 0.0000000000
50875  40.482  -42.762  56.761 0.0000000000
50883  40.311  -42.535  55.656 0.0000000000
52269  40.262  -41.508  54.007 0.0000000000
52256  40.486  -41.344  54.931 0.0000000000
52255  40.932  -40.863  55.108 0.0000000000
53572  41.025  -40.693  54.680 0.0000000000
53584  41.370  -40.239  54.342 0.0000000000
54907  39.415  -39.670  52.281 0.0000000000
54918  39.409  -39.216  51.908 0.0000000000
56252  39.545  -38.515  51.659 0.0000000000
56267  36.651  -38.659  49.829 0.0000000000
54935  36.473  -39.157  50.393 0.0000000000
49658  23.523  -43.197  45.409 0.0000000000
49676  22.431  -44.107  44.882 0.0000000000
81249  55.164  -18.260  49.314 0.0000000000
80153  54.951  -19.191  48.862 0.0000000000
50931  22.090  -42.419  52.183 0.0000000000
49536  21.567  -42.722  52.797 0.0000000000
45402  19.295  -46.229  56.211 0.0000000000
45388  18.776  -46.230  56.550 0.0000000000
48122  17.308  -44.837  55.877 0.0000000000
48143  17.591  -45.032  55.435 0.0000000000
48165  17.330  -44.718  54.613 0.0000000000
48166  16.407  -44.262  54.392 0.0000000000
49502  15.579  -43.936  56.051 0.0000000000
49504  14.451  -43.626  55.861 0.0000000000
49489  14.477  -43.702  56.384 0.0000000000
44021  36.337  -47.295  58.460 0.0000000000
44057  35.295  -47.347  56.422 0.0000000000
44071  35.614  -47.068  55.669 0.0000000000
44070  36.078  -46.901  55.675 0.0000000000
45397  35.301  -46.835  55.260 0.0000000000
45409  35.140  -46.637  54.794 0.0000000000
44086  32.645  -46.730  54.662 0.0000000000
45412  32.176  -46.632  54.180 0.0000000000
45427  31.806  -46.581  53.594 0.0000000000
44102  31.319  -46.929  53.763 0.0000000000
46787  26.875  -45.786  55.640 0.0000000000
46786  27.328  -45.954  55.310 0.0000000000
46807  26.569  -45.230  54.636 0.0000000000
48173  26.099  -44.539  53.963 0.0000000000
48189  26.057  -44.689  52.728 0.0000000000
48190  25.316  -44.217  52.276 0.0000000000
49534  23.997  -43.112  52.591 0.0000000000
49550  23.073  -42.666  51.601 0.0000000000
79035  49.769  -20.553  45.499 0.0000000000
79055  50.286  -20.537  44.628 0.0000000000
79056  49.901  -20.477  44.942 0.0000000000
76715  50.579  -22.633  43.397 0.0000000000
76714  51.138  -22.652  43.681 0.0000000000
43974  12.277  -47.075  61.793 0.0000000000
45285  11.460  -46.903  60.815 0.0000000000
43993  11.021  -47.370  60.738 0.0000000000
77800  51.058  -21.661  52.111 0.0000000000
77801  50.667  -22.167  51.555 0.0000000000
76588  50.574  -22.808  51.356 0.0000000000
71846  49.396  -27.339  52.264 0.0000000000
70709  47.531  -27.694  50.205 0.0000000000
71871  47.715  -26.779  50.593 0.0000000000
71872  47.497  -26.843  49.834 0.0000000000
73045  47.567  -25.912  49.662 0.0000000000
70735  46.601  -27.717  47.979 0.0000000000
69538  46.412  -28.529  47.634 0.0000000000
62939  42.434  -33.781  51.428 0.0000000000
62954  42.875  -33.339  50.786 0.0000000000
64227  42.989  -32.279  49.737 0.0000000000
64226  44.196  -32.587  49.578 0.0000000000
65568  43.809  -31.682  48.026 0.0000000000
65569  42.893  -31.780  48.116 0.0000000000
66871  42.438  -30.736  47.010 0.0000000000
68235  41.025  -29.652  45.036 0.0000000000
66913  40.210  -30.202  45.738 0.0000000000
66931  38.762  -30.158  44.941 0.0000000000
66915  38.036  -30.578  45.448 0.0000000000
61754  34.760  -34.349  45.708 0.0000000000
61755  34.010  -34.178  45.284 0.0000000000
63059  33.209  -33.011  43.865 0.0000000000
64320  33.104  -32.304  43.255 0.0000000000
52298  31.284  -42.310  50.749 0.0000000000
52306  30.913  -41.804  50.321 0.0000000000
52330  29.982  -41.392  49.052 0.0000000000
53642  29.933  -40.816  48.797 0.0000000000
54964  30.494  -39.824  48.886 0.0000000000
54965  29.824  -40.128  48.462 0.0000000000
85934  54.628  -14.773  42.385 0.0000000000
85920  54.002  -14.893  42.892 0.0000000000
46748  25.053  -45.031  57.155 0.0000000000
46749  24.156  -45.352  57.216 0.0000000000
46725  22.896  -45.680  58.499 0.0000000000
46751  22.073  -45.670  57.818 0.0000000000
46726  22.303  -45.826  58.364 0.0000000000
45298  23.916  -46.264  60.228 0.0000000000
45350  21.804  -46.173  58.395 0.0000000000
45351  20.887  -46.752  58.356 0.0000000000
45325  20.999  -47.207  58.958 0.0000000000
44011  20.062  -47.341  59.676 0.0000000000
44031  19.765  -46.907  58.972 0.0000000000
44032  19.323  -46.682  59.042 0.0000000000
44003  32.443  -47.573  59.927 0.0000000000
42711  32.297  -47.743  59.262 0.0000000000
42721  31.748  -47.690  58.747 0.0000000000
42728  31.990  -47.909  58.174 0.0000000000
43962  27.847  -46.594  61.390 0.0000000000
43985  28.760  -47.246  60.599 0.0000000000
45318  28.136  -46.564  59.053 0.0000000000
44047  28.155  -46.803  57.316 0.0000000000
45366  27.702  -46.536  57.418 0.0000000000
45367  27.169  -46.349  57.291 0.0000000000
46747  25.738  -45.362  57.157 0.0000000000
70669  49.877  -27.332  53.252 0.0000000000
66798  49.712  -29.427  53.916 0.0000000000
68142  49.646  -29.351  53.404 0.0000000000
68143  49.672  -29.715  52.970 0.0000000000
68150  49.378  -29.650  52.649 0.0000000000
66819  49.636  -30.239  52.830 0.0000000000
52203  40.688  -41.356  57.400 0.0000000000
56205  44.179  -38.359  54.704 0.0000000000
57590  44.267  -37.883  54.357 0.0000000000
57615  44.675  -37.347  54.080 0.0000000000
57616  43.875  -37.606  53.863 0.0000000000
54894  41.498  -39.459  53.651 0.0000000000
58995  41.477  -36.635  52.632 0.0000000000
57637  41.841  -37.453  53.107 0.0000000000
58994  42.477  -36.551  53.070 0.0000000000
60319  41.876  -35.692  52.516 0.0000000000
60341  41.234  -35.337  52.035 0.0000000000
61683  39.683  -35.104  50.302 0.0000000000
61682  40.323  -34.654  50.546 0.0000000000
61696  39.975  -34.168  49.994 0.0000000000
62969  40.459  -33.510  50.172 0.0000000000
62994  39.312  -33.499  49.079 0.0000000000
62971  39.138  -34.233  49.457 0.0000000000
60408  38.150  -35.301  49.348 0.0000000000
61722  38.097  -34.667  48.957 0.0000000000
61723  37.564  -34.683  48.347 0.0000000000
60420  37.163  -35.499  48.031 0.0000000000
57674  37.706  -37.433  49.354 0.0000000000
59051  36.370  -36.776  48.063 0.0000000000
59062  36.293  -36.290  47.597 0.0000000000
60421  36.653  -35.444  47.599 0.0000000000
59069  35.751  -36.136  47.060 0.0000000000
57719  34.454  -36.802  46.856 0.0000000000
59071  34.762  -36.259  46.461 0.0000000000
59072  33.871  -36.353  46.243 0.0000000000
60440  33.386  -35.643  45.580 0.0000000000
60430  33.265  -36.046  46.142 0.0000000000
49615  27.548  -43.817  47.191 0.0000000000
52362  26.668  -41.700  45.704 0.0000000000
51055  25.925  -41.998  44.712 0.0000000000
51058  23.654  -43.130  44.676 0.0000000000
51041  24.392  -42.747  44.970 0.0000000000
51076  23.681  -43.158  44.135 0.0000000000
51075  24.237  -42.849  43.551 0.0000000000
51074  25.002  -42.269  43.108 0.0000000000
85863  54.537  -14.516  47.849 0.0000000000
83700  55.143  -17.111  46.796 0.0000000000
82436  54.972  -17.404  46.380 0.0000000000
82451  55.114  -17.949  46.079 0.0000000000
81313  56.145  -19.179  46.534 0.0000000000
50961  20.429  -42.728  49.838 0.0000000000
48140  22.644  -44.423  55.636 0.0000000000
48141  21.732  -44.686  55.664 0.0000000000
48163  20.061  -44.706  54.531 0.0000000000
48162  20.851  -44.503  54.982 0.0000000000
48177  19.595  -44.363  53.827 0.0000000000
46795  19.043  -45.870  55.676 0.0000000000
46843  17.719  -45.228  52.443 0.0000000000
45340  37.487  -46.535  58.456 0.0000000000
45339  38.022  -46.419  58.455 0.0000000000
46741  38.720  -46.020  57.863 0.0000000000
46740  39.480  -45.353  57.306 0.0000000000
48094  39.813  -44.875  57.165 0.0000000000
48112  40.002  -44.259  56.300 0.0000000000
48133  39.442  -44.638  55.902 0.0000000000
49509  37.295  -43.852  54.649 0.0000000000
49508  38.515  -44.083  55.025 0.0000000000
50900  38.067  -43.417  54.649 0.0000000000
50915  36.668  -42.667  53.771 0.0000000000
49521  35.012  -44.093  53.474 0.0000000000
50928  34.238  -42.828  52.842 0.0000000000
46821  34.572  -45.928  53.454 0.0000000000
45442  33.516  -45.900  52.902 0.0000000000
48204  32.515  -44.693  51.943 0.0000000000
49532  32.853  -43.899  52.284 0.0000000000
49545  32.245  -43.852  51.796 0.0000000000
49546  31.598  -43.699  51.353 0.0000000000
46865  30.177  -45.310  50.328 0.0000000000
48220  30.539  -44.574  50.582 0.0000000000
48235  30.102  -44.268  50.055 0.0000000000
49576  30.101  -43.681  49.696 0.0000000000
48236  29.592  -44.687  49.523 0.0000000000
44061  31.068  -47.375  56.501 0.0000000000
44060  32.014  -47.413  56.475 0.0000000000
44104  29.868  -47.420  53.852 0.0000000000
44103  30.729  -47.124  53.615 0.0000000000
44118  29.931  -47.209  53.176 0.0000000000
45431  27.420  -46.531  54.177 0.0000000000
46822  27.484  -46.504  53.663 0.0000000000
45448  28.283  -46.631  52.861 0.0000000000
45469  29.181  -46.465  50.930 0.0000000000
46866  28.629  -46.251  50.421 0.0000000000
46878  28.740  -45.701  49.699 0.0000000000
46893  28.349  -45.453  48.976 0.0000000000
48258  27.858  -44.983  48.131 0.0000000000
46911  27.386  -45.261  48.112 0.0000000000
49598  26.322  -44.171  48.398 0.0000000000
49563  25.584  -43.886  50.488 0.0000000000
50988  23.851  -42.622  48.539 0.0000000000
49619  23.587  -42.714  47.298 0.0000000000
81300  52.922  -18.599  46.884 0.0000000000
80193  53.242  -19.824  45.888 0.0000000000
79054  51.013  -20.635  44.416 0.0000000000
79053  51.767  -20.688  44.531 0.0000000000
76671  52.674  -22.540  44.995 0.0000000000
76670  53.303  -22.508  45.567 0.0000000000
76738  48.277  -22.782  42.437 0.0000000000
75576  49.067  -23.832  42.000 0.0000000000
45207  24.025  -46.315  64.398 0.0000000000
43887  22.672  -47.017  64.855 0.0000000000
43902  22.268  -47.417  64.635 0.0000000000
42654  22.223  -47.679  63.901 0.0000000000
42638  21.729  -47.701  64.476 0.0000000000
42657  20.036  -47.804  63.630 0.0000000000
42675  20.712  -47.870  62.901 0.0000000000
42690  19.962  -47.638  61.956 0.0000000000
42677  19.368  -47.806  62.556 0.0000000000
45278  18.153  -46.901  61.331 0.0000000000
45301  17.967  -46.619  60.583 0.0000000000
43947  14.366  -47.028  62.818 0.0000000000
43923  14.630  -47.639  63.638 0.0000000000
43922  15.755  -47.562  63.892 0.0000000000
43945  16.585  -47.202  62.841 0.0000000000
43970  16.136  -46.921  62.226 0.0000000000
45303  15.921  -46.230  60.587 0.0000000000
45328  16.536  -46.090  59.603 0.0000000000
45357  15.154  -45.636  59.163 0.0000000000
48087  14.218  -44.518  58.006 0.0000000000
46707  11.878  -45.510  59.435 0.0000000000
88096  54.702  -12.453  48.326 0.0000000000
86969  54.579  -13.586  48.635 0.0000000000
85840  54.669  -14.895  49.610 0.0000000000
86961  53.911  -13.518  49.748 0.0000000000
84765  54.207  -15.059  51.270 0.0000000000
83650  54.754  -16.597  49.886 0.0000000000
83641  54.452  -16.354  50.469 0.0000000000
82348  53.204  -16.621  52.341 0.0000000000
82374  52.107  -17.607  50.349 0.0000000000
82383  52.878  -17.549  49.651 0.0000000000
82398  52.038  -17.660  48.307 0.0000000000
80154  50.943  -18.768  48.034 0.0000000000
78979  50.682  -20.309  50.412 0.0000000000
79008  49.664  -20.821  47.437 0.0000000000
77856  49.328  -21.302  46.960 0.0000000000
77857  48.712  -21.753  46.553 0.0000000000
74199  50.412  -24.374  52.067 0.0000000000
75398  50.249  -23.559  51.293 0.0000000000
73031  49.028  -25.045  50.986 0.0000000000
74264  48.250  -24.271  49.168 0.0000000000
76610  48.744  -22.953  49.045 0.0000000000
75458  48.302  -23.507  48.628 0.0000000000
75483  47.636  -23.752  47.218 0.0000000000
76655  47.975  -22.487  46.135 0.0000000000
76656  47.419  -22.980  45.976 0.0000000000
75523  47.209  -23.573  45.756 0.0000000000
75524  46.855  -23.887  45.322 0.0000000000
74353  46.087  -24.206  44.262 0.0000000000
73067  46.421  -26.206  46.873 0.0000000000
73111  45.419  -25.774  44.992 0.0000000000
73110  45.803  -25.698  45.644 0.0000000000
74370  45.256  -24.437  43.542 0.0000000000
65525  48.301  -31.431  52.512 0.0000000000
65538  48.800  -30.693  52.354 0.0000000000
58959  46.632  -35.737  53.252 0.0000000000
60274  46.703  -35.551  53.788 0.0000000000
60291  46.853  -35.476  53.277 0.0000000000
61622  47.231  -34.871  53.256 0.0000000000
62937  44.477  -33.870  51.242 0.0000000000
61663  45.289  -34.542  51.781 0.0000000000
62936  45.239  -33.915  51.026 0.0000000000
62950  46.448  -33.636  50.481 0.0000000000
62935  46.722  -33.948  51.175 0.0000000000
65550  47.435  -31.447  50.091 0.0000000000
66845  47.185  -30.481  49.492 0.0000000000
66846  46.749  -30.847  49.087 0.0000000000
66870  45.810  -30.821  47.191 0.0000000000
66869  46.193  -30.380  47.500 0.0000000000
66888  45.969  -29.893  46.949 0.0000000000
68218  45.754  -29.381  46.582 0.0000000000
66891  44.006  -30.761  46.008 0.0000000000
66929  44.156  -29.860  44.891 0.0000000000
66928  44.524  -29.890  45.202 0.0000000000
68231  44.840  -29.642  45.302 0.0000000000
68261  43.883  -28.992  43.977 0.0000000000
69612  42.823  -28.361  42.489 0.0000000000
69637  38.988  -28.452  41.608 0.0000000000
64272  38.311  -32.657  47.809 0.0000000000
64287  37.977  -32.378  47.172 0.0000000000
65619  37.052  -31.969  46.158 0.0000000000
66916  37.233  -30.759  45.202 0.0000000000
66933  36.801  -30.695  44.516 0.0000000000
64300  34.754  -32.625  44.955 0.0000000000
64299  35.403  -32.540  45.301 0.0000000000
64308  35.125  -32.176  44.726 0.0000000000
66948  35.042  -30.660  43.317 0.0000000000
66947  35.712  -30.577  43.653 0.0000000000
53616  35.228  -40.218  51.406 0.0000000000
53625  34.997  -39.757  50.792 0.0000000000
54937  34.786  -39.594  50.334 0.0000000000
56300  32.027  -38.778  48.564 0.0000000000
54961  33.078  -39.237  49.300 0.0000000000
56284  34.086  -38.803  49.241 0.0000000000
57722  31.379  -37.144  46.876 0.0000000000
57721  32.171  -36.858  47.052 0.0000000000
59074  31.853  -36.542  46.479 0.0000000000
59087  32.269  -36.169  46.036 0.0000000000
59088  31.486  -36.134  45.849 0.0000000000
51023  27.829  -42.316  46.894 0.0000000000
54991  27.600  -39.692  46.117 0.0000000000
53656  28.176  -40.689  46.964 0.0000000000
54990  28.124  -39.773  46.616 0.0000000000
56317  28.439  -39.184  46.840 0.0000000000
56355  26.419  -39.062  43.877 0.0000000000
55019  26.518  -39.505  44.200 0.0000000000
56354  26.753  -38.535  44.200 0.0000000000
57737  27.789  -37.920  45.299 0.0000000000
57736  28.355  -37.483  45.552 0.0000000000
57725  28.573  -37.883  46.226 0.0000000000
57735  28.975  -37.027  45.795 0.0000000000
59091  28.868  -36.754  45.425 0.0000000000
60461  29.150  -35.762  44.591 0.0000000000
60460  30.210  -35.182  44.260 0.0000000000
85932  56.875  -14.388  42.642 0.0000000000
84833  53.764  -15.283  45.109 0.0000000000
83732  53.274  -16.435  43.853 0.0000000000
43899  24.854  -46.531  63.724 0.0000000000
43900  23.982  -46.708  63.781 0.0000000000
50898  39.491  -42.816  54.952 0.0000000000
50912  39.625  -42.123  54.308 0.0000000000
50911  39.956  -41.905  54.062 0.0000000000
53586  39.989  -40.849  53.512 0.0000000000
53600  40.355  -40.307  53.258 0.0000000000
54908  38.976  -39.738  52.155 0.0000000000
53613  38.153  -39.836  51.870 0.0000000000
53614  37.397  -39.936  51.709 0.0000000000
80145  54.867  -18.828  49.220 0.0000000000
81261  54.550  -18.668  49.072 0.0000000000
49524  23.170  -43.129  53.519 0.0000000000
49514  21.451  -43.767  54.336 0.0000000000
45373  18.620  -46.286  57.488 0.0000000000
45389  18.176  -46.173  56.934 0.0000000000
48123  16.739  -44.640  56.159 0.0000000000
46777  16.640  -45.045  56.907 0.0000000000
46778  16.142  -44.925  57.164 0.0000000000
46755  15.772  -44.986  57.511 0.0000000000
44022  35.219  -47.540  58.543 0.0000000000
44040  34.751  -47.460  57.520 0.0000000000
44074  32.321  -47.076  55.508 0.0000000000
46808  25.896  -44.816  55.101 0.0000000000
49533  24.716  -43.632  52.815 0.0000000000
49523  24.053  -43.612  53.526 0.0000000000
76716  49.639  -22.249  43.176 0.0000000000
42693  10.483  -48.251  61.489 0.0000000000
77776  51.181  -21.130  53.498 0.0000000000
76573  51.427  -22.513  52.794 0.0000000000
70690  48.551  -27.793  51.470 0.0000000000
69518  47.109  -28.589  49.060 0.0000000000
68187  46.938  -29.396  48.714 0.0000000000
62968  41.117  -32.993  50.162 0.0000000000
64228  41.801  -32.544  49.847 0.0000000000
65570  41.872  -31.781  48.241 0.0000000000
65591  41.303  -31.356  47.746 0.0000000000
66873  40.934  -31.049  47.373 0.0000000000
65616  39.961  -31.047  46.957 0.0000000000
66896  39.050  -31.061  46.475 0.0000000000
50969  30.064  -42.923  49.438 0.0000000000
52307  30.329  -42.372  49.780 0.0000000000
45348  25.076  -45.456  58.458 0.0000000000
46723  24.837  -45.404  57.896 0.0000000000
46701  24.487  -45.561  58.696 0.0000000000
46702  23.564  -45.715  59.099 0.0000000000
43987  22.761  -46.920  61.144 0.0000000000
44010  20.888  -47.402  59.680 0.0000000000
43982  31.602  -47.183  60.612 0.0000000000
44026  31.054  -47.430  59.091 0.0000000000
44006  29.498  -47.481  59.688 0.0000000000
45273  27.445  -46.558  61.201 0.0000000000
45319  27.251  -46.258  59.346 0.0000000000
45346  26.801  -45.936  58.235 0.0000000000
53541  41.461  -40.266  56.748 0.0000000000
54839  41.986  -39.501  56.750 0.0000000000
56161  43.778  -38.265  56.362 0.0000000000
56183  44.408  -38.242  55.547 0.0000000000
56184  43.791  -38.578  55.800 0.0000000000
54879  43.794  -38.742  54.930 0.0000000000
56239  40.457  -38.491  52.299 0.0000000000
58996  40.786  -36.669  52.075 0.0000000000
60342  40.622  -35.691  51.604 0.0000000000
60366  39.627  -35.654  50.702 0.0000000000
60387  39.299  -35.395  50.170 0.0000000000
60388  38.698  -35.665  49.756 0.0000000000
60389  37.984  -35.967  49.362 0.0000000000
56281  37.176  -38.244  49.254 0.0000000000
56295  36.934  -37.857  48.568 0.0000000000
57700  36.062  -37.007  47.801 0.0000000000
57701  35.541  -37.211  47.568 0.0000000000
49654  26.821  -43.264  46.142 0.0000000000
49655  26.192  -43.171  46.016 0.0000000000
51040  25.287  -42.577  45.164 0.0000000000
81277  56.289  -19.383  48.025 0.0000000000
49551  19.988  -42.824  51.705 0.0000000000
46792  21.547  -45.251  56.254 0.0000000000
46809  20.617  -45.146  55.453 0.0000000000
44054  37.457  -46.782  56.639 0.0000000000
46764  37.755  -46.166  56.412 0.0000000000
46783  38.571  -45.413  55.972 0.0000000000
46782  39.012  -45.063  55.948 0.0000000000
48154  37.725  -44.928  55.257 0.0000000000
49510  36.307  -44.376  54.428 0.0000000000
49519  36.419  -43.563  54.140 0.0000000000
45426  32.770  -46.481  53.245 0.0000000000
45443  32.853  -46.069  52.590 0.0000000000
45455  32.391  -45.714  52.247 0.0000000000
46854  32.147  -45.402  51.857 0.0000000000
46864  30.556  -45.539  50.829 0.0000000000
46876  30.130  -45.805  50.355 0.0000000000
44076  30.374  -47.554  55.556 0.0000000000
44077  29.488  -47.611  55.615 0.0000000000
44105  28.917  -47.453  53.830 0.0000000000
46840  27.163  -45.788  52.790 0.0000000000
46839  27.615  -46.343  53.197 0.0000000000
46867  27.847  -45.884  50.641 0.0000000000
46880  27.312  -45.334  49.097 0.0000000000
46895  27.092  -45.307  48.516 0.0000000000
49578  26.522  -44.228  49.078 0.0000000000
49579  25.816  -43.658  49.448 0.0000000000
49565  24.119  -42.827  50.601 0.0000000000
50957  24.294  -42.864  50.058 0.0000000000
50989  22.979  -42.593  48.551 0.0000000000
51008  22.938  -42.783  47.926 0.0000000000
80179  52.711  -19.117  46.271 0.0000000000
79033  52.452  -20.639  44.947 0.0000000000
76691  51.508  -22.600  44.013 0.0000000000
42641  19.318  -47.770  64.431 0.0000000000
42658  18.988  -48.000  63.468 0.0000000000
43943  18.599  -47.789  62.749 0.0000000000
43969  17.815  -47.125  61.881 0.0000000000
43948  13.363  -47.195  62.775 0.0000000000
45262  15.080  -46.681  62.289 0.0000000000
43971  15.657  -46.768  62.038 0.0000000000
45304  14.870  -46.269  60.578 0.0000000000
45330  14.589  -45.658  59.865 0.0000000000
46704  14.553  -45.403  59.076 0.0000000000
46705  13.819  -45.200  59.534 0.0000000000
88088  54.231  -12.922  49.132 0.0000000000
86944  53.656  -13.988  51.307 0.0000000000
85825  53.813  -14.489  51.384 0.0000000000
82360  53.888  -16.442  51.409 0.0000000000
81233  52.416  -17.791  52.523 0.0000000000
81252  51.244  -17.918  50.013 0.0000000000
78987  50.596  -21.299  50.034 0.0000000000
77830  50.011  -21.263  49.255 0.0000000000
77832  49.059  -21.755  48.368 0.0000000000
74200  49.928  -24.501  51.636 0.0000000000
74219  48.932  -24.693  50.639 0.0000000000
75459  47.779  -23.846  47.994 0.0000000000
74312  46.563  -24.974  46.268 0.0000000000
71962  45.413  -26.623  45.487 0.0000000000
73132  44.628  -26.060  43.837 0.0000000000
71983  44.693  -26.421  44.145 0.0000000000
72003  44.405  -26.577  43.630 0.0000000000
64195  48.363  -32.115  52.092 0.0000000000
58941  45.519  -36.924  54.249 0.0000000000
58940  46.087  -36.446  54.213 0.0000000000
58960  46.308  -36.027  53.189 0.0000000000
58990  46.135  -35.760  52.690 0.0000000000
62951  45.659  -33.726  50.408 0.0000000000
62964  46.453  -32.832  49.581 0.0000000000
62949  46.855  -32.839  50.293 0.0000000000
64242  46.769  -32.156  49.256 0.0000000000
65565  46.608  -31.935  48.921 0.0000000000
65559  46.584  -31.047  48.836 0.0000000000
65566  46.229  -31.436  48.330 0.0000000000
66910  43.446  -30.299  45.571 0.0000000000
68232  43.737  -29.992  45.025 0.0000000000
68262  43.278  -29.131  43.443 0.0000000000
68277  42.896  -28.806  42.886 0.0000000000
68278  42.526  -28.650  42.695 0.0000000000
68266  39.279  -29.312  43.623 0.0000000000
68280  39.888  -29.015  43.002 0.0000000000
68281  39.007  -29.137  42.878 0.0000000000
65620  36.500  -32.232  45.900 0.0000000000
65649  34.786  -31.710  43.999 0.0000000000
65659  34.461  -31.355  43.508 0.0000000000
53617  34.194  -40.619  51.285 0.0000000000
53627  33.608  -40.302  50.770 0.0000000000
54950  31.816  -39.880  49.601 0.0000000000
56313  32.541  -38.076  47.930 0.0000000000
52361  27.235  -41.471  46.024 0.0000000000
53671  27.307  -40.500  45.713 0.0000000000
57773  26.621  -38.193  43.104 0.0000000000
56373  26.682  -38.243  43.526 0.0000000000
59107  27.998  -36.833  44.467 0.0000000000
59106  28.536  -36.565  44.823 0.0000000000
82453  53.799  -16.718  45.350 0.0000000000
79017  54.339  -20.644  46.773 0.0000000000
77854  54.678  -21.561  47.033 0.0000000000
45275  25.425  -46.238  61.296 0.0000000000
43964  24.053  -46.737  62.183 0.0000000000
43965  23.288  -47.091  61.810 0.0000000000
43942  21.749  -47.674  62.253 0.0000000000
45274  26.528  -46.442  61.398 0.0000000000
49466  40.571  -43.360  57.446 0.0000000000
49465  40.690  -42.843  57.485 0.0000000000
50861  40.660  -42.287  57.187 0.0000000000
50882  40.654  -41.911  55.773 0.0000000000
52222  40.840  -41.245  56.503 0.0000000000
54881  41.763  -39.825  54.477 0.0000000000
54905  41.035  -39.071  52.776 0.0000000000
54906  40.456  -39.639  52.722 0.0000000000
57648  39.168  -37.777  51.219 0.0000000000
57661  38.764  -37.451  50.620 0.0000000000
56266  38.354  -38.261  50.238 0.0000000000
54944  38.046  -38.747  49.912 0.0000000000
54945  37.639  -38.549  49.788 0.0000000000
48328  22.920  -44.204  43.810 0.0000000000
48329  22.434  -44.604  44.375 0.0000000000
48349  22.702  -44.901  43.591 0.0000000000
83649  55.218  -16.857  49.363 0.0000000000
80151  56.096  -19.674  48.272 0.0000000000
50945  21.440  -42.424  50.961 0.0000000000
50933  20.723  -42.548  51.600 0.0000000000
49538  19.345  -43.480  52.272 0.0000000000
46796  18.221  -45.495  55.506 0.0000000000
48180  17.087  -44.660  53.592 0.0000000000
48145  15.851  -44.016  55.456 0.0000000000
48167  15.212  -43.944  54.154 0.0000000000
44038  37.117  -47.243  57.486 0.0000000000
45382  36.773  -46.731  56.235 0.0000000000
45408  35.746  -46.395  54.668 0.0000000000
45423  35.777  -46.060  54.124 0.0000000000
44100  34.314  -46.518  53.890 0.0000000000
44101  34.078  -46.646  53.927 0.0000000000
44085  33.656  -46.720  54.302 0.0000000000
45410  33.261  -46.514  53.702 0.0000000000
45445  30.928  -46.572  52.879 0.0000000000
46805  27.469  -46.119  55.128 0.0000000000
45414  27.325  -46.332  54.357 0.0000000000
46841  26.629  -45.313  52.504 0.0000000000
48208  26.042  -44.604  51.498 0.0000000000
50943  23.207  -42.611  51.216 0.0000000000
80217  50.674  -20.224  44.833 0.0000000000
43949  12.414  -47.511  62.574 0.0000000000
45307  11.884  -46.342  60.493 0.0000000000
46688  11.556  -46.057  59.937 0.0000000000
45309  10.283  -46.832  60.018 0.0000000000
80128  50.835  -19.911  51.198 0.0000000000
78968  50.945  -20.599  51.275 0.0000000000
77819  50.557  -21.528  50.416 0.0000000000
76597  50.082  -22.590  50.511 0.0000000000
70688  50.132  -26.551  52.723 0.0000000000
71857  49.855  -26.131  52.224 0.0000000000
73019  48.774  -26.129  51.426 0.0000000000
71859  48.326  -26.781  51.257 0.0000000000
71912  46.377  -26.716  47.327 0.0000000000
71895  46.404  -27.175  47.752 0.0000000000
70781  45.935  -27.399  47.009 0.0000000000
70783  44.870  -27.998  46.281 0.0000000000
64170  46.811  -32.744  53.572 0.0000000000
61645  43.466  -34.868  52.616 0.0000000000
61644  44.513  -34.950  52.638 0.0000000000
62953  43.907  -33.435  50.555 0.0000000000
64210  43.429  -32.825  50.241 0.0000000000
62967  44.404  -33.143  50.120 0.0000000000
64245  44.695  -32.059  48.365 0.0000000000
64269  45.011  -31.803  47.656 0.0000000000
65615  43.047  -31.020  47.045 0.0000000000
65590  42.375  -31.282  47.552 0.0000000000
66892  43.046  -30.652  46.365 0.0000000000
68251  39.584  -29.589  44.433 0.0000000000
68252  38.623  -29.730  44.183 0.0000000000
68253  37.958  -29.890  43.914 0.0000000000
63040  34.635  -33.362  45.362 0.0000000000
63049  34.261  -32.942  44.908 0.0000000000
64319  33.851  -32.007  43.703 0.0000000000
53619  32.567  -41.287  51.237 0.0000000000
53629  31.496  -41.070  50.464 0.0000000000
53634  31.286  -40.653  50.043 0.0000000000
54951  31.074  -40.068  49.463 0.0000000000
56302  30.476  -39.273  48.385 0.0000000000
53724  25.637  -40.628  43.201 0.0000000000
53723  25.902  -40.093  43.553 0.0000000000
55039  25.792  -39.840  43.117 0.0000000000
55057  26.048  -39.191  42.693 0.0000000000
55079  25.870  -39.386  41.529 0.0000000000
56395  26.416  -38.522  42.737 0.0000000000
87043  56.317  -13.812  43.001 0.0000000000
87031  55.216  -13.550  43.628 0.0000000000
85918  55.363  -13.736  43.352 0.0000000000
85933  55.629  -14.138  42.748 0.0000000000
84871  54.231  -15.152  42.153 0.0000000000
84872  53.710  -15.529  42.208 0.0000000000
80214  54.419  -19.167  44.494 0.0000000000
48120  24.197  -44.448  56.008 0.0000000000
48139  23.639  -44.325  55.745 0.0000000000
48121  23.961  -44.541  56.240 0.0000000000
46772  22.328  -45.394  56.858 0.0000000000
45385  20.688  -45.905  57.086 0.0000000000
46685  23.821  -45.972  59.667 0.0000000000
45299  22.934  -46.677  60.241 0.0000000000
45349  22.424  -45.937  58.636 0.0000000000
45371  20.209  -46.484  57.459 0.0000000000
45354  18.226  -46.221  58.380 0.0000000000
42710  33.047  -47.925  59.344 0.0000000000
44025  32.399  -47.793  58.033 0.0000000000
44044  30.885  -47.510  57.347 0.0000000000
42722  31.107  -47.583  58.481 0.0000000000
42730  30.768  -47.633  58.005 0.0000000000
44064  28.465  -47.187  56.507 0.0000000000
44065  27.866  -46.674  56.439 0.0000000000
45399  27.078  -46.190  56.091 0.0000000000
45368  26.423  -45.809  57.288 0.0000000000
46768  26.202  -45.644  56.419 0.0000000000
74158  50.836  -24.782  53.193 0.0000000000
71831  50.402  -26.604  53.484 0.0000000000
70687  50.310  -26.559  52.923 0.0000000000
70670  49.424  -27.802  52.622 0.0000000000
69444  49.846  -28.448  53.610 0.0000000000
69460  49.124  -28.774  52.374 0.0000000000
68160  48.420  -29.660  51.290 0.0000000000
57588  45.310  -37.244  54.701 0.0000000000
57614  45.125  -37.196  54.308 0.0000000000
58962  44.547  -36.760  53.558 0.0000000000
60294  44.338  -36.240  53.285 0.0000000000
56225  43.104  -38.397  54.046 0.0000000000
57618  42.339  -37.646  53.357 0.0000000000
57617  42.904  -37.570  53.544 0.0000000000
58993  43.171  -36.141  53.111 0.0000000000
61646  42.485  -34.930  52.357 0.0000000000
61666  42.081  -34.409  51.779 0.0000000000
62940  41.769  -33.987  51.413 0.0000000000
61668  40.554  -35.066  51.135 0.0000000000
61681  40.961  -34.168  50.820 0.0000000000
64230  40.073  -32.962  49.474 0.0000000000
64250  39.528  -32.995  48.816 0.0000000000
64251  38.845  -33.028  48.403 0.0000000000
63017  38.320  -33.425  48.330 0.0000000000
63018  37.520  -33.639  48.002 0.0000000000
63019  36.841  -33.941  47.564 0.0000000000
61739  36.473  -34.641  47.326 0.0000000000
59036  38.183  -36.641  49.541 0.0000000000
57688  37.186  -37.392  48.721 0.0000000000
59050  36.888  -36.440  48.330 0.0000000000
61746  35.895  -34.637  46.791 0.0000000000
60438  34.908  -35.109  45.956 0.0000000000
59070  35.379  -36.374  46.812 0.0000000000
60429  34.692  -35.638  46.086 0.0000000000
60439  34.234  -35.262  45.444 0.0000000000
60456  33.586  -35.097  44.965 0.0000000000
51004  29.103  -42.787  47.770 0.0000000000
51024  27.284  -42.553  46.333 0.0000000000
52380  26.382  -41.376  45.168 0.0000000000
52397  26.015  -41.189  44.670 0.0000000000
53706  25.586  -40.948  43.849 0.0000000000
83714  54.244  -16.275  45.969 0.0000000000
81298  55.952  -18.475  47.018 0.0000000000
50975  20.306  -43.272  49.593 0.0000000000
49515  20.798  -43.976  54.338 0.0000000000
46794  19.828  -45.893  55.575 0.0000000000
46826  18.939  -45.249  53.892 0.0000000000
48178  18.948  -44.757  53.213 0.0000000000
48192  18.587  -44.541  52.328 0.0000000000
48210  18.310  -44.291  51.307 0.0000000000
48078  40.410  -44.181  58.124 0.0000000000
49492  39.998  -43.615  55.872 0.0000000000
49494  39.019  -44.339  55.499 0.0000000000
49493  39.398  -43.788  55.482 0.0000000000
49507  39.009  -43.431  55.072 0.0000000000
52272  37.161  -41.802  53.498 0.0000000000
52273  36.557  -42.079  53.353 0.0000000000
50916  35.740  -43.242  53.552 0.0000000000
50927  35.359  -42.430  53.057 0.0000000000
52288  33.178  -42.419  52.075 0.0000000000
46820  35.262  -45.686  53.765 0.0000000000
46836  34.643  -45.420  53.483 0.0000000000
48186  34.442  -44.805  53.302 0.0000000000
46838  33.381  -45.451  52.605 0.0000000000
48187  33.863  -44.766  52.764 0.0000000000
49531  33.565  -43.870  52.722 0.0000000000
50940  32.773  -42.647  52.061 0.0000000000
50941  32.116  -42.823  51.714 0.0000000000
50942  31.465  -42.849  51.043 0.0000000000
50955  30.904  -42.831  50.550 0.0000000000
48219  31.151  -44.320  51.103 0.0000000000
49577  29.816  -43.768  49.026 0.0000000000
49596  29.262  -43.739  48.479 0.0000000000
44117  30.391  -46.956  53.048 0.0000000000
44091  28.255  -47.039  54.832 0.0000000000
44106  28.447  -47.239  54.314 0.0000000000
45429  28.501  -47.102  53.304 0.0000000000
45447  29.150  -47.079  52.806 0.0000000000
45468  29.989  -46.348  51.123 0.0000000000
45483  29.781  -46.181  50.427 0.0000000000
46877  29.691  -45.598  49.978 0.0000000000
49597  28.646  -43.987  48.130 0.0000000000
48274  28.186  -44.463  47.985 0.0000000000
46912  26.964  -45.335  47.894 0.0000000000
48276  26.796  -44.668  47.661 0.0000000000
49620  22.622  -43.126  47.513 0.0000000000
49640  22.103  -43.721  46.298 0.0000000000
49660  21.898  -43.929  46.039 0.0000000000
81299  53.640  -18.824  47.255 0.0000000000
79018  53.703  -20.618  46.156 0.0000000000
75575  50.042  -23.752  42.575 0.0000000000
45206  24.410  -46.239  64.289 0.0000000000
43901  22.875  -47.142  64.043 0.0000000000
42673  22.099  -47.725  63.358 0.0000000000
42674  21.508  -47.829  63.001 0.0000000000
42639  21.004  -47.907  64.443 0.0000000000
42656  20.875  -47.893  63.732 0.0000000000
42688  21.143  -47.752  62.243 0.0000000000
42699  20.471  -47.774  61.339 0.0000000000
43991  19.612  -47.442  60.486 0.0000000000
42691  19.286  -47.607  61.899 0.0000000000
42701  19.241  -47.501  61.197 0.0000000000
44013  18.569  -46.652  59.937 0.0000000000
45260  17.291  -46.928  62.239 0.0000000000
45280  16.281  -46.602  61.462 0.0000000000
46728  16.153  -45.467  58.062 0.0000000000
48102  15.133  -44.461  57.471 0.0000000000
48086  14.747  -44.502  57.840 0.0000000000
46732  12.257  -45.071  58.907 0.0000000000
88089  53.926  -12.844  49.132 0.0000000000
86951  54.287  -14.021  50.837 0.0000000000
84777  55.066  -16.350  49.418 0.0000000000
83622  53.180  -16.219  52.375 0.0000000000
82418  52.537  -17.623  47.918 0.0000000000
81282  51.927  -18.104  47.459 0.0000000000
80137  50.794  -19.447  50.670 0.0000000000
80155  50.435  -19.691  48.618 0.0000000000
79019  50.229  -20.210  45.932 0.0000000000
76672  48.059  -22.195  44.963 0.0000000000
74239  49.251  -24.123  50.491 0.0000000000
75417  49.728  -23.611  50.799 0.0000000000
76598  49.714  -22.978  50.401 0.0000000000
76640  48.351  -22.429  47.252 0.0000000000
76693  47.492  -22.610  44.472 0.0000000000
74335  45.762  -25.251  45.225 0.0000000000
65523  49.704  -30.405  53.087 0.0000000000
66827  49.158  -30.304  52.428 0.0000000000
66828  48.692  -30.390  51.878 0.0000000000
68161  47.942  -29.982  50.797 0.0000000000
62893  46.578  -33.838  54.114 0.0000000000
62906  47.141  -33.502  53.460 0.0000000000
61643  45.181  -35.163  52.433 0.0000000000
60339  46.315  -34.927  51.989 0.0000000000
61680  45.756  -34.188  51.008 0.0000000000
61662  46.294  -34.373  51.366 0.0000000000
61642  46.737  -34.692  51.928 0.0000000000
61641  47.269  -34.478  52.263 0.0000000000
62905  47.522  -33.740  52.936 0.0000000000
64183  47.770  -32.507  52.471 0.0000000000
64207  48.104  -31.998  51.490 0.0000000000
64208  47.455  -32.295  50.819 0.0000000000
66856  46.663  -30.370  48.635 0.0000000000
68199  46.536  -29.438  47.998 0.0000000000
69563  45.253  -28.582  46.215 0.0000000000
65612  45.214  -30.921  46.200 0.0000000000
66890  44.630  -30.762  45.787 0.0000000000
65633  44.988  -30.939  45.814 0.0000000000
66907  45.278  -30.448  45.927 0.0000000000
69578  44.993  -28.463  45.513 0.0000000000
69588  44.739  -28.357  44.783 0.0000000000
69598  43.679  -28.439  43.455 0.0000000000
68264  41.107  -29.235  43.425 0.0000000000
69601  40.952  -28.872  43.003 0.0000000000
69614  40.681  -28.647  42.429 0.0000000000
65593  38.952  -31.940  47.355 0.0000000000
65618  38.255  -31.599  46.593 0.0000000000
65634  38.190  -31.004  45.919 0.0000000000
64298  36.051  -32.645  45.836 0.0000000000
65648  35.379  -31.439  44.292 0.0000000000
65647  36.141  -31.096  44.598 0.0000000000
53604  36.897  -40.517  52.326 0.0000000000
53615  36.449  -40.064  51.606 0.0000000000
54922  36.147  -39.646  50.983 0.0000000000
56269  35.446  -39.124  49.880 0.0000000000
56283  35.200  -38.766  49.349 0.0000000000
54949  32.603  -39.663  49.905 0.0000000000
54948  33.581  -39.373  49.717 0.0000000000
54938  34.024  -39.664  50.348 0.0000000000
54947  34.493  -39.312  49.767 0.0000000000
56311  34.224  -37.576  47.770 0.0000000000
57703  33.952  -37.141  47.306 0.0000000000
57704  32.960  -37.095  47.350 0.0000000000
60441  32.245  -35.617  45.428 0.0000000000
52343  28.893  -41.800  47.771 0.0000000000
53655  28.696  -40.751  47.632 0.0000000000
54977  29.446  -39.791  47.795 0.0000000000
53704  26.669  -39.979  44.512 0.0000000000
55018  26.779  -39.405  44.861 0.0000000000
56328  28.058  -38.600  46.288 0.0000000000
56327  28.703  -38.114  46.550 0.0000000000
59076  30.137  -36.824  46.202 0.0000000000
59105  29.080  -36.324  45.148 0.0000000000
60444  29.389  -36.048  45.191 0.0000000000
59089  30.501  -36.202  45.775 0.0000000000
60459  31.011  -34.968  44.454 0.0000000000
85887  53.883  -14.716  44.637 0.0000000000
83765  53.186  -16.504  41.626 0.0000000000
79005  55.318  -20.779  47.909 0.0000000000
42718  34.042  -48.172  59.248 0.0000000000
42719  33.499  -48.210  58.959 0.0000000000
44037  37.613  -47.011  56.932 0.0000000000
44055  37.166  -47.030  56.601 0.0000000000
45263  14.530  -46.632  62.064 0.0000000000
45365  37.533  -46.719  58.067 0.0000000000
45380  37.772  -46.544  56.728 0.0000000000
45383  27.316  -46.398  56.501 0.0000000000
45407  36.250  -46.069  54.612 0.0000000000
46603  24.365  -46.015  64.397 0.0000000000
46739  39.910  -44.924  57.420 0.0000000000
46752  21.447  -45.870  57.607 0.0000000000
46784  37.619  -45.754  55.819 0.0000000000
46785  36.986  -46.002  55.572 0.0000000000
46818  36.292  -45.788  54.497 0.0000000000
48113  39.717  -44.830  56.691 0.0000000000
48134  38.622  -44.802  55.567 0.0000000000
48135  38.170  -45.259  55.628 0.0000000000
48171  35.614  -45.083  54.085 0.0000000000
48310  22.049  -44.551  45.178 0.0000000000
48311  21.787  -44.394  45.901 0.0000000000
49456  40.780  -42.788  57.760 0.0000000000
49487  15.396  -43.878  56.231 0.0000000000
49511  35.891  -44.710  54.245 0.0000000000
49601  22.253  -43.346  48.047 0.0000000000
50862  40.621  -42.834  57.264 0.0000000000
52241  40.568  -41.755  55.519 0.0000000000
52305  31.623  -41.320  50.648 0.0000000000
53557  42.161  -39.883  56.053 0.0000000000
54858  44.136  -38.566  55.187 0.0000000000
54878  44.209  -38.531  54.958 0.0000000000
57565  44.777  -37.826  54.975 0.0000000000
57636  42.447  -37.236  53.326 0.0000000000
58992  45.097  -36.357  53.248 0.0000000000
59063  33.493  -36.689  46.925 0.0000000000
59064  33.123  -36.695  47.007 0.0000000000
59086  33.992  -35.903  45.677 0.0000000000
60292  46.759  -35.600  52.999 0.0000000000
60314  46.603  -35.298  52.509 0.0000000000
61667  41.156  -34.597  51.386 0.0000000000
62963  46.753  -32.594  49.773 0.0000000000
64182  48.178  -32.010  52.379 0.0000000000
64223  46.694  -32.457  49.472 0.0000000000
65504  49.683  -30.128  53.340 0.0000000000
65632  45.108  -30.714  45.820 0.0000000000
65660  33.731  -31.721  43.338 0.0000000000
65677  32.836  -31.530  42.260 0.0000000000
66808  49.638  -29.670  53.511 0.0000000000
69429  50.187  -28.291  53.854 0.0000000000
69564  44.868  -28.350  46.081 0.0000000000
69579  44.958  -28.498  45.843 0.0000000000
71911  46.600  -26.339  47.571 0.0000000000
77758  51.079  -20.901  53.683 0.0000000000
85949  54.759  -14.895  41.956 0.0000000000
86942  54.262  -14.072  51.094 0.0000000000
86943  54.085  -13.962  51.229 0.0000000000
