#!ascii label  , from subject 3127 vox2ras=TkReg
341
20668  33.862  -65.804  1.114 0.0000000000
23486  38.142  -63.264  -8.713 0.0000000000
16863  36.851  -69.071  -6.376 0.0000000000
24709  33.372  -63.202  -4.580 0.0000000000
19430  31.368  -66.851  -8.409 0.0000000000
16844  34.425  -68.674  -7.271 0.0000000000
13271  32.274  -71.574  -6.115 0.0000000000
24757  35.772  -62.133  -7.422 0.0000000000
23413  36.580  -63.187  -2.848 0.0000000000
18051  34.918  -68.256  -2.494 0.0000000000
18094  33.766  -66.966  -5.435 0.0000000000
20791  33.384  -65.058  -8.104 0.0000000000
22163  33.533  -63.754  -10.602 0.0000000000
19475  31.258  -66.956  -11.641 0.0000000000
20608  36.333  -64.924  4.276 0.0000000000
16753  36.451  -67.896  -0.094 0.0000000000
15618  37.374  -70.073  -3.522 0.0000000000
24666  35.578  -62.116  -0.902 0.0000000000
13270  33.370  -71.487  -6.188 0.0000000000
24770  36.842  -62.582  -8.388 0.0000000000
23440  37.697  -63.227  -5.596 0.0000000000
16814  35.829  -68.805  -4.353 0.0000000000
18092  35.224  -67.995  -6.145 0.0000000000
18114  32.449  -68.035  -7.088 0.0000000000
18152  33.803  -66.688  -8.057 0.0000000000
19429  32.388  -66.283  -8.650 0.0000000000
22147  32.804  -64.302  -9.276 0.0000000000
20808  31.698  -65.792  -9.732 0.0000000000
20855  33.583  -65.702  -12.481 0.0000000000
16751  38.177  -68.219  0.473 0.0000000000
16774  37.646  -69.255  -1.759 0.0000000000
15607  38.490  -70.057  -2.178 0.0000000000
23416  32.580  -64.130  -3.513 0.0000000000
24687  34.616  -62.684  -2.367 0.0000000000
24692  38.695  -62.312  -2.746 0.0000000000
27190  37.878  -61.346  -2.474 0.0000000000
13267  36.826  -71.072  -7.107 0.0000000000
15684  36.057  -69.128  -7.578 0.0000000000
14480  34.803  -70.343  -6.653 0.0000000000
15665  32.920  -69.421  -6.426 0.0000000000
16847  31.055  -68.770  -6.524 0.0000000000
24738  34.621  -62.395  -6.336 0.0000000000
24707  35.026  -62.513  -4.251 0.0000000000
24706  36.092  -62.503  -4.598 0.0000000000
22052  37.979  -64.259  -3.146 0.0000000000
22143  39.295  -64.444  -9.667 0.0000000000
18029  34.333  -67.346  -0.480 0.0000000000
19361  32.784  -66.142  -3.914 0.0000000000
20753  33.083  -65.440  -5.413 0.0000000000
18133  34.978  -67.367  -7.565 0.0000000000
19394  33.764  -66.196  -6.548 0.0000000000
22112  33.252  -63.933  -7.018 0.0000000000
23489  33.494  -63.391  -8.038 0.0000000000
23503  34.532  -62.782  -9.580 0.0000000000
23514  35.323  -63.305  -10.279 0.0000000000
19461  30.694  -67.044  -9.705 0.0000000000
20842  32.667  -65.244  -11.844 0.0000000000
20840  34.379  -64.712  -11.772 0.0000000000
22159  37.336  -64.244  -10.546 0.0000000000
23326  35.705  -63.322  4.067 0.0000000000
20637  34.912  -65.494  2.953 0.0000000000
19261  36.285  -66.558  2.972 0.0000000000
18003  35.252  -66.834  1.039 0.0000000000
16764  35.765  -68.100  -0.949 0.0000000000
16804  36.456  -69.257  -3.380 0.0000000000
14466  37.571  -70.065  -5.253 0.0000000000
14464  39.189  -71.166  -5.841 0.0000000000
13287  38.281  -71.049  -7.278 0.0000000000
24677  36.716  -62.362  -1.588 0.0000000000
20638  34.166  -64.964  2.410 0.0000000000
21966  33.655  -64.157  2.416 0.0000000000
20655  33.539  -64.858  1.596 0.0000000000
23487  37.174  -63.085  -9.067 0.0000000000
24754  38.104  -62.808  -7.590 0.0000000000
16841  36.404  -68.746  -5.939 0.0000000000
16826  35.465  -68.359  -5.393 0.0000000000
16864  36.631  -68.710  -6.816 0.0000000000
18115  31.933  -67.840  -7.102 0.0000000000
18154  32.879  -66.956  -8.165 0.0000000000
19413  31.987  -66.859  -7.974 0.0000000000
19444  31.838  -65.868  -9.373 0.0000000000
18202  33.150  -67.641  -12.905 0.0000000000
16773  38.390  -69.469  -1.442 0.0000000000
23415  33.010  -63.565  -3.964 0.0000000000
23405  32.901  -63.308  -3.015 0.0000000000
24696  33.513  -63.023  -3.667 0.0000000000
27203  38.598  -60.932  -4.098 0.0000000000
14479  35.817  -70.239  -7.129 0.0000000000
13268  35.633  -71.299  -6.614 0.0000000000
14482  32.580  -70.503  -6.179 0.0000000000
15666  31.801  -69.541  -6.189 0.0000000000
24758  34.860  -62.296  -7.304 0.0000000000
24718  35.304  -62.329  -5.441 0.0000000000
24717  36.270  -62.326  -5.676 0.0000000000
23426  37.670  -63.746  -4.320 0.0000000000
22067  38.324  -64.336  -3.958 0.0000000000
22039  38.717  -64.287  -2.684 0.0000000000
18041  33.912  -67.347  -1.598 0.0000000000
18030  33.668  -67.086  -0.948 0.0000000000
18052  34.210  -67.787  -2.537 0.0000000000
20739  32.755  -65.609  -4.407 0.0000000000
19375  33.409  -66.306  -5.495 0.0000000000
15685  35.432  -68.998  -7.493 0.0000000000
16866  35.062  -68.273  -7.699 0.0000000000
19428  33.486  -66.133  -8.110 0.0000000000
19410  34.274  -66.590  -7.603 0.0000000000
19411  33.671  -65.593  -7.433 0.0000000000
20762  33.372  -64.892  -6.473 0.0000000000
20776  33.407  -64.729  -7.416 0.0000000000
23474  33.592  -63.182  -6.930 0.0000000000
22128  33.267  -64.232  -7.923 0.0000000000
22146  33.114  -63.806  -9.870 0.0000000000
24799  33.797  -63.051  -9.563 0.0000000000
23515  34.266  -63.005  -10.118 0.0000000000
23502  35.077  -62.787  -9.636 0.0000000000
22162  34.608  -63.750  -10.849 0.0000000000
15724  30.865  -69.760  -10.275 0.0000000000
18189  31.296  -67.990  -11.604 0.0000000000
18190  30.751  -68.112  -10.992 0.0000000000
18177  30.872  -67.443  -11.054 0.0000000000
19460  30.967  -66.649  -10.616 0.0000000000
20843  31.620  -65.897  -11.556 0.0000000000
20854  34.813  -65.195  -12.314 0.0000000000
22187  35.565  -64.962  -11.768 0.0000000000
22174  35.923  -64.720  -11.242 0.0000000000
20839  36.328  -65.094  -11.468 0.0000000000
24611  36.172  -62.401  4.313 0.0000000000
21932  35.981  -64.241  4.259 0.0000000000
21948  35.207  -64.222  3.785 0.0000000000
20622  35.577  -65.283  3.719 0.0000000000
18015  37.358  -67.710  0.848 0.0000000000
19275  36.732  -66.793  2.502 0.0000000000
18001  36.984  -67.104  1.660 0.0000000000
18002  35.790  -67.053  1.247 0.0000000000
18016  36.321  -67.540  0.424 0.0000000000
18028  35.562  -67.746  -0.512 0.0000000000
18027  36.185  -67.791  -0.233 0.0000000000
16790  37.365  -69.439  -2.525 0.0000000000
16791  36.776  -69.151  -2.733 0.0000000000
15609  37.219  -69.588  -3.003 0.0000000000
15630  37.052  -69.916  -4.396 0.0000000000
14451  37.807  -70.474  -4.319 0.0000000000
12057  39.816  -72.796  -6.735 0.0000000000
13265  39.227  -71.430  -6.643 0.0000000000
14476  38.912  -70.966  -6.467 0.0000000000
23428  35.969  -62.797  -3.609 0.0000000000
24694  35.354  -62.756  -3.053 0.0000000000
23393  36.813  -62.967  -1.812 0.0000000000
27191  37.327  -60.861  -2.303 0.0000000000
24771  36.041  -62.339  -8.249 0.0000000000
24736  36.438  -62.199  -6.665 0.0000000000
16806  35.397  -68.546  -3.269 0.0000000000
18067  34.585  -68.149  -3.434 0.0000000000
16815  35.037  -68.378  -4.314 0.0000000000
18093  34.598  -67.665  -5.537 0.0000000000
16845  33.226  -68.378  -7.077 0.0000000000
16867  33.910  -67.965  -7.586 0.0000000000
18135  33.409  -67.336  -7.891 0.0000000000
18153  33.398  -66.761  -8.167 0.0000000000
20792  32.856  -65.235  -8.732 0.0000000000
22129  33.112  -64.435  -8.541 0.0000000000
20807  32.164  -65.266  -9.657 0.0000000000
22164  32.683  -64.352  -10.274 0.0000000000
20856  32.505  -66.141  -12.429 0.0000000000
19496  32.457  -67.074  -12.696 0.0000000000
19494  34.505  -66.269  -12.993 0.0000000000
16752  36.963  -68.129  0.114 0.0000000000
16762  37.413  -68.565  -0.702 0.0000000000
14414  38.421  -70.367  -2.703 0.0000000000
24688  33.673  -62.891  -2.639 0.0000000000
24679  35.019  -62.450  -1.489 0.0000000000
23391  38.009  -63.098  -1.802 0.0000000000
24676  37.647  -62.502  -1.703 0.0000000000
25956  38.313  -61.821  -2.462 0.0000000000
28484  38.082  -60.246  -3.623 0.0000000000
14498  36.881  -70.010  -7.451 0.0000000000
15683  36.819  -69.232  -7.290 0.0000000000
14499  36.208  -69.805  -7.427 0.0000000000
15662  35.728  -69.509  -7.421 0.0000000000
15663  35.061  -69.408  -7.148 0.0000000000
14481  33.702  -70.416  -6.360 0.0000000000
15664  34.056  -69.390  -6.700 0.0000000000
16846  32.102  -68.507  -6.635 0.0000000000
24720  33.663  -62.906  -5.350 0.0000000000
24708  33.963  -62.661  -4.425 0.0000000000
24719  34.370  -62.523  -5.341 0.0000000000
23427  36.702  -63.216  -3.952 0.0000000000
24705  37.036  -62.727  -4.950 0.0000000000
23403  37.572  -63.622  -2.377 0.0000000000
23402  38.476  -63.584  -2.302 0.0000000000
25960  39.245  -62.010  -3.632 0.0000000000
23498  38.523  -63.720  -9.375 0.0000000000
19293  34.162  -66.471  0.679 0.0000000000
20669  33.182  -65.455  0.697 0.0000000000
19304  33.545  -66.700  -0.341 0.0000000000
22069  32.691  -64.692  -4.492 0.0000000000
22083  32.935  -64.435  -5.322 0.0000000000
18112  34.242  -67.010  -6.319 0.0000000000
18134  34.169  -67.184  -7.928 0.0000000000
19409  34.800  -66.915  -7.453 0.0000000000
22097  33.176  -64.021  -6.084 0.0000000000
24739  33.913  -62.768  -6.222 0.0000000000
24759  34.033  -62.660  -7.173 0.0000000000
24773  34.249  -62.552  -8.135 0.0000000000
23505  33.152  -63.903  -8.681 0.0000000000
24787  33.912  -62.951  -8.916 0.0000000000
24772  35.160  -62.259  -8.214 0.0000000000
24785  35.565  -62.484  -8.973 0.0000000000
23501  36.185  -62.923  -9.593 0.0000000000
23500  37.036  -63.542  -10.004 0.0000000000
16904  30.649  -68.732  -10.555 0.0000000000
19446  30.822  -67.064  -8.891 0.0000000000
20824  31.550  -65.751  -10.341 0.0000000000
20823  32.115  -65.009  -10.878 0.0000000000
22177  33.030  -64.469  -11.229 0.0000000000
20841  33.725  -64.905  -11.866 0.0000000000
22176  34.028  -64.315  -11.341 0.0000000000
22161  35.581  -64.023  -10.841 0.0000000000
23512  36.759  -63.919  -10.428 0.0000000000
22145  37.588  -63.865  -10.040 0.0000000000
22144  38.151  -64.120  -9.972 0.0000000000
27133  35.387  -60.987  3.858 0.0000000000
25900  35.717  -61.528  4.147 0.0000000000
24612  35.373  -62.415  3.911 0.0000000000
23337  34.964  -63.297  3.593 0.0000000000
21949  34.511  -64.142  3.253 0.0000000000
19278  34.299  -65.859  1.604 0.0000000000
19244  37.442  -66.422  3.828 0.0000000000
19246  36.069  -66.037  3.447 0.0000000000
19262  35.507  -66.145  2.764 0.0000000000
19277  35.075  -66.531  1.609 0.0000000000
19292  34.927  -66.721  0.927 0.0000000000
18018  34.388  -67.029  0.210 0.0000000000
18040  34.856  -68.013  -1.486 0.0000000000
16777  35.212  -68.312  -1.956 0.0000000000
16775  36.660  -68.663  -1.662 0.0000000000
16792  36.021  -68.665  -2.502 0.0000000000
16793  35.447  -68.440  -2.350 0.0000000000
15632  36.049  -69.201  -3.991 0.0000000000
15647  36.496  -69.006  -5.197 0.0000000000
15660  37.138  -69.482  -5.983 0.0000000000
14477  37.879  -70.184  -6.210 0.0000000000
14497  37.838  -70.231  -7.104 0.0000000000
24695  34.316  -62.733  -3.398 0.0000000000
24686  35.545  -62.702  -2.168 0.0000000000
24665  36.134  -62.238  -1.161 0.0000000000
25951  37.354  -61.734  -1.753 0.0000000000
25952  36.617  -61.513  -1.387 0.0000000000
12074  39.563  -72.183  -6.774 0.0000000000
12075  39.246  -72.171  -7.011 0.0000000000
13285  39.425  -71.907  -6.850 0.0000000000
13286  39.072  -71.455  -7.003 0.0000000000
14436  38.094  -70.460  -3.383 0.0000000000
14465  38.644  -70.930  -5.228 0.0000000000
14478  36.453  -70.255  -7.319 0.0000000000
14496  38.571  -70.871  -7.054 0.0000000000
15594  38.264  -69.692  -1.887 0.0000000000
15608  37.821  -69.884  -2.597 0.0000000000
15619  36.721  -69.596  -3.584 0.0000000000
15620  36.287  -69.319  -3.759 0.0000000000
15631  36.397  -69.320  -4.408 0.0000000000
15646  36.905  -69.471  -5.175 0.0000000000
15661  36.737  -69.159  -5.704 0.0000000000
15682  37.232  -69.423  -6.742 0.0000000000
15734  30.998  -69.292  -10.834 0.0000000000
16763  36.337  -68.160  -0.692 0.0000000000
16776  35.716  -68.325  -1.574 0.0000000000
16805  36.088  -68.992  -3.426 0.0000000000
16813  36.230  -68.919  -4.776 0.0000000000
16825  36.112  -68.721  -5.142 0.0000000000
16840  36.777  -69.109  -6.048 0.0000000000
16842  35.810  -68.270  -6.498 0.0000000000
16843  35.043  -68.805  -7.410 0.0000000000
16868  33.294  -67.774  -7.542 0.0000000000
17989  37.277  -67.007  2.834 0.0000000000
18017  35.080  -67.157  0.476 0.0000000000
18039  35.461  -68.092  -1.098 0.0000000000
18113  33.727  -66.671  -5.997 0.0000000000
18136  32.553  -67.465  -7.602 0.0000000000
19263  34.760  -65.855  2.294 0.0000000000
19276  36.073  -66.739  2.125 0.0000000000
19294  33.393  -66.239  0.245 0.0000000000
19303  34.048  -66.963  0.060 0.0000000000
19392  35.009  -67.066  -7.311 0.0000000000
19393  34.729  -66.728  -7.079 0.0000000000
19412  32.448  -66.862  -8.102 0.0000000000
19427  34.029  -66.640  -7.968 0.0000000000
19445  31.312  -66.322  -9.456 0.0000000000
19495  33.471  -66.808  -12.965 0.0000000000
20621  36.445  -65.587  3.951 0.0000000000
20623  34.784  -64.888  3.327 0.0000000000
20639  33.640  -64.563  2.068 0.0000000000
20654  33.811  -65.399  1.484 0.0000000000
20738  33.060  -65.983  -4.972 0.0000000000
20754  32.705  -65.181  -4.876 0.0000000000
20857  31.772  -66.625  -12.276 0.0000000000
21931  36.850  -64.194  4.399 0.0000000000
22040  38.160  -64.054  -2.519 0.0000000000
22068  32.801  -64.235  -4.716 0.0000000000
22084  32.717  -64.941  -5.074 0.0000000000
22160  36.417  -64.254  -10.733 0.0000000000
22173  36.736  -64.766  -11.098 0.0000000000
22175  34.987  -64.473  -11.505 0.0000000000
22186  35.972  -65.101  -11.590 0.0000000000
23349  33.759  -63.594  2.770 0.0000000000
23350  33.463  -63.377  2.279 0.0000000000
23392  37.292  -63.047  -1.771 0.0000000000
23404  36.907  -63.234  -2.114 0.0000000000
23412  37.252  -63.702  -3.301 0.0000000000
23414  36.028  -62.767  -3.026 0.0000000000
23429  32.985  -63.817  -4.716 0.0000000000
23430  32.760  -64.059  -4.290 0.0000000000
23441  33.248  -63.600  -5.373 0.0000000000
23457  33.500  -63.398  -6.162 0.0000000000
23488  36.624  -62.760  -8.995 0.0000000000
23490  33.205  -63.960  -8.304 0.0000000000
23499  37.797  -63.549  -9.575 0.0000000000
23504  33.375  -63.531  -9.191 0.0000000000
23513  36.226  -63.635  -10.347 0.0000000000
23516  33.551  -63.348  -9.915 0.0000000000
24675  38.121  -62.606  -1.790 0.0000000000
24678  35.905  -62.510  -1.516 0.0000000000
24683  38.936  -63.234  -2.459 0.0000000000
24684  38.527  -62.702  -2.211 0.0000000000
24685  36.348  -62.904  -2.042 0.0000000000
24691  39.343  -62.783  -3.032 0.0000000000
24693  36.017  -62.769  -2.619 0.0000000000
24716  37.064  -62.595  -6.027 0.0000000000
24734  37.870  -62.640  -6.994 0.0000000000
24737  35.531  -62.183  -6.477 0.0000000000
24756  36.632  -62.306  -7.541 0.0000000000
24769  37.666  -62.800  -8.277 0.0000000000
24784  36.258  -62.576  -8.861 0.0000000000
24786  34.642  -62.583  -9.020 0.0000000000
24798  34.196  -62.812  -9.475 0.0000000000
25950  38.091  -62.104  -1.820 0.0000000000
25957  37.847  -61.560  -2.082 0.0000000000
25961  38.704  -61.824  -3.297 0.0000000000
27132  35.969  -60.449  4.048 0.0000000000
27180  36.909  -61.205  -1.775 0.0000000000
27198  38.034  -61.075  -3.081 0.0000000000
