#!ascii label  , from subject 3470 vox2ras=TkReg
653
10211  -41.574  -86.017  -4.501 0.0000000000
15829  -38.427  -81.683  -9.661 0.0000000000
18985  -42.360  -78.544  0.084 0.0000000000
12376  -38.160  -84.108  -6.661 0.0000000000
20242  -37.077  -77.166  -3.183 0.0000000000
14522  -43.300  -82.512  2.772 0.0000000000
21419  -47.792  -77.264  -0.497 0.0000000000
26428  -43.912  -72.468  -1.319 0.0000000000
20228  -44.864  -76.938  -2.648 0.0000000000
19021  -38.836  -78.102  -2.353 0.0000000000
22707  -41.722  -75.196  -3.163 0.0000000000
16779  -46.960  -80.503  1.600 0.0000000000
20155  -45.169  -77.297  1.629 0.0000000000
31610  -45.395  -68.581  -1.760 0.0000000000
28939  -47.138  -70.801  -2.250 0.0000000000
7125  -37.338  -89.622  -8.144 0.0000000000
13548  -36.362  -83.657  -8.701 0.0000000000
10263  -39.374  -86.396  -10.586 0.0000000000
11363  -40.831  -84.869  -10.970 0.0000000000
14601  -42.213  -82.524  -3.312 0.0000000000
11305  -40.379  -85.545  -5.940 0.0000000000
16893  -38.035  -80.090  -6.184 0.0000000000
17980  -35.702  -79.673  -7.029 0.0000000000
16775  -43.212  -80.911  1.352 0.0000000000
16832  -46.487  -79.410  -0.921 0.0000000000
20230  -48.979  -76.863  -2.782 0.0000000000
23855  -43.179  -74.544  1.769 0.0000000000
23912  -45.644  -74.421  -0.861 0.0000000000
23930  -48.742  -74.409  -2.163 0.0000000000
25190  -51.126  -73.751  -2.969 0.0000000000
8139  -37.908  -88.120  -10.051 0.0000000000
22776  -36.861  -75.194  -7.378 0.0000000000
18010  -40.424  -79.719  -8.524 0.0000000000
15849  -44.185  -81.109  -10.611 0.0000000000
20269  -45.876  -76.896  -3.739 0.0000000000
21476  -43.270  -75.789  -3.148 0.0000000000
9144  -40.065  -87.550  -5.330 0.0000000000
14703  -37.399  -82.404  -9.715 0.0000000000
12433  -39.517  -84.728  -9.668 0.0000000000
14705  -39.874  -82.954  -9.554 0.0000000000
13590  -41.797  -83.626  -10.613 0.0000000000
15831  -40.598  -82.175  -9.347 0.0000000000
16815  -40.703  -80.389  -0.706 0.0000000000
16830  -40.388  -80.272  -1.871 0.0000000000
19020  -38.416  -77.872  -2.539 0.0000000000
17956  -38.876  -79.063  -4.554 0.0000000000
19075  -37.790  -78.712  -5.142 0.0000000000
17981  -36.531  -79.645  -6.493 0.0000000000
19073  -35.934  -78.217  -5.670 0.0000000000
14550  -42.588  -82.874  0.667 0.0000000000
15663  -43.193  -81.735  1.693 0.0000000000
18970  -47.516  -78.903  0.851 0.0000000000
16800  -46.998  -80.862  0.140 0.0000000000
18989  -47.836  -78.789  -0.485 0.0000000000
17942  -47.336  -78.339  -1.937 0.0000000000
21420  -48.385  -77.088  -1.304 0.0000000000
25131  -43.837  -73.823  0.598 0.0000000000
23888  -44.537  -74.441  0.725 0.0000000000
25166  -44.838  -73.629  -1.174 0.0000000000
28940  -48.516  -70.639  -2.468 0.0000000000
26450  -47.995  -72.753  -2.360 0.0000000000
27674  -49.228  -71.724  -2.555 0.0000000000
25189  -50.310  -73.829  -2.616 0.0000000000
12377  -39.125  -84.502  -6.323 0.0000000000
9174  -38.731  -87.662  -7.505 0.0000000000
10249  -38.271  -87.101  -8.585 0.0000000000
10317  -38.178  -86.316  -12.226 0.0000000000
24017  -38.435  -74.303  -7.417 0.0000000000
20339  -38.305  -77.627  -8.274 0.0000000000
18013  -44.100  -79.758  -7.817 0.0000000000
20187  -43.375  -77.713  -0.825 0.0000000000
20184  -40.705  -77.805  -0.568 0.0000000000
21438  -41.858  -76.163  -1.118 0.0000000000
21437  -40.636  -76.047  -1.075 0.0000000000
22659  -39.103  -75.218  -1.661 0.0000000000
15646  -45.050  -81.299  2.757 0.0000000000
18932  -45.651  -79.053  2.250 0.0000000000
21389  -46.243  -77.490  1.151 0.0000000000
28919  -44.780  -70.613  -1.446 0.0000000000
27655  -45.215  -71.652  -1.604 0.0000000000
30239  -45.939  -69.489  -2.021 0.0000000000
30259  -47.833  -69.371  -2.450 0.0000000000
31632  -48.578  -68.439  -2.538 0.0000000000
12396  -36.922  -84.104  -7.523 0.0000000000
10248  -38.072  -86.211  -9.084 0.0000000000
11347  -38.023  -85.392  -9.324 0.0000000000
11361  -39.956  -85.834  -10.717 0.0000000000
11417  -39.554  -84.747  -12.467 0.0000000000
13612  -40.386  -83.602  -12.636 0.0000000000
14719  -41.054  -82.871  -12.853 0.0000000000
14721  -42.639  -81.923  -13.032 0.0000000000
13481  -42.491  -83.496  -4.005 0.0000000000
11282  -41.288  -85.445  -5.422 0.0000000000
13495  -40.904  -83.123  -5.925 0.0000000000
13494  -39.985  -82.607  -6.136 0.0000000000
17938  -39.597  -79.472  -3.555 0.0000000000
16895  -39.727  -80.033  -5.215 0.0000000000
14669  -38.256  -82.156  -6.567 0.0000000000
14683  -36.616  -82.340  -7.432 0.0000000000
15801  -35.792  -81.721  -7.908 0.0000000000
15825  -35.495  -80.796  -9.316 0.0000000000
14583  -42.673  -83.559  -1.879 0.0000000000
15702  -41.480  -82.070  -0.387 0.0000000000
17871  -42.495  -80.099  0.778 0.0000000000
16778  -45.852  -81.280  1.124 0.0000000000
17874  -45.295  -80.096  -0.080 0.0000000000
18987  -44.249  -78.784  -0.784 0.0000000000
19024  -45.755  -78.007  -2.007 0.0000000000
19042  -46.658  -77.698  -2.908 0.0000000000
20273  -49.187  -76.598  -3.529 0.0000000000
21386  -44.108  -75.913  1.645 0.0000000000
22637  -45.595  -75.631  0.564 0.0000000000
22644  -46.809  -75.756  -0.352 0.0000000000
26431  -46.405  -72.785  -1.880 0.0000000000
25168  -46.950  -73.721  -1.818 0.0000000000
22664  -47.859  -75.627  -1.272 0.0000000000
23916  -49.279  -75.644  -1.991 0.0000000000
22688  -50.262  -75.368  -2.597 0.0000000000
8089  -39.181  -88.114  -6.619 0.0000000000
7140  -37.732  -88.738  -8.959 0.0000000000
9212  -38.456  -87.571  -10.604 0.0000000000
9245  -36.712  -87.503  -12.114 0.0000000000
20304  -35.127  -77.850  -5.963 0.0000000000
19101  -34.831  -78.651  -7.723 0.0000000000
18024  -36.070  -79.685  -9.563 0.0000000000
20354  -37.094  -78.011  -8.861 0.0000000000
18027  -39.208  -80.089  -9.113 0.0000000000
16964  -41.207  -81.420  -8.924 0.0000000000
15848  -43.573  -81.791  -10.745 0.0000000000
21497  -47.283  -76.566  -4.286 0.0000000000
21495  -45.297  -76.283  -4.008 0.0000000000
8078  -39.520  -88.363  -5.392 0.0000000000
9145  -40.698  -87.079  -4.809 0.0000000000
14712  -37.042  -81.776  -9.745 0.0000000000
14704  -38.722  -82.746  -9.649 0.0000000000
15830  -39.529  -81.974  -9.560 0.0000000000
17888  -40.985  -79.587  -0.310 0.0000000000
17902  -40.383  -79.558  -1.141 0.0000000000
20243  -37.780  -77.958  -3.358 0.0000000000
20266  -37.835  -78.202  -3.942 0.0000000000
20265  -37.358  -77.891  -3.938 0.0000000000
19074  -36.873  -78.595  -5.533 0.0000000000
19055  -37.172  -78.050  -4.701 0.0000000000
13387  -42.619  -83.529  2.147 0.0000000000
13400  -42.572  -83.755  1.283 0.0000000000
14534  -43.044  -82.901  2.041 0.0000000000
21407  -47.534  -77.916  0.129 0.0000000000
18988  -47.880  -78.823  0.040 0.0000000000
20188  -47.825  -78.238  -0.260 0.0000000000
20189  -48.037  -77.896  -0.940 0.0000000000
22646  -48.219  -76.762  -1.030 0.0000000000
27653  -43.527  -71.638  -1.186 0.0000000000
27641  -42.301  -71.851  -0.232 0.0000000000
26409  -42.769  -72.418  -0.518 0.0000000000
26398  -42.718  -72.868  0.233 0.0000000000
25146  -43.788  -73.337  -0.675 0.0000000000
25147  -44.418  -74.024  -0.188 0.0000000000
25165  -44.257  -73.054  -1.292 0.0000000000
30260  -49.058  -69.537  -2.507 0.0000000000
27675  -50.287  -71.755  -2.712 0.0000000000
28941  -49.676  -70.661  -2.552 0.0000000000
11303  -38.278  -85.456  -6.876 0.0000000000
10237  -38.478  -86.636  -7.470 0.0000000000
11321  -37.904  -85.975  -7.580 0.0000000000
19103  -40.324  -77.863  -7.891 0.0000000000
18011  -42.049  -79.332  -7.739 0.0000000000
17996  -42.986  -79.041  -7.497 0.0000000000
20207  -43.671  -77.171  -1.437 0.0000000000
21417  -42.532  -76.820  -0.835 0.0000000000
21440  -43.573  -76.588  -1.972 0.0000000000
21475  -42.474  -75.686  -2.805 0.0000000000
22662  -41.827  -75.749  -1.794 0.0000000000
22661  -41.244  -75.525  -1.716 0.0000000000
21436  -39.568  -76.151  -1.319 0.0000000000
22660  -40.198  -75.139  -1.789 0.0000000000
21388  -45.689  -76.786  1.146 0.0000000000
30237  -44.275  -69.605  -1.112 0.0000000000
30238  -45.128  -69.587  -1.611 0.0000000000
31631  -47.783  -68.267  -2.492 0.0000000000
7138  -36.849  -89.743  -8.946 0.0000000000
12395  -36.613  -84.306  -8.196 0.0000000000
11334  -37.036  -85.007  -8.713 0.0000000000
12430  -37.030  -84.577  -9.147 0.0000000000
12434  -40.449  -84.674  -10.038 0.0000000000
11362  -40.406  -85.443  -10.998 0.0000000000
11401  -40.055  -84.962  -11.855 0.0000000000
12489  -39.837  -84.457  -12.448 0.0000000000
13591  -42.122  -83.304  -10.791 0.0000000000
13605  -41.804  -83.179  -11.433 0.0000000000
14715  -41.849  -82.724  -11.909 0.0000000000
14720  -41.686  -82.575  -12.656 0.0000000000
14716  -42.527  -82.328  -11.829 0.0000000000
14622  -42.397  -82.938  -3.869 0.0000000000
13480  -42.247  -83.207  -4.426 0.0000000000
14652  -40.017  -81.678  -6.037 0.0000000000
20183  -39.946  -77.949  -1.061 0.0000000000
17918  -39.529  -79.139  -2.499 0.0000000000
17971  -39.199  -79.440  -4.880 0.0000000000
16894  -38.582  -80.295  -6.035 0.0000000000
15791  -39.035  -81.301  -6.235 0.0000000000
16913  -38.348  -80.612  -6.278 0.0000000000
14668  -37.334  -82.325  -6.985 0.0000000000
16930  -36.252  -80.720  -7.189 0.0000000000
16929  -35.698  -80.584  -7.537 0.0000000000
15810  -35.242  -80.943  -8.992 0.0000000000
16928  -35.208  -80.235  -8.057 0.0000000000
15683  -42.622  -81.972  1.064 0.0000000000
14549  -42.059  -82.456  0.085 0.0000000000
15682  -42.022  -81.838  0.494 0.0000000000
16795  -41.806  -80.751  0.478 0.0000000000
17851  -43.259  -80.387  1.052 0.0000000000
15647  -46.088  -81.195  2.153 0.0000000000
15665  -45.566  -81.314  1.809 0.0000000000
15648  -46.717  -81.049  1.775 0.0000000000
16818  -46.729  -80.109  -0.407 0.0000000000
16799  -46.027  -80.790  0.235 0.0000000000
17892  -45.722  -79.934  -0.577 0.0000000000
17890  -44.170  -79.230  -0.256 0.0000000000
17891  -44.976  -79.380  -0.777 0.0000000000
19004  -44.776  -78.433  -1.294 0.0000000000
17904  -45.973  -79.078  -1.281 0.0000000000
20229  -48.375  -77.403  -2.403 0.0000000000
19044  -47.704  -77.820  -2.460 0.0000000000
19062  -48.105  -77.485  -3.106 0.0000000000
20272  -48.505  -76.991  -3.541 0.0000000000
20249  -49.089  -76.759  -3.215 0.0000000000
22616  -43.721  -75.330  1.705 0.0000000000
23899  -45.495  -74.816  -0.028 0.0000000000
22636  -44.879  -74.933  0.902 0.0000000000
22643  -46.020  -75.283  -0.037 0.0000000000
22638  -46.332  -76.200  0.342 0.0000000000
23900  -46.144  -74.969  -0.457 0.0000000000
27656  -46.060  -71.831  -1.815 0.0000000000
26430  -45.508  -72.704  -1.664 0.0000000000
27657  -46.791  -71.913  -2.060 0.0000000000
25187  -48.500  -73.575  -2.338 0.0000000000
25169  -47.761  -73.621  -2.179 0.0000000000
23914  -47.766  -74.631  -1.781 0.0000000000
23915  -48.742  -75.269  -1.793 0.0000000000
23932  -50.636  -74.735  -2.742 0.0000000000
22689  -50.503  -75.534  -3.153 0.0000000000
10225  -40.504  -86.507  -5.613 0.0000000000
10224  -39.765  -86.455  -6.250 0.0000000000
9185  -38.380  -87.917  -8.294 0.0000000000
8111  -38.169  -88.372  -8.427 0.0000000000
8125  -37.815  -88.434  -9.182 0.0000000000
8138  -37.464  -88.577  -10.094 0.0000000000
10262  -38.680  -86.498  -9.750 0.0000000000
9198  -38.773  -87.062  -10.376 0.0000000000
9213  -39.115  -86.938  -11.010 0.0000000000
10316  -37.242  -86.583  -12.322 0.0000000000
9246  -37.683  -87.218  -11.992 0.0000000000
20287  -35.415  -77.369  -5.078 0.0000000000
21510  -34.933  -76.831  -4.951 0.0000000000
20335  -34.761  -77.712  -8.245 0.0000000000
19139  -35.335  -79.334  -9.137 0.0000000000
20352  -35.887  -78.533  -9.165 0.0000000000
19126  -39.782  -78.643  -8.302 0.0000000000
19124  -37.767  -78.187  -8.733 0.0000000000
18008  -38.651  -79.058  -8.941 0.0000000000
18026  -38.145  -79.434  -9.177 0.0000000000
18028  -39.976  -80.542  -9.078 0.0000000000
16942  -40.698  -80.700  -8.840 0.0000000000
15814  -44.474  -80.781  -9.201 0.0000000000
15834  -43.651  -81.634  -9.818 0.0000000000
20247  -45.716  -77.057  -3.402 0.0000000000
20244  -43.766  -76.244  -2.745 0.0000000000
20268  -45.141  -76.595  -3.627 0.0000000000
21477  -43.779  -75.733  -3.555 0.0000000000
21492  -42.916  -75.510  -3.629 0.0000000000
32833  -45.720  -67.627  -1.841 0.0000000000
34070  -46.209  -66.641  -1.826 0.0000000000
8088  -38.776  -88.678  -6.597 0.0000000000
13565  -36.162  -83.071  -9.111 0.0000000000
13566  -36.859  -83.637  -9.359 0.0000000000
13567  -38.016  -83.635  -9.568 0.0000000000
13568  -39.151  -83.779  -9.561 0.0000000000
13569  -40.213  -83.870  -9.628 0.0000000000
12453  -41.395  -84.168  -10.784 0.0000000000
13570  -41.138  -83.771  -9.789 0.0000000000
14706  -40.928  -83.044  -9.472 0.0000000000
14707  -41.860  -82.940  -9.568 0.0000000000
15701  -40.826  -81.321  -1.096 0.0000000000
15715  -40.945  -81.261  -2.198 0.0000000000
16843  -40.625  -80.602  -2.981 0.0000000000
16858  -40.771  -80.368  -3.935 0.0000000000
19039  -38.914  -78.790  -3.211 0.0000000000
19057  -38.367  -78.553  -3.917 0.0000000000
19076  -38.324  -78.776  -4.679 0.0000000000
17969  -37.627  -79.548  -6.022 0.0000000000
17982  -37.218  -80.090  -6.450 0.0000000000
17968  -36.852  -79.138  -6.072 0.0000000000
19088  -36.366  -78.850  -6.087 0.0000000000
19087  -35.633  -78.791  -6.447 0.0000000000
18949  -47.270  -79.135  1.182 0.0000000000
16780  -47.414  -80.537  1.122 0.0000000000
17876  -47.884  -79.661  0.295 0.0000000000
17894  -47.776  -79.560  -0.215 0.0000000000
17906  -47.316  -78.980  -1.059 0.0000000000
17921  -47.093  -78.741  -1.543 0.0000000000
19006  -47.821  -78.293  -1.253 0.0000000000
20208  -48.298  -77.456  -1.768 0.0000000000
21441  -48.947  -76.733  -2.013 0.0000000000
26392  -43.087  -73.311  0.849 0.0000000000
25118  -43.051  -73.693  1.456 0.0000000000
23867  -43.909  -74.485  1.324 0.0000000000
25132  -44.412  -74.193  0.388 0.0000000000
23911  -45.019  -74.313  -0.424 0.0000000000
27672  -47.461  -72.002  -2.269 0.0000000000
27673  -48.192  -71.771  -2.448 0.0000000000
26451  -48.859  -72.729  -2.485 0.0000000000
25188  -49.361  -73.731  -2.420 0.0000000000
26452  -49.822  -72.785  -2.661 0.0000000000
26453  -50.795  -72.805  -2.851 0.0000000000
12378  -40.014  -84.774  -6.093 0.0000000000
10238  -39.189  -87.114  -6.800 0.0000000000
10223  -39.017  -86.325  -6.684 0.0000000000
9197  -38.149  -87.639  -9.479 0.0000000000
9247  -38.570  -86.795  -11.801 0.0000000000
22778  -38.916  -75.253  -7.527 0.0000000000
21530  -38.387  -76.065  -7.634 0.0000000000
21548  -37.900  -76.804  -8.003 0.0000000000
20318  -38.849  -76.895  -7.880 0.0000000000
20340  -39.288  -77.765  -8.112 0.0000000000
16943  -41.639  -80.526  -8.430 0.0000000000
16944  -43.067  -80.430  -8.068 0.0000000000
20186  -42.636  -77.616  -0.445 0.0000000000
18984  -41.315  -78.696  -0.183 0.0000000000
20185  -41.642  -77.724  -0.242 0.0000000000
21415  -41.076  -76.863  -0.500 0.0000000000
21414  -40.086  -76.995  -0.881 0.0000000000
21460  -42.392  -75.911  -1.999 0.0000000000
20204  -38.595  -77.011  -1.896 0.0000000000
21435  -38.621  -76.395  -1.695 0.0000000000
21459  -37.919  -76.225  -2.032 0.0000000000
14535  -43.561  -82.100  2.421 0.0000000000
17834  -46.136  -79.938  2.248 0.0000000000
17852  -46.510  -79.787  1.895 0.0000000000
20157  -46.670  -78.189  1.191 0.0000000000
20174  -47.356  -78.417  0.678 0.0000000000
21406  -46.795  -77.097  0.424 0.0000000000
28918  -43.811  -70.623  -1.108 0.0000000000
27654  -44.314  -71.581  -1.419 0.0000000000
26429  -44.667  -72.529  -1.490 0.0000000000
28920  -45.898  -70.668  -1.851 0.0000000000
28938  -46.416  -70.107  -2.145 0.0000000000
31611  -46.203  -68.533  -2.155 0.0000000000
30258  -46.745  -69.463  -2.307 0.0000000000
11302  -37.541  -84.571  -7.124 0.0000000000
11320  -37.227  -85.240  -7.871 0.0000000000
10261  -38.440  -85.950  -9.425 0.0000000000
10276  -39.733  -86.106  -11.248 0.0000000000
11399  -39.304  -85.293  -12.305 0.0000000000
13604  -41.225  -83.527  -11.794 0.0000000000
13624  -40.680  -83.107  -12.918 0.0000000000
14734  -40.543  -82.919  -14.057 0.0000000000
14752  -40.881  -82.864  -14.544 0.0000000000
14736  -42.123  -82.300  -13.869 0.0000000000
11284  -42.383  -84.510  -4.435 0.0000000000
10210  -41.037  -86.270  -5.115 0.0000000000
12359  -42.183  -84.066  -4.790 0.0000000000
12358  -41.768  -84.259  -5.289 0.0000000000
12357  -40.943  -84.356  -5.826 0.0000000000
14654  -41.588  -82.485  -5.484 0.0000000000
12356  -40.002  -83.767  -6.091 0.0000000000
13514  -38.937  -83.160  -6.380 0.0000000000
19002  -40.139  -79.014  -1.374 0.0000000000
16842  -40.030  -79.869  -2.797 0.0000000000
19058  -39.081  -79.023  -3.975 0.0000000000
17957  -39.451  -79.457  -4.431 0.0000000000
15774  -39.349  -80.976  -6.027 0.0000000000
14670  -39.173  -81.847  -6.290 0.0000000000
13513  -37.890  -83.085  -6.741 0.0000000000
13512  -37.322  -83.017  -7.051 0.0000000000
13531  -36.930  -83.212  -7.359 0.0000000000
13530  -36.330  -83.294  -7.962 0.0000000000
16911  -36.880  -80.693  -6.869 0.0000000000
14694  -35.758  -82.393  -8.414 0.0000000000
14701  -35.752  -82.399  -9.050 0.0000000000
15827  -36.232  -81.790  -9.627 0.0000000000
16978  -36.724  -80.971  -9.729 0.0000000000
12343  -42.734  -83.969  -3.656 0.0000000000
14603  -42.609  -83.508  -3.041 0.0000000000
14582  -42.219  -82.890  -1.976 0.0000000000
14566  -42.611  -83.589  -0.819 0.0000000000
14565  -42.076  -82.767  -0.625 0.0000000000
15716  -41.430  -82.138  -1.515 0.0000000000
16816  -41.208  -81.162  -0.107 0.0000000000
16794  -41.184  -80.283  -0.015 0.0000000000
18967  -41.920  -79.276  0.333 0.0000000000
15664  -44.407  -81.415  2.112 0.0000000000
16776  -44.071  -80.705  1.249 0.0000000000
15684  -46.672  -81.145  0.589 0.0000000000
16798  -44.953  -80.477  0.583 0.0000000000
16797  -44.316  -80.166  0.639 0.0000000000
17872  -43.571  -79.660  0.486 0.0000000000
18969  -43.004  -78.999  0.194 0.0000000000
18986  -43.431  -78.566  -0.305 0.0000000000
19003  -44.005  -78.056  -1.026 0.0000000000
19022  -44.361  -77.594  -1.586 0.0000000000
19023  -45.004  -77.636  -1.981 0.0000000000
17941  -47.133  -78.303  -2.167 0.0000000000
17939  -46.507  -77.847  -2.556 0.0000000000
19041  -46.013  -77.554  -2.818 0.0000000000
19059  -46.322  -77.346  -3.395 0.0000000000
20271  -47.610  -77.159  -3.852 0.0000000000
22617  -44.578  -75.395  1.294 0.0000000000
22618  -45.105  -76.073  1.142 0.0000000000
21405  -46.094  -76.412  0.622 0.0000000000
21418  -47.337  -76.621  -0.283 0.0000000000
25167  -45.966  -73.703  -1.525 0.0000000000
26432  -47.212  -72.804  -2.154 0.0000000000
23913  -46.618  -74.690  -1.203 0.0000000000
22663  -47.252  -75.228  -1.194 0.0000000000
22645  -47.823  -76.387  -0.810 0.0000000000
22665  -48.694  -76.221  -1.543 0.0000000000
22666  -49.723  -75.979  -2.355 0.0000000000
23931  -49.707  -74.919  -2.304 0.0000000000
22667  -49.913  -76.181  -2.882 0.0000000000
21464  -49.933  -76.211  -3.146 0.0000000000
21479  -50.082  -76.015  -3.566 0.0000000000
9158  -40.266  -87.144  -5.466 0.0000000000
9157  -39.743  -87.405  -6.055 0.0000000000
7114  -38.202  -88.986  -7.617 0.0000000000
9175  -39.152  -87.730  -6.817 0.0000000000
8100  -38.701  -88.307  -7.489 0.0000000000
7126  -37.837  -88.846  -8.597 0.0000000000
7152  -36.974  -89.209  -9.857 0.0000000000
10236  -37.832  -86.234  -8.235 0.0000000000
9229  -38.569  -87.295  -11.305 0.0000000000
8178  -38.021  -87.568  -11.602 0.0000000000
8160  -37.890  -88.112  -10.944 0.0000000000
22728  -43.737  -75.321  -4.144 0.0000000000
23910  -39.455  -74.664  -1.959 0.0000000000
22684  -38.338  -75.460  -1.764 0.0000000000
21458  -37.112  -76.462  -2.607 0.0000000000
20241  -36.591  -77.011  -3.485 0.0000000000
20288  -36.326  -77.766  -4.922 0.0000000000
19102  -35.208  -79.001  -7.121 0.0000000000
20303  -34.441  -77.357  -6.270 0.0000000000
19086  -34.830  -78.209  -6.773 0.0000000000
17994  -35.232  -79.639  -7.620 0.0000000000
18007  -35.053  -79.734  -8.821 0.0000000000
16958  -35.786  -80.525  -9.555 0.0000000000
16960  -37.312  -80.379  -9.596 0.0000000000
21547  -36.986  -76.767  -8.207 0.0000000000
20337  -36.609  -77.492  -8.729 0.0000000000
20353  -36.446  -78.252  -9.049 0.0000000000
19142  -37.225  -78.728  -9.118 0.0000000000
18025  -36.914  -79.578  -9.469 0.0000000000
16961  -38.288  -80.649  -9.487 0.0000000000
16962  -39.270  -81.028  -9.391 0.0000000000
15832  -41.637  -82.253  -9.129 0.0000000000
14708  -42.621  -82.577  -9.918 0.0000000000
15833  -42.636  -82.047  -9.302 0.0000000000
14709  -43.031  -82.310  -10.383 0.0000000000
15861  -43.366  -81.786  -11.473 0.0000000000
7139  -37.511  -88.960  -9.201 0.0000000000
7151  -36.477  -89.824  -9.773 0.0000000000
7169  -36.642  -89.375  -10.231 0.0000000000
8079  -40.105  -87.762  -4.888 0.0000000000
8101  -38.960  -88.030  -7.119 0.0000000000
8124  -37.664  -88.489  -9.646 0.0000000000
8159  -36.942  -88.851  -10.675 0.0000000000
9230  -39.123  -86.601  -11.513 0.0000000000
10212  -42.189  -85.133  -4.386 0.0000000000
10277  -40.099  -85.537  -11.355 0.0000000000
11266  -42.739  -84.452  -3.366 0.0000000000
11283  -41.962  -84.886  -4.883 0.0000000000
11285  -42.651  -84.358  -3.960 0.0000000000
11304  -39.451  -85.555  -6.338 0.0000000000
11319  -36.840  -84.775  -8.402 0.0000000000
11335  -37.555  -85.575  -8.747 0.0000000000
11346  -37.382  -85.071  -9.125 0.0000000000
11348  -38.839  -85.513  -9.614 0.0000000000
11350  -40.288  -85.317  -10.503 0.0000000000
11377  -40.458  -84.956  -11.407 0.0000000000
11378  -40.968  -84.556  -11.150 0.0000000000
11396  -36.714  -85.711  -12.477 0.0000000000
11400  -39.750  -85.017  -12.146 0.0000000000
12263  -42.417  -84.293  1.174 0.0000000000
12360  -42.558  -83.987  -4.285 0.0000000000
12375  -37.431  -83.703  -7.036 0.0000000000
12413  -36.720  -84.369  -8.785 0.0000000000
12431  -37.606  -84.512  -9.361 0.0000000000
12435  -41.152  -84.200  -10.272 0.0000000000
12452  -40.764  -84.797  -10.604 0.0000000000
12454  -41.772  -83.699  -10.821 0.0000000000
12470  -41.109  -84.070  -11.408 0.0000000000
12471  -41.705  -83.724  -11.058 0.0000000000
12491  -40.776  -83.908  -11.915 0.0000000000
12504  -40.019  -83.940  -12.651 0.0000000000
13454  -42.711  -83.677  -2.155 0.0000000000
13468  -42.628  -83.647  -3.285 0.0000000000
13496  -41.649  -83.430  -5.484 0.0000000000
13497  -42.041  -83.420  -4.906 0.0000000000
13498  -42.298  -83.587  -4.507 0.0000000000
13529  -35.980  -82.828  -8.242 0.0000000000
13547  -35.992  -82.976  -8.598 0.0000000000
13571  -41.843  -83.444  -10.245 0.0000000000
13606  -42.430  -82.809  -11.122 0.0000000000
13613  -40.918  -83.358  -12.333 0.0000000000
13614  -41.473  -83.051  -11.971 0.0000000000
14602  -42.574  -83.313  -2.810 0.0000000000
14623  -42.495  -83.321  -3.567 0.0000000000
14639  -42.216  -82.899  -4.574 0.0000000000
14640  -42.355  -83.123  -4.111 0.0000000000
14667  -36.965  -82.127  -7.168 0.0000000000
14682  -36.034  -82.543  -7.969 0.0000000000
14684  -37.045  -82.730  -7.199 0.0000000000
14702  -36.342  -82.404  -9.511 0.0000000000
14711  -36.656  -81.878  -9.688 0.0000000000
14713  -42.948  -82.373  -10.965 0.0000000000
14735  -41.078  -82.694  -13.656 0.0000000000
14753  -41.663  -82.640  -14.939 0.0000000000
15666  -46.446  -81.249  1.241 0.0000000000
15667  -47.154  -81.021  1.282 0.0000000000
15668  -47.375  -80.807  1.009 0.0000000000
15685  -47.077  -81.121  0.792 0.0000000000
15686  -47.299  -80.963  0.924 0.0000000000
15731  -41.107  -81.185  -2.877 0.0000000000
15773  -38.838  -80.782  -6.148 0.0000000000
15788  -36.969  -81.699  -7.105 0.0000000000
15790  -38.575  -81.088  -6.334 0.0000000000
15802  -36.347  -81.300  -7.340 0.0000000000
15811  -35.450  -81.691  -8.705 0.0000000000
15813  -43.497  -81.202  -8.853 0.0000000000
15826  -35.782  -81.437  -9.447 0.0000000000
15828  -37.410  -81.333  -9.715 0.0000000000
15835  -44.576  -80.719  -9.858 0.0000000000
15845  -36.034  -81.213  -9.670 0.0000000000
15846  -36.315  -81.383  -9.686 0.0000000000
15847  -36.805  -81.472  -9.729 0.0000000000
15862  -43.861  -81.299  -11.315 0.0000000000
16759  -45.770  -80.674  2.613 0.0000000000
16760  -46.431  -80.655  2.119 0.0000000000
16777  -45.212  -81.064  1.224 0.0000000000
16796  -42.634  -81.170  1.012 0.0000000000
16801  -47.435  -80.607  0.603 0.0000000000
16817  -46.215  -79.873  -0.669 0.0000000000
16819  -47.396  -80.013  -0.241 0.0000000000
16820  -47.569  -79.540  -0.439 0.0000000000
16829  -40.017  -79.636  -2.260 0.0000000000
16831  -46.167  -79.505  -0.892 0.0000000000
16833  -47.014  -79.302  -0.907 0.0000000000
16834  -47.397  -79.378  -0.617 0.0000000000
16844  -46.779  -79.001  -1.246 0.0000000000
16845  -46.924  -78.878  -1.389 0.0000000000
16857  -40.234  -80.014  -3.527 0.0000000000
16910  -36.191  -80.267  -7.031 0.0000000000
16912  -37.868  -80.472  -6.385 0.0000000000
16940  -35.134  -80.296  -8.617 0.0000000000
16941  -35.338  -80.939  -8.296 0.0000000000
16945  -44.370  -80.406  -8.427 0.0000000000
16957  -35.276  -80.242  -9.158 0.0000000000
16959  -36.474  -80.342  -9.657 0.0000000000
16963  -40.222  -81.299  -9.227 0.0000000000
16976  -35.908  -81.003  -9.633 0.0000000000
16977  -36.179  -80.909  -9.695 0.0000000000
17835  -46.594  -80.178  1.915 0.0000000000
17850  -42.898  -80.653  1.081 0.0000000000
17853  -46.872  -79.808  1.608 0.0000000000
17854  -47.387  -79.956  1.266 0.0000000000
17869  -41.211  -79.909  -0.002 0.0000000000
17870  -41.533  -79.883  0.248 0.0000000000
17873  -44.582  -79.803  0.130 0.0000000000
17875  -47.746  -79.996  0.776 0.0000000000
17889  -41.417  -79.349  0.046 0.0000000000
17893  -47.746  -80.044  0.237 0.0000000000
17901  -40.020  -79.353  -1.796 0.0000000000
17903  -45.280  -78.901  -1.287 0.0000000000
17905  -46.495  -79.011  -1.283 0.0000000000
17907  -47.603  -79.056  -0.785 0.0000000000
17919  -46.339  -78.194  -2.109 0.0000000000
17920  -46.715  -78.681  -1.694 0.0000000000
17922  -47.501  -78.458  -1.561 0.0000000000
17940  -46.785  -78.099  -2.379 0.0000000000
17993  -35.058  -79.587  -8.279 0.0000000000
17995  -42.623  -78.761  -7.495 0.0000000000
17997  -43.793  -79.052  -7.556 0.0000000000
18009  -39.151  -79.234  -8.825 0.0000000000
18012  -43.208  -79.564  -7.661 0.0000000000
18022  -35.211  -79.593  -9.080 0.0000000000
18023  -35.518  -79.747  -9.336 0.0000000000
18948  -46.424  -79.131  1.755 0.0000000000
18950  -47.623  -79.578  1.005 0.0000000000
18968  -42.661  -79.299  0.414 0.0000000000
18971  -47.739  -79.161  0.597 0.0000000000
18972  -47.903  -79.253  0.051 0.0000000000
18982  -40.012  -78.369  -1.186 0.0000000000
18983  -40.375  -78.681  -0.900 0.0000000000
19001  -39.718  -78.500  -1.589 0.0000000000
19005  -45.390  -78.441  -1.554 0.0000000000
19025  -47.919  -77.924  -1.923 0.0000000000
19038  -38.334  -78.171  -2.922 0.0000000000
19040  -45.411  -77.388  -2.560 0.0000000000
19043  -47.166  -77.843  -2.773 0.0000000000
19056  -37.828  -78.348  -4.416 0.0000000000
19060  -47.023  -77.519  -3.386 0.0000000000
19061  -47.692  -77.547  -3.241 0.0000000000
19122  -35.092  -78.899  -8.787 0.0000000000
19123  -35.529  -78.591  -9.043 0.0000000000
19125  -38.629  -78.576  -8.671 0.0000000000
19140  -35.639  -79.094  -9.257 0.0000000000
19141  -36.342  -78.962  -9.342 0.0000000000
19143  -37.937  -78.727  -8.943 0.0000000000
20175  -47.718  -78.525  0.247 0.0000000000
20205  -39.099  -77.338  -1.656 0.0000000000
20206  -43.077  -77.131  -0.960 0.0000000000
20209  -48.820  -76.952  -2.343 0.0000000000
20223  -37.382  -77.026  -2.685 0.0000000000
20224  -38.112  -77.308  -2.374 0.0000000000
20225  -38.690  -77.585  -2.131 0.0000000000
20226  -43.757  -76.357  -2.507 0.0000000000
20227  -44.087  -76.713  -2.272 0.0000000000
20245  -44.240  -76.335  -3.105 0.0000000000
20246  -45.174  -76.847  -3.194 0.0000000000
20248  -48.482  -77.276  -2.956 0.0000000000
20263  -35.886  -77.177  -4.434 0.0000000000
20264  -36.577  -77.318  -3.996 0.0000000000
20267  -44.453  -76.172  -3.570 0.0000000000
20270  -46.719  -77.099  -3.871 0.0000000000
20286  -34.698  -77.114  -5.477 0.0000000000
20338  -37.439  -77.477  -8.465 0.0000000000
21416  -41.960  -76.953  -0.459 0.0000000000
21439  -42.944  -76.528  -1.519 0.0000000000
21442  -49.439  -76.514  -2.658 0.0000000000
21443  -49.755  -76.365  -2.931 0.0000000000
21461  -43.340  -76.201  -2.381 0.0000000000
21462  -43.686  -76.479  -2.238 0.0000000000
21463  -49.550  -76.525  -3.015 0.0000000000
21474  -36.785  -76.732  -3.004 0.0000000000
21478  -49.597  -76.401  -3.390 0.0000000000
21491  -42.433  -75.504  -3.406 0.0000000000
21493  -43.654  -75.672  -3.778 0.0000000000
21529  -37.423  -76.015  -7.713 0.0000000000
22685  -40.467  -74.822  -2.451 0.0000000000
22686  -41.010  -75.107  -2.519 0.0000000000
22687  -41.801  -75.487  -2.345 0.0000000000
22729  -44.689  -75.450  -4.238 0.0000000000
23868  -44.442  -74.670  1.078 0.0000000000
23887  -44.238  -74.302  1.002 0.0000000000
23889  -45.081  -74.819  0.530 0.0000000000
23898  -44.827  -74.443  0.210 0.0000000000
23909  -39.060  -74.662  -1.849 0.0000000000
23927  -39.995  -74.550  -2.643 0.0000000000
23929  -48.197  -74.099  -2.191 0.0000000000
25130  -43.291  -73.349  0.040 0.0000000000
25145  -43.106  -72.955  -0.424 0.0000000000
26399  -43.233  -73.359  0.474 0.0000000000
26410  -43.271  -72.460  -0.928 0.0000000000
27642  -42.864  -71.708  -0.832 0.0000000000
28921  -46.472  -71.298  -1.994 0.0000000000
