#!ascii label  , from subject 3470 vox2ras=TkReg
487
87689  16.248  -14.655  -13.086 0.0000000000
95990  21.792  -6.449  -15.091 0.0000000000
105536  18.586  1.916  -16.688 0.0000000000
100260  15.964  -2.681  -13.409 0.0000000000
82377  18.384  -19.828  -13.302 0.0000000000
86622  21.871  -15.660  -13.268 0.0000000000
90004  19.646  -11.485  -16.136 0.0000000000
94990  16.996  -7.439  -14.544 0.0000000000
101307  20.692  -1.503  -16.201 0.0000000000
107360  22.338  4.384  -15.106 0.0000000000
108443  18.214  5.628  -16.499 0.0000000000
84629  17.241  -17.230  -13.415 0.0000000000
83550  20.467  -18.340  -13.307 0.0000000000
85645  19.552  -15.835  -15.319 0.0000000000
93097  15.496  -9.316  -12.753 0.0000000000
95954  13.467  -6.661  -11.244 0.0000000000
102329  17.149  -0.849  -14.518 0.0000000000
100284  17.844  -2.582  -15.331 0.0000000000
103464  19.897  0.323  -16.748 0.0000000000
104509  21.486  1.493  -15.673 0.0000000000
106418  20.728  3.287  -16.618 0.0000000000
109380  17.763  6.345  -12.864 0.0000000000
107320  16.924  4.910  -13.162 0.0000000000
110315  17.940  7.366  -15.484 0.0000000000
93159  21.166  -9.097  -15.820 0.0000000000
91065  22.583  -11.228  -14.396 0.0000000000
94033  23.196  -8.772  -13.583 0.0000000000
104514  16.770  1.225  -14.409 0.0000000000
99125  22.656  -3.742  -13.282 0.0000000000
89935  15.115  -12.711  -12.033 0.0000000000
87726  17.954  -13.363  -15.158 0.0000000000
91085  16.915  -11.134  -13.934 0.0000000000
93144  18.351  -9.339  -15.624 0.0000000000
96023  19.826  -6.415  -16.520 0.0000000000
96979  15.642  -5.419  -13.352 0.0000000000
98052  18.550  -4.636  -16.059 0.0000000000
98051  20.948  -4.371  -15.843 0.0000000000
102327  22.355  -0.479  -14.593 0.0000000000
106406  16.772  2.734  -13.990 0.0000000000
107363  18.601  3.768  -16.603 0.0000000000
111171  17.755  8.920  -18.091 0.0000000000
109441  18.727  6.635  -18.661 0.0000000000
108441  20.519  5.213  -17.734 0.0000000000
109423  21.903  6.408  -16.152 0.0000000000
87722  20.757  -14.138  -15.295 0.0000000000
87679  14.989  -14.450  -11.744 0.0000000000
86624  15.545  -15.624  -12.178 0.0000000000
85620  17.175  -16.454  -13.631 0.0000000000
85635  18.108  -16.384  -14.499 0.0000000000
86654  17.728  -15.394  -14.529 0.0000000000
103451  18.094  0.299  -15.628 0.0000000000
102341  18.352  -0.650  -15.968 0.0000000000
104519  19.437  1.208  -16.909 0.0000000000
104511  20.115  1.300  -16.737 0.0000000000
105534  19.652  2.194  -17.127 0.0000000000
110274  19.188  7.079  -13.355 0.0000000000
109410  18.249  6.476  -14.299 0.0000000000
111131  18.351  8.050  -14.915 0.0000000000
95005  21.438  -7.489  -15.736 0.0000000000
94049  22.259  -8.568  -14.668 0.0000000000
94972  22.450  -7.649  -14.221 0.0000000000
103443  16.750  0.327  -14.063 0.0000000000
104501  16.352  1.164  -13.804 0.0000000000
83539  16.803  -18.635  -12.812 0.0000000000
81251  17.933  -20.474  -12.933 0.0000000000
81249  19.451  -20.583  -12.565 0.0000000000
82375  19.821  -19.888  -12.763 0.0000000000
84624  21.283  -17.018  -13.221 0.0000000000
84610  21.704  -17.416  -12.539 0.0000000000
91067  15.710  -11.340  -12.775 0.0000000000
92109  14.729  -10.432  -11.759 0.0000000000
94036  15.643  -8.346  -13.149 0.0000000000
93112  16.605  -9.311  -13.962 0.0000000000
94050  17.327  -8.398  -14.875 0.0000000000
94067  18.627  -8.465  -15.880 0.0000000000
95006  18.260  -7.498  -15.620 0.0000000000
96966  15.369  -4.895  -13.078 0.0000000000
98028  15.610  -4.351  -13.257 0.0000000000
100295  19.033  -2.521  -16.379 0.0000000000
99165  18.205  -3.555  -15.629 0.0000000000
99177  19.435  -3.415  -16.390 0.0000000000
98062  20.440  -4.395  -16.244 0.0000000000
100282  20.918  -2.448  -15.801 0.0000000000
100270  21.441  -2.458  -15.251 0.0000000000
101306  21.251  -1.438  -15.624 0.0000000000
105524  21.780  2.506  -15.474 0.0000000000
104499  22.939  1.627  -14.610 0.0000000000
108420  17.444  5.355  -14.416 0.0000000000
106390  16.856  3.495  -13.763 0.0000000000
107350  17.489  4.376  -14.963 0.0000000000
106420  17.690  3.194  -15.390 0.0000000000
107374  18.479  4.928  -16.785 0.0000000000
108447  19.767  5.269  -18.554 0.0000000000
110327  20.505  7.190  -17.472 0.0000000000
109433  21.085  6.114  -17.119 0.0000000000
88851  18.486  -12.749  -15.658 0.0000000000
87724  19.400  -14.115  -15.950 0.0000000000
89987  20.599  -12.317  -15.935 0.0000000000
91052  23.398  -11.092  -13.358 0.0000000000
89946  22.983  -11.980  -13.877 0.0000000000
84612  16.693  -17.746  -12.870 0.0000000000
83553  18.094  -18.312  -13.662 0.0000000000
83551  19.715  -18.288  -13.837 0.0000000000
83567  18.899  -17.739  -14.319 0.0000000000
84641  20.094  -16.987  -14.542 0.0000000000
85632  20.627  -16.304  -14.508 0.0000000000
94003  13.159  -8.510  -10.558 0.0000000000
94948  13.865  -7.532  -11.628 0.0000000000
95963  15.126  -6.773  -12.848 0.0000000000
101294  17.055  -1.819  -14.439 0.0000000000
100285  17.314  -2.601  -14.711 0.0000000000
101309  17.480  -1.679  -15.020 0.0000000000
101321  18.655  -1.593  -16.241 0.0000000000
102353  20.366  -0.588  -16.592 0.0000000000
102340  21.033  -0.515  -16.121 0.0000000000
103450  20.596  0.398  -16.441 0.0000000000
105525  21.042  2.393  -16.074 0.0000000000
106417  21.374  3.347  -15.933 0.0000000000
108378  16.331  5.214  -11.298 0.0000000000
108387  16.968  5.418  -12.541 0.0000000000
109411  17.758  6.314  -14.915 0.0000000000
109424  17.773  6.403  -15.964 0.0000000000
92166  20.301  -10.278  -16.125 0.0000000000
91103  21.209  -11.403  -15.652 0.0000000000
92149  21.795  -10.336  -15.244 0.0000000000
92118  22.812  -10.305  -14.148 0.0000000000
101285  16.047  -1.569  -13.359 0.0000000000
102330  16.769  -0.550  -14.048 0.0000000000
103452  17.366  0.307  -14.798 0.0000000000
104512  17.859  1.256  -15.363 0.0000000000
83538  21.017  -18.505  -12.683 0.0000000000
98038  22.134  -4.692  -14.190 0.0000000000
96977  22.809  -5.685  -13.130 0.0000000000
87690  16.000  -14.014  -12.776 0.0000000000
87706  16.884  -14.163  -13.985 0.0000000000
88830  16.820  -12.909  -13.803 0.0000000000
89966  17.344  -12.084  -14.285 0.0000000000
91106  18.002  -10.989  -15.064 0.0000000000
92120  15.907  -10.301  -13.050 0.0000000000
92133  17.042  -10.212  -14.223 0.0000000000
92152  18.733  -10.183  -15.760 0.0000000000
93161  20.035  -9.246  -16.428 0.0000000000
94087  20.515  -8.348  -16.365 0.0000000000
96021  21.122  -6.504  -16.053 0.0000000000
95978  15.141  -6.212  -12.888 0.0000000000
95976  16.075  -6.447  -13.654 0.0000000000
99166  17.570  -3.544  -15.065 0.0000000000
98053  17.819  -4.552  -15.463 0.0000000000
97003  18.168  -5.586  -15.680 0.0000000000
97021  19.298  -5.324  -16.475 0.0000000000
97019  20.853  -5.423  -16.139 0.0000000000
97000  21.507  -5.490  -15.285 0.0000000000
99151  22.010  -3.689  -14.384 0.0000000000
101281  22.586  -1.736  -13.336 0.0000000000
102338  22.227  -0.063  -15.161 0.0000000000
105515  16.607  1.919  -14.268 0.0000000000
105528  17.450  2.050  -15.213 0.0000000000
106429  18.755  3.023  -16.902 0.0000000000
111150  17.723  8.361  -16.405 0.0000000000
110328  18.128  7.180  -17.369 0.0000000000
110342  18.383  8.369  -18.496 0.0000000000
109442  18.623  6.290  -18.370 0.0000000000
108449  18.701  5.375  -18.199 0.0000000000
107380  18.921  4.339  -18.198 0.0000000000
106428  19.230  2.975  -17.482 0.0000000000
107372  20.663  4.275  -17.137 0.0000000000
107371  21.216  4.615  -16.565 0.0000000000
108430  22.349  5.387  -15.427 0.0000000000
87704  18.268  -14.845  -15.099 0.0000000000
86669  20.311  -14.913  -15.311 0.0000000000
87688  21.567  -14.596  -14.206 0.0000000000
89964  21.730  -12.468  -15.147 0.0000000000
87702  21.840  -13.896  -14.267 0.0000000000
87678  15.572  -14.494  -12.376 0.0000000000
86625  15.179  -15.048  -11.984 0.0000000000
87677  15.917  -15.108  -12.595 0.0000000000
86623  16.188  -15.653  -12.858 0.0000000000
86637  16.892  -15.511  -13.741 0.0000000000
104521  18.405  1.203  -16.129 0.0000000000
104520  18.859  1.139  -16.741 0.0000000000
105535  18.967  2.002  -17.281 0.0000000000
110285  19.218  7.084  -14.039 0.0000000000
94989  21.678  -6.991  -15.404 0.0000000000
94988  21.937  -7.551  -15.067 0.0000000000
95989  22.182  -6.602  -14.446 0.0000000000
82392  18.221  -19.025  -13.526 0.0000000000
82378  17.333  -19.498  -12.989 0.0000000000
81250  18.696  -20.475  -12.863 0.0000000000
82376  19.208  -19.878  -13.071 0.0000000000
85617  21.332  -16.309  -13.638 0.0000000000
85605  21.803  -16.343  -12.914 0.0000000000
86621  22.516  -15.328  -12.695 0.0000000000
91054  14.586  -11.201  -11.486 0.0000000000
92093  14.286  -10.563  -11.234 0.0000000000
94991  16.423  -7.423  -13.955 0.0000000000
94051  16.766  -8.382  -14.269 0.0000000000
95007  17.568  -7.466  -15.159 0.0000000000
98015  15.217  -4.403  -12.862 0.0000000000
99142  15.930  -3.375  -13.441 0.0000000000
100294  19.732  -2.489  -16.441 0.0000000000
100283  20.383  -2.471  -16.261 0.0000000000
99176  20.099  -3.421  -16.352 0.0000000000
106404  22.582  3.695  -14.821 0.0000000000
105513  22.587  2.703  -14.855 0.0000000000
108432  17.696  5.427  -15.500 0.0000000000
107364  18.242  4.384  -16.104 0.0000000000
110326  21.462  7.328  -16.568 0.0000000000
88863  18.742  -12.058  -15.866 0.0000000000
89989  19.297  -12.328  -16.223 0.0000000000
89988  19.816  -12.074  -16.244 0.0000000000
91051  23.854  -11.026  -12.727 0.0000000000
85606  16.583  -16.613  -13.063 0.0000000000
84613  16.056  -17.271  -12.359 0.0000000000
83554  17.385  -18.260  -13.298 0.0000000000
84628  17.935  -17.512  -13.806 0.0000000000
84627  18.468  -17.836  -14.021 0.0000000000
85634  18.978  -16.406  -15.079 0.0000000000
84642  19.380  -17.213  -14.641 0.0000000000
85633  19.928  -16.352  -15.045 0.0000000000
95945  12.982  -6.863  -10.665 0.0000000000
94949  13.300  -7.625  -10.981 0.0000000000
94959  14.479  -7.410  -12.225 0.0000000000
102342  17.697  -0.682  -15.312 0.0000000000
103465  19.218  0.274  -16.746 0.0000000000
102355  18.924  -0.653  -16.550 0.0000000000
102354  19.633  -0.635  -16.751 0.0000000000
105526  20.368  2.319  -16.733 0.0000000000
104510  20.785  1.395  -16.246 0.0000000000
109369  16.993  6.362  -11.703 0.0000000000
109370  16.574  5.822  -11.433 0.0000000000
108377  16.728  5.550  -11.784 0.0000000000
108388  16.666  4.910  -12.005 0.0000000000
110299  17.983  6.953  -14.942 0.0000000000
109396  17.733  6.058  -13.895 0.0000000000
93160  20.743  -9.371  -16.105 0.0000000000
92151  20.847  -10.416  -15.860 0.0000000000
93142  21.115  -9.749  -15.778 0.0000000000
94034  22.745  -8.630  -14.023 0.0000000000
93122  22.540  -9.478  -14.401 0.0000000000
93111  23.014  -9.478  -13.850 0.0000000000
93110  23.449  -9.411  -13.340 0.0000000000
101268  15.529  -1.714  -12.709 0.0000000000
101284  16.317  -1.233  -13.591 0.0000000000
102316  16.358  -0.691  -13.581 0.0000000000
103453  17.021  0.815  -14.518 0.0000000000
104513  17.201  1.258  -14.859 0.0000000000
82389  20.469  -18.899  -12.898 0.0000000000
83537  21.633  -18.441  -12.086 0.0000000000
99139  22.307  -3.936  -13.830 0.0000000000
88812  15.680  -13.309  -12.594 0.0000000000
88811  16.306  -13.580  -13.232 0.0000000000
89949  15.524  -12.254  -12.540 0.0000000000
91066  16.320  -11.227  -13.372 0.0000000000
89967  16.734  -11.952  -13.687 0.0000000000
89991  17.830  -11.703  -14.836 0.0000000000
91084  17.465  -11.060  -14.513 0.0000000000
93098  14.850  -9.385  -12.124 0.0000000000
93124  17.171  -9.308  -14.542 0.0000000000
93123  17.712  -9.320  -15.153 0.0000000000
92153  18.152  -10.172  -15.340 0.0000000000
93162  19.482  -9.547  -16.253 0.0000000000
93143  18.962  -9.400  -16.033 0.0000000000
95027  19.557  -7.439  -16.433 0.0000000000
94088  19.948  -8.206  -16.484 0.0000000000
95026  20.232  -7.383  -16.473 0.0000000000
95025  20.867  -7.427  -16.257 0.0000000000
96022  20.552  -6.424  -16.412 0.0000000000
96967  15.062  -5.421  -12.789 0.0000000000
96978  16.345  -5.440  -13.931 0.0000000000
99153  17.012  -3.509  -14.464 0.0000000000
96990  17.492  -5.522  -15.176 0.0000000000
97002  18.698  -5.727  -16.145 0.0000000000
97020  20.163  -5.384  -16.500 0.0000000000
97001  21.190  -5.105  -15.704 0.0000000000
98050  21.361  -4.420  -15.379 0.0000000000
98039  21.736  -4.568  -14.810 0.0000000000
99152  21.660  -3.524  -15.044 0.0000000000
101293  21.867  -1.359  -14.986 0.0000000000
100269  21.883  -2.573  -14.584 0.0000000000
101292  22.227  -1.585  -14.140 0.0000000000
102315  22.636  -0.583  -13.667 0.0000000000
103449  21.299  0.493  -15.954 0.0000000000
102339  21.718  -0.413  -15.525 0.0000000000
103448  21.991  0.618  -15.454 0.0000000000
107321  16.511  4.307  -12.827 0.0000000000
106391  16.437  3.127  -13.244 0.0000000000
105502  16.302  2.050  -13.534 0.0000000000
105514  17.050  2.520  -14.723 0.0000000000
106419  18.414  3.326  -16.137 0.0000000000
105527  18.227  2.281  -15.955 0.0000000000
111161  17.611  8.775  -17.407 0.0000000000
110337  17.758  7.787  -17.355 0.0000000000
110344  17.748  8.161  -17.961 0.0000000000
111160  19.494  8.455  -17.936 0.0000000000
111169  18.681  8.720  -18.400 0.0000000000
110335  18.803  7.651  -18.481 0.0000000000
110336  18.311  7.302  -18.027 0.0000000000
108455  18.738  5.897  -18.744 0.0000000000
109447  18.849  6.091  -18.982 0.0000000000
107379  19.464  4.412  -18.345 0.0000000000
106436  19.334  3.766  -17.926 0.0000000000
106435  19.661  3.992  -17.947 0.0000000000
106427  19.935  3.395  -17.404 0.0000000000
107378  20.031  4.390  -17.955 0.0000000000
108440  21.069  5.096  -17.044 0.0000000000
108431  21.541  5.338  -16.351 0.0000000000
107361  21.667  4.381  -15.830 0.0000000000
109422  22.661  6.399  -15.492 0.0000000000
87705  17.699  -14.278  -14.764 0.0000000000
87725  18.510  -13.932  -15.559 0.0000000000
87723  20.197  -14.178  -15.769 0.0000000000
86668  20.744  -14.828  -14.938 0.0000000000
87703  21.285  -14.194  -14.732 0.0000000000
91082  21.926  -11.381  -15.123 0.0000000000
91083  21.543  -11.952  -15.406 0.0000000000
88809  23.084  -12.868  -13.523 0.0000000000
88810  22.470  -13.188  -14.052 0.0000000000
88795  22.754  -13.600  -13.470 0.0000000000
87687  22.125  -14.260  -13.720 0.0000000000
84644  18.063  -16.973  -14.147 0.0000000000
86636  17.474  -16.129  -14.099 0.0000000000
86653  18.493  -15.622  -15.069 0.0000000000
103466  18.685  0.281  -16.284 0.0000000000
110275  18.628  7.442  -12.764 0.0000000000
109379  18.675  6.548  -13.148 0.0000000000
109395  18.204  6.339  -13.515 0.0000000000
109378  19.265  6.526  -13.577 0.0000000000
110298  18.508  7.372  -14.591 0.0000000000
110314  18.172  7.821  -15.082 0.0000000000
94066  21.443  -8.515  -15.648 0.0000000000
94065  21.815  -8.603  -15.240 0.0000000000
95004  21.667  -8.043  -15.452 0.0000000000
94971  23.096  -7.803  -13.527 0.0000000000
103427  16.115  0.248  -13.352 0.0000000000
83540  16.187  -18.429  -12.223 0.0000000000
82379  16.612  -19.171  -12.480 0.0000000000
82359  16.703  -19.646  -12.402 0.0000000000
81231  19.699  -21.079  -12.197 0.0000000000
81230  20.275  -20.607  -12.137 0.0000000000
81248  20.042  -20.190  -12.528 0.0000000000
84625  20.550  -17.219  -13.831 0.0000000000
84611  21.016  -17.724  -13.142 0.0000000000
89936  14.738  -12.093  -11.454 0.0000000000
91053  15.071  -11.498  -12.075 0.0000000000
92108  15.307  -10.377  -12.416 0.0000000000
93113  16.078  -9.311  -13.353 0.0000000000
94035  16.217  -8.369  -13.687 0.0000000000
94068  17.929  -8.424  -15.448 0.0000000000
95028  18.892  -7.512  -16.119 0.0000000000
96024  19.099  -6.506  -16.356 0.0000000000
98027  16.101  -4.407  -13.685 0.0000000000
100296  18.457  -2.549  -15.883 0.0000000000
99178  18.790  -3.482  -16.160 0.0000000000
98064  19.149  -4.238  -16.392 0.0000000000
98063  19.779  -4.358  -16.468 0.0000000000
99164  20.669  -3.422  -16.015 0.0000000000
99163  21.173  -3.440  -15.562 0.0000000000
104500  22.253  1.592  -15.171 0.0000000000
105512  23.329  2.506  -14.229 0.0000000000
107334  17.048  4.399  -13.801 0.0000000000
106405  17.171  3.441  -14.436 0.0000000000
107373  18.692  4.343  -17.255 0.0000000000
110334  19.666  7.249  -18.043 0.0000000000
109440  19.280  6.314  -18.693 0.0000000000
109434  20.209  6.234  -18.076 0.0000000000
88850  19.170  -13.022  -16.166 0.0000000000
88849  20.033  -13.217  -16.133 0.0000000000
88848  20.728  -13.313  -15.728 0.0000000000
91064  23.041  -10.980  -13.889 0.0000000000
89947  22.316  -12.272  -14.591 0.0000000000
89934  23.525  -12.102  -13.064 0.0000000000
82393  17.738  -18.794  -13.401 0.0000000000
82391  19.049  -19.186  -13.626 0.0000000000
83552  18.806  -18.380  -13.991 0.0000000000
83566  19.325  -17.853  -14.234 0.0000000000
84643  18.536  -17.185  -14.397 0.0000000000
84626  19.822  -17.553  -14.273 0.0000000000
85618  20.880  -16.445  -14.037 0.0000000000
85631  21.154  -15.972  -14.164 0.0000000000
94017  14.325  -8.436  -11.891 0.0000000000
94002  13.721  -8.490  -11.211 0.0000000000
94016  14.991  -8.227  -12.570 0.0000000000
94973  15.830  -7.425  -13.461 0.0000000000
100272  16.273  -2.517  -13.679 0.0000000000
100271  16.759  -2.550  -14.183 0.0000000000
101308  18.061  -1.614  -15.656 0.0000000000
101320  19.329  -1.578  -16.573 0.0000000000
101319  20.058  -1.557  -16.590 0.0000000000
106416  22.050  3.506  -15.321 0.0000000000
108404  17.260  5.446  -13.449 0.0000000000
91117  19.930  -11.068  -16.123 0.0000000000
91104  20.441  -11.274  -15.970 0.0000000000
91102  21.575  -10.887  -15.421 0.0000000000
93140  22.063  -9.474  -14.994 0.0000000000
92131  22.299  -10.377  -14.724 0.0000000000
92117  23.248  -10.245  -13.602 0.0000000000
100273  16.020  -2.252  -13.428 0.0000000000
101296  16.209  -1.939  -13.590 0.0000000000
101295  16.532  -1.502  -13.887 0.0000000000
103442  17.045  -0.163  -14.304 0.0000000000
82390  19.892  -19.168  -13.154 0.0000000000
96989  21.925  -5.582  -14.622 0.0000000000
96988  22.352  -5.665  -13.932 0.0000000000
88796  15.157  -13.677  -12.062 0.0000000000
88829  17.445  -13.235  -14.494 0.0000000000
89948  16.169  -12.372  -13.135 0.0000000000
88852  17.893  -12.507  -14.989 0.0000000000
89990  18.347  -11.800  -15.392 0.0000000000
90006  18.783  -11.514  -15.791 0.0000000000
92119  16.488  -10.249  -13.636 0.0000000000
91105  18.534  -10.947  -15.536 0.0000000000
91119  19.044  -10.944  -15.876 0.0000000000
92167  19.773  -10.234  -16.194 0.0000000000
94089  19.341  -8.559  -16.322 0.0000000000
94086  21.070  -8.385  -16.053 0.0000000000
96006  21.471  -6.459  -15.584 0.0000000000
95953  14.147  -6.547  -11.855 0.0000000000
95964  14.758  -6.452  -12.493 0.0000000000
95992  16.654  -6.453  -14.240 0.0000000000
99154  16.463  -3.456  -13.925 0.0000000000
98041  16.656  -4.456  -14.238 0.0000000000
98040  17.247  -4.505  -14.813 0.0000000000
96991  16.941  -5.475  -14.525 0.0000000000
95991  17.255  -6.482  -14.829 0.0000000000
96008  17.870  -6.521  -15.399 0.0000000000
96007  18.539  -6.558  -15.848 0.0000000000
97018  21.252  -5.799  -15.788 0.0000000000
100257  22.267  -2.853  -13.751 0.0000000000
102328  22.100  -0.590  -15.109 0.0000000000
103441  22.554  0.617  -14.812 0.0000000000
103426  22.760  0.191  -14.199 0.0000000000
107335  16.676  3.840  -13.432 0.0000000000
105529  16.929  1.794  -14.768 0.0000000000
111132  18.083  8.463  -15.312 0.0000000000
110329  17.938  7.138  -16.661 0.0000000000
109436  18.131  6.417  -16.600 0.0000000000
111170  18.123  8.932  -18.450 0.0000000000
109435  18.406  6.360  -17.383 0.0000000000
108442  18.551  5.333  -17.253 0.0000000000
108453  19.224  5.582  -18.946 0.0000000000
108448  19.084  4.969  -18.815 0.0000000000
106437  18.906  3.638  -17.676 0.0000000000
107362  21.113  3.986  -16.411 0.0000000000
108417  22.669  4.890  -14.894 0.0000000000
108429  22.912  5.867  -15.132 0.0000000000
108416  23.249  5.320  -14.691 0.0000000000
86655  17.291  -14.853  -14.269 0.0000000000
85646  19.103  -15.614  -15.411 0.0000000000
86671  18.875  -14.909  -15.543 0.0000000000
86652  20.011  -15.585  -15.292 0.0000000000
86651  20.470  -15.578  -14.970 0.0000000000
86650  21.089  -15.287  -14.520 0.0000000000
86635  21.598  -15.304  -13.827 0.0000000000
89965  21.219  -12.488  -15.571 0.0000000000
88828  21.289  -13.332  -15.232 0.0000000000
88827  21.855  -13.248  -14.699 0.0000000000
86634  22.128  -14.966  -13.291 0.0000000000
95975  22.652  -6.700  -13.695 0.0000000000
95974  23.177  -6.757  -13.018 0.0000000000
85619  17.664  -16.784  -13.921 0.0000000000
86670  19.654  -15.055  -15.562 0.0000000000
88862  18.944  -12.401  -16.115 0.0000000000
90005  19.224  -11.735  -16.111 0.0000000000
91118  19.527  -10.968  -16.022 0.0000000000
92132  17.589  -10.185  -14.808 0.0000000000
92150  21.339  -10.384  -15.581 0.0000000000
92168  19.277  -10.222  -16.036 0.0000000000
93141  21.520  -9.455  -15.479 0.0000000000
94958  14.935  -7.257  -12.640 0.0000000000
94974  15.317  -7.426  -12.998 0.0000000000
95977  15.465  -6.515  -13.206 0.0000000000
96980  15.307  -5.893  -13.077 0.0000000000
100261  15.617  -2.656  -13.090 0.0000000000
108385  18.896  6.098  -13.340 0.0000000000
108386  18.542  6.230  -13.330 0.0000000000
108402  19.028  6.093  -13.895 0.0000000000
108403  18.556  6.207  -13.723 0.0000000000
108418  19.024  6.304  -14.111 0.0000000000
108419  18.678  6.321  -14.108 0.0000000000
108454  18.880  5.592  -18.931 0.0000000000
109394  19.154  6.580  -14.147 0.0000000000
109409  18.740  6.677  -14.303 0.0000000000
109446  19.057  5.881  -19.059 0.0000000000
109448  18.721  6.212  -18.778 0.0000000000
110286  19.020  7.707  -13.785 0.0000000000
110297  18.952  6.942  -14.341 0.0000000000
110343  18.047  8.181  -18.464 0.0000000000
