#!ascii label  , from subject 4090 vox2ras=TkReg
1156
99046  -41.124  9.354  45.884 0.0000000000
99157  -48.784  9.122  33.829 0.0000000000
102626  -48.714  13.725  49.494 0.0000000000
96437  -48.177  7.057  39.500 0.0000000000
95384  -47.345  5.303  47.916 0.0000000000
103716  -45.547  14.472  38.416 0.0000000000
107211  -48.764  19.337  42.283 0.0000000000
109440  -41.505  21.570  46.561 0.0000000000
92285  -42.239  2.480  53.619 0.0000000000
97298  -44.008  7.551  41.949 0.0000000000
99963  -45.866  10.432  38.392 0.0000000000
100890  -44.240  11.354  42.056 0.0000000000
105468  -52.492  16.082  50.777 0.0000000000
103664  -51.453  15.147  44.596 0.0000000000
105485  -49.035  16.201  47.648 0.0000000000
106397  -44.539  17.760  44.276 0.0000000000
108712  -45.877  20.642  48.258 0.0000000000
100013  -47.203  11.060  32.422 0.0000000000
99885  -40.953  10.056  50.670 0.0000000000
101713  -44.051  12.385  48.059 0.0000000000
97311  -52.847  8.110  41.914 0.0000000000
94442  -48.173  5.028  43.652 0.0000000000
94412  -42.712  4.310  45.263 0.0000000000
92342  -42.751  2.579  48.626 0.0000000000
102756  -48.470  13.200  34.852 0.0000000000
105614  -46.684  16.660  34.541 0.0000000000
103673  -46.675  14.363  43.578 0.0000000000
107226  -48.209  17.802  40.337 0.0000000000
108813  -45.397  20.465  36.186 0.0000000000
107233  -43.281  19.093  39.292 0.0000000000
107217  -41.162  18.258  41.949 0.0000000000
98163  -42.624  8.544  44.113 0.0000000000
99082  -43.608  9.577  42.304 0.0000000000
99915  -42.667  10.103  44.344 0.0000000000
106320  -50.150  17.841  51.731 0.0000000000
104569  -51.113  16.366  49.178 0.0000000000
106334  -48.232  17.792  50.330 0.0000000000
106338  -46.032  17.963  48.766 0.0000000000
99178  -48.410  10.061  32.659 0.0000000000
99018  -41.281  9.710  53.078 0.0000000000
99887  -42.869  10.873  51.337 0.0000000000
95402  -47.837  4.767  46.247 0.0000000000
94425  -45.576  4.455  44.398 0.0000000000
94392  -45.380  4.687  47.068 0.0000000000
92307  -42.476  2.300  51.513 0.0000000000
94380  -38.000  4.729  48.734 0.0000000000
97226  -37.885  7.327  49.790 0.0000000000
95363  -36.772  5.824  50.174 0.0000000000
98233  -49.918  9.043  38.322 0.0000000000
100917  -45.815  12.043  37.879 0.0000000000
100926  -47.072  12.079  36.700 0.0000000000
102746  -46.864  13.465  36.074 0.0000000000
103757  -48.163  14.669  34.194 0.0000000000
105601  -45.957  16.103  36.294 0.0000000000
101723  -46.385  12.710  48.301 0.0000000000
102668  -45.544  13.543  45.506 0.0000000000
102655  -47.845  13.404  46.548 0.0000000000
106404  -51.056  17.365  43.170 0.0000000000
104619  -50.049  16.036  42.064 0.0000000000
108017  -49.903  19.608  40.722 0.0000000000
108053  -48.057  20.770  37.670 0.0000000000
108779  -47.104  21.365  39.772 0.0000000000
108041  -44.407  20.591  38.057 0.0000000000
108012  -45.745  20.122  40.912 0.0000000000
107162  -42.100  19.173  46.318 0.0000000000
107989  -42.499  19.017  43.217 0.0000000000
107968  -40.613  20.112  44.982 0.0000000000
107986  -39.487  19.792  43.534 0.0000000000
109455  -39.327  21.609  44.298 0.0000000000
96422  -45.334  6.586  40.767 0.0000000000
97346  -46.520  8.157  38.625 0.0000000000
98208  -44.965  8.478  40.195 0.0000000000
99956  -44.576  10.624  39.872 0.0000000000
102710  -44.629  13.017  40.477 0.0000000000
103614  -50.588  14.314  50.117 0.0000000000
102643  -50.516  13.981  46.987 0.0000000000
104576  -51.777  15.505  48.096 0.0000000000
105519  -51.129  16.692  45.691 0.0000000000
106389  -49.353  17.372  44.562 0.0000000000
107194  -46.485  18.343  42.982 0.0000000000
105515  -46.707  16.881  46.021 0.0000000000
106346  -44.134  18.401  47.199 0.0000000000
109429  -43.734  21.422  47.568 0.0000000000
101826  -46.702  12.766  33.794 0.0000000000
99900  -40.566  10.402  47.779 0.0000000000
100847  -42.130  11.536  46.204 0.0000000000
100828  -41.860  11.254  48.896 0.0000000000
100831  -44.581  11.734  49.880 0.0000000000
101704  -46.681  12.819  51.388 0.0000000000
100811  -47.408  12.349  53.967 0.0000000000
102602  -49.087  13.701  52.364 0.0000000000
96428  -50.970  7.303  40.670 0.0000000000
96387  -50.198  6.169  42.662 0.0000000000
95463  -47.945  5.309  41.648 0.0000000000
95447  -45.406  5.104  42.152 0.0000000000
95433  -43.624  5.516  43.492 0.0000000000
95354  -47.008  5.460  50.548 0.0000000000
93313  -44.661  3.380  53.315 0.0000000000
93335  -44.805  3.627  51.140 0.0000000000
94372  -45.072  4.317  48.988 0.0000000000
93379  -42.834  3.250  47.489 0.0000000000
97247  -40.386  7.307  46.497 0.0000000000
99160  -51.254  10.250  34.712 0.0000000000
99127  -47.898  9.732  37.468 0.0000000000
100940  -49.602  12.087  35.641 0.0000000000
100962  -50.309  11.695  33.671 0.0000000000
101849  -49.382  12.968  32.570 0.0000000000
103770  -47.511  14.989  32.740 0.0000000000
105622  -46.126  16.460  32.913 0.0000000000
101750  -43.874  12.626  44.950 0.0000000000
102691  -45.282  13.621  43.230 0.0000000000
103703  -45.535  14.593  41.050 0.0000000000
103661  -49.272  14.399  44.223 0.0000000000
104631  -48.403  16.007  41.791 0.0000000000
105573  -46.309  16.247  39.752 0.0000000000
107251  -46.636  18.580  37.504 0.0000000000
107278  -46.029  18.920  34.904 0.0000000000
105612  -44.343  17.247  34.688 0.0000000000
107999  -44.521  19.390  42.127 0.0000000000
107219  -42.289  18.661  41.416 0.0000000000
105560  -41.014  16.401  40.810 0.0000000000
105541  -39.851  16.730  42.013 0.0000000000
107186  -38.593  18.677  43.364 0.0000000000
98154  -42.157  8.550  44.759 0.0000000000
99057  -42.858  9.409  44.005 0.0000000000
99906  -42.192  10.134  44.849 0.0000000000
106326  -49.412  17.780  51.294 0.0000000000
107137  -47.739  18.849  50.214 0.0000000000
98286  -48.103  9.250  33.037 0.0000000000
95392  -47.192  4.630  47.021 0.0000000000
94394  -46.556  4.524  46.738 0.0000000000
94385  -46.022  4.754  47.775 0.0000000000
93353  -37.436  3.692  49.518 0.0000000000
95371  -37.016  5.369  49.642 0.0000000000
97335  -49.947  8.002  39.451 0.0000000000
97334  -48.637  7.854  39.222 0.0000000000
102730  -45.332  13.761  38.751 0.0000000000
101803  -45.966  12.620  37.484 0.0000000000
103727  -45.840  14.335  37.285 0.0000000000
103740  -46.158  14.621  36.526 0.0000000000
104672  -45.480  15.200  37.885 0.0000000000
102633  -47.890  13.259  49.029 0.0000000000
102640  -47.508  13.062  47.855 0.0000000000
102641  -48.797  13.419  47.460 0.0000000000
107197  -49.551  18.728  42.846 0.0000000000
107213  -50.107  18.937  41.795 0.0000000000
108004  -49.546  19.962  41.622 0.0000000000
108771  -49.248  20.823  40.256 0.0000000000
108014  -47.999  20.497  41.051 0.0000000000
108768  -47.032  20.840  40.479 0.0000000000
108013  -46.913  20.248  40.974 0.0000000000
108732  -41.516  20.402  46.507 0.0000000000
107178  -41.698  19.088  45.126 0.0000000000
108742  -40.935  20.412  45.812 0.0000000000
108751  -39.975  20.501  44.665 0.0000000000
110139  -40.568  22.556  45.478 0.0000000000
96409  -44.551  6.550  41.552 0.0000000000
97319  -44.881  7.628  40.652 0.0000000000
97309  -44.452  7.658  41.308 0.0000000000
99935  -43.848  10.728  42.185 0.0000000000
99943  -44.021  10.523  41.520 0.0000000000
100897  -44.439  11.402  41.236 0.0000000000
100904  -44.524  11.426  40.358 0.0000000000
101772  -44.605  12.266  41.807 0.0000000000
103621  -51.758  14.939  50.092 0.0000000000
103624  -51.333  14.565  48.409 0.0000000000
104570  -51.933  15.525  48.930 0.0000000000
105474  -49.664  15.995  48.806 0.0000000000
105487  -50.973  16.436  47.710 0.0000000000
105503  -49.654  16.451  46.635 0.0000000000
106375  -50.400  17.263  45.103 0.0000000000
105517  -49.184  16.748  45.557 0.0000000000
105526  -48.034  17.222  44.985 0.0000000000
105501  -47.350  16.628  46.748 0.0000000000
107142  -45.581  18.804  48.492 0.0000000000
106348  -45.388  17.609  47.971 0.0000000000
107152  -44.561  19.047  47.832 0.0000000000
107952  -43.423  19.632  47.365 0.0000000000
108726  -44.552  20.827  48.038 0.0000000000
101836  -47.101  12.797  33.195 0.0000000000
99890  -40.240  10.006  49.286 0.0000000000
99898  -40.971  10.939  48.326 0.0000000000
99891  -41.044  10.616  49.556 0.0000000000
100818  -43.707  11.062  51.976 0.0000000000
100823  -43.784  11.395  50.615 0.0000000000
100819  -44.609  11.623  51.773 0.0000000000
100825  -45.464  12.268  50.631 0.0000000000
101698  -46.203  12.425  51.884 0.0000000000
100799  -47.341  11.853  55.408 0.0000000000
101695  -48.094  12.720  53.521 0.0000000000
102593  -48.843  13.328  53.654 0.0000000000
102594  -49.769  13.871  52.887 0.0000000000
103570  -50.312  14.091  54.338 0.0000000000
97324  -51.565  8.123  40.639 0.0000000000
96414  -51.380  7.275  41.446 0.0000000000
96371  -50.193  6.111  43.704 0.0000000000
95436  -49.491  5.662  43.112 0.0000000000
95451  -49.581  5.751  42.133 0.0000000000
94456  -47.926  4.842  42.754 0.0000000000
95462  -46.807  5.275  41.617 0.0000000000
94455  -46.943  4.680  42.609 0.0000000000
94414  -44.648  4.317  45.259 0.0000000000
94437  -44.221  4.725  43.651 0.0000000000
94422  -43.104  4.600  44.615 0.0000000000
92286  -43.127  2.588  53.485 0.0000000000
93334  -43.951  3.203  51.257 0.0000000000
93345  -44.075  3.300  50.341 0.0000000000
93346  -44.904  3.977  50.134 0.0000000000
93356  -44.038  3.399  49.428 0.0000000000
93370  -44.403  3.924  48.281 0.0000000000
93368  -43.097  2.985  48.248 0.0000000000
98142  -39.723  7.939  47.622 0.0000000000
97233  -38.922  7.227  48.329 0.0000000000
99151  -51.810  9.902  35.562 0.0000000000
99113  -46.261  9.580  38.197 0.0000000000
98243  -47.688  8.932  37.962 0.0000000000
99973  -47.261  10.495  37.342 0.0000000000
100938  -48.053  12.143  35.591 0.0000000000
100928  -49.055  11.406  36.089 0.0000000000
101817  -49.044  12.768  34.966 0.0000000000
101819  -50.306  12.289  34.715 0.0000000000
101828  -50.033  13.025  34.281 0.0000000000
100973  -49.710  12.061  32.837 0.0000000000
102774  -49.493  13.472  33.765 0.0000000000
104702  -47.576  15.620  34.301 0.0000000000
104720  -48.070  15.379  33.080 0.0000000000
105623  -47.419  16.663  33.074 0.0000000000
104718  -47.088  15.848  32.517 0.0000000000
106486  -46.647  17.309  33.172 0.0000000000
101719  -42.940  12.295  46.899 0.0000000000
101741  -43.082  12.032  45.492 0.0000000000
101742  -43.887  12.768  45.870 0.0000000000
102682  -46.578  14.101  44.551 0.0000000000
102681  -45.713  13.906  44.363 0.0000000000
103672  -45.972  14.150  43.647 0.0000000000
102698  -45.403  13.592  42.312 0.0000000000
103687  -46.886  14.697  42.778 0.0000000000
102658  -50.667  14.341  46.001 0.0000000000
102672  -50.012  14.102  45.200 0.0000000000
103663  -50.955  14.574  44.254 0.0000000000
105564  -49.548  17.210  40.814 0.0000000000
104632  -49.246  16.311  41.722 0.0000000000
106418  -48.390  16.889  41.190 0.0000000000
105562  -47.395  16.493  41.042 0.0000000000
106438  -46.998  17.123  40.041 0.0000000000
106447  -46.263  17.153  38.986 0.0000000000
107243  -46.783  18.146  38.693 0.0000000000
108816  -46.916  21.326  36.799 0.0000000000
108804  -46.916  20.173  36.780 0.0000000000
108826  -45.933  20.159  35.712 0.0000000000
107276  -45.074  18.646  34.563 0.0000000000
107269  -44.632  18.911  35.296 0.0000000000
106471  -44.109  17.992  35.129 0.0000000000
107260  -44.189  19.157  35.953 0.0000000000
108032  -43.750  19.907  39.262 0.0000000000
107250  -43.369  19.016  37.308 0.0000000000
106398  -45.306  17.756  43.935 0.0000000000
107208  -45.537  18.824  42.440 0.0000000000
107192  -44.316  18.452  43.508 0.0000000000
107996  -41.832  19.045  42.626 0.0000000000
107997  -42.585  19.182  42.266 0.0000000000
107218  -41.676  18.414  41.742 0.0000000000
106425  -41.783  17.304  40.938 0.0000000000
106416  -41.397  17.622  41.524 0.0000000000
105549  -40.165  16.306  41.329 0.0000000000
106409  -40.179  17.819  42.114 0.0000000000
108757  -38.704  20.492  43.439 0.0000000000
107187  -39.310  18.807  42.890 0.0000000000
107985  -38.638  19.629  43.374 0.0000000000
107976  -37.449  19.124  43.648 0.0000000000
97285  -43.116  7.584  43.315 0.0000000000
98186  -43.838  8.165  42.222 0.0000000000
98174  -43.323  8.594  43.194 0.0000000000
99928  -43.204  10.238  43.164 0.0000000000
100872  -43.469  11.127  43.497 0.0000000000
105466  -51.825  16.410  49.903 0.0000000000
105455  -50.694  16.760  50.617 0.0000000000
105463  -49.850  16.302  49.908 0.0000000000
105473  -48.382  16.491  48.672 0.0000000000
105472  -47.303  16.911  48.582 0.0000000000
106340  -47.840  17.272  49.409 0.0000000000
107143  -46.550  18.720  48.987 0.0000000000
100023  -47.792  10.898  32.173 0.0000000000
99028  -40.716  9.703  51.416 0.0000000000
99886  -41.886  10.595  50.747 0.0000000000
99875  -41.597  9.985  52.346 0.0000000000
94418  -47.609  4.612  45.315 0.0000000000
94427  -47.164  4.547  44.470 0.0000000000
94417  -46.906  4.526  45.303 0.0000000000
94404  -45.390  4.494  46.185 0.0000000000
94403  -44.619  4.301  46.282 0.0000000000
92295  -42.385  2.354  52.555 0.0000000000
92318  -41.772  1.902  50.534 0.0000000000
95382  -38.819  5.332  48.048 0.0000000000
96327  -38.465  6.370  48.467 0.0000000000
96326  -37.897  6.100  48.811 0.0000000000
96310  -37.113  6.334  50.142 0.0000000000
100910  -45.629  11.485  38.497 0.0000000000
100911  -46.133  10.968  37.999 0.0000000000
100918  -46.625  11.534  37.383 0.0000000000
101810  -47.209  12.548  36.218 0.0000000000
102755  -47.732  13.597  35.112 0.0000000000
102764  -48.106  14.163  34.515 0.0000000000
103749  -47.298  14.587  35.257 0.0000000000
104693  -46.855  15.473  35.380 0.0000000000
105607  -46.400  16.545  35.401 0.0000000000
101722  -45.413  12.483  47.987 0.0000000000
102653  -45.100  13.121  46.299 0.0000000000
101733  -46.041  12.778  47.535 0.0000000000
102669  -46.936  13.901  45.358 0.0000000000
103647  -47.840  13.857  44.888 0.0000000000
105535  -51.300  16.734  43.647 0.0000000000
104609  -50.583  15.631  42.949 0.0000000000
105544  -50.890  16.865  42.413 0.0000000000
106420  -50.141  17.354  40.970 0.0000000000
107228  -49.585  18.774  40.361 0.0000000000
108034  -48.058  19.097  39.082 0.0000000000
108036  -49.073  20.384  39.078 0.0000000000
109502  -48.285  21.650  38.341 0.0000000000
109499  -46.279  21.684  37.559 0.0000000000
108050  -44.575  20.342  37.080 0.0000000000
108788  -46.049  21.493  38.845 0.0000000000
108777  -45.120  20.841  39.773 0.0000000000
108024  -44.737  20.244  40.161 0.0000000000
106383  -43.470  17.744  45.595 0.0000000000
107191  -43.233  18.483  43.747 0.0000000000
107179  -42.323  18.578  44.962 0.0000000000
107189  -41.834  18.937  44.390 0.0000000000
107987  -40.590  19.289  43.328 0.0000000000
107188  -39.930  19.099  42.743 0.0000000000
107978  -40.252  19.967  44.405 0.0000000000
108750  -39.480  20.528  44.173 0.0000000000
109461  -38.932  21.147  43.688 0.0000000000
96423  -46.514  6.758  40.147 0.0000000000
97333  -47.682  7.627  39.054 0.0000000000
97321  -46.264  7.358  39.563 0.0000000000
97331  -45.956  7.882  39.075 0.0000000000
99112  -45.473  9.550  38.815 0.0000000000
98196  -43.999  8.612  41.687 0.0000000000
99100  -44.797  9.543  39.826 0.0000000000
99957  -45.198  10.519  39.124 0.0000000000
100905  -44.898  11.425  39.487 0.0000000000
102719  -44.672  12.715  39.754 0.0000000000
102720  -44.888  13.347  39.471 0.0000000000
102621  -50.084  14.172  49.642 0.0000000000
102635  -49.678  13.532  48.157 0.0000000000
102629  -50.818  14.131  48.410 0.0000000000
102644  -51.145  14.358  46.800 0.0000000000
103640  -51.366  14.960  46.474 0.0000000000
105488  -51.576  16.106  48.001 0.0000000000
105505  -51.181  16.146  46.894 0.0000000000
104593  -51.542  15.924  45.109 0.0000000000
106376  -50.985  17.249  44.766 0.0000000000
106390  -50.345  17.572  44.219 0.0000000000
107196  -48.656  18.572  42.844 0.0000000000
107210  -47.750  19.076  42.180 0.0000000000
106400  -47.359  17.907  43.657 0.0000000000
106387  -47.092  17.470  44.380 0.0000000000
106385  -45.165  17.332  44.810 0.0000000000
105482  -46.031  16.947  47.687 0.0000000000
105513  -45.264  17.037  46.555 0.0000000000
106369  -44.020  17.333  46.146 0.0000000000
106358  -43.655  18.334  46.830 0.0000000000
107951  -42.922  19.926  47.292 0.0000000000
110126  -42.576  22.398  46.999 0.0000000000
99043  -40.796  9.896  46.830 0.0000000000
99903  -41.323  10.404  46.382 0.0000000000
99901  -40.995  10.722  47.297 0.0000000000
100836  -41.677  11.399  47.826 0.0000000000
100844  -43.012  12.051  47.935 0.0000000000
100822  -42.730  11.037  50.375 0.0000000000
100830  -43.951  11.555  49.475 0.0000000000
100839  -44.565  11.883  49.109 0.0000000000
101715  -45.440  12.323  49.070 0.0000000000
101716  -46.447  12.794  49.354 0.0000000000
102625  -47.818  13.609  50.014 0.0000000000
100810  -46.668  12.195  53.797 0.0000000000
101693  -47.048  12.474  53.008 0.0000000000
102609  -47.615  13.102  52.041 0.0000000000
102619  -48.622  13.821  50.573 0.0000000000
102612  -50.009  14.245  50.624 0.0000000000
103610  -51.244  14.610  51.641 0.0000000000
103612  -51.821  15.347  51.960 0.0000000000
97323  -50.641  7.742  40.193 0.0000000000
96426  -49.569  7.077  40.255 0.0000000000
96389  -51.900  7.058  43.653 0.0000000000
96401  -51.633  7.191  42.518 0.0000000000
96399  -50.140  6.245  41.763 0.0000000000
96412  -49.753  6.517  41.068 0.0000000000
95475  -48.210  6.012  40.791 0.0000000000
95474  -47.228  5.937  40.848 0.0000000000
95461  -45.671  5.591  41.427 0.0000000000
95460  -44.943  5.638  41.664 0.0000000000
94439  -45.790  4.478  43.562 0.0000000000
95434  -44.272  5.243  43.189 0.0000000000
96397  -43.449  6.634  43.023 0.0000000000
96386  -42.822  6.523  43.745 0.0000000000
93315  -46.268  3.875  53.084 0.0000000000
92296  -43.310  2.681  52.423 0.0000000000
93324  -44.644  3.409  52.196 0.0000000000
94338  -46.396  4.309  51.585 0.0000000000
94348  -45.976  4.419  50.867 0.0000000000
94362  -45.640  4.893  49.962 0.0000000000
95372  -46.039  4.963  48.722 0.0000000000
94384  -45.462  4.644  47.906 0.0000000000
93390  -44.288  4.100  46.742 0.0000000000
93393  -42.969  3.775  45.971 0.0000000000
99045  -40.734  8.753  46.082 0.0000000000
99039  -40.124  9.618  47.481 0.0000000000
99037  -39.682  9.358  48.623 0.0000000000
99031  -39.848  9.536  49.723 0.0000000000
99027  -40.097  9.550  50.771 0.0000000000
97380  -50.932  8.762  35.675 0.0000000000
99150  -51.047  9.602  34.954 0.0000000000
99159  -50.353  10.025  34.154 0.0000000000
97360  -48.425  8.680  38.234 0.0000000000
98245  -49.252  9.240  37.796 0.0000000000
100919  -47.487  11.094  37.085 0.0000000000
99985  -48.686  10.968  36.602 0.0000000000
100929  -50.003  11.282  36.139 0.0000000000
100952  -50.959  11.173  35.277 0.0000000000
100003  -50.678  10.848  34.042 0.0000000000
99171  -50.210  10.481  33.397 0.0000000000
99179  -49.283  10.581  32.615 0.0000000000
100972  -49.141  12.094  32.217 0.0000000000
101847  -47.932  12.781  32.285 0.0000000000
103758  -48.442  14.605  33.687 0.0000000000
103771  -48.089  14.824  32.842 0.0000000000
102772  -47.663  13.298  32.582 0.0000000000
102771  -47.259  13.873  32.896 0.0000000000
103763  -46.498  14.911  33.156 0.0000000000
103762  -45.912  15.299  33.719 0.0000000000
100854  -42.223  11.135  45.212 0.0000000000
100863  -43.015  10.977  44.395 0.0000000000
101757  -43.916  12.369  43.776 0.0000000000
102667  -44.556  13.154  45.551 0.0000000000
102690  -44.726  13.346  43.788 0.0000000000
101765  -44.271  12.109  42.729 0.0000000000
101773  -44.892  13.078  41.869 0.0000000000
102704  -45.154  13.633  41.371 0.0000000000
103709  -45.357  14.673  39.727 0.0000000000
102656  -48.988  13.625  46.438 0.0000000000
102683  -48.713  13.735  44.994 0.0000000000
103660  -48.373  14.100  44.391 0.0000000000
104608  -49.852  15.357  42.869 0.0000000000
103689  -48.570  15.274  42.813 0.0000000000
103688  -47.876  14.988  42.875 0.0000000000
103697  -46.784  14.955  42.041 0.0000000000
104644  -46.085  15.523  40.822 0.0000000000
104664  -45.600  15.389  38.946 0.0000000000
105592  -45.316  16.048  38.429 0.0000000000
106472  -46.253  17.598  35.304 0.0000000000
107252  -47.305  19.321  37.768 0.0000000000
107261  -46.535  18.585  36.227 0.0000000000
106479  -46.239  17.608  34.219 0.0000000000
106485  -46.120  17.359  33.336 0.0000000000
105613  -45.013  17.175  34.167 0.0000000000
108049  -43.947  19.734  37.212 0.0000000000
107209  -46.616  18.935  42.250 0.0000000000
108011  -44.652  19.837  41.182 0.0000000000
108010  -43.740  19.593  41.399 0.0000000000
107990  -43.363  19.088  43.026 0.0000000000
108009  -42.993  19.205  41.441 0.0000000000
107224  -42.793  18.596  40.517 0.0000000000
106437  -42.315  17.733  39.668 0.0000000000
105572  -41.061  16.328  39.418 0.0000000000
104654  -40.319  16.037  39.530 0.0000000000
107203  -39.913  18.484  42.446 0.0000000000
106396  -39.215  17.813  43.092 0.0000000000
110786  -42.205  23.403  46.063 0.0000000000
110140  -41.361  23.258  45.576 0.0000000000
110800  -40.029  23.246  44.742 0.0000000000
110812  -39.586  23.425  43.890 0.0000000000
110151  -38.345  22.401  43.146 0.0000000000
99047  -41.884  9.361  45.136 0.0000000000
99169  -48.769  9.418  33.362 0.0000000000
95393  -48.089  5.266  47.174 0.0000000000
95383  -46.633  4.825  47.612 0.0000000000
93344  -37.615  3.021  49.643 0.0000000000
96438  -49.017  7.314  39.708 0.0000000000
102738  -45.699  13.553  37.882 0.0000000000
102634  -48.735  13.465  48.482 0.0000000000
107212  -49.524  19.361  42.227 0.0000000000
108003  -48.823  20.004  41.699 0.0000000000
108015  -48.905  20.824  41.316 0.0000000000
108002  -47.900  19.719  41.494 0.0000000000
108731  -40.852  21.025  46.009 0.0000000000
109439  -40.868  21.916  46.008 0.0000000000
96421  -44.737  7.079  41.021 0.0000000000
100883  -43.776  11.184  42.716 0.0000000000
104558  -52.163  15.233  50.494 0.0000000000
104564  -52.222  15.575  49.946 0.0000000000
105486  -50.140  16.235  47.629 0.0000000000
105502  -48.507  16.529  46.623 0.0000000000
107939  -45.867  19.843  48.397 0.0000000000
107141  -45.263  19.422  48.317 0.0000000000
107938  -45.161  20.014  48.282 0.0000000000
107953  -44.436  20.159  47.994 0.0000000000
108711  -45.144  20.886  48.185 0.0000000000
100012  -46.809  10.509  32.778 0.0000000000
100958  -46.666  10.966  33.113 0.0000000000
100959  -47.032  11.651  32.893 0.0000000000
99884  -40.455  9.954  49.999 0.0000000000
100814  -44.497  10.800  52.950 0.0000000000
100820  -45.434  12.176  51.466 0.0000000000
100815  -45.685  11.939  52.736 0.0000000000
102584  -49.102  13.361  54.709 0.0000000000
102585  -49.732  13.727  54.047 0.0000000000
97310  -52.299  7.890  41.768 0.0000000000
94457  -48.415  5.055  43.118 0.0000000000
94441  -47.479  4.666  43.595 0.0000000000
94413  -43.772  4.047  45.295 0.0000000000
94423  -43.797  4.441  44.222 0.0000000000
95419  -42.514  5.383  44.639 0.0000000000
92320  -43.295  2.760  50.473 0.0000000000
92331  -43.426  2.797  49.564 0.0000000000
92343  -43.457  2.987  48.858 0.0000000000
93369  -43.742  3.419  48.433 0.0000000000
96335  -39.700  6.269  47.306 0.0000000000
97239  -39.457  7.208  47.763 0.0000000000
96328  -39.122  6.298  47.867 0.0000000000
100931  -51.361  10.641  36.336 0.0000000000
99126  -47.041  9.551  37.704 0.0000000000
99964  -46.503  10.424  37.798 0.0000000000
101816  -48.264  12.695  35.218 0.0000000000
100939  -48.653  12.061  35.576 0.0000000000
101818  -49.969  12.697  35.072 0.0000000000
101827  -49.479  13.131  34.562 0.0000000000
102766  -49.483  13.386  34.235 0.0000000000
102765  -48.780  13.734  34.310 0.0000000000
104711  -47.714  15.957  33.371 0.0000000000
105615  -47.174  16.689  33.751 0.0000000000
106480  -46.944  17.122  33.362 0.0000000000
101720  -43.502  12.389  47.471 0.0000000000
101730  -43.356  12.464  46.463 0.0000000000
101731  -44.304  12.761  46.720 0.0000000000
103658  -46.429  14.167  44.099 0.0000000000
103686  -45.985  14.205  42.926 0.0000000000
103650  -51.062  14.549  45.185 0.0000000000
103649  -50.559  14.373  44.847 0.0000000000
106429  -48.960  17.374  40.675 0.0000000000
106419  -48.720  16.952  41.052 0.0000000000
106428  -47.908  17.235  40.875 0.0000000000
106439  -47.604  17.636  40.066 0.0000000000
107234  -47.065  17.716  39.498 0.0000000000
107235  -47.716  18.413  39.623 0.0000000000
109525  -46.018  21.076  36.384 0.0000000000
108814  -45.821  20.628  36.015 0.0000000000
109524  -45.717  20.826  36.296 0.0000000000
108066  -45.143  19.722  35.612 0.0000000000
108058  -44.743  19.879  36.190 0.0000000000
107242  -43.357  19.059  38.292 0.0000000000
107232  -42.793  18.405  39.401 0.0000000000
107193  -45.446  18.345  43.218 0.0000000000
107995  -41.180  18.927  42.776 0.0000000000
107206  -41.871  19.000  41.959 0.0000000000
107205  -41.360  18.767  42.194 0.0000000000
106415  -40.758  17.735  41.848 0.0000000000
107204  -40.591  18.643  42.305 0.0000000000
98173  -42.943  8.267  43.613 0.0000000000
99068  -43.115  9.457  43.455 0.0000000000
99916  -43.050  10.212  43.804 0.0000000000
105456  -51.293  16.685  50.581 0.0000000000
106327  -50.122  17.338  51.288 0.0000000000
106335  -49.122  17.128  50.632 0.0000000000
105454  -49.987  16.850  50.730 0.0000000000
105462  -48.747  16.610  49.757 0.0000000000
106333  -47.532  18.081  49.798 0.0000000000
107934  -47.562  19.723  49.721 0.0000000000
107136  -47.218  18.763  49.517 0.0000000000
107940  -46.603  19.666  48.705 0.0000000000
98285  -47.547  9.368  32.745 0.0000000000
99177  -47.443  10.015  32.593 0.0000000000
99024  -40.935  9.629  52.188 0.0000000000
94407  -47.297  4.533  45.920 0.0000000000
94393  -46.098  4.624  46.984 0.0000000000
94405  -46.084  4.531  46.141 0.0000000000
93364  -39.213  3.301  48.291 0.0000000000
94381  -38.602  4.342  48.426 0.0000000000
94382  -39.230  4.210  47.779 0.0000000000
95381  -38.193  5.401  48.492 0.0000000000
95380  -37.606  5.420  48.950 0.0000000000
102739  -46.165  13.427  36.971 0.0000000000
101804  -46.623  12.592  36.784 0.0000000000
102747  -47.336  13.035  35.730 0.0000000000
102754  -47.102  14.030  35.526 0.0000000000
104684  -46.292  15.172  36.171 0.0000000000
102654  -46.368  13.255  46.748 0.0000000000
102670  -48.286  13.649  45.510 0.0000000000
105545  -51.204  16.793  42.940 0.0000000000
106411  -50.991  17.194  42.731 0.0000000000
107220  -50.337  19.016  40.993 0.0000000000
106421  -50.439  17.902  41.251 0.0000000000
106431  -50.166  18.506  40.649 0.0000000000
106430  -49.792  17.751  40.595 0.0000000000
108026  -48.991  19.124  39.988 0.0000000000
108027  -49.515  19.843  40.072 0.0000000000
108780  -48.156  21.725  40.060 0.0000000000
109478  -48.842  21.421  39.377 0.0000000000
109487  -47.929  21.801  38.800 0.0000000000
109500  -46.918  22.068  37.820 0.0000000000
108789  -46.906  21.566  38.940 0.0000000000
108795  -45.904  21.557  37.952 0.0000000000
108767  -46.177  20.684  40.562 0.0000000000
108778  -45.947  21.179  39.934 0.0000000000
108025  -45.518  20.703  40.330 0.0000000000
107171  -42.843  18.225  45.702 0.0000000000
107180  -43.137  18.088  44.743 0.0000000000
107170  -42.223  18.791  45.794 0.0000000000
107969  -41.076  19.812  45.407 0.0000000000
107979  -41.170  19.359  44.347 0.0000000000
108740  -39.803  21.069  44.868 0.0000000000
96435  -46.670  7.143  39.577 0.0000000000
97320  -45.548  7.568  39.920 0.0000000000
98218  -45.382  8.591  39.361 0.0000000000
98185  -43.659  8.756  42.458 0.0000000000
98195  -43.756  9.135  42.066 0.0000000000
99950  -44.314  10.628  40.674 0.0000000000
99089  -44.170  9.553  40.816 0.0000000000
99099  -44.382  10.097  40.256 0.0000000000
101781  -44.643  12.177  40.887 0.0000000000
101790  -44.611  12.171  40.014 0.0000000000
102628  -50.320  13.977  48.821 0.0000000000
103619  -50.499  14.206  49.455 0.0000000000
103629  -51.765  15.054  48.402 0.0000000000
103628  -51.528  14.827  47.550 0.0000000000
102659  -51.106  14.560  46.285 0.0000000000
105465  -51.220  16.471  49.651 0.0000000000
105477  -51.638  16.135  49.052 0.0000000000
105476  -51.192  16.291  48.702 0.0000000000
105504  -50.596  16.457  46.706 0.0000000000
104587  -51.388  15.750  46.143 0.0000000000
105528  -51.351  16.703  44.554 0.0000000000
106402  -49.500  17.951  43.495 0.0000000000
106401  -48.459  17.895  43.592 0.0000000000
106372  -46.909  17.168  45.141 0.0000000000
106386  -46.134  17.290  44.495 0.0000000000
106371  -45.953  17.040  45.419 0.0000000000
105471  -46.357  17.265  48.386 0.0000000000
105483  -46.841  16.724  47.711 0.0000000000
106347  -44.597  18.036  47.502 0.0000000000
105499  -45.547  16.979  47.100 0.0000000000
106360  -44.762  17.283  46.918 0.0000000000
106370  -44.993  17.113  45.880 0.0000000000
106359  -44.051  17.818  46.855 0.0000000000
106368  -43.428  17.947  46.339 0.0000000000
108725  -43.952  20.664  47.790 0.0000000000
108724  -42.963  20.542  47.401 0.0000000000
109428  -42.967  21.615  47.375 0.0000000000
100949  -46.446  11.513  33.725 0.0000000000
102762  -46.233  13.791  34.242 0.0000000000
99040  -40.591  10.200  47.327 0.0000000000
100837  -42.603  11.650  48.314 0.0000000000
99881  -42.119  10.469  51.919 0.0000000000
100840  -44.959  11.986  49.493 0.0000000000
101703  -46.039  12.566  50.965 0.0000000000
101707  -45.870  12.535  50.054 0.0000000000
101708  -46.678  13.102  50.394 0.0000000000
101709  -47.218  13.424  50.106 0.0000000000
102624  -47.327  13.426  50.543 0.0000000000
100804  -47.496  12.211  54.517 0.0000000000
100803  -46.577  11.699  54.861 0.0000000000
100816  -46.450  12.320  53.065 0.0000000000
101685  -47.387  12.448  53.589 0.0000000000
102601  -48.228  13.119  52.880 0.0000000000
102610  -48.448  13.623  51.713 0.0000000000
102611  -49.301  13.950  51.175 0.0000000000
104523  -50.626  14.521  52.743 0.0000000000
103602  -50.517  14.381  52.219 0.0000000000
103603  -50.850  14.563  52.037 0.0000000000
104543  -51.866  14.840  52.210 0.0000000000
98209  -52.098  8.945  40.173 0.0000000000
96427  -50.237  7.183  40.594 0.0000000000
97322  -50.042  7.597  40.218 0.0000000000
96388  -50.969  6.619  43.159 0.0000000000
96400  -50.882  6.628  42.093 0.0000000000
95464  -49.001  5.839  41.340 0.0000000000
95465  -49.628  6.053  41.567 0.0000000000
95476  -48.764  6.189  40.750 0.0000000000
95448  -46.157  5.010  42.090 0.0000000000
94426  -46.378  4.512  44.458 0.0000000000
94440  -46.636  4.510  43.582 0.0000000000
94438  -44.851  4.538  43.383 0.0000000000
95445  -43.973  5.900  42.904 0.0000000000
95365  -46.670  5.437  49.704 0.0000000000
93314  -45.430  3.688  53.058 0.0000000000
92308  -43.186  2.797  51.377 0.0000000000
93325  -45.718  3.858  51.956 0.0000000000
93336  -45.539  3.970  50.935 0.0000000000
94361  -45.069  4.260  49.572 0.0000000000
95364  -46.078  5.078  49.151 0.0000000000
94373  -45.614  4.725  48.758 0.0000000000
94374  -45.948  4.835  48.359 0.0000000000
94383  -44.947  4.370  48.120 0.0000000000
93380  -43.668  3.571  47.464 0.0000000000
93381  -44.316  4.021  47.419 0.0000000000
93389  -43.664  3.743  46.578 0.0000000000
93388  -42.760  3.609  46.575 0.0000000000
96344  -40.829  6.336  45.921 0.0000000000
97255  -40.745  7.444  45.785 0.0000000000
98148  -40.559  8.204  46.290 0.0000000000
99042  -40.524  9.047  46.577 0.0000000000
98143  -40.129  8.299  47.062 0.0000000000
98136  -39.317  8.223  48.319 0.0000000000
98137  -39.754  8.710  47.793 0.0000000000
96319  -38.096  6.677  49.145 0.0000000000
97232  -38.467  7.254  48.998 0.0000000000
98123  -38.799  8.702  50.604 0.0000000000
99026  -39.382  9.068  50.291 0.0000000000
99022  -39.036  9.222  51.402 0.0000000000
99023  -40.065  9.508  51.873 0.0000000000
97372  -51.083  8.349  36.068 0.0000000000
98260  -51.411  9.098  35.727 0.0000000000
99161  -51.571  10.376  35.160 0.0000000000
99149  -50.135  9.499  34.803 0.0000000000
97347  -47.230  8.057  38.521 0.0000000000
97348  -48.042  8.261  38.533 0.0000000000
98231  -47.466  8.482  38.248 0.0000000000
98244  -48.566  9.111  37.835 0.0000000000
99986  -49.484  10.606  36.484 0.0000000000
100941  -50.530  11.738  35.500 0.0000000000
101829  -50.265  12.289  34.035 0.0000000000
100951  -50.648  11.567  34.605 0.0000000000
100015  -50.163  11.143  33.151 0.0000000000
100014  -49.862  10.631  32.860 0.0000000000
100026  -49.868  11.528  32.912 0.0000000000
100971  -48.308  11.970  31.999 0.0000000000
101848  -48.628  13.002  32.174 0.0000000000
102782  -47.922  13.886  32.644 0.0000000000
102781  -47.436  14.469  32.744 0.0000000000
104710  -46.532  15.810  32.780 0.0000000000
104709  -46.032  15.953  33.324 0.0000000000
100846  -41.674  10.959  45.891 0.0000000000
100853  -41.830  10.794  45.526 0.0000000000
100855  -42.932  11.490  44.900 0.0000000000
101749  -43.384  11.841  44.574 0.0000000000
101756  -43.472  11.568  44.053 0.0000000000
102652  -44.446  13.023  46.114 0.0000000000
101758  -44.589  12.895  43.177 0.0000000000
101766  -44.789  12.963  42.508 0.0000000000
103696  -46.042  14.341  41.995 0.0000000000
102711  -45.037  13.889  40.441 0.0000000000
102642  -49.747  13.701  47.230 0.0000000000
102685  -49.672  14.170  44.619 0.0000000000
102671  -49.210  13.765  45.526 0.0000000000
102684  -49.246  13.917  44.776 0.0000000000
104618  -49.067  15.711  42.368 0.0000000000
104617  -48.109  15.452  42.265 0.0000000000
104616  -47.392  15.138  42.301 0.0000000000
104630  -47.234  15.687  41.610 0.0000000000
105574  -46.663  16.412  40.315 0.0000000000
104645  -46.709  16.070  40.906 0.0000000000
104657  -46.398  15.936  40.470 0.0000000000
104656  -46.083  15.760  39.883 0.0000000000
105582  -45.922  16.263  39.220 0.0000000000
106455  -46.059  17.614  37.809 0.0000000000
106465  -46.178  17.457  36.473 0.0000000000
108042  -47.985  19.527  38.358 0.0000000000
108052  -47.532  20.109  37.590 0.0000000000
108068  -46.099  19.621  35.449 0.0000000000
108059  -46.630  19.562  36.062 0.0000000000
107271  -46.246  18.683  35.333 0.0000000000
106477  -44.711  18.030  34.525 0.0000000000
106478  -45.505  17.773  34.138 0.0000000000
104700  -45.307  16.126  34.176 0.0000000000
107249  -42.792  18.285  37.430 0.0000000000
107258  -42.861  18.316  36.682 0.0000000000
107195  -47.582  18.457  42.904 0.0000000000
107207  -44.749  18.829  42.796 0.0000000000
108000  -45.595  19.418  41.691 0.0000000000
106426  -42.283  17.848  40.702 0.0000000000
105561  -41.308  16.568  40.556 0.0000000000
104643  -41.086  16.172  40.065 0.0000000000
104628  -40.300  16.062  40.875 0.0000000000
105540  -39.265  16.151  42.212 0.0000000000
106395  -38.453  17.638  43.443 0.0000000000
110814  -41.150  24.156  44.540 0.0000000000
110801  -40.894  23.583  44.919 0.0000000000
110813  -40.451  24.135  44.021 0.0000000000
110821  -39.897  23.997  43.376 0.0000000000
110152  -38.983  22.456  43.538 0.0000000000
99056  -42.428  9.343  44.537 0.0000000000
106319  -49.770  18.041  51.605 0.0000000000
107134  -48.921  18.726  51.299 0.0000000000
107133  -48.390  18.832  50.777 0.0000000000
107929  -48.139  19.712  50.421 0.0000000000
108703  -47.738  20.690  49.379 0.0000000000
99010  -40.503  9.654  53.697 0.0000000000
95401  -47.284  4.563  46.384 0.0000000000
95391  -46.619  4.614  47.144 0.0000000000
94371  -38.199  4.052  48.914 0.0000000000
94370  -37.571  4.421  49.174 0.0000000000
97350  -49.859  8.471  38.759 0.0000000000
97349  -49.098  8.471  38.613 0.0000000000
101798  -45.423  12.721  38.429 0.0000000000
103728  -46.330  14.058  36.542 0.0000000000
104683  -45.739  15.195  36.860 0.0000000000
101724  -47.099  12.970  48.806 0.0000000000
102639  -46.597  12.919  47.598 0.0000000000
106403  -50.380  17.980  43.298 0.0000000000
106410  -50.554  17.745  42.415 0.0000000000
107198  -50.131  18.671  42.612 0.0000000000
108005  -49.941  19.620  41.225 0.0000000000
108016  -49.562  20.403  40.897 0.0000000000
108770  -48.885  21.256  40.626 0.0000000000
108769  -48.038  21.231  40.664 0.0000000000
107161  -41.839  19.301  46.148 0.0000000000
107960  -41.705  19.546  46.258 0.0000000000
108741  -40.448  20.523  45.220 0.0000000000
109449  -40.325  21.493  45.492 0.0000000000
109448  -39.807  21.974  45.003 0.0000000000
98207  -44.500  8.489  40.854 0.0000000000
99942  -43.715  10.164  42.058 0.0000000000
99083  -43.796  9.598  41.724 0.0000000000
103615  -51.250  14.506  50.568 0.0000000000
103620  -51.063  14.385  49.370 0.0000000000
103625  -51.750  14.985  49.164 0.0000000000
105475  -50.603  16.242  48.450 0.0000000000
105518  -50.199  16.830  45.829 0.0000000000
106374  -49.855  17.171  45.306 0.0000000000
105527  -48.526  17.132  45.004 0.0000000000
105516  -47.869  16.960  45.621 0.0000000000
107153  -44.969  18.332  48.020 0.0000000000
100950  -46.865  12.140  33.368 0.0000000000
99897  -40.348  10.258  48.506 0.0000000000
99892  -42.097  10.997  49.798 0.0000000000
100824  -44.840  11.889  50.718 0.0000000000
100832  -45.204  12.101  49.965 0.0000000000
101680  -47.980  12.430  54.347 0.0000000000
101686  -47.817  12.480  53.886 0.0000000000
101687  -48.295  12.685  54.013 0.0000000000
103586  -50.336  14.284  53.309 0.0000000000
98197  -52.359  8.553  40.939 0.0000000000
95450  -48.698  5.253  42.473 0.0000000000
95449  -48.125  5.040  42.256 0.0000000000
94468  -47.500  4.925  42.133 0.0000000000
94454  -46.028  4.656  42.772 0.0000000000
94424  -44.755  4.368  44.333 0.0000000000
95420  -43.013  5.337  44.066 0.0000000000
96370  -42.664  5.948  44.257 0.0000000000
92319  -42.513  2.292  50.592 0.0000000000
93357  -44.550  3.887  49.157 0.0000000000
96336  -40.239  6.297  46.697 0.0000000000
97240  -39.937  7.226  47.170 0.0000000000
99997  -51.570  10.584  35.551 0.0000000000
100005  -51.496  10.604  35.229 0.0000000000
98230  -46.875  8.785  38.125 0.0000000000
98242  -47.204  9.090  37.901 0.0000000000
100927  -47.829  11.639  36.356 0.0000000000
101839  -50.127  12.218  33.591 0.0000000000
100961  -50.007  12.084  33.315 0.0000000000
101838  -49.892  12.757  33.383 0.0000000000
102784  -49.413  13.525  33.092 0.0000000000
104703  -48.143  15.090  33.901 0.0000000000
104712  -48.109  15.265  33.522 0.0000000000
104719  -47.601  15.798  32.847 0.0000000000
105631  -47.143  16.606  32.689 0.0000000000
106495  -47.086  16.934  32.728 0.0000000000
106493  -46.463  17.186  32.799 0.0000000000
100843  -42.455  11.904  47.243 0.0000000000
101740  -42.501  11.694  45.803 0.0000000000
101729  -42.690  12.040  46.343 0.0000000000
102657  -49.858  13.958  46.261 0.0000000000
102673  -50.580  14.341  45.306 0.0000000000
103662  -50.093  14.442  44.309 0.0000000000
104633  -49.745  16.451  41.519 0.0000000000
105554  -49.405  16.796  41.125 0.0000000000
105553  -48.646  16.581  41.400 0.0000000000
105552  -47.958  16.335  41.491 0.0000000000
106427  -47.241  16.824  40.589 0.0000000000
105583  -46.450  16.627  39.651 0.0000000000
108805  -47.348  20.927  37.094 0.0000000000
108815  -46.463  20.578  36.182 0.0000000000
108827  -46.162  20.152  35.755 0.0000000000
108073  -45.802  19.252  35.052 0.0000000000
107277  -45.610  18.749  34.698 0.0000000000
108067  -45.594  19.547  35.339 0.0000000000
107268  -43.959  18.554  35.629 0.0000000000
108040  -43.813  19.878  38.196 0.0000000000
106399  -46.314  17.757  43.693 0.0000000000
107991  -44.082  19.121  42.785 0.0000000000
106417  -41.952  17.963  41.324 0.0000000000
105550  -40.788  16.729  41.302 0.0000000000
105542  -40.407  17.259  41.837 0.0000000000
107185  -37.878  18.512  43.580 0.0000000000
107984  -37.906  19.487  43.428 0.0000000000
108755  -37.562  20.061  43.393 0.0000000000
97297  -43.607  7.713  42.651 0.0000000000
99075  -43.357  9.485  42.859 0.0000000000
98164  -42.999  8.857  43.684 0.0000000000
99934  -43.500  10.319  42.586 0.0000000000
100882  -43.450  10.736  42.976 0.0000000000
105467  -52.333  16.214  50.283 0.0000000000
105457  -51.837  16.584  50.735 0.0000000000
104563  -50.919  16.424  49.421 0.0000000000
105464  -50.593  16.513  49.960 0.0000000000
104562  -50.529  16.277  49.432 0.0000000000
104561  -50.161  16.082  49.305 0.0000000000
105484  -47.895  16.541  47.668 0.0000000000
106339  -46.873  17.783  49.202 0.0000000000
99880  -41.372  10.071  51.559 0.0000000000
99876  -42.280  10.054  52.915 0.0000000000
99882  -42.994  10.596  52.354 0.0000000000
95421  -48.626  5.253  44.391 0.0000000000
94428  -47.932  4.794  44.466 0.0000000000
94416  -46.197  4.551  45.317 0.0000000000
94406  -46.790  4.481  46.160 0.0000000000
94415  -45.441  4.510  45.282 0.0000000000
92294  -41.550  2.160  52.699 0.0000000000
92306  -41.559  2.049  51.611 0.0000000000
92317  -40.904  1.903  50.630 0.0000000000
91251  -42.153  1.947  50.416 0.0000000000
96318  -37.568  6.315  49.498 0.0000000000
97225  -37.415  6.852  50.032 0.0000000000
101811  -47.686  12.572  35.646 0.0000000000
103750  -47.740  14.645  34.690 0.0000000000
103741  -46.669  14.481  35.888 0.0000000000
104694  -47.464  15.133  34.942 0.0000000000
104701  -46.886  16.079  34.859 0.0000000000
101721  -44.539  12.518  47.631 0.0000000000
101732  -45.320  12.759  47.128 0.0000000000
103659  -47.221  14.146  44.350 0.0000000000
104600  -51.437  15.966  44.098 0.0000000000
103678  -51.166  15.274  43.665 0.0000000000
104610  -51.118  16.125  43.187 0.0000000000
104620  -50.734  16.242  42.518 0.0000000000
105543  -50.521  16.590  42.008 0.0000000000
105556  -50.580  17.165  41.860 0.0000000000
105555  -50.162  16.856  41.383 0.0000000000
105565  -49.855  17.137  40.931 0.0000000000
107227  -48.809  18.330  40.270 0.0000000000
107236  -48.439  18.946  39.676 0.0000000000
108035  -48.724  19.577  39.183 0.0000000000
108043  -48.475  20.297  38.313 0.0000000000
108782  -49.164  20.885  39.563 0.0000000000
108790  -49.103  20.987  38.970 0.0000000000
108796  -48.474  21.042  38.154 0.0000000000
109516  -47.926  21.900  37.778 0.0000000000
109514  -46.651  21.740  37.187 0.0000000000
109498  -45.659  21.375  37.254 0.0000000000
108803  -45.129  20.826  36.807 0.0000000000
108794  -45.134  21.242  37.832 0.0000000000
108787  -45.134  21.076  38.967 0.0000000000
108033  -44.424  20.538  39.110 0.0000000000
108023  -43.789  19.638  40.344 0.0000000000
106384  -44.116  17.471  45.058 0.0000000000
107181  -43.845  17.989  44.228 0.0000000000
107190  -42.416  18.651  44.068 0.0000000000
107988  -41.627  19.034  43.514 0.0000000000
107977  -39.703  20.074  44.020 0.0000000000
108758  -39.079  20.450  43.701 0.0000000000
109460  -38.465  21.422  43.191 0.0000000000
96424  -47.662  6.392  40.023 0.0000000000
96436  -47.221  7.008  39.484 0.0000000000
97332  -46.759  7.507  39.055 0.0000000000
98229  -45.958  8.699  38.562 0.0000000000
99090  -44.621  9.020  40.440 0.0000000000
101791  -44.975  12.297  39.229 0.0000000000
102627  -49.546  13.846  49.062 0.0000000000
102636  -50.424  13.753  47.878 0.0000000000
102637  -51.004  14.183  47.665 0.0000000000
103639  -51.132  14.697  45.894 0.0000000000
103651  -51.412  15.139  45.555 0.0000000000
105478  -52.122  16.041  49.384 0.0000000000
105489  -51.843  15.881  48.674 0.0000000000
104575  -51.485  15.557  47.187 0.0000000000
106391  -51.033  17.363  43.976 0.0000000000
106388  -48.085  17.504  44.454 0.0000000000
105500  -46.344  16.697  46.934 0.0000000000
105514  -45.794  16.913  46.314 0.0000000000
107163  -42.905  18.786  46.691 0.0000000000
107151  -43.767  18.841  47.121 0.0000000000
107962  -42.898  19.324  47.054 0.0000000000
107961  -42.448  19.688  46.976 0.0000000000
108733  -42.243  20.417  47.070 0.0000000000
109441  -42.214  21.156  47.133 0.0000000000
100842  -41.613  11.231  46.792 0.0000000000
100838  -43.674  11.896  48.509 0.0000000000
100829  -42.985  11.322  49.400 0.0000000000
101714  -44.620  12.230  48.387 0.0000000000
101717  -47.171  13.248  49.579 0.0000000000
101692  -46.461  12.394  52.583 0.0000000000
101699  -46.982  12.603  52.154 0.0000000000
101694  -47.727  12.642  53.182 0.0000000000
102617  -47.165  13.230  51.216 0.0000000000
102618  -47.819  13.569  51.036 0.0000000000
102620  -49.428  14.045  50.063 0.0000000000
102603  -49.911  14.090  51.723 0.0000000000
103609  -50.615  14.337  51.140 0.0000000000
103616  -51.911  14.864  51.033 0.0000000000
104556  -52.064  15.632  51.622 0.0000000000
102596  -51.946  15.339  52.733 0.0000000000
97337  -51.568  8.641  40.097 0.0000000000
97336  -51.077  8.382  39.824 0.0000000000
96413  -50.620  6.751  41.193 0.0000000000
96411  -49.169  6.414  40.704 0.0000000000
96425  -48.700  6.538  40.150 0.0000000000
95473  -46.280  5.958  40.881 0.0000000000
96410  -45.022  6.006  41.227 0.0000000000
96398  -43.916  6.606  42.351 0.0000000000
94453  -45.280  4.683  42.785 0.0000000000
95446  -44.582  5.472  42.451 0.0000000000
97284  -42.634  7.641  43.815 0.0000000000
98153  -41.594  8.505  45.291 0.0000000000
95374  -47.554  5.663  49.002 0.0000000000
94329  -46.858  4.011  53.530 0.0000000000
93316  -46.945  3.902  52.937 0.0000000000
93326  -46.621  4.081  52.365 0.0000000000
92297  -44.111  3.018  52.664 0.0000000000
93323  -43.845  3.018  51.980 0.0000000000
94349  -46.650  5.016  51.065 0.0000000000
94363  -46.441  5.280  50.340 0.0000000000
93347  -45.515  4.331  50.472 0.0000000000
95373  -46.512  5.164  48.540 0.0000000000
94391  -44.790  4.479  47.269 0.0000000000
94402  -43.969  3.983  46.135 0.0000000000
93394  -43.424  3.866  45.810 0.0000000000
92349  -42.048  2.673  47.921 0.0000000000
92350  -42.524  2.889  47.870 0.0000000000
93387  -42.112  3.682  46.813 0.0000000000
94401  -42.446  4.095  45.907 0.0000000000
98152  -40.982  8.316  45.732 0.0000000000
98135  -38.778  7.877  48.762 0.0000000000
99030  -39.324  9.012  49.365 0.0000000000
99017  -40.270  9.577  52.826 0.0000000000
99016  -39.252  9.509  52.536 0.0000000000
97379  -50.368  8.467  35.592 0.0000000000
98259  -50.646  9.111  35.340 0.0000000000
98258  -49.856  8.960  35.139 0.0000000000
99148  -49.664  9.233  34.698 0.0000000000
99158  -49.427  9.380  34.099 0.0000000000
97361  -48.803  8.767  38.206 0.0000000000
99974  -48.120  10.609  37.025 0.0000000000
99987  -50.360  10.497  36.536 0.0000000000
100930  -50.762  10.912  36.168 0.0000000000
100942  -51.192  10.979  35.776 0.0000000000
100004  -51.251  10.805  34.975 0.0000000000
99170  -49.603  9.921  33.134 0.0000000000
100024  -48.769  11.146  32.280 0.0000000000
100025  -49.563  11.298  32.639 0.0000000000
100960  -47.590  11.837  32.300 0.0000000000
102773  -48.981  14.070  33.410 0.0000000000
103764  -48.505  14.752  33.141 0.0000000000
102783  -48.735  13.887  32.783 0.0000000000
101837  -47.461  12.686  32.652 0.0000000000
102763  -46.663  13.792  33.456 0.0000000000
103769  -47.028  14.998  32.678 0.0000000000
103756  -46.168  14.549  33.749 0.0000000000
99905  -41.719  10.299  45.533 0.0000000000
100862  -42.519  10.581  44.672 0.0000000000
100873  -43.856  11.710  43.158 0.0000000000
102680  -44.650  13.278  44.631 0.0000000000
102703  -44.694  12.858  41.301 0.0000000000
103648  -48.318  13.779  44.928 0.0000000000
103674  -47.623  14.507  43.585 0.0000000000
103677  -50.428  14.949  43.547 0.0000000000
103676  -49.588  14.881  43.591 0.0000000000
104607  -49.150  15.269  43.053 0.0000000000
103675  -48.633  14.825  43.536 0.0000000000
104629  -46.312  15.035  41.544 0.0000000000
105600  -45.401  16.035  37.386 0.0000000000
106454  -45.518  16.817  38.084 0.0000000000
107244  -47.414  18.888  38.507 0.0000000000
108051  -46.809  19.457  37.012 0.0000000000
105621  -45.650  16.910  33.378 0.0000000000
108057  -44.179  19.593  36.516 0.0000000000
108001  -46.738  19.600  41.569 0.0000000000
107998  -43.520  19.363  42.214 0.0000000000
108022  -43.281  19.279  40.777 0.0000000000
107225  -43.220  19.017  40.081 0.0000000000
106444  -41.621  16.954  38.881 0.0000000000
106436  -41.825  17.072  40.031 0.0000000000
105571  -40.013  16.357  38.663 0.0000000000
104627  -39.693  15.732  41.090 0.0000000000
106408  -39.701  17.846  42.539 0.0000000000
105534  -39.501  17.261  42.653 0.0000000000
109419  -45.845  21.301  48.014 0.0000000000
110115  -44.307  22.088  47.194 0.0000000000
110127  -43.815  22.701  46.826 0.0000000000
110113  -42.991  22.062  47.312 0.0000000000
111496  -42.766  24.661  44.674 0.0000000000
110125  -41.400  22.509  46.145 0.0000000000
110138  -39.916  22.597  44.969 0.0000000000
110146  -39.506  22.569  44.443 0.0000000000
91250  -41.990  1.828  50.445 0.0000000000
91257  -41.960  1.824  50.197 0.0000000000
91258  -42.209  1.976  50.086 0.0000000000
94337  -45.967  4.065  51.300 0.0000000000
94469  -47.874  4.980  42.193 0.0000000000
98232  -49.146  8.884  38.124 0.0000000000
99996  -51.282  10.901  35.403 0.0000000000
100805  -47.925  12.343  54.648 0.0000000000
100974  -50.015  11.688  33.148 0.0000000000
101700  -47.456  12.715  52.635 0.0000000000
102592  -48.347  12.916  53.545 0.0000000000
102595  -51.718  15.366  52.977 0.0000000000
102600  -47.771  12.862  52.709 0.0000000000
102604  -52.177  14.981  52.838 0.0000000000
102605  -51.991  15.322  52.456 0.0000000000
102608  -47.126  12.901  51.694 0.0000000000
102613  -51.984  14.983  52.266 0.0000000000
102614  -51.829  15.134  52.012 0.0000000000
103588  -51.634  15.108  52.728 0.0000000000
103589  -51.333  15.310  53.010 0.0000000000
103604  -51.750  15.104  52.346 0.0000000000
103605  -51.872  15.657  52.580 0.0000000000
103611  -51.606  14.856  51.971 0.0000000000
103617  -51.960  15.181  51.508 0.0000000000
104526  -51.033  15.883  52.751 0.0000000000
104542  -51.157  14.759  52.207 0.0000000000
104554  -51.851  14.606  51.991 0.0000000000
104555  -52.091  14.486  52.095 0.0000000000
104559  -52.418  15.539  50.914 0.0000000000
104565  -52.540  15.903  50.457 0.0000000000
104567  -50.424  16.118  48.987 0.0000000000
104568  -50.860  16.280  49.010 0.0000000000
104621  -51.016  16.477  42.741 0.0000000000
104642  -40.753  16.122  40.417 0.0000000000
104655  -40.849  16.078  39.847 0.0000000000
105563  -48.065  16.754  41.306 0.0000000000
105629  -46.083  17.017  32.792 0.0000000000
105630  -46.603  16.583  32.673 0.0000000000
106325  -48.736  18.027  51.014 0.0000000000
106373  -47.615  17.273  44.912 0.0000000000
106446  -45.705  16.589  38.689 0.0000000000
106487  -47.112  17.112  32.903 0.0000000000
106494  -46.853  17.036  32.720 0.0000000000
107169  -41.742  19.250  45.855 0.0000000000
107229  -49.962  19.206  40.526 0.0000000000
107270  -45.167  19.173  35.029 0.0000000000
108028  -49.783  19.520  40.481 0.0000000000
108044  -48.808  20.787  38.619 0.0000000000
108074  -46.001  19.299  35.109 0.0000000000
108781  -48.866  21.426  39.925 0.0000000000
108797  -48.703  21.214  38.648 0.0000000000
108806  -47.999  21.407  37.640 0.0000000000
108825  -45.564  20.119  35.793 0.0000000000
109418  -45.377  21.398  47.944 0.0000000000
109430  -44.748  21.470  47.775 0.0000000000
109476  -47.606  21.677  39.284 0.0000000000
109477  -48.316  21.670  39.443 0.0000000000
109479  -49.035  21.173  39.235 0.0000000000
109485  -46.527  21.764  38.286 0.0000000000
109486  -47.250  21.826  38.543 0.0000000000
109488  -48.474  21.597  38.977 0.0000000000
109489  -48.854  21.355  38.992 0.0000000000
109501  -47.638  22.078  38.108 0.0000000000
109503  -48.580  21.460  38.760 0.0000000000
109512  -45.645  21.058  36.609 0.0000000000
109513  -46.102  21.431  36.927 0.0000000000
109515  -47.336  21.773  37.328 0.0000000000
109526  -46.490  21.324  36.740 0.0000000000
109527  -46.854  21.667  36.932 0.0000000000
110114  -43.428  22.068  47.262 0.0000000000
110124  -40.935  22.321  45.898 0.0000000000
111509  -41.482  24.718  44.097 0.0000000000
