#!ascii label  , from subject 4090 vox2ras=TkReg
374
84776  -27.054  -5.126  4.683 0.0000000000
88837  -23.665  -1.375  2.316 0.0000000000
101279  -25.076  11.470  4.032 0.0000000000
97737  -25.913  7.550  4.826 0.0000000000
93862  -27.814  3.812  5.596 0.0000000000
89745  -29.806  -0.441  7.013 0.0000000000
104064  -24.435  14.368  2.680 0.0000000000
95847  -27.134  5.581  5.591 0.0000000000
92850  -24.883  2.855  3.649 0.0000000000
86850  -25.255  -3.095  3.640 0.0000000000
89781  -26.946  -0.458  4.743 0.0000000000
87812  -28.633  -2.560  5.693 0.0000000000
79244  -24.118  -10.267  5.585 0.0000000000
83668  -24.223  -5.481  3.793 0.0000000000
107565  -24.206  19.314  2.360 0.0000000000
106761  -25.750  18.096  1.907 0.0000000000
105890  -27.051  16.820  3.209 0.0000000000
104056  -27.616  14.251  4.348 0.0000000000
102150  -28.361  12.286  5.372 0.0000000000
99464  -25.543  9.562  4.896 0.0000000000
99436  -28.923  10.294  5.960 0.0000000000
98582  -29.490  7.817  6.527 0.0000000000
96791  -30.708  6.269  6.415 0.0000000000
94888  -32.008  4.320  6.171 0.0000000000
90774  -25.428  0.796  3.829 0.0000000000
91765  -28.525  1.391  5.982 0.0000000000
93906  -24.072  4.104  3.328 0.0000000000
92883  -22.056  2.929  2.316 0.0000000000
85801  -26.400  -4.174  4.209 0.0000000000
86839  -26.811  -3.240  4.429 0.0000000000
85785  -27.766  -4.248  4.986 0.0000000000
75162  -24.712  -13.752  7.718 0.0000000000
77265  -24.628  -12.643  7.034 0.0000000000
78261  -24.917  -11.520  6.540 0.0000000000
85810  -23.615  -4.182  3.484 0.0000000000
84793  -23.096  -5.218  4.253 0.0000000000
106756  -26.261  17.465  2.381 0.0000000000
102177  -24.495  12.521  3.470 0.0000000000
104054  -26.188  13.978  3.833 0.0000000000
103108  -26.582  13.388  4.357 0.0000000000
103110  -28.292  13.542  4.793 0.0000000000
102161  -26.380  12.497  4.587 0.0000000000
98618  -25.414  8.466  4.743 0.0000000000
100312  -26.919  9.994  5.735 0.0000000000
98598  -26.712  8.518  5.688 0.0000000000
99451  -29.234  9.652  5.998 0.0000000000
97718  -27.196  7.490  5.785 0.0000000000
94886  -27.525  4.664  5.666 0.0000000000
95849  -28.671  5.895  6.274 0.0000000000
94872  -28.766  4.509  6.333 0.0000000000
95835  -30.878  5.311  6.652 0.0000000000
93847  -29.658  3.618  6.641 0.0000000000
89823  -22.957  -0.308  1.958 0.0000000000
90792  -24.042  0.786  2.768 0.0000000000
89790  -24.447  -0.184  3.162 0.0000000000
89757  -28.241  -0.555  6.237 0.0000000000
90751  -27.984  0.478  5.778 0.0000000000
90736  -29.689  0.604  7.096 0.0000000000
91748  -30.330  1.696  7.013 0.0000000000
90737  -30.745  0.793  7.026 0.0000000000
79245  -25.082  -9.835  5.542 0.0000000000
81365  -23.697  -8.278  4.761 0.0000000000
80262  -25.222  -9.056  5.298 0.0000000000
81380  -25.557  -7.674  4.621 0.0000000000
95866  -24.522  5.593  4.168 0.0000000000
96802  -26.169  6.350  5.003 0.0000000000
94904  -25.051  4.971  4.046 0.0000000000
93882  -25.993  3.915  4.449 0.0000000000
92829  -26.058  3.017  4.514 0.0000000000
86865  -24.891  -2.633  3.122 0.0000000000
88806  -25.333  -1.266  3.701 0.0000000000
87826  -26.249  -1.878  4.194 0.0000000000
88781  -27.916  -1.741  5.394 0.0000000000
88768  -29.366  -1.180  6.584 0.0000000000
79226  -25.081  -10.648  5.999 0.0000000000
85849  -23.240  -3.215  1.267 0.0000000000
85824  -23.724  -3.672  2.046 0.0000000000
84807  -25.477  -4.651  3.697 0.0000000000
84795  -25.432  -5.449  3.741 0.0000000000
109064  -25.157  20.485  2.343 0.0000000000
107557  -23.844  18.668  2.158 0.0000000000
107558  -24.994  18.505  1.712 0.0000000000
107568  -27.226  18.654  2.088 0.0000000000
106763  -27.958  17.898  2.613 0.0000000000
105891  -28.408  16.857  3.108 0.0000000000
104973  -25.706  15.615  2.921 0.0000000000
104965  -27.754  15.117  3.988 0.0000000000
104976  -29.197  15.654  3.433 0.0000000000
104066  -29.239  14.793  3.951 0.0000000000
103112  -30.019  13.398  4.002 0.0000000000
102164  -29.973  12.405  4.513 0.0000000000
101263  -25.777  11.092  4.614 0.0000000000
101254  -26.640  11.232  5.397 0.0000000000
101235  -28.498  11.461  5.782 0.0000000000
101257  -30.272  11.503  5.123 0.0000000000
100325  -30.500  10.468  4.754 0.0000000000
98603  -30.934  7.912  5.145 0.0000000000
96804  -27.654  6.520  5.825 0.0000000000
97704  -30.326  6.992  6.473 0.0000000000
91818  -23.565  1.864  2.587 0.0000000000
91797  -25.119  1.770  3.449 0.0000000000
91778  -26.210  1.980  4.488 0.0000000000
89780  -26.054  -0.289  4.368 0.0000000000
91780  -27.680  1.351  5.196 0.0000000000
92808  -28.709  2.526  6.194 0.0000000000
92792  -29.943  2.644  6.659 0.0000000000
92810  -32.670  2.998  5.982 0.0000000000
82494  -24.629  -6.900  4.138 0.0000000000
83661  -26.075  -6.419  4.325 0.0000000000
83641  -27.423  -6.104  5.394 0.0000000000
84797  -26.655  -4.685  4.340 0.0000000000
85802  -27.050  -4.165  4.555 0.0000000000
85786  -28.633  -4.262  5.424 0.0000000000
84777  -28.109  -5.171  5.298 0.0000000000
76225  -25.513  -13.758  8.066 0.0000000000
76251  -25.062  -13.180  7.464 0.0000000000
102178  -25.361  12.563  4.096 0.0000000000
103120  -25.773  13.433  4.017 0.0000000000
101280  -25.768  11.841  4.476 0.0000000000
97736  -25.147  7.431  4.690 0.0000000000
98617  -24.850  8.059  4.395 0.0000000000
98619  -26.167  8.230  5.071 0.0000000000
98599  -27.651  8.442  6.217 0.0000000000
97717  -26.555  7.567  5.161 0.0000000000
93861  -27.240  3.998  5.285 0.0000000000
94887  -28.180  4.515  6.026 0.0000000000
94873  -29.449  4.552  6.588 0.0000000000
93863  -28.457  3.643  6.122 0.0000000000
89805  -23.682  -0.264  2.460 0.0000000000
88817  -24.106  -1.301  3.119 0.0000000000
89758  -28.988  -0.280  7.073 0.0000000000
90721  -30.355  0.108  6.919 0.0000000000
90738  -31.627  0.695  6.822 0.0000000000
89746  -30.512  -0.437  6.899 0.0000000000
95886  -23.805  5.639  3.520 0.0000000000
94928  -24.430  4.760  3.624 0.0000000000
93926  -24.222  3.272  3.294 0.0000000000
93907  -24.644  3.809  3.694 0.0000000000
93908  -25.383  3.564  4.097 0.0000000000
87840  -25.755  -2.045  3.774 0.0000000000
86838  -26.085  -2.639  4.252 0.0000000000
87828  -27.607  -2.540  4.771 0.0000000000
87811  -28.166  -2.446  5.264 0.0000000000
88767  -28.457  -1.654  5.871 0.0000000000
87795  -29.093  -2.093  6.169 0.0000000000
87796  -29.736  -2.198  6.531 0.0000000000
86809  -29.311  -2.830  6.140 0.0000000000
75161  -23.920  -14.074  7.638 0.0000000000
75136  -24.049  -14.802  8.193 0.0000000000
78262  -25.905  -11.129  6.424 0.0000000000
84805  -24.114  -5.033  3.757 0.0000000000
84806  -25.008  -5.017  3.672 0.0000000000
108316  -24.131  19.761  2.799 0.0000000000
109063  -24.540  20.068  2.638 0.0000000000
108326  -24.724  19.718  2.345 0.0000000000
109065  -25.857  20.010  1.825 0.0000000000
108327  -25.521  19.614  1.963 0.0000000000
106755  -24.862  17.771  1.800 0.0000000000
107567  -25.949  18.793  1.865 0.0000000000
106762  -26.732  18.038  2.239 0.0000000000
106757  -27.262  17.477  2.835 0.0000000000
104065  -25.403  14.446  3.207 0.0000000000
104055  -26.803  14.092  4.125 0.0000000000
104964  -26.837  14.921  3.744 0.0000000000
104966  -28.591  15.198  3.931 0.0000000000
104057  -28.647  14.363  4.360 0.0000000000
103096  -28.039  12.901  5.007 0.0000000000
103111  -29.295  13.288  4.684 0.0000000000
103098  -29.184  12.775  5.005 0.0000000000
102163  -29.507  12.594  4.942 0.0000000000
99482  -24.837  9.340  4.308 0.0000000000
100324  -25.288  10.381  4.441 0.0000000000
101253  -26.154  10.978  5.150 0.0000000000
100310  -25.818  10.396  5.066 0.0000000000
99434  -27.863  10.064  6.054 0.0000000000
100293  -28.088  10.714  5.963 0.0000000000
100294  -28.711  10.733  5.936 0.0000000000
101256  -29.384  11.472  5.573 0.0000000000
100314  -29.943  10.528  5.545 0.0000000000
98601  -29.791  8.465  6.137 0.0000000000
99452  -30.369  9.232  5.384 0.0000000000
99453  -30.695  8.443  5.286 0.0000000000
99466  -30.933  8.671  4.839 0.0000000000
98602  -30.538  7.903  5.755 0.0000000000
95846  -26.247  5.531  5.025 0.0000000000
96790  -29.687  6.293  6.594 0.0000000000
97721  -30.993  7.193  5.589 0.0000000000
96808  -31.347  6.324  5.651 0.0000000000
94875  -31.272  4.385  6.744 0.0000000000
94889  -32.488  4.258  5.585 0.0000000000
91838  -22.063  1.996  2.227 0.0000000000
90773  -24.793  0.777  3.315 0.0000000000
91819  -24.374  1.712  2.946 0.0000000000
91798  -25.766  1.449  4.057 0.0000000000
88793  -25.866  -1.268  4.216 0.0000000000
89779  -25.574  -0.744  4.128 0.0000000000
91781  -28.048  1.203  5.532 0.0000000000
90764  -27.789  0.868  5.372 0.0000000000
91764  -28.148  1.934  5.513 0.0000000000
92809  -29.300  2.898  6.555 0.0000000000
92791  -29.295  2.454  6.527 0.0000000000
91749  -31.399  1.634  6.879 0.0000000000
92793  -31.034  2.605  6.816 0.0000000000
92794  -32.201  2.521  6.473 0.0000000000
82478  -26.043  -7.590  4.717 0.0000000000
82495  -25.529  -7.079  4.338 0.0000000000
82496  -26.115  -7.058  4.572 0.0000000000
82479  -26.643  -7.006  5.100 0.0000000000
92863  -22.969  3.087  2.457 0.0000000000
92864  -23.889  2.695  2.847 0.0000000000
85813  -25.722  -4.146  3.844 0.0000000000
86851  -25.981  -3.482  4.238 0.0000000000
86840  -27.523  -3.497  4.744 0.0000000000
86827  -28.210  -3.287  5.188 0.0000000000
86828  -28.958  -3.449  5.719 0.0000000000
77294  -24.314  -12.134  6.603 0.0000000000
77295  -24.876  -12.149  6.893 0.0000000000
78231  -25.205  -11.974  6.956 0.0000000000
85822  -23.176  -3.613  2.733 0.0000000000
85800  -23.258  -4.485  3.942 0.0000000000
84804  -23.602  -4.827  3.979 0.0000000000
84794  -23.675  -5.386  4.046 0.0000000000
105889  -25.842  16.753  2.578 0.0000000000
103109  -27.390  13.356  4.637 0.0000000000
102162  -26.950  12.911  4.661 0.0000000000
102149  -27.388  12.442  5.069 0.0000000000
99447  -26.026  9.790  5.384 0.0000000000
98597  -26.013  9.000  5.318 0.0000000000
99449  -27.281  9.503  5.993 0.0000000000
99450  -28.195  9.398  6.298 0.0000000000
98600  -28.758  8.391  6.496 0.0000000000
94885  -26.778  4.659  5.229 0.0000000000
95848  -28.147  5.512  6.040 0.0000000000
95833  -29.021  5.409  6.416 0.0000000000
95834  -29.993  5.389  6.680 0.0000000000
94874  -30.295  4.472  6.785 0.0000000000
93848  -30.609  3.441  6.779 0.0000000000
90812  -22.917  0.409  2.180 0.0000000000
89804  -23.217  0.191  2.223 0.0000000000
89792  -25.633  0.283  4.182 0.0000000000
89769  -27.526  -0.674  5.501 0.0000000000
90750  -27.659  0.015  5.519 0.0000000000
89770  -27.793  -0.178  5.785 0.0000000000
90735  -28.579  0.604  6.714 0.0000000000
91747  -29.258  1.722  6.657 0.0000000000
91750  -32.232  1.381  6.465 0.0000000000
80261  -24.371  -9.214  5.171 0.0000000000
81366  -24.693  -8.379  4.837 0.0000000000
81379  -25.034  -7.660  4.575 0.0000000000
81367  -25.610  -8.281  4.910 0.0000000000
81368  -26.434  -8.122  5.288 0.0000000000
96839  -24.058  6.539  3.963 0.0000000000
96823  -24.785  6.491  4.599 0.0000000000
96825  -26.265  6.944  4.917 0.0000000000
96824  -25.647  6.619  4.858 0.0000000000
95867  -25.443  5.561  4.594 0.0000000000
95868  -25.958  5.085  4.496 0.0000000000
94905  -25.643  4.600  4.224 0.0000000000
94906  -26.199  4.593  4.670 0.0000000000
93883  -26.644  3.715  4.858 0.0000000000
93884  -27.427  3.227  5.074 0.0000000000
87853  -24.596  -2.173  2.976 0.0000000000
88818  -24.856  -1.563  3.228 0.0000000000
87854  -25.218  -2.135  3.263 0.0000000000
88794  -26.517  -1.264  4.519 0.0000000000
87827  -26.831  -2.167  4.378 0.0000000000
88795  -27.200  -1.492  4.905 0.0000000000
89756  -28.002  -1.276  5.768 0.0000000000
88756  -30.010  -0.930  7.028 0.0000000000
88769  -30.164  -1.583  6.992 0.0000000000
86810  -29.990  -3.070  6.467 0.0000000000
79225  -24.415  -10.982  6.001 0.0000000000
79227  -26.046  -10.100  5.877 0.0000000000
86880  -23.309  -2.551  1.852 0.0000000000
86881  -23.610  -2.911  1.935 0.0000000000
86864  -24.391  -3.067  2.801 0.0000000000
86849  -24.730  -3.584  3.281 0.0000000000
85811  -24.209  -4.005  3.241 0.0000000000
85812  -25.062  -4.104  3.542 0.0000000000
84796  -26.112  -5.240  3.919 0.0000000000
84775  -26.590  -5.426  4.439 0.0000000000
109053  -24.369  20.212  3.160 0.0000000000
107545  -23.561  18.287  2.839 0.0000000000
107566  -24.809  19.146  1.882 0.0000000000
108328  -26.652  19.608  1.806 0.0000000000
107569  -28.289  18.441  2.022 0.0000000000
106764  -28.853  17.687  2.175 0.0000000000
105900  -28.714  17.321  2.599 0.0000000000
105892  -29.204  16.293  2.909 0.0000000000
104974  -26.806  15.921  3.533 0.0000000000
104963  -26.218  14.596  3.552 0.0000000000
104975  -27.982  15.970  3.648 0.0000000000
104987  -29.634  15.916  2.733 0.0000000000
104977  -30.033  15.317  2.964 0.0000000000
104067  -29.978  14.517  3.558 0.0000000000
104058  -29.514  14.103  4.185 0.0000000000
100344  -24.444  10.476  3.979 0.0000000000
101264  -26.262  11.587  4.887 0.0000000000
102148  -26.786  11.885  5.205 0.0000000000
102132  -27.843  11.892  5.569 0.0000000000
100311  -26.519  10.421  5.524 0.0000000000
101234  -27.684  11.274  5.768 0.0000000000
101255  -28.862  11.925  5.572 0.0000000000
102152  -29.745  12.097  5.150 0.0000000000
99465  -30.840  9.499  4.399 0.0000000000
99484  -31.103  8.751  4.136 0.0000000000
98637  -31.178  8.168  3.528 0.0000000000
97719  -28.068  7.419  6.051 0.0000000000
97702  -28.936  7.257  6.352 0.0000000000
96805  -28.535  6.506  6.199 0.0000000000
96789  -29.166  6.684  6.431 0.0000000000
98583  -30.201  7.620  6.345 0.0000000000
98584  -30.565  7.368  6.151 0.0000000000
95869  -31.970  5.563  5.193 0.0000000000
91817  -22.751  2.037  2.381 0.0000000000
92865  -24.496  2.433  3.226 0.0000000000
92851  -25.544  2.413  4.055 0.0000000000
92830  -26.806  2.592  4.825 0.0000000000
88805  -24.789  -0.896  3.432 0.0000000000
89791  -25.125  -0.178  3.968 0.0000000000
90775  -26.023  0.664  4.199 0.0000000000
90763  -27.441  0.435  5.093 0.0000000000
90762  -26.754  0.488  4.389 0.0000000000
91799  -26.366  1.189  4.345 0.0000000000
91779  -26.985  1.458  4.748 0.0000000000
92831  -27.531  2.242  5.132 0.0000000000
92807  -28.056  2.902  5.524 0.0000000000
93864  -28.968  3.317  6.511 0.0000000000
93849  -31.619  3.516  6.632 0.0000000000
83658  -23.360  -6.039  4.136 0.0000000000
83659  -24.150  -5.924  3.872 0.0000000000
83660  -25.211  -6.038  3.702 0.0000000000
83640  -26.624  -5.884  4.682 0.0000000000
79246  -25.576  -9.507  5.630 0.0000000000
83669  -24.512  -5.508  3.708 0.0000000000
85836  -23.178  -3.996  1.554 0.0000000000
85837  -23.382  -3.431  1.495 0.0000000000
85848  -23.024  -3.414  1.108 0.0000000000
86892  -22.505  -2.954  1.368 0.0000000000
86893  -23.131  -2.796  1.446 0.0000000000
86894  -23.367  -3.111  1.474 0.0000000000
87868  -23.355  -2.171  2.219 0.0000000000
87869  -23.907  -2.209  2.606 0.0000000000
88755  -29.681  -0.864  6.888 0.0000000000
88766  -28.121  -1.584  5.661 0.0000000000
88782  -28.313  -2.102  5.510 0.0000000000
89824  -23.492  -0.818  1.964 0.0000000000
90722  -31.004  0.101  6.709 0.0000000000
90791  -23.112  0.892  2.483 0.0000000000
93846  -29.038  3.935  6.482 0.0000000000
93865  -32.354  3.548  6.143 0.0000000000
93925  -23.541  3.873  2.830 0.0000000000
94929  -25.030  4.352  3.950 0.0000000000
95832  -28.515  4.987  6.226 0.0000000000
95845  -25.829  6.001  4.976 0.0000000000
95850  -31.613  5.288  6.082 0.0000000000
96792  -31.186  5.855  6.240 0.0000000000
96803  -26.748  6.583  5.304 0.0000000000
96806  -29.010  6.156  6.399 0.0000000000
96807  -31.007  6.728  5.968 0.0000000000
97703  -29.640  7.139  6.556 0.0000000000
97720  -30.756  7.067  6.076 0.0000000000
98620  -31.148  7.998  4.437 0.0000000000
99435  -28.504  10.143  6.035 0.0000000000
99448  -26.570  9.538  5.630 0.0000000000
100291  -26.887  10.848  5.615 0.0000000000
100292  -27.291  10.508  5.807 0.0000000000
100313  -29.225  10.639  5.836 0.0000000000
101233  -27.116  11.205  5.636 0.0000000000
101236  -28.981  11.104  5.858 0.0000000000
102130  -26.941  11.546  5.483 0.0000000000
102131  -27.286  11.747  5.508 0.0000000000
102151  -29.142  12.328  5.297 0.0000000000
103097  -28.733  12.866  5.055 0.0000000000
