#!ascii label  , from subject 4090 vox2ras=TkReg
974
50211  10.203  -33.186  79.221 0.0000000000
47251  4.780  -37.036  69.127 0.0000000000
44955  2.744  -38.795  81.150 0.0000000000
50230  3.388  -31.610  77.617 0.0000000000
56866  2.239  -26.968  70.212 0.0000000000
47065  6.585  -35.749  82.794 0.0000000000
52307  4.981  -32.086  81.200 0.0000000000
49139  12.743  -34.412  82.048 0.0000000000
43830  8.535  -38.662  80.661 0.0000000000
41426  4.681  -40.914  80.240 0.0000000000
58885  1.009  -24.964  77.002 0.0000000000
53523  1.009  -30.836  73.207 0.0000000000
61002  3.314  -23.240  74.006 0.0000000000
42713  1.460  -41.372  75.951 0.0000000000
47151  2.689  -38.327  75.736 0.0000000000
49159  4.423  -34.240  79.556 0.0000000000
56754  2.976  -28.769  78.259 0.0000000000
48209  5.517  -34.858  75.037 0.0000000000
51406  6.663  -32.052  73.054 0.0000000000
54720  6.498  -28.363  69.834 0.0000000000
59986  3.625  -24.757  66.904 0.0000000000
49143  7.757  -34.467  80.490 0.0000000000
51293  7.069  -32.484  80.469 0.0000000000
49141  12.119  -34.251  79.940 0.0000000000
46050  10.784  -37.065  80.270 0.0000000000
47081  9.367  -36.231  80.492 0.0000000000
44919  7.613  -37.296  81.598 0.0000000000
59930  2.131  -23.729  75.481 0.0000000000
43864  1.802  -39.767  79.159 0.0000000000
44995  3.247  -39.102  78.594 0.0000000000
47104  4.158  -36.845  79.990 0.0000000000
55674  5.462  -28.721  78.649 0.0000000000
54537  4.175  -29.886  79.495 0.0000000000
41415  3.809  -41.061  81.147 0.0000000000
39167  3.666  -42.948  79.040 0.0000000000
41428  1.956  -41.205  80.107 0.0000000000
40305  1.109  -42.235  77.350 0.0000000000
48161  4.469  -35.181  77.093 0.0000000000
48194  3.706  -36.702  75.263 0.0000000000
50227  5.071  -33.029  76.592 0.0000000000
55791  1.665  -28.230  71.729 0.0000000000
52455  3.599  -30.969  73.193 0.0000000000
54679  3.385  -29.205  71.423 0.0000000000
53554  6.466  -29.456  71.769 0.0000000000
53617  3.872  -29.079  68.929 0.0000000000
46026  4.601  -36.763  82.385 0.0000000000
49136  3.644  -34.749  81.902 0.0000000000
50187  5.703  -33.596  81.460 0.0000000000
54533  6.911  -30.592  80.431 0.0000000000
49147  14.082  -34.826  81.499 0.0000000000
46077  13.574  -36.790  78.344 0.0000000000
46047  12.682  -37.132  80.313 0.0000000000
43861  10.340  -39.268  79.129 0.0000000000
42643  7.263  -39.773  81.085 0.0000000000
43816  5.593  -38.917  82.260 0.0000000000
54597  0.724  -29.784  78.051 0.0000000000
52394  1.845  -31.423  76.009 0.0000000000
55739  0.911  -27.423  75.523 0.0000000000
56833  1.604  -26.890  73.708 0.0000000000
58914  3.188  -25.851  72.074 0.0000000000
52317  11.855  -31.476  80.646 0.0000000000
51290  16.206  -31.190  81.601 0.0000000000
52280  16.516  -29.732  84.329 0.0000000000
50176  13.942  -32.691  83.605 0.0000000000
51284  12.479  -31.845  82.634 0.0000000000
40374  0.923  -42.493  73.916 0.0000000000
43965  1.409  -40.614  73.695 0.0000000000
43927  1.902  -39.581  75.734 0.0000000000
47125  3.905  -37.136  77.781 0.0000000000
50218  4.004  -32.240  78.753 0.0000000000
50199  3.275  -33.374  80.788 0.0000000000
52322  3.886  -31.246  79.562 0.0000000000
53441  1.921  -30.294  78.791 0.0000000000
56791  1.595  -26.889  78.603 0.0000000000
47208  2.803  -39.065  73.070 0.0000000000
47192  3.630  -37.247  72.044 0.0000000000
49286  5.358  -36.109  71.899 0.0000000000
50275  4.118  -32.311  74.631 0.0000000000
50292  6.061  -33.534  74.236 0.0000000000
49302  6.637  -35.083  70.582 0.0000000000
50339  8.094  -32.945  70.951 0.0000000000
51454  8.905  -31.535  70.246 0.0000000000
63156  3.690  -21.515  72.951 0.0000000000
61024  3.779  -23.863  70.639 0.0000000000
62089  4.552  -22.548  69.303 0.0000000000
58943  3.181  -25.761  68.763 0.0000000000
56920  3.790  -27.613  67.197 0.0000000000
50204  9.098  -33.828  79.689 0.0000000000
50213  8.866  -33.202  79.779 0.0000000000
51316  9.505  -32.434  79.006 0.0000000000
49149  10.573  -34.493  79.458 0.0000000000
48097  10.100  -35.689  79.843 0.0000000000
49150  9.288  -34.685  79.512 0.0000000000
49142  8.330  -35.032  79.966 0.0000000000
47286  4.076  -36.832  67.013 0.0000000000
48295  5.618  -35.601  68.782 0.0000000000
43863  1.906  -39.430  79.969 0.0000000000
44982  2.888  -39.329  79.298 0.0000000000
46061  3.766  -37.677  80.470 0.0000000000
49177  15.358  -34.566  77.992 0.0000000000
43832  2.901  -39.053  81.501 0.0000000000
41416  2.826  -41.122  80.785 0.0000000000
42672  1.989  -40.233  80.344 0.0000000000
42686  1.661  -40.376  79.635 0.0000000000
49193  4.465  -32.926  77.848 0.0000000000
49191  5.109  -33.992  77.000 0.0000000000
50228  4.631  -32.736  76.909 0.0000000000
56855  1.539  -27.542  71.260 0.0000000000
54680  2.775  -28.977  72.051 0.0000000000
54726  2.425  -28.635  70.234 0.0000000000
54724  3.615  -28.803  69.671 0.0000000000
55864  2.066  -28.012  69.011 0.0000000000
47066  5.610  -35.739  83.032 0.0000000000
48084  5.340  -35.082  82.529 0.0000000000
49132  6.275  -34.240  81.645 0.0000000000
53398  7.279  -31.132  81.203 0.0000000000
55672  7.069  -29.470  78.475 0.0000000000
48094  12.843  -35.208  81.669 0.0000000000
47092  13.105  -36.657  80.669 0.0000000000
48113  12.221  -35.804  81.458 0.0000000000
44933  9.806  -37.358  81.066 0.0000000000
44967  11.095  -38.232  80.767 0.0000000000
43829  9.766  -38.453  80.776 0.0000000000
43831  7.787  -39.484  80.868 0.0000000000
46023  6.783  -36.665  82.456 0.0000000000
44920  7.057  -37.577  82.253 0.0000000000
44921  6.331  -37.485  82.755 0.0000000000
44937  4.955  -38.138  82.554 0.0000000000
56806  0.994  -27.045  77.317 0.0000000000
55741  0.663  -29.144  76.272 0.0000000000
56805  1.177  -27.162  76.167 0.0000000000
59938  2.974  -23.812  74.846 0.0000000000
58896  2.196  -25.183  75.035 0.0000000000
58902  3.354  -25.198  73.924 0.0000000000
57899  2.647  -26.705  73.334 0.0000000000
59942  3.621  -24.524  73.153 0.0000000000
50175  14.729  -32.658  83.600 0.0000000000
41504  0.779  -41.698  74.963 0.0000000000
42742  1.102  -41.074  74.640 0.0000000000
43909  1.789  -40.648  75.610 0.0000000000
47115  3.994  -37.328  78.654 0.0000000000
46079  3.438  -38.484  78.028 0.0000000000
48140  4.190  -36.780  78.364 0.0000000000
48149  4.159  -35.820  77.931 0.0000000000
49160  4.471  -33.398  79.458 0.0000000000
51289  3.998  -32.973  82.464 0.0000000000
50198  3.090  -33.955  81.649 0.0000000000
52308  4.743  -31.939  80.798 0.0000000000
55664  3.502  -29.205  78.982 0.0000000000
53403  3.974  -30.815  79.562 0.0000000000
54549  2.943  -29.886  79.450 0.0000000000
52335  3.283  -31.054  79.376 0.0000000000
56756  2.688  -28.844  78.871 0.0000000000
56780  1.574  -28.298  79.038 0.0000000000
56778  2.218  -27.213  78.620 0.0000000000
44993  12.290  -37.360  77.620 0.0000000000
46101  13.616  -36.858  76.605 0.0000000000
41441  4.774  -40.288  79.157 0.0000000000
40286  4.383  -41.217  77.650 0.0000000000
40271  4.480  -41.034  78.775 0.0000000000
39178  2.806  -42.940  78.379 0.0000000000
38099  2.767  -43.130  77.544 0.0000000000
41476  1.272  -41.754  76.906 0.0000000000
40342  0.912  -42.460  75.307 0.0000000000
45059  1.919  -39.769  74.288 0.0000000000
45079  1.849  -39.953  73.538 0.0000000000
47181  2.683  -38.612  74.708 0.0000000000
48211  4.259  -36.203  74.538 0.0000000000
48231  3.704  -37.312  73.283 0.0000000000
48230  4.120  -36.419  73.554 0.0000000000
48264  4.293  -36.738  71.711 0.0000000000
48247  5.483  -35.829  73.340 0.0000000000
52422  1.075  -31.860  74.507 0.0000000000
50277  3.111  -32.191  75.187 0.0000000000
51391  2.329  -32.192  73.870 0.0000000000
52454  4.262  -31.055  72.986 0.0000000000
51388  4.650  -32.070  73.854 0.0000000000
51386  6.338  -32.472  73.610 0.0000000000
49267  6.737  -34.166  73.394 0.0000000000
50326  7.353  -33.773  72.411 0.0000000000
49301  7.573  -34.051  71.001 0.0000000000
51405  7.329  -32.582  72.516 0.0000000000
54695  6.667  -28.665  70.573 0.0000000000
52472  8.239  -30.504  71.445 0.0000000000
53571  8.675  -29.688  70.542 0.0000000000
64259  4.363  -20.602  71.891 0.0000000000
61013  3.840  -23.496  71.770 0.0000000000
63180  4.651  -21.842  70.783 0.0000000000
62111  4.104  -22.610  67.179 0.0000000000
61050  4.268  -23.286  68.031 0.0000000000
59973  3.477  -24.786  69.177 0.0000000000
59979  3.592  -24.824  68.042 0.0000000000
56900  3.395  -27.522  68.181 0.0000000000
57963  3.340  -26.519  66.777 0.0000000000
48081  7.494  -35.067  81.399 0.0000000000
49131  6.942  -34.189  81.063 0.0000000000
50196  7.163  -33.410  80.485 0.0000000000
49140  12.753  -34.048  81.019 0.0000000000
47078  11.455  -36.044  81.125 0.0000000000
48096  11.381  -35.162  80.156 0.0000000000
47080  10.334  -36.218  80.147 0.0000000000
44934  8.848  -37.624  81.325 0.0000000000
44935  7.881  -37.822  81.203 0.0000000000
47082  8.658  -35.951  81.129 0.0000000000
47063  7.902  -35.843  81.639 0.0000000000
60959  1.796  -22.955  77.365 0.0000000000
59919  1.212  -23.873  76.678 0.0000000000
60971  1.995  -22.911  76.188 0.0000000000
62022  2.977  -22.801  76.004 0.0000000000
63122  3.395  -22.016  75.192 0.0000000000
42700  0.907  -40.528  77.976 0.0000000000
43890  1.355  -39.803  77.437 0.0000000000
44983  2.210  -39.675  78.713 0.0000000000
46071  3.547  -38.337  78.939 0.0000000000
48129  4.192  -35.606  79.812 0.0000000000
54535  5.252  -30.504  79.676 0.0000000000
53401  5.008  -30.868  79.996 0.0000000000
54546  4.793  -29.518  78.838 0.0000000000
54563  4.367  -28.783  78.703 0.0000000000
55688  3.670  -27.307  77.957 0.0000000000
55705  2.922  -26.749  78.102 0.0000000000
41414  4.598  -41.027  80.841 0.0000000000
40260  4.315  -41.376  79.911 0.0000000000
40251  3.664  -41.577  80.486 0.0000000000
40262  2.829  -42.217  79.848 0.0000000000
39179  1.930  -42.727  78.528 0.0000000000
39180  0.989  -42.946  77.900 0.0000000000
40288  1.622  -41.977  78.055 0.0000000000
41459  1.198  -41.421  77.589 0.0000000000
47149  3.664  -36.672  76.567 0.0000000000
47166  3.198  -37.738  75.514 0.0000000000
48177  4.043  -36.025  76.128 0.0000000000
48176  5.025  -34.906  76.432 0.0000000000
49226  5.398  -34.432  75.721 0.0000000000
55780  0.884  -28.766  72.521 0.0000000000
52457  2.093  -30.803  73.421 0.0000000000
53540  2.429  -29.775  72.925 0.0000000000
53538  3.777  -30.361  72.464 0.0000000000
53537  4.447  -30.440  72.462 0.0000000000
53535  6.264  -30.273  72.432 0.0000000000
53555  5.380  -29.525  71.888 0.0000000000
54697  4.642  -28.591  69.943 0.0000000000
55822  5.139  -28.567  69.243 0.0000000000
61059  3.832  -23.786  66.415 0.0000000000
57980  3.288  -26.274  65.776 0.0000000000
60006  3.707  -24.515  64.994 0.0000000000
46040  3.707  -37.769  81.515 0.0000000000
46051  4.296  -36.954  81.117 0.0000000000
47068  4.788  -36.181  81.704 0.0000000000
49134  5.027  -34.425  82.422 0.0000000000
52298  5.094  -32.294  81.673 0.0000000000
51285  5.906  -33.045  80.364 0.0000000000
52305  6.164  -32.023  80.620 0.0000000000
54527  5.793  -30.914  80.337 0.0000000000
55660  6.387  -29.749  79.052 0.0000000000
49146  14.564  -34.339  80.910 0.0000000000
48137  14.673  -35.381  78.689 0.0000000000
48128  14.232  -35.704  79.834 0.0000000000
46049  11.496  -37.113  80.253 0.0000000000
44966  11.596  -38.278  80.114 0.0000000000
43860  11.306  -39.062  78.627 0.0000000000
41423  5.942  -39.586  79.475 0.0000000000
41412  5.733  -40.378  80.237 0.0000000000
43814  7.360  -38.751  81.017 0.0000000000
42644  6.693  -39.654  81.414 0.0000000000
42657  5.189  -40.388  81.378 0.0000000000
42646  5.006  -39.735  82.131 0.0000000000
43818  3.927  -38.756  82.266 0.0000000000
53474  0.937  -30.848  77.636 0.0000000000
51347  2.638  -31.394  76.513 0.0000000000
53487  0.883  -30.951  76.514 0.0000000000
54629  0.633  -30.005  75.793 0.0000000000
54641  0.625  -29.693  74.410 0.0000000000
56817  1.353  -26.765  75.563 0.0000000000
55752  0.784  -27.465  74.343 0.0000000000
55753  0.637  -28.115  73.914 0.0000000000
55778  1.632  -27.458  72.675 0.0000000000
56853  2.074  -26.858  72.070 0.0000000000
57911  2.314  -26.527  71.242 0.0000000000
51302  11.538  -32.669  79.660 0.0000000000
51308  16.112  -32.312  80.609 0.0000000000
52278  18.576  -28.610  84.268 0.0000000000
52271  17.347  -28.982  84.828 0.0000000000
52288  16.956  -29.688  83.498 0.0000000000
51273  16.182  -30.628  82.915 0.0000000000
51291  15.761  -31.868  82.013 0.0000000000
50191  15.718  -32.849  81.790 0.0000000000
50181  14.244  -33.211  83.047 0.0000000000
50182  13.576  -33.023  82.794 0.0000000000
50178  12.819  -32.345  83.203 0.0000000000
49130  13.201  -33.288  81.626 0.0000000000
50195  12.726  -33.028  80.659 0.0000000000
50202  11.628  -33.763  79.505 0.0000000000
45043  1.757  -40.065  74.526 0.0000000000
46104  2.231  -38.517  75.980 0.0000000000
45008  1.948  -39.256  76.985 0.0000000000
46089  2.342  -38.693  76.649 0.0000000000
47134  3.416  -37.470  76.882 0.0000000000
47133  3.879  -36.485  77.333 0.0000000000
49178  4.552  -34.183  77.914 0.0000000000
50221  3.730  -32.017  78.046 0.0000000000
47096  4.281  -36.469  80.563 0.0000000000
48117  3.981  -35.459  80.554 0.0000000000
49152  3.726  -34.397  80.339 0.0000000000
52320  4.546  -31.526  80.074 0.0000000000
52321  4.311  -31.648  79.869 0.0000000000
50214  4.606  -33.361  79.712 0.0000000000
50215  4.363  -32.591  79.466 0.0000000000
52349  2.775  -30.854  78.976 0.0000000000
52350  2.267  -30.651  78.581 0.0000000000
54580  1.047  -29.864  79.053 0.0000000000
56792  1.146  -27.840  78.278 0.0000000000
57860  1.170  -25.630  78.219 0.0000000000
57858  2.307  -26.248  79.135 0.0000000000
57832  1.687  -25.081  79.137 0.0000000000
58858  1.448  -24.555  78.572 0.0000000000
40304  4.037  -41.323  76.812 0.0000000000
39166  4.031  -42.300  78.476 0.0000000000
48232  3.243  -38.214  73.826 0.0000000000
46173  3.016  -37.878  72.308 0.0000000000
48280  5.195  -36.296  70.535 0.0000000000
50260  3.319  -32.235  75.784 0.0000000000
50259  3.886  -32.395  75.546 0.0000000000
50256  5.272  -33.450  74.991 0.0000000000
51389  3.853  -32.242  73.992 0.0000000000
51372  4.741  -32.392  74.436 0.0000000000
48228  5.666  -35.184  74.118 0.0000000000
49268  6.220  -35.140  73.094 0.0000000000
49303  5.703  -35.830  71.057 0.0000000000
48279  5.928  -35.777  69.934 0.0000000000
48278  6.371  -35.341  69.744 0.0000000000
52473  8.119  -31.059  71.756 0.0000000000
51455  8.731  -32.463  69.982 0.0000000000
64212  4.010  -21.226  74.746 0.0000000000
64224  4.024  -21.114  73.818 0.0000000000
62048  3.529  -22.219  73.771 0.0000000000
61000  3.689  -23.871  72.856 0.0000000000
58920  3.328  -25.290  71.730 0.0000000000
58929  2.809  -26.040  70.547 0.0000000000
61034  4.071  -23.213  69.960 0.0000000000
58936  3.186  -25.498  69.877 0.0000000000
57936  2.640  -26.792  69.384 0.0000000000
56901  2.679  -27.434  68.890 0.0000000000
55841  4.493  -28.625  68.504 0.0000000000
55840  5.614  -28.213  68.263 0.0000000000
55859  5.754  -27.725  67.374 0.0000000000
50212  9.600  -33.216  79.369 0.0000000000
50203  10.329  -33.642  79.239 0.0000000000
47268  4.412  -36.900  68.076 0.0000000000
48310  5.021  -36.263  68.423 0.0000000000
44969  2.829  -38.663  80.498 0.0000000000
44968  3.168  -37.831  80.853 0.0000000000
49157  15.482  -33.644  79.285 0.0000000000
49166  15.545  -33.583  78.537 0.0000000000
49167  15.202  -34.444  79.004 0.0000000000
43833  2.630  -39.352  81.076 0.0000000000
42660  2.559  -40.147  80.788 0.0000000000
43847  2.343  -39.552  80.536 0.0000000000
50229  3.810  -32.319  77.276 0.0000000000
56868  1.524  -27.804  70.668 0.0000000000
55805  1.855  -28.407  70.770 0.0000000000
56883  1.374  -28.111  69.931 0.0000000000
54745  2.556  -28.661  69.426 0.0000000000
56903  1.653  -28.254  69.297 0.0000000000
48083  6.118  -34.871  82.575 0.0000000000
44953  9.447  -38.025  81.191 0.0000000000
43845  9.306  -39.143  80.241 0.0000000000
42653  7.909  -39.570  80.300 0.0000000000
46024  5.987  -36.673  82.906 0.0000000000
57873  1.127  -25.801  76.727 0.0000000000
60992  3.101  -23.241  74.620 0.0000000000
59937  3.242  -24.367  74.356 0.0000000000
59944  3.313  -23.688  74.216 0.0000000000
59936  3.442  -24.807  73.849 0.0000000000
59943  3.521  -23.987  73.716 0.0000000000
42729  1.266  -41.109  75.378 0.0000000000
42728  1.816  -40.931  75.987 0.0000000000
47114  4.234  -36.691  79.331 0.0000000000
48139  4.203  -35.947  78.820 0.0000000000
51297  4.563  -32.327  81.493 0.0000000000
56753  3.435  -28.573  78.257 0.0000000000
55665  3.021  -29.182  78.998 0.0000000000
55678  2.769  -29.365  79.193 0.0000000000
56755  2.751  -28.795  78.575 0.0000000000
56767  2.349  -28.365  78.472 0.0000000000
56766  2.624  -27.981  77.720 0.0000000000
41425  4.785  -40.661  79.714 0.0000000000
40259  4.418  -40.989  79.443 0.0000000000
38100  2.123  -43.479  77.788 0.0000000000
41477  1.260  -41.803  76.289 0.0000000000
40326  1.024  -42.480  75.989 0.0000000000
41490  1.031  -41.796  75.621 0.0000000000
46119  2.257  -38.670  75.314 0.0000000000
46134  2.279  -39.173  74.565 0.0000000000
48210  5.083  -35.601  74.808 0.0000000000
48229  4.916  -36.004  73.880 0.0000000000
48248  4.762  -36.141  73.011 0.0000000000
53511  0.818  -30.867  74.009 0.0000000000
51392  1.654  -32.214  74.071 0.0000000000
52439  1.132  -31.581  73.617 0.0000000000
52433  5.737  -31.663  73.401 0.0000000000
50311  7.130  -33.284  72.929 0.0000000000
53572  7.733  -29.234  71.085 0.0000000000
54694  7.678  -28.516  70.325 0.0000000000
64239  4.618  -20.044  72.125 0.0000000000
64258  4.888  -20.601  71.399 0.0000000000
63168  4.660  -21.027  71.379 0.0000000000
63179  4.937  -21.212  71.078 0.0000000000
61051  3.980  -23.808  67.397 0.0000000000
58950  3.258  -25.713  67.477 0.0000000000
51311  9.067  -32.551  79.427 0.0000000000
46037  9.611  -36.794  80.848 0.0000000000
46038  8.914  -36.659  81.408 0.0000000000
48099  8.176  -35.330  80.804 0.0000000000
63092  3.271  -22.240  76.381 0.0000000000
63091  3.510  -21.856  76.171 0.0000000000
63107  3.289  -22.257  75.653 0.0000000000
63106  3.489  -21.879  75.660 0.0000000000
43877  1.467  -39.780  78.434 0.0000000000
46062  3.611  -38.145  79.769 0.0000000000
47105  3.950  -37.515  79.337 0.0000000000
55652  5.348  -29.981  79.028 0.0000000000
55662  5.228  -29.289  78.720 0.0000000000
55675  4.695  -28.435  78.693 0.0000000000
55676  3.917  -28.223  78.418 0.0000000000
56776  4.320  -27.232  78.293 0.0000000000
42658  4.338  -40.386  81.643 0.0000000000
40250  4.151  -41.386  80.645 0.0000000000
41427  2.597  -41.653  80.159 0.0000000000
40263  2.278  -41.909  79.819 0.0000000000
39169  2.237  -42.416  79.138 0.0000000000
40275  1.910  -41.933  79.224 0.0000000000
40287  1.775  -42.075  78.614 0.0000000000
40276  1.473  -41.688  78.751 0.0000000000
42687  1.019  -40.397  78.981 0.0000000000
41443  1.008  -41.228  78.503 0.0000000000
47165  3.449  -36.985  75.913 0.0000000000
49210  5.293  -33.786  76.489 0.0000000000
48175  5.270  -34.667  76.115 0.0000000000
49209  5.412  -34.092  75.972 0.0000000000
54665  1.374  -29.281  72.253 0.0000000000
53559  1.893  -29.329  72.569 0.0000000000
54663  3.275  -29.653  72.237 0.0000000000
54662  3.664  -29.841  71.770 0.0000000000
53557  4.016  -30.207  71.782 0.0000000000
53556  4.526  -29.844  71.823 0.0000000000
54678  3.921  -29.531  71.087 0.0000000000
54723  3.974  -28.807  69.956 0.0000000000
54698  3.999  -28.748  70.100 0.0000000000
53575  4.150  -28.761  69.615 0.0000000000
55804  5.121  -28.537  69.766 0.0000000000
54722  4.394  -28.842  68.923 0.0000000000
62125  3.607  -22.618  66.219 0.0000000000
61071  3.584  -23.612  65.518 0.0000000000
59993  3.545  -24.641  65.889 0.0000000000
44939  3.682  -38.083  81.949 0.0000000000
46039  4.056  -37.065  81.710 0.0000000000
49133  5.633  -34.309  82.104 0.0000000000
50188  5.220  -33.500  82.165 0.0000000000
51287  5.341  -32.716  81.568 0.0000000000
50197  6.648  -33.387  80.478 0.0000000000
50186  6.275  -33.551  80.767 0.0000000000
51294  6.454  -32.791  80.367 0.0000000000
53377  6.582  -31.491  80.798 0.0000000000
53399  6.453  -30.997  80.553 0.0000000000
53378  5.886  -31.340  80.517 0.0000000000
53400  6.023  -30.956  80.366 0.0000000000
54534  6.018  -30.609  80.029 0.0000000000
54544  6.598  -30.131  79.572 0.0000000000
48110  14.253  -34.815  80.142 0.0000000000
48111  13.865  -35.491  80.825 0.0000000000
47103  13.492  -36.620  79.700 0.0000000000
46058  13.046  -37.151  79.993 0.0000000000
47079  11.101  -36.066  80.413 0.0000000000
47094  11.264  -36.549  80.531 0.0000000000
46035  11.041  -36.667  80.108 0.0000000000
43844  10.497  -38.943  80.274 0.0000000000
44950  11.517  -37.707  80.692 0.0000000000
43843  11.149  -38.974  79.542 0.0000000000
44981  11.665  -38.558  79.309 0.0000000000
42698  8.752  -38.808  78.432 0.0000000000
42654  7.216  -39.920  80.465 0.0000000000
42671  6.338  -40.011  79.997 0.0000000000
42655  6.575  -40.113  80.730 0.0000000000
44936  7.363  -38.059  81.693 0.0000000000
43806  6.607  -38.076  82.659 0.0000000000
43815  6.687  -38.732  82.159 0.0000000000
42645  5.872  -39.677  81.783 0.0000000000
44923  4.788  -37.216  82.775 0.0000000000
44938  4.483  -37.810  82.392 0.0000000000
54614  0.639  -29.910  76.949 0.0000000000
55740  0.710  -28.282  75.972 0.0000000000
54628  0.628  -28.983  75.332 0.0000000000
54627  0.645  -28.133  75.026 0.0000000000
58897  1.531  -24.954  75.776 0.0000000000
57887  1.479  -25.787  75.978 0.0000000000
57893  2.222  -26.281  74.159 0.0000000000
56824  1.331  -26.732  74.732 0.0000000000
55767  0.762  -28.331  73.167 0.0000000000
55766  1.098  -27.480  73.188 0.0000000000
57904  3.231  -26.001  72.455 0.0000000000
56842  2.089  -27.239  72.820 0.0000000000
57905  2.794  -26.479  72.288 0.0000000000
56854  1.724  -27.136  71.584 0.0000000000
52331  11.408  -31.844  79.358 0.0000000000
53418  11.782  -30.590  80.185 0.0000000000
51300  16.317  -31.460  80.788 0.0000000000
52330  16.572  -30.689  80.209 0.0000000000
51301  15.817  -32.027  81.292 0.0000000000
52273  16.258  -29.702  84.815 0.0000000000
52272  17.032  -29.278  84.832 0.0000000000
52279  17.536  -28.982  84.485 0.0000000000
50179  15.609  -32.645  82.565 0.0000000000
49128  13.600  -33.792  82.525 0.0000000000
51283  12.678  -32.202  83.050 0.0000000000
50183  13.256  -32.482  82.172 0.0000000000
50194  13.155  -33.199  81.330 0.0000000000
50184  12.883  -32.198  81.653 0.0000000000
51292  12.568  -31.923  81.127 0.0000000000
41518  0.650  -41.540  74.046 0.0000000000
43928  1.790  -40.351  75.135 0.0000000000
45042  1.923  -39.363  75.268 0.0000000000
45024  1.609  -39.027  76.173 0.0000000000
44996  2.512  -39.498  78.042 0.0000000000
46080  2.726  -38.918  77.308 0.0000000000
46088  3.217  -38.272  77.117 0.0000000000
46103  2.924  -38.295  76.462 0.0000000000
47124  4.012  -36.526  77.681 0.0000000000
49168  4.283  -34.457  78.602 0.0000000000
49179  4.309  -33.172  78.369 0.0000000000
47083  4.563  -36.259  81.050 0.0000000000
47095  4.380  -36.842  80.848 0.0000000000
48100  3.858  -35.457  81.298 0.0000000000
49145  2.945  -34.651  80.842 0.0000000000
54536  4.498  -30.049  79.276 0.0000000000
53402  4.703  -30.989  79.844 0.0000000000
53404  3.685  -30.920  79.563 0.0000000000
51305  4.341  -32.073  80.017 0.0000000000
50207  4.426  -32.347  79.855 0.0000000000
51306  4.137  -31.677  79.580 0.0000000000
53440  2.449  -30.541  79.283 0.0000000000
51317  3.282  -31.136  78.471 0.0000000000
53457  1.244  -30.626  78.520 0.0000000000
56779  1.844  -27.758  78.509 0.0000000000
56789  2.622  -26.461  78.751 0.0000000000
47111  14.436  -35.883  78.658 0.0000000000
47123  14.171  -36.423  77.916 0.0000000000
40273  3.753  -42.486  79.436 0.0000000000
40272  4.165  -42.179  79.301 0.0000000000
40358  0.810  -42.435  74.586 0.0000000000
46174  2.505  -39.452  73.022 0.0000000000
45099  2.198  -39.864  72.842 0.0000000000
46194  2.541  -39.371  72.418 0.0000000000
47236  2.457  -38.778  72.001 0.0000000000
48195  3.381  -37.445  74.912 0.0000000000
47180  3.137  -38.124  74.967 0.0000000000
48213  3.424  -37.765  74.332 0.0000000000
47193  3.613  -37.381  72.358 0.0000000000
47194  3.195  -38.021  72.919 0.0000000000
46153  3.198  -37.724  72.194 0.0000000000
46192  2.756  -38.227  71.633 0.0000000000
46171  3.487  -37.458  71.597 0.0000000000
49287  4.720  -36.411  71.923 0.0000000000
49305  4.643  -36.521  71.534 0.0000000000
48281  4.490  -36.688  71.040 0.0000000000
48297  4.646  -36.848  70.132 0.0000000000
49304  5.028  -36.303  71.364 0.0000000000
51346  2.784  -31.802  76.001 0.0000000000
50276  3.444  -32.218  74.824 0.0000000000
50258  4.412  -32.565  75.257 0.0000000000
50241  5.087  -33.242  75.535 0.0000000000
50257  4.783  -32.979  75.065 0.0000000000
52456  2.870  -30.785  73.460 0.0000000000
52437  2.508  -31.602  73.529 0.0000000000
52436  3.233  -31.703  73.415 0.0000000000
51371  5.375  -32.546  74.251 0.0000000000
50273  5.579  -33.218  74.591 0.0000000000
49254  6.203  -34.156  74.009 0.0000000000
49284  7.110  -34.420  72.167 0.0000000000
49285  6.112  -35.475  71.898 0.0000000000
50353  8.121  -33.467  69.828 0.0000000000
53534  7.191  -30.367  72.164 0.0000000000
52491  8.610  -30.922  70.910 0.0000000000
51439  8.706  -31.440  70.717 0.0000000000
51468  8.645  -32.885  68.787 0.0000000000
65314  4.648  -19.942  73.746 0.0000000000
64241  3.969  -20.949  73.206 0.0000000000
62062  3.578  -22.810  72.852 0.0000000000
61012  3.953  -23.079  71.399 0.0000000000
59960  3.570  -24.570  71.252 0.0000000000
58928  3.218  -25.356  70.847 0.0000000000
62099  4.559  -22.535  68.213 0.0000000000
63197  5.450  -21.376  69.384 0.0000000000
63190  4.936  -21.941  69.779 0.0000000000
62080  4.361  -22.537  70.367 0.0000000000
58944  2.969  -26.500  68.962 0.0000000000
58937  2.879  -26.228  69.643 0.0000000000
57949  2.954  -26.907  68.880 0.0000000000
55861  4.073  -28.296  67.733 0.0000000000
55860  4.734  -28.062  67.329 0.0000000000
56939  3.831  -26.803  66.009 0.0000000000
49151  8.460  -34.381  79.914 0.0000000000
50205  8.166  -33.571  80.098 0.0000000000
49148  11.387  -34.460  79.654 0.0000000000
48114  11.468  -34.699  79.881 0.0000000000
48116  9.900  -35.191  79.569 0.0000000000
48098  8.944  -35.651  79.968 0.0000000000
48309  5.167  -35.517  67.733 0.0000000000
42659  3.278  -39.933  81.551 0.0000000000
41417  2.339  -40.679  80.477 0.0000000000
41442  1.337  -41.179  79.294 0.0000000000
49192  4.811  -33.483  77.460 0.0000000000
54681  2.083  -28.651  71.969 0.0000000000
54701  2.387  -28.621  71.158 0.0000000000
54700  2.948  -28.679  70.836 0.0000000000
54699  3.533  -28.807  70.473 0.0000000000
54725  2.865  -28.805  69.952 0.0000000000
53640  3.110  -28.834  68.915 0.0000000000
46025  5.081  -36.606  83.028 0.0000000000
47067  5.095  -35.964  82.323 0.0000000000
52319  7.151  -31.731  81.057 0.0000000000
54543  7.643  -30.316  80.238 0.0000000000
54561  7.237  -29.879  79.024 0.0000000000
54579  7.393  -29.580  78.420 0.0000000000
48093  13.468  -35.167  81.475 0.0000000000
48112  12.973  -35.909  81.383 0.0000000000
46048  12.257  -37.214  80.577 0.0000000000
44932  10.370  -37.295  80.755 0.0000000000
44952  10.203  -37.806  81.322 0.0000000000
43828  10.540  -38.289  80.992 0.0000000000
46022  7.364  -36.631  81.835 0.0000000000
43807  5.976  -38.223  82.577 0.0000000000
43808  5.318  -38.340  82.530 0.0000000000
44922  5.346  -37.599  82.797 0.0000000000
56807  0.907  -27.771  77.655 0.0000000000
55728  0.796  -28.469  77.293 0.0000000000
55727  0.912  -27.626  76.381 0.0000000000
55726  0.987  -27.411  76.011 0.0000000000
59929  2.539  -24.562  74.964 0.0000000000
58903  2.921  -25.351  74.360 0.0000000000
58908  3.047  -26.079  73.735 0.0000000000
57898  3.282  -26.126  72.982 0.0000000000
58913  3.441  -25.407  72.579 0.0000000000
52301  16.686  -30.168  81.891 0.0000000000
50180  15.055  -33.183  83.036 0.0000000000
51276  14.403  -32.128  84.158 0.0000000000
51277  13.547  -32.224  84.275 0.0000000000
41519  0.841  -41.615  74.151 0.0000000000
43908  1.909  -40.034  76.286 0.0000000000
48150  4.170  -36.464  78.222 0.0000000000
49169  4.322  -33.352  79.031 0.0000000000
50190  3.740  -33.745  82.268 0.0000000000
51298  3.859  -32.659  81.556 0.0000000000
55654  3.986  -29.494  79.143 0.0000000000
54548  3.412  -29.918  79.473 0.0000000000
53421  3.339  -30.449  79.608 0.0000000000
53422  2.872  -30.739  79.512 0.0000000000
54565  2.532  -29.909  79.346 0.0000000000
54566  1.904  -29.875  79.220 0.0000000000
55690  1.575  -29.076  79.279 0.0000000000
56768  2.361  -28.619  78.993 0.0000000000
46086  13.621  -36.866  77.460 0.0000000000
46087  12.866  -37.152  77.102 0.0000000000
41440  5.149  -39.854  78.708 0.0000000000
40270  4.782  -40.348  78.443 0.0000000000
39165  4.089  -41.815  77.984 0.0000000000
40306  0.898  -42.364  76.665 0.0000000000
39191  0.665  -43.108  76.404 0.0000000000
45060  1.462  -40.096  74.010 0.0000000000
45080  1.504  -40.194  73.772 0.0000000000
46154  2.361  -39.430  73.722 0.0000000000
47195  2.859  -38.821  73.760 0.0000000000
48212  3.690  -36.925  74.312 0.0000000000
47206  3.876  -37.020  72.299 0.0000000000
47205  3.819  -37.100  71.929 0.0000000000
48249  4.151  -36.620  72.488 0.0000000000
49270  4.857  -36.234  72.392 0.0000000000
52410  1.650  -31.873  75.280 0.0000000000
52409  2.156  -31.912  75.341 0.0000000000
51376  1.838  -32.192  74.848 0.0000000000
51375  2.484  -32.312  74.612 0.0000000000
51374  2.885  -32.218  74.292 0.0000000000
52435  3.990  -31.874  73.141 0.0000000000
52434  4.800  -31.627  73.381 0.0000000000
51387  5.480  -32.090  73.830 0.0000000000
50291  6.451  -33.425  73.856 0.0000000000
49283  7.462  -34.004  71.746 0.0000000000
50325  7.510  -33.403  72.007 0.0000000000
51421  7.840  -32.224  71.829 0.0000000000
53573  6.971  -29.175  71.291 0.0000000000
53553  7.628  -29.947  71.635 0.0000000000
53552  8.262  -30.056  71.198 0.0000000000
52512  9.095  -30.718  69.873 0.0000000000
63155  3.896  -21.125  72.379 0.0000000000
63170  3.716  -22.178  72.171 0.0000000000
63169  4.170  -21.284  71.719 0.0000000000
62071  4.052  -22.552  71.415 0.0000000000
61023  4.028  -23.144  70.946 0.0000000000
61042  4.282  -23.303  68.939 0.0000000000
61043  3.970  -24.035  68.533 0.0000000000
57948  3.299  -26.765  68.167 0.0000000000
48082  6.901  -34.872  82.092 0.0000000000
51304  7.751  -32.713  80.382 0.0000000000
52334  8.465  -31.974  80.220 0.0000000000
48095  11.930  -35.176  81.203 0.0000000000
46036  10.408  -36.772  80.380 0.0000000000
44918  8.257  -37.191  81.444 0.0000000000
46021  8.112  -36.588  81.583 0.0000000000
47064  7.191  -35.815  82.070 0.0000000000
58872  1.081  -24.556  77.698 0.0000000000
62009  2.705  -22.608  76.712 0.0000000000
60980  2.622  -23.110  75.611 0.0000000000
60985  2.832  -23.323  75.162 0.0000000000
62037  3.050  -22.762  75.173 0.0000000000
62050  3.225  -22.808  74.530 0.0000000000
42712  1.296  -40.906  76.800 0.0000000000
53379  5.258  -31.270  80.568 0.0000000000
53380  5.004  -31.370  80.615 0.0000000000
54547  4.290  -29.214  78.874 0.0000000000
55663  3.897  -28.943  78.794 0.0000000000
56765  3.451  -28.191  77.856 0.0000000000
55689  2.768  -27.170  77.802 0.0000000000
40261  3.606  -42.164  79.846 0.0000000000
40252  3.099  -41.828  80.293 0.0000000000
39160  3.181  -42.436  79.621 0.0000000000
39168  2.817  -42.560  79.187 0.0000000000
38101  1.421  -43.587  77.856 0.0000000000
47150  3.140  -37.821  76.125 0.0000000000
48160  4.847  -34.721  76.907 0.0000000000
48193  4.542  -35.773  75.493 0.0000000000
48192  5.323  -34.895  75.669 0.0000000000
48191  5.441  -34.674  75.401 0.0000000000
54652  0.805  -29.879  73.154 0.0000000000
52458  1.505  -30.997  73.420 0.0000000000
53541  1.552  -30.148  72.967 0.0000000000
53558  2.274  -29.124  72.419 0.0000000000
53539  3.186  -30.110  72.940 0.0000000000
52453  5.052  -30.964  73.075 0.0000000000
52452  6.057  -31.025  72.996 0.0000000000
53536  5.250  -30.300  72.521 0.0000000000
54677  4.565  -29.019  71.068 0.0000000000
54676  5.457  -28.811  71.079 0.0000000000
54675  6.239  -28.843  71.042 0.0000000000
54696  5.624  -28.617  70.259 0.0000000000
54721  5.954  -28.594  69.862 0.0000000000
62112  3.869  -23.204  66.794 0.0000000000
58959  3.188  -25.577  66.312 0.0000000000
44954  3.163  -38.279  81.361 0.0000000000
48086  4.371  -35.440  81.672 0.0000000000
48085  4.961  -35.259  81.942 0.0000000000
49135  4.322  -34.619  82.307 0.0000000000
50189  4.488  -33.619  82.546 0.0000000000
51288  4.674  -32.629  82.062 0.0000000000
51286  5.740  -33.015  80.940 0.0000000000
52304  6.850  -32.045  80.788 0.0000000000
51295  5.801  -32.561  80.648 0.0000000000
51296  5.591  -32.576  81.093 0.0000000000
52306  5.401  -32.135  81.041 0.0000000000
54528  5.565  -30.915  80.255 0.0000000000
55651  5.683  -30.265  79.445 0.0000000000
55661  5.879  -29.749  79.013 0.0000000000
54562  6.658  -29.762  79.059 0.0000000000
49158  14.997  -34.101  79.901 0.0000000000
48127  14.427  -34.901  79.399 0.0000000000
48138  14.366  -35.580  79.229 0.0000000000
47112  14.055  -36.341  78.975 0.0000000000
47091  13.809  -36.217  80.216 0.0000000000
47102  14.001  -36.309  79.727 0.0000000000
46068  13.530  -36.726  78.778 0.0000000000
46069  13.065  -37.159  79.022 0.0000000000
44994  11.652  -37.680  78.088 0.0000000000
47093  11.972  -36.745  81.306 0.0000000000
46060  11.896  -37.578  80.427 0.0000000000
46059  12.349  -37.510  79.887 0.0000000000
44965  12.134  -38.161  79.507 0.0000000000
44980  12.120  -38.168  78.742 0.0000000000
43859  11.521  -38.521  78.079 0.0000000000
42697  9.581  -39.126  78.606 0.0000000000
41439  6.225  -38.917  79.125 0.0000000000
41424  5.410  -40.097  79.515 0.0000000000
43813  8.168  -38.223  81.042 0.0000000000
42656  5.954  -40.327  81.070 0.0000000000
41413  5.185  -40.682  80.564 0.0000000000
43817  4.751  -38.776  82.422 0.0000000000
42647  4.110  -39.559  82.174 0.0000000000
43819  3.284  -38.907  81.938 0.0000000000
52363  2.077  -30.466  77.921 0.0000000000
51334  3.078  -31.421  77.108 0.0000000000
52379  2.110  -30.877  76.988 0.0000000000
53499  0.834  -31.102  75.242 0.0000000000
57872  1.354  -26.425  76.175 0.0000000000
57886  1.762  -25.918  75.196 0.0000000000
54639  0.604  -28.079  74.454 0.0000000000
55754  0.596  -28.780  73.878 0.0000000000
55768  0.646  -29.108  73.404 0.0000000000
55779  1.492  -27.827  72.390 0.0000000000
56843  1.796  -27.291  72.315 0.0000000000
55790  1.606  -27.693  71.752 0.0000000000
57912  1.985  -26.835  71.011 0.0000000000
57924  2.159  -26.768  70.747 0.0000000000
51303  10.623  -33.082  79.194 0.0000000000
51309  11.079  -32.462  79.274 0.0000000000
50200  15.573  -32.830  80.949 0.0000000000
53337  17.790  -28.705  84.856 0.0000000000
52295  16.841  -29.924  82.535 0.0000000000
51280  16.184  -30.922  82.223 0.0000000000
50210  15.143  -33.497  80.617 0.0000000000
50201  15.194  -33.581  81.427 0.0000000000
50193  14.428  -33.800  82.538 0.0000000000
49138  13.692  -34.569  82.062 0.0000000000
51271  13.308  -31.537  84.926 0.0000000000
51278  12.489  -32.011  84.030 0.0000000000
50177  13.167  -32.584  83.414 0.0000000000
49129  13.115  -33.478  82.053 0.0000000000
43946  1.379  -40.534  74.297 0.0000000000
50222  3.383  -31.442  77.874 0.0000000000
46052  3.942  -37.465  81.022 0.0000000000
49144  3.140  -34.962  81.453 0.0000000000
48101  3.629  -35.450  80.916 0.0000000000
52309  4.482  -32.148  80.583 0.0000000000
51299  4.267  -32.586  80.612 0.0000000000
50206  4.426  -33.167  80.235 0.0000000000
51313  3.748  -31.433  79.121 0.0000000000
51322  3.054  -30.932  77.734 0.0000000000
55707  0.902  -28.847  78.628 0.0000000000
55706  2.482  -26.861  78.540 0.0000000000
57859  1.815  -26.120  79.126 0.0000000000
57845  1.435  -25.145  78.868 0.0000000000
59907  1.294  -23.799  77.820 0.0000000000
51310  10.255  -32.725  79.109 0.0000000000
48148  15.027  -35.449  77.919 0.0000000000
48159  15.198  -35.141  77.169 0.0000000000
47132  14.227  -36.384  77.006 0.0000000000
39176  3.601  -42.352  77.588 0.0000000000
43980  1.731  -40.436  72.971 0.0000000000
47167  2.752  -38.356  75.341 0.0000000000
48233  2.958  -38.585  74.213 0.0000000000
47207  3.049  -38.442  73.161 0.0000000000
46193  2.637  -38.540  72.035 0.0000000000
45135  2.537  -39.202  71.242 0.0000000000
47219  3.888  -37.208  71.325 0.0000000000
48296  5.282  -36.352  69.501 0.0000000000
51333  3.190  -31.817  76.661 0.0000000000
50244  3.603  -32.292  76.481 0.0000000000
50243  4.222  -32.558  76.222 0.0000000000
50242  4.918  -32.938  75.961 0.0000000000
49225  5.471  -34.215  75.405 0.0000000000
52438  1.821  -31.662  73.501 0.0000000000
51390  2.989  -32.123  73.853 0.0000000000
50294  3.459  -32.204  74.308 0.0000000000
50274  4.813  -32.715  74.761 0.0000000000
49241  5.787  -34.186  74.739 0.0000000000
49269  5.527  -35.976  72.613 0.0000000000
49321  6.085  -35.076  68.663 0.0000000000
52451  7.169  -31.349  72.553 0.0000000000
51440  8.543  -31.787  71.003 0.0000000000
64195  3.859  -21.350  75.534 0.0000000000
62036  3.432  -22.073  74.764 0.0000000000
62049  3.404  -22.445  74.417 0.0000000000
63137  3.751  -21.663  74.117 0.0000000000
62063  3.377  -22.831  73.771 0.0000000000
61001  3.518  -23.475  73.426 0.0000000000
60990  3.646  -24.137  73.111 0.0000000000
59950  3.596  -24.540  72.234 0.0000000000
62072  3.786  -22.776  72.068 0.0000000000
58921  2.958  -25.947  71.443 0.0000000000
57923  2.412  -26.690  70.264 0.0000000000
61035  3.868  -24.007  69.590 0.0000000000
59966  3.503  -24.697  70.239 0.0000000000
56881  2.304  -27.090  69.836 0.0000000000
56902  1.968  -27.862  69.224 0.0000000000
55843  2.641  -28.235  68.761 0.0000000000
54743  3.244  -28.643  68.802 0.0000000000
55842  3.488  -28.202  68.321 0.0000000000
54742  3.758  -28.814  68.769 0.0000000000
55821  5.607  -28.451  69.189 0.0000000000
55820  6.441  -28.118  69.132 0.0000000000
39159  3.419  -42.556  79.458 0.0000000000
40274  2.399  -42.233  79.459 0.0000000000
41536  0.684  -41.523  73.948 0.0000000000
42648  3.604  -39.319  82.065 0.0000000000
42753  0.736  -41.435  74.059 0.0000000000
43964  1.589  -40.284  73.558 0.0000000000
43979  1.977  -40.211  72.799 0.0000000000
43994  2.047  -40.248  72.542 0.0000000000
44951  10.906  -37.533  80.875 0.0000000000
45098  2.046  -40.068  72.890 0.0000000000
45116  2.129  -40.076  72.658 0.0000000000
45117  2.319  -39.810  72.318 0.0000000000
46078  12.981  -37.172  77.956 0.0000000000
46151  3.580  -37.298  71.825 0.0000000000
46152  3.402  -37.458  71.922 0.0000000000
46214  2.574  -38.863  71.757 0.0000000000
46215  2.519  -39.261  72.037 0.0000000000
47084  4.180  -35.789  80.831 0.0000000000
47113  13.499  -36.663  79.232 0.0000000000
47122  14.516  -35.902  78.265 0.0000000000
47147  14.728  -35.686  76.616 0.0000000000
47220  2.754  -38.697  72.445 0.0000000000
47221  2.715  -39.044  72.428 0.0000000000
47235  2.617  -38.847  72.104 0.0000000000
48115  10.792  -34.953  79.784 0.0000000000
48214  3.100  -38.335  74.459 0.0000000000
48250  3.856  -37.067  72.576 0.0000000000
48294  6.133  -35.360  69.265 0.0000000000
49208  5.339  -33.746  75.587 0.0000000000
49253  6.497  -33.940  73.783 0.0000000000
50185  6.756  -33.644  80.670 0.0000000000
50240  5.222  -33.498  75.308 0.0000000000
50272  5.945  -33.072  74.305 0.0000000000
50293  3.766  -32.206  74.316 0.0000000000
50310  7.327  -33.098  72.461 0.0000000000
51318  2.721  -30.637  78.222 0.0000000000
51321  3.367  -31.323  78.074 0.0000000000
51359  2.496  -32.036  75.281 0.0000000000
51360  2.026  -32.011  75.183 0.0000000000
51370  5.994  -32.658  74.074 0.0000000000
51373  4.345  -32.340  74.466 0.0000000000
52297  5.280  -32.330  81.532 0.0000000000
52303  7.107  -32.200  80.691 0.0000000000
52318  7.457  -32.032  80.774 0.0000000000
52393  2.209  -31.763  75.529 0.0000000000
52492  8.455  -31.282  71.231 0.0000000000
53376  6.911  -31.581  81.044 0.0000000000
53420  7.816  -30.528  81.045 0.0000000000
53574  4.176  -28.851  69.373 0.0000000000
53595  4.101  -28.983  69.158 0.0000000000
53596  3.966  -29.062  69.335 0.0000000000
53597  3.900  -28.872  69.089 0.0000000000
53598  3.355  -28.915  69.254 0.0000000000
53616  4.187  -29.234  69.062 0.0000000000
53618  3.435  -28.991  68.983 0.0000000000
53619  3.025  -29.174  69.069 0.0000000000
53641  2.936  -28.837  68.865 0.0000000000
54545  6.028  -30.227  79.502 0.0000000000
54564  4.117  -28.738  78.720 0.0000000000
54640  0.578  -28.628  74.507 0.0000000000
54664  2.941  -29.522  72.651 0.0000000000
54719  6.988  -28.128  69.765 0.0000000000
54741  4.059  -28.938  68.955 0.0000000000
54744  2.796  -28.873  69.276 0.0000000000
54763  3.009  -28.710  68.766 0.0000000000
54764  2.727  -28.686  69.032 0.0000000000
54765  2.200  -28.411  69.195 0.0000000000
55653  4.170  -29.388  79.012 0.0000000000
55666  2.861  -28.997  78.862 0.0000000000
55677  3.425  -27.750  77.695 0.0000000000
55679  2.422  -29.167  79.226 0.0000000000
55803  5.432  -28.537  69.642 0.0000000000
55823  1.952  -28.493  69.766 0.0000000000
55844  1.919  -28.062  68.906 0.0000000000
55845  1.843  -28.206  69.226 0.0000000000
55862  2.705  -28.486  68.885 0.0000000000
55863  2.423  -28.308  68.954 0.0000000000
56790  2.146  -26.713  79.117 0.0000000000
56867  1.928  -27.109  70.556 0.0000000000
56882  1.894  -27.516  69.799 0.0000000000
57844  1.705  -25.499  79.155 0.0000000000
58848  1.758  -24.693  79.177 0.0000000000
58849  1.513  -24.876  78.998 0.0000000000
58907  3.425  -25.390  73.528 0.0000000000
59951  3.488  -23.531  73.648 0.0000000000
59952  3.420  -23.601  73.873 0.0000000000
60991  3.631  -24.000  73.263 0.0000000000
62035  3.529  -22.025  74.410 0.0000000000
62064  3.305  -22.815  74.182 0.0000000000
63090  3.692  -21.572  75.973 0.0000000000
63105  3.593  -21.717  75.438 0.0000000000
63121  3.606  -21.717  74.892 0.0000000000
63123  3.267  -22.343  75.138 0.0000000000
63138  3.344  -22.262  74.878 0.0000000000
63139  3.273  -22.511  74.836 0.0000000000
64223  4.266  -20.565  73.445 0.0000000000
64240  4.113  -20.715  72.569 0.0000000000
