#!ascii label  , from subject 4090 vox2ras=TkReg
1199
54834  32.694  -29.389  62.640 0.0000000000
82064  43.578  -4.562  51.073 0.0000000000
66654  35.656  -18.370  56.101 0.0000000000
46231  12.041  -37.619  68.665 0.0000000000
56909  26.788  -26.463  67.503 0.0000000000
73260  35.710  -12.166  56.142 0.0000000000
52544  18.257  -30.961  67.079 0.0000000000
47264  17.070  -37.577  67.766 0.0000000000
54779  22.334  -29.084  66.179 0.0000000000
83116  48.252  -4.808  50.784 0.0000000000
60003  31.855  -25.935  65.355 0.0000000000
62190  32.825  -22.929  61.325 0.0000000000
58006  36.946  -26.818  64.224 0.0000000000
86304  46.005  -0.089  50.755 0.0000000000
85254  49.254  -0.722  47.602 0.0000000000
82023  39.882  -4.393  54.157 0.0000000000
77767  43.426  -9.670  53.274 0.0000000000
76685  38.996  -9.708  54.467 0.0000000000
70026  40.894  -16.046  55.524 0.0000000000
49376  32.171  -35.183  65.183 0.0000000000
41551  10.951  -42.932  71.142 0.0000000000
40406  6.239  -42.715  71.256 0.0000000000
39226  3.509  -42.678  75.248 0.0000000000
53693  29.867  -30.901  63.707 0.0000000000
52556  26.333  -31.554  66.288 0.0000000000
66597  30.713  -18.632  59.596 0.0000000000
64420  36.193  -20.889  61.475 0.0000000000
90623  52.122  3.565  45.077 0.0000000000
82074  45.579  -4.560  50.098 0.0000000000
78796  45.942  -7.625  51.526 0.0000000000
58048  32.542  -27.123  62.853 0.0000000000
58046  34.416  -26.509  62.621 0.0000000000
55918  34.474  -28.480  63.502 0.0000000000
84130  42.809  -2.568  52.158 0.0000000000
85194  44.955  -0.613  52.903 0.0000000000
84155  44.113  -2.051  50.551 0.0000000000
84172  46.554  -2.115  49.214 0.0000000000
35000  3.721  -47.731  73.306 0.0000000000
79828  38.433  -7.074  54.139 0.0000000000
79816  36.729  -7.484  56.198 0.0000000000
70054  35.803  -15.214  55.377 0.0000000000
71159  37.968  -14.559  54.993 0.0000000000
68889  38.294  -17.011  55.512 0.0000000000
65550  38.868  -19.467  57.841 0.0000000000
46228  14.661  -38.113  68.311 0.0000000000
45113  16.843  -39.719  70.620 0.0000000000
42813  14.149  -40.739  70.160 0.0000000000
41548  14.003  -42.437  71.376 0.0000000000
42816  11.407  -40.478  69.555 0.0000000000
42798  6.754  -40.375  71.178 0.0000000000
39281  4.408  -42.806  72.584 0.0000000000
54793  27.818  -29.240  65.264 0.0000000000
52598  27.635  -31.324  64.215 0.0000000000
54794  26.261  -29.559  65.101 0.0000000000
51476  21.654  -32.337  67.294 0.0000000000
52525  23.105  -32.009  67.861 0.0000000000
62159  35.661  -22.719  63.286 0.0000000000
64406  34.328  -21.599  61.657 0.0000000000
77727  35.807  -8.747  57.961 0.0000000000
71110  34.814  -13.571  57.721 0.0000000000
70008  33.566  -15.452  57.239 0.0000000000
50377  19.759  -33.772  67.038 0.0000000000
48306  19.631  -36.823  68.023 0.0000000000
49365  17.409  -34.563  66.425 0.0000000000
49349  15.419  -35.181  67.395 0.0000000000
48292  13.302  -34.904  68.828 0.0000000000
56930  23.575  -27.104  66.100 0.0000000000
56912  21.166  -26.988  67.165 0.0000000000
53658  19.810  -30.086  66.530 0.0000000000
61070  30.210  -23.522  65.842 0.0000000000
62161  29.177  -22.318  62.971 0.0000000000
60047  31.017  -24.996  62.588 0.0000000000
60043  35.892  -24.598  62.306 0.0000000000
88536  49.004  1.807  47.341 0.0000000000
86322  47.353  0.160  47.988 0.0000000000
84170  48.564  -2.787  49.266 0.0000000000
82031  41.415  -4.178  52.421 0.0000000000
79852  42.967  -6.962  52.215 0.0000000000
79840  40.815  -6.618  52.888 0.0000000000
77752  41.541  -9.758  53.803 0.0000000000
74339  42.056  -12.457  54.829 0.0000000000
74357  37.193  -10.968  55.310 0.0000000000
73273  39.609  -12.672  54.501 0.0000000000
52580  32.559  -31.882  63.854 0.0000000000
52566  34.649  -31.544  65.139 0.0000000000
83071  42.329  -2.695  54.429 0.0000000000
45131  9.847  -37.926  69.683 0.0000000000
42818  9.425  -40.415  69.715 0.0000000000
40404  8.470  -42.938  71.255 0.0000000000
39260  8.199  -44.711  72.170 0.0000000000
38183  5.794  -44.284  71.743 0.0000000000
38176  3.777  -44.766  72.309 0.0000000000
37059  2.531  -44.981  74.065 0.0000000000
37047  1.612  -45.519  75.486 0.0000000000
53707  31.284  -30.327  62.691 0.0000000000
51534  29.641  -32.433  63.231 0.0000000000
50409  28.505  -33.900  65.248 0.0000000000
54756  24.291  -30.040  66.716 0.0000000000
66634  32.841  -17.953  57.620 0.0000000000
64443  30.216  -21.082  60.042 0.0000000000
65535  33.539  -20.529  58.991 0.0000000000
65553  35.869  -20.690  57.978 0.0000000000
53645  37.153  -30.555  65.958 0.0000000000
89619  53.550  2.619  43.557 0.0000000000
87455  50.426  1.046  46.132 0.0000000000
87485  53.054  0.938  44.833 0.0000000000
82063  44.780  -5.104  50.788 0.0000000000
80983  45.258  -5.955  51.261 0.0000000000
80984  44.116  -5.782  51.505 0.0000000000
55931  32.427  -28.562  62.633 0.0000000000
55929  34.041  -28.512  62.967 0.0000000000
54833  33.534  -29.417  62.937 0.0000000000
83102  42.634  -3.154  51.901 0.0000000000
84142  43.486  -2.317  51.232 0.0000000000
82076  43.651  -3.656  50.585 0.0000000000
83132  44.274  -3.099  50.106 0.0000000000
35010  3.138  -47.310  72.884 0.0000000000
80917  37.845  -5.805  56.627 0.0000000000
79795  37.643  -6.383  57.906 0.0000000000
67753  35.924  -16.983  55.412 0.0000000000
68907  36.822  -16.168  55.059 0.0000000000
67723  37.419  -17.463  55.516 0.0000000000
66651  38.658  -18.632  56.213 0.0000000000
66630  37.374  -19.074  56.656 0.0000000000
46250  13.711  -37.497  68.318 0.0000000000
44025  14.143  -39.538  69.080 0.0000000000
44026  13.336  -39.448  68.951 0.0000000000
42814  13.310  -40.652  70.051 0.0000000000
44027  12.462  -39.389  68.771 0.0000000000
55852  27.720  -28.204  66.419 0.0000000000
55907  26.938  -29.184  64.871 0.0000000000
56948  26.087  -27.431  65.334 0.0000000000
50362  21.092  -33.808  67.952 0.0000000000
65440  28.599  -18.981  64.884 0.0000000000
62144  35.986  -22.387  64.114 0.0000000000
71111  34.408  -14.374  57.309 0.0000000000
69994  33.462  -15.211  58.244 0.0000000000
52560  18.651  -31.736  66.544 0.0000000000
49363  18.596  -34.378  66.214 0.0000000000
51495  17.561  -32.955  66.354 0.0000000000
50365  15.541  -33.365  67.793 0.0000000000
49318  14.573  -33.296  68.887 0.0000000000
48308  14.035  -35.498  68.094 0.0000000000
57944  23.319  -25.677  68.219 0.0000000000
53612  18.472  -29.513  68.104 0.0000000000
54737  19.469  -28.700  67.787 0.0000000000
53636  18.824  -30.181  67.239 0.0000000000
51492  19.928  -32.137  66.412 0.0000000000
60018  30.242  -24.097  64.359 0.0000000000
60031  31.518  -25.591  63.132 0.0000000000
58028  35.829  -26.702  63.301 0.0000000000
59018  35.091  -25.506  62.249 0.0000000000
58998  36.704  -25.898  63.353 0.0000000000
60028  37.392  -24.767  63.335 0.0000000000
58005  37.634  -26.436  64.443 0.0000000000
86296  46.081  0.134  51.723 0.0000000000
87442  46.858  1.309  48.918 0.0000000000
85240  46.808  -0.299  48.749 0.0000000000
83143  47.153  -3.343  49.687 0.0000000000
84171  47.484  -2.548  49.290 0.0000000000
84152  48.317  -3.548  49.732 0.0000000000
82022  40.502  -3.897  53.838 0.0000000000
80968  41.351  -5.515  52.455 0.0000000000
80952  39.953  -6.105  53.527 0.0000000000
78774  38.412  -8.185  54.191 0.0000000000
78773  39.520  -7.868  53.801 0.0000000000
77754  40.417  -9.591  54.105 0.0000000000
75528  41.847  -11.041  54.296 0.0000000000
75543  40.167  -10.538  54.334 0.0000000000
75495  35.528  -10.288  57.728 0.0000000000
76659  36.311  -9.602  56.077 0.0000000000
75532  36.183  -11.028  56.074 0.0000000000
70051  38.639  -15.697  55.046 0.0000000000
72204  38.763  -13.547  54.799 0.0000000000
71157  40.175  -14.494  54.860 0.0000000000
72202  40.780  -13.650  54.459 0.0000000000
50406  32.226  -34.200  64.469 0.0000000000
51506  33.656  -32.867  64.703 0.0000000000
82002  40.783  -3.786  55.267 0.0000000000
82021  41.527  -3.406  54.716 0.0000000000
83072  41.532  -3.493  53.677 0.0000000000
47262  18.496  -37.212  67.491 0.0000000000
46206  18.592  -38.075  69.433 0.0000000000
41532  12.442  -43.484  71.660 0.0000000000
40368  13.821  -43.893  73.189 0.0000000000
40369  12.118  -43.973  72.874 0.0000000000
40370  10.815  -43.956  72.567 0.0000000000
46170  9.018  -37.364  71.137 0.0000000000
44031  9.476  -39.393  69.497 0.0000000000
43991  8.061  -38.441  70.659 0.0000000000
41575  6.340  -41.622  71.101 0.0000000000
41574  7.575  -41.705  70.641 0.0000000000
40405  7.180  -42.681  71.084 0.0000000000
39278  8.422  -43.932  71.829 0.0000000000
39279  7.472  -44.244  71.777 0.0000000000
38173  6.767  -44.968  72.171 0.0000000000
39297  6.051  -43.609  71.495 0.0000000000
39262  3.932  -43.399  73.215 0.0000000000
39282  4.067  -43.878  72.165 0.0000000000
38159  3.661  -43.922  73.195 0.0000000000
37086  3.117  -45.650  72.590 0.0000000000
38147  2.907  -44.390  74.116 0.0000000000
54806  30.370  -30.609  63.840 0.0000000000
55905  31.115  -29.823  63.559 0.0000000000
53709  30.173  -30.963  63.305 0.0000000000
52595  30.264  -31.720  63.008 0.0000000000
52596  29.395  -31.428  63.395 0.0000000000
52581  26.874  -30.974  64.768 0.0000000000
51523  27.626  -32.388  64.643 0.0000000000
51508  27.430  -32.710  65.500 0.0000000000
55876  22.889  -27.981  66.029 0.0000000000
55875  24.156  -27.993  65.901 0.0000000000
54758  22.925  -29.641  66.313 0.0000000000
53588  24.269  -31.982  68.248 0.0000000000
78787  43.712  -8.616  52.165 0.0000000000
78786  44.718  -8.612  51.982 0.0000000000
77783  44.703  -9.235  52.778 0.0000000000
67664  31.244  -16.833  59.911 0.0000000000
68855  31.842  -16.944  58.657 0.0000000000
66614  31.926  -18.090  58.512 0.0000000000
61134  29.892  -23.242  61.389 0.0000000000
63288  29.279  -21.577  61.495 0.0000000000
63287  31.762  -22.300  60.522 0.0000000000
64421  35.287  -20.930  61.413 0.0000000000
65491  33.588  -21.473  60.268 0.0000000000
65489  34.817  -21.101  60.505 0.0000000000
65534  34.436  -20.876  58.825 0.0000000000
65508  36.033  -20.979  59.884 0.0000000000
65531  37.469  -20.304  59.098 0.0000000000
53647  35.757  -30.791  65.837 0.0000000000
90639  52.539  2.889  44.124 0.0000000000
87445  49.171  0.937  47.048 0.0000000000
88546  49.539  1.794  46.689 0.0000000000
87444  49.907  0.532  46.745 0.0000000000
86351  52.012  -0.064  46.191 0.0000000000
87451  53.526  -0.008  45.731 0.0000000000
53592  17.539  -29.850  68.898 0.0000000000
51479  17.271  -31.544  67.420 0.0000000000
82073  46.658  -4.709  50.401 0.0000000000
82060  48.039  -5.603  51.232 0.0000000000
82061  47.008  -5.617  50.661 0.0000000000
58029  32.498  -26.712  63.894 0.0000000000
59000  32.458  -26.367  63.187 0.0000000000
58047  33.237  -26.616  62.780 0.0000000000
56988  34.692  -27.009  62.996 0.0000000000
56962  35.395  -28.057  64.072 0.0000000000
85175  45.125  -1.157  53.777 0.0000000000
85195  44.184  -1.212  52.371 0.0000000000
85205  44.122  -1.158  51.270 0.0000000000
86306  44.848  -0.830  50.486 0.0000000000
85224  45.745  -0.985  49.684 0.0000000000
84154  45.026  -2.410  49.847 0.0000000000
83131  45.417  -3.406  49.818 0.0000000000
36031  4.815  -46.793  72.977 0.0000000000
80929  39.201  -4.562  55.594 0.0000000000
80942  39.395  -5.161  54.249 0.0000000000
80930  38.345  -5.532  55.398 0.0000000000
79829  37.501  -7.522  54.577 0.0000000000
78775  37.596  -8.572  54.638 0.0000000000
72188  35.432  -13.035  56.324 0.0000000000
72207  36.135  -12.847  55.705 0.0000000000
70053  36.519  -15.209  55.013 0.0000000000
70052  37.355  -15.412  54.969 0.0000000000
68888  39.053  -16.888  55.619 0.0000000000
67700  39.754  -18.020  56.341 0.0000000000
66609  39.962  -18.797  58.158 0.0000000000
49361  30.826  -35.795  66.275 0.0000000000
46267  16.087  -37.619  67.518 0.0000000000
45147  17.052  -38.862  68.858 0.0000000000
45168  15.681  -38.601  68.272 0.0000000000
44004  15.595  -40.241  69.775 0.0000000000
42792  15.551  -41.489  70.444 0.0000000000
42795  12.894  -41.350  70.234 0.0000000000
41571  11.149  -41.888  70.526 0.0000000000
43993  7.139  -39.507  70.985 0.0000000000
42766  6.250  -40.370  72.714 0.0000000000
40389  5.560  -41.969  71.535 0.0000000000
40390  4.963  -42.327  72.005 0.0000000000
40373  4.871  -41.651  73.103 0.0000000000
40357  4.610  -41.548  74.306 0.0000000000
39243  3.864  -42.084  74.702 0.0000000000
54807  28.204  -29.816  65.095 0.0000000000
53694  28.625  -30.914  63.928 0.0000000000
54808  27.633  -29.699  64.759 0.0000000000
53680  26.627  -30.211  64.851 0.0000000000
53668  25.949  -30.165  65.556 0.0000000000
52557  21.490  -31.015  66.066 0.0000000000
53611  22.636  -31.201  67.018 0.0000000000
51462  22.284  -32.458  67.931 0.0000000000
76682  43.686  -10.236  54.021 0.0000000000
66568  29.675  -18.098  61.832 0.0000000000
61111  34.840  -23.152  62.270 0.0000000000
63286  32.822  -22.311  61.105 0.0000000000
63272  34.652  -21.888  62.272 0.0000000000
63256  35.359  -21.642  63.066 0.0000000000
90614  51.198  3.500  46.545 0.0000000000
34994  1.371  -47.641  73.731 0.0000000000
75464  35.799  -10.081  59.263 0.0000000000
74322  35.623  -11.591  58.152 0.0000000000
72169  35.020  -12.980  57.247 0.0000000000
71135  35.087  -14.050  56.670 0.0000000000
70030  34.349  -15.556  56.552 0.0000000000
67726  34.420  -17.174  56.461 0.0000000000
50363  20.519  -34.438  67.949 0.0000000000
49316  20.489  -35.407  68.932 0.0000000000
49346  19.434  -34.674  66.720 0.0000000000
48321  18.825  -35.367  66.409 0.0000000000
47283  17.366  -36.543  67.094 0.0000000000
50378  16.410  -33.083  67.323 0.0000000000
49348  15.806  -34.447  67.138 0.0000000000
48324  16.274  -35.829  67.041 0.0000000000
47265  14.818  -36.437  67.543 0.0000000000
47266  14.164  -36.667  67.869 0.0000000000
47248  12.506  -36.075  68.621 0.0000000000
56928  25.458  -26.622  65.872 0.0000000000
57957  24.233  -26.003  67.007 0.0000000000
56931  22.340  -26.873  66.616 0.0000000000
55877  21.829  -28.127  66.293 0.0000000000
55815  20.164  -27.011  68.651 0.0000000000
55879  20.559  -28.334  66.786 0.0000000000
53657  20.793  -30.075  66.025 0.0000000000
52558  20.445  -31.323  66.180 0.0000000000
50376  20.416  -33.511  67.376 0.0000000000
63230  29.555  -21.679  66.530 0.0000000000
63242  29.141  -21.555  64.581 0.0000000000
62146  29.443  -22.536  64.902 0.0000000000
61115  30.163  -24.169  62.492 0.0000000000
61132  32.344  -23.934  61.295 0.0000000000
59041  33.706  -25.362  62.013 0.0000000000
60065  33.471  -24.851  61.781 0.0000000000
61130  34.376  -23.702  61.754 0.0000000000
61110  35.585  -23.649  62.354 0.0000000000
61078  37.845  -23.922  64.429 0.0000000000
88532  48.283  2.313  48.670 0.0000000000
87447  47.963  1.402  47.908 0.0000000000
85255  48.622  -0.417  47.623 0.0000000000
85223  46.547  -1.114  49.115 0.0000000000
85238  48.319  -1.066  48.127 0.0000000000
82066  42.219  -4.566  51.904 0.0000000000
80966  43.368  -6.090  51.791 0.0000000000
80967  42.412  -5.664  52.093 0.0000000000
79838  42.319  -7.154  52.537 0.0000000000
78770  41.823  -8.491  53.000 0.0000000000
79841  40.037  -7.094  53.420 0.0000000000
78771  41.289  -8.452  53.333 0.0000000000
77768  42.276  -9.435  53.367 0.0000000000
76669  42.211  -10.333  54.092 0.0000000000
75512  43.686  -12.084  54.600 0.0000000000
78749  36.302  -7.776  56.925 0.0000000000
77756  36.649  -8.853  55.759 0.0000000000
76687  37.771  -9.896  54.951 0.0000000000
73287  37.171  -12.159  55.042 0.0000000000
73285  38.070  -11.758  54.771 0.0000000000
74367  39.267  -10.994  54.589 0.0000000000
73272  40.550  -12.679  54.281 0.0000000000
53691  32.700  -30.771  63.014 0.0000000000
53690  33.401  -30.475  63.478 0.0000000000
52579  33.320  -31.565  64.278 0.0000000000
51487  35.373  -32.829  65.407 0.0000000000
84098  42.462  -2.410  53.601 0.0000000000
83103  42.247  -3.489  52.158 0.0000000000
47232  11.678  -35.911  69.649 0.0000000000
46209  10.708  -36.720  69.620 0.0000000000
46232  11.136  -37.611  68.748 0.0000000000
44029  10.839  -39.408  69.111 0.0000000000
42817  10.521  -40.663  69.790 0.0000000000
41590  10.168  -41.258  70.312 0.0000000000
42820  7.639  -40.609  70.482 0.0000000000
41573  8.785  -41.938  70.904 0.0000000000
41572  9.982  -42.075  71.271 0.0000000000
40387  9.814  -43.448  71.776 0.0000000000
39242  9.492  -44.805  73.238 0.0000000000
37083  5.959  -45.540  72.415 0.0000000000
39298  4.995  -43.510  71.690 0.0000000000
38175  4.630  -44.733  72.066 0.0000000000
37072  4.843  -46.134  72.528 0.0000000000
36040  3.849  -46.700  72.638 0.0000000000
36041  2.927  -46.720  72.766 0.0000000000
36033  2.219  -46.498  73.456 0.0000000000
38134  2.802  -44.122  75.185 0.0000000000
37046  2.072  -45.644  75.117 0.0000000000
36023  1.628  -46.836  74.155 0.0000000000
55932  31.631  -28.720  62.933 0.0000000000
55933  31.274  -29.166  62.968 0.0000000000
53706  32.146  -30.380  62.612 0.0000000000
52611  31.459  -31.026  62.555 0.0000000000
51533  30.772  -32.718  63.352 0.0000000000
50421  30.434  -33.864  64.065 0.0000000000
51535  28.633  -32.367  63.640 0.0000000000
50422  29.207  -33.643  64.206 0.0000000000
50408  29.530  -34.464  65.141 0.0000000000
56949  25.166  -27.486  65.572 0.0000000000
54795  25.477  -29.191  65.627 0.0000000000
53654  25.380  -30.287  66.343 0.0000000000
53633  23.622  -30.675  66.955 0.0000000000
53631  25.100  -31.063  66.996 0.0000000000
52539  25.918  -31.796  67.254 0.0000000000
78797  44.879  -7.652  51.615 0.0000000000
68853  32.964  -15.774  58.061 0.0000000000
67703  33.261  -17.294  57.204 0.0000000000
67702  34.076  -17.962  56.784 0.0000000000
64386  29.057  -20.493  63.416 0.0000000000
65493  29.244  -19.883  61.520 0.0000000000
65514  29.959  -19.726  60.186 0.0000000000
64425  32.324  -21.932  60.437 0.0000000000
65512  31.941  -20.737  59.496 0.0000000000
65537  31.323  -19.741  59.220 0.0000000000
65556  33.145  -19.849  58.658 0.0000000000
66611  34.457  -19.805  57.424 0.0000000000
65572  36.033  -20.008  57.315 0.0000000000
65551  37.771  -19.841  58.135 0.0000000000
53673  34.368  -30.432  64.636 0.0000000000
54801  35.318  -29.136  64.947 0.0000000000
55886  36.084  -28.430  65.099 0.0000000000
54748  38.126  -29.772  66.878 0.0000000000
56924  37.468  -27.882  65.675 0.0000000000
90648  54.579  3.394  42.643 0.0000000000
89592  50.241  2.623  46.532 0.0000000000
89602  51.259  2.480  45.385 0.0000000000
86352  51.129  0.129  46.487 0.0000000000
87469  51.533  0.962  45.475 0.0000000000
88570  51.960  1.857  44.714 0.0000000000
88568  53.436  1.426  44.350 0.0000000000
88566  54.722  1.217  44.120 0.0000000000
55930  33.312  -28.491  62.653 0.0000000000
83118  42.486  -3.727  51.718 0.0000000000
83117  42.903  -3.394  51.399 0.0000000000
35001  2.533  -47.510  73.038 0.0000000000
67725  35.297  -17.138  55.832 0.0000000000
67724  36.241  -17.588  55.614 0.0000000000
66653  36.802  -18.439  56.000 0.0000000000
46230  13.028  -37.521  68.475 0.0000000000
45150  13.744  -38.702  68.715 0.0000000000
45151  12.768  -38.527  68.706 0.0000000000
45152  11.840  -38.504  68.662 0.0000000000
55853  27.331  -27.296  66.895 0.0000000000
55874  27.044  -27.733  65.778 0.0000000000
56927  26.601  -26.722  66.227 0.0000000000
50349  21.141  -34.830  68.837 0.0000000000
50348  21.862  -34.102  68.794 0.0000000000
65424  28.693  -19.562  66.397 0.0000000000
51494  18.066  -32.351  66.458 0.0000000000
53637  18.360  -30.400  67.345 0.0000000000
60016  31.126  -25.637  64.494 0.0000000000
60015  31.838  -26.233  63.848 0.0000000000
58027  36.319  -26.921  63.692 0.0000000000
58999  35.781  -26.002  62.881 0.0000000000
58979  37.373  -26.066  64.031 0.0000000000
87425  46.466  0.546  51.025 0.0000000000
87433  46.390  0.498  50.340 0.0000000000
87438  46.626  0.985  49.667 0.0000000000
86312  46.308  -0.255  49.739 0.0000000000
83129  47.593  -3.995  50.231 0.0000000000
83128  48.782  -4.331  50.021 0.0000000000
37058  6.303  -46.681  73.451 0.0000000000
80941  39.969  -4.604  53.828 0.0000000000
80951  40.304  -5.145  53.219 0.0000000000
77771  39.248  -8.920  54.203 0.0000000000
76684  39.898  -9.717  54.267 0.0000000000
75544  39.486  -10.339  54.497 0.0000000000
74340  35.722  -11.390  56.537 0.0000000000
75514  35.851  -10.304  56.564 0.0000000000
74359  36.023  -11.604  55.935 0.0000000000
70050  39.802  -15.361  55.133 0.0000000000
71158  39.177  -14.564  54.794 0.0000000000
70049  40.470  -15.145  55.155 0.0000000000
49375  32.772  -34.716  64.895 0.0000000000
82003  39.824  -4.089  54.799 0.0000000000
46245  18.015  -37.627  67.814 0.0000000000
46225  18.344  -37.918  68.313 0.0000000000
46246  17.561  -37.877  68.012 0.0000000000
41550  11.909  -43.115  70.768 0.0000000000
40385  11.657  -43.518  71.636 0.0000000000
40386  10.954  -43.490  71.902 0.0000000000
45114  8.456  -37.898  70.748 0.0000000000
39295  7.680  -43.458  71.432 0.0000000000
39296  6.873  -43.486  71.381 0.0000000000
39280  6.690  -44.128  71.654 0.0000000000
39244  3.668  -42.936  74.226 0.0000000000
38146  3.459  -43.754  73.745 0.0000000000
38133  3.236  -43.494  74.745 0.0000000000
53677  29.801  -30.738  64.607 0.0000000000
52614  29.928  -31.102  63.359 0.0000000000
52568  26.767  -31.529  65.393 0.0000000000
51509  27.124  -32.086  65.394 0.0000000000
52555  26.793  -31.864  65.840 0.0000000000
51489  27.544  -33.030  66.264 0.0000000000
51490  26.891  -32.331  66.310 0.0000000000
54778  23.360  -28.890  66.195 0.0000000000
77784  43.654  -9.246  52.743 0.0000000000
77766  44.697  -9.796  53.646 0.0000000000
67665  30.653  -17.433  60.150 0.0000000000
67676  30.855  -17.864  59.626 0.0000000000
67675  31.325  -17.581  59.188 0.0000000000
61149  30.645  -23.127  60.782 0.0000000000
62203  31.073  -22.868  60.573 0.0000000000
62191  32.045  -23.019  60.877 0.0000000000
65488  35.627  -20.946  60.647 0.0000000000
65509  35.122  -21.106  59.733 0.0000000000
64439  36.327  -20.962  60.671 0.0000000000
64438  36.766  -20.978  60.992 0.0000000000
91682  52.357  3.933  45.218 0.0000000000
90630  52.733  3.648  44.265 0.0000000000
90631  52.323  3.333  44.642 0.0000000000
86336  49.242  0.009  47.207 0.0000000000
86335  50.224  -0.274  47.078 0.0000000000
53569  17.798  -29.081  69.563 0.0000000000
53570  17.166  -29.604  69.998 0.0000000000
53591  18.036  -29.420  68.646 0.0000000000
82062  45.888  -5.449  50.583 0.0000000000
80964  45.741  -6.556  51.103 0.0000000000
79869  46.665  -6.758  51.318 0.0000000000
56989  34.061  -27.514  62.881 0.0000000000
56978  34.427  -28.016  63.173 0.0000000000
56977  35.103  -27.583  63.443 0.0000000000
55917  34.937  -28.454  64.049 0.0000000000
84110  42.845  -2.025  53.208 0.0000000000
85176  44.249  -1.268  53.312 0.0000000000
85177  43.469  -1.673  52.766 0.0000000000
84141  43.776  -1.791  51.067 0.0000000000
85206  43.718  -1.761  51.366 0.0000000000
86298  44.732  -0.761  50.736 0.0000000000
85213  44.554  -1.075  50.444 0.0000000000
85212  44.997  -1.474  49.933 0.0000000000
82075  44.474  -4.148  50.270 0.0000000000
83130  46.468  -3.846  49.943 0.0000000000
36032  4.255  -47.183  73.024 0.0000000000
80916  38.764  -5.146  56.553 0.0000000000
79805  37.032  -6.745  56.645 0.0000000000
80931  37.441  -6.161  55.760 0.0000000000
79815  36.935  -6.955  55.459 0.0000000000
78757  37.009  -8.084  55.413 0.0000000000
71161  35.932  -14.157  55.578 0.0000000000
67751  37.114  -16.738  55.271 0.0000000000
68906  37.737  -16.423  55.246 0.0000000000
68905  38.546  -16.497  55.291 0.0000000000
67721  39.376  -17.422  55.911 0.0000000000
67722  38.712  -17.801  55.866 0.0000000000
65569  38.567  -19.287  57.138 0.0000000000
66628  39.197  -19.012  56.791 0.0000000000
65549  39.479  -19.132  58.130 0.0000000000
65529  39.632  -19.365  58.789 0.0000000000
80915  39.596  -4.464  56.696 0.0000000000
46248  15.267  -37.811  67.888 0.0000000000
45167  16.009  -38.409  68.094 0.0000000000
44005  14.797  -40.256  69.503 0.0000000000
43990  15.442  -40.788  69.957 0.0000000000
42812  14.839  -41.056  70.012 0.0000000000
42793  14.514  -41.480  70.395 0.0000000000
42815  12.444  -40.686  69.709 0.0000000000
42796  11.912  -41.327  69.995 0.0000000000
41570  12.416  -42.261  70.213 0.0000000000
41534  5.908  -40.695  73.417 0.0000000000
41553  5.792  -41.045  72.154 0.0000000000
41535  5.483  -41.251  72.908 0.0000000000
41554  5.282  -41.603  72.325 0.0000000000
40372  5.453  -41.210  73.379 0.0000000000
54775  27.958  -29.030  66.010 0.0000000000
54792  28.293  -29.511  65.567 0.0000000000
53667  28.837  -30.178  65.456 0.0000000000
55891  26.512  -28.689  65.085 0.0000000000
54809  26.923  -29.595  64.752 0.0000000000
52582  26.436  -30.557  65.136 0.0000000000
52542  21.313  -31.823  66.649 0.0000000000
52541  22.050  -31.622  67.002 0.0000000000
65472  29.378  -19.067  62.243 0.0000000000
61095  35.422  -23.032  62.867 0.0000000000
62176  34.332  -22.534  62.092 0.0000000000
62160  35.247  -22.383  62.924 0.0000000000
63239  35.896  -21.491  65.002 0.0000000000
63240  35.786  -21.617  63.983 0.0000000000
64360  35.801  -21.270  63.541 0.0000000000
34995  0.695  -47.756  74.198 0.0000000000
75480  35.837  -10.600  59.204 0.0000000000
70007  33.998  -15.023  56.910 0.0000000000
71136  34.581  -14.846  56.641 0.0000000000
68891  34.697  -16.297  56.216 0.0000000000
68892  33.834  -16.321  56.800 0.0000000000
49331  20.021  -35.035  67.804 0.0000000000
49364  17.911  -34.307  66.185 0.0000000000
48338  18.044  -34.915  66.462 0.0000000000
47282  18.133  -36.200  66.800 0.0000000000
48339  17.673  -35.064  66.568 0.0000000000
51464  16.548  -30.974  68.428 0.0000000000
51465  16.443  -31.930  67.840 0.0000000000
49332  15.326  -33.895  67.644 0.0000000000
50379  16.062  -33.739  67.195 0.0000000000
48325  15.512  -36.176  67.246 0.0000000000
48307  14.786  -35.275  67.855 0.0000000000
47247  13.333  -35.805  68.237 0.0000000000
47267  13.458  -36.862  68.144 0.0000000000
48293  12.778  -35.234  68.883 0.0000000000
57942  25.059  -25.982  67.585 0.0000000000
57943  24.220  -25.743  67.966 0.0000000000
56911  21.773  -26.279  67.693 0.0000000000
57959  22.681  -26.066  67.490 0.0000000000
56932  21.352  -27.573  66.611 0.0000000000
54760  19.568  -29.338  67.120 0.0000000000
54759  19.864  -28.666  67.323 0.0000000000
54781  20.284  -29.054  66.618 0.0000000000
51493  19.207  -32.501  66.359 0.0000000000
51478  19.988  -32.898  66.847 0.0000000000
62136  29.978  -22.628  65.959 0.0000000000
63241  29.276  -21.646  65.586 0.0000000000
61082  29.949  -23.608  64.975 0.0000000000
60048  30.586  -24.702  63.113 0.0000000000
61096  29.941  -23.809  63.865 0.0000000000
61114  31.404  -24.461  61.748 0.0000000000
61113  31.974  -24.448  61.644 0.0000000000
59020  33.187  -25.623  62.390 0.0000000000
59019  34.000  -25.820  62.242 0.0000000000
59039  34.674  -24.732  61.873 0.0000000000
59040  34.199  -25.130  61.868 0.0000000000
60064  34.150  -24.400  61.643 0.0000000000
60063  34.682  -24.200  61.792 0.0000000000
61129  34.956  -23.790  61.968 0.0000000000
60014  37.839  -24.744  64.044 0.0000000000
61092  37.591  -24.019  63.763 0.0000000000
85193  45.765  -0.486  53.475 0.0000000000
88515  48.866  2.613  49.905 0.0000000000
88524  48.186  2.177  49.512 0.0000000000
87441  47.378  1.155  48.286 0.0000000000
86337  48.376  0.291  47.536 0.0000000000
86321  47.976  -0.403  47.857 0.0000000000
84173  45.723  -1.786  49.441 0.0000000000
85222  47.472  -1.547  48.886 0.0000000000
85221  48.432  -1.848  48.821 0.0000000000
82048  41.801  -4.463  52.116 0.0000000000
82049  41.338  -4.786  52.337 0.0000000000
79854  41.499  -6.431  52.623 0.0000000000
79839  41.793  -7.081  52.727 0.0000000000
78788  42.520  -8.220  52.535 0.0000000000
78789  41.468  -7.747  52.949 0.0000000000
80943  38.522  -6.050  54.357 0.0000000000
79827  39.284  -6.545  53.868 0.0000000000
77770  40.233  -8.992  53.989 0.0000000000
78772  40.502  -8.293  53.625 0.0000000000
77769  41.142  -9.050  53.799 0.0000000000
76683  42.779  -10.132  53.988 0.0000000000
74352  42.214  -11.520  54.780 0.0000000000
74338  42.723  -12.206  55.091 0.0000000000
78740  36.276  -7.849  58.084 0.0000000000
78750  35.997  -8.229  57.593 0.0000000000
75531  36.631  -10.368  55.740 0.0000000000
76673  36.826  -9.553  55.604 0.0000000000
76672  37.303  -9.885  55.221 0.0000000000
75546  37.822  -10.496  55.000 0.0000000000
72206  36.792  -13.296  55.270 0.0000000000
73276  36.733  -12.305  55.300 0.0000000000
72205  37.692  -13.470  55.044 0.0000000000
73274  38.302  -12.450  54.767 0.0000000000
74356  38.439  -11.790  54.681 0.0000000000
74355  39.025  -11.762  54.614 0.0000000000
74354  40.119  -11.514  54.432 0.0000000000
73283  40.330  -12.973  54.273 0.0000000000
52592  32.829  -31.262  63.497 0.0000000000
50388  34.013  -34.078  65.116 0.0000000000
51488  34.561  -33.293  64.969 0.0000000000
84097  43.245  -1.953  54.290 0.0000000000
83083  41.198  -4.001  52.793 0.0000000000
83081  42.015  -3.056  53.209 0.0000000000
83104  41.756  -3.890  52.211 0.0000000000
82047  42.087  -4.040  51.876 0.0000000000
48289  19.959  -36.110  68.814 0.0000000000
48290  19.542  -36.841  69.177 0.0000000000
45128  17.129  -39.149  69.588 0.0000000000
41530  14.363  -42.979  72.589 0.0000000000
47231  12.215  -35.144  69.745 0.0000000000
46210  9.926  -37.247  69.973 0.0000000000
46188  10.101  -36.689  70.819 0.0000000000
46233  10.379  -37.735  69.257 0.0000000000
45153  10.928  -38.544  68.803 0.0000000000
45154  10.134  -38.621  69.270 0.0000000000
42838  10.052  -40.004  69.475 0.0000000000
44012  7.278  -40.051  70.704 0.0000000000
41592  8.304  -41.251  70.379 0.0000000000
40403  9.283  -42.615  71.213 0.0000000000
40388  8.977  -43.567  71.723 0.0000000000
39277  9.196  -44.013  72.064 0.0000000000
39259  8.907  -44.597  72.603 0.0000000000
38158  7.265  -45.532  72.929 0.0000000000
37070  6.685  -45.975  73.004 0.0000000000
37084  5.131  -45.539  72.305 0.0000000000
37085  4.213  -45.698  72.302 0.0000000000
36039  4.432  -46.351  72.531 0.0000000000
37073  2.658  -45.087  73.410 0.0000000000
37074  2.512  -45.781  73.205 0.0000000000
37087  2.632  -46.163  72.909 0.0000000000
38119  2.450  -43.777  75.962 0.0000000000
37032  2.338  -44.714  75.523 0.0000000000
36022  1.924  -46.179  74.513 0.0000000000
36009  1.826  -46.089  74.988 0.0000000000
36010  1.248  -46.074  75.033 0.0000000000
56992  31.793  -27.952  63.033 0.0000000000
54821  30.821  -30.216  63.403 0.0000000000
55920  31.251  -29.358  63.222 0.0000000000
54836  31.177  -29.634  62.937 0.0000000000
51521  31.200  -33.385  63.757 0.0000000000
50434  29.868  -33.207  63.576 0.0000000000
53695  27.997  -30.983  63.918 0.0000000000
52597  28.377  -31.451  63.791 0.0000000000
50424  27.727  -32.951  64.976 0.0000000000
50423  28.249  -33.091  64.455 0.0000000000
50391  28.739  -34.349  66.307 0.0000000000
57969  24.791  -26.510  66.030 0.0000000000
56929  24.556  -27.087  65.791 0.0000000000
54777  24.416  -29.061  66.264 0.0000000000
54776  25.022  -29.716  66.364 0.0000000000
53669  25.448  -29.820  65.953 0.0000000000
54755  24.845  -30.342  66.788 0.0000000000
53610  23.132  -31.353  67.359 0.0000000000
53634  22.911  -30.432  66.757 0.0000000000
53587  24.724  -32.129  68.281 0.0000000000
53608  24.319  -31.533  67.607 0.0000000000
53607  24.856  -31.705  67.749 0.0000000000
52540  25.417  -31.525  67.383 0.0000000000
79851  44.074  -6.654  51.782 0.0000000000
78798  43.852  -7.745  51.824 0.0000000000
69995  32.986  -15.508  58.869 0.0000000000
68843  32.260  -15.955  59.075 0.0000000000
67686  32.247  -17.474  58.056 0.0000000000
68871  32.605  -16.835  57.652 0.0000000000
66633  33.580  -18.546  57.352 0.0000000000
63257  29.076  -21.485  63.625 0.0000000000
64362  28.972  -20.797  64.222 0.0000000000
63275  29.112  -21.318  62.584 0.0000000000
63302  29.828  -21.713  60.565 0.0000000000
64426  29.128  -20.642  61.893 0.0000000000
64444  29.405  -20.752  60.836 0.0000000000
65515  29.417  -19.862  60.855 0.0000000000
63285  33.304  -21.913  61.128 0.0000000000
64424  33.005  -21.825  60.662 0.0000000000
65511  33.203  -21.178  59.623 0.0000000000
65536  32.470  -19.939  58.881 0.0000000000
66595  32.311  -19.283  58.594 0.0000000000
65533  35.472  -21.032  58.836 0.0000000000
65554  34.705  -20.310  57.852 0.0000000000
65573  35.324  -20.183  57.451 0.0000000000
65571  37.038  -19.643  57.370 0.0000000000
65552  36.745  -20.103  58.207 0.0000000000
65506  38.270  -20.516  60.006 0.0000000000
52578  33.943  -31.192  64.732 0.0000000000
53689  33.921  -30.100  64.001 0.0000000000
53646  36.326  -30.471  65.954 0.0000000000
53662  35.682  -30.046  65.683 0.0000000000
54770  36.146  -29.685  65.751 0.0000000000
55887  35.618  -28.791  65.044 0.0000000000
54769  36.896  -29.700  65.675 0.0000000000
55848  37.876  -28.772  66.345 0.0000000000
56923  37.985  -27.655  66.158 0.0000000000
90649  53.842  3.556  43.147 0.0000000000
91697  53.739  4.254  43.466 0.0000000000
89631  54.121  2.860  43.057 0.0000000000
89618  54.135  2.323  43.363 0.0000000000
89577  49.064  2.702  48.655 0.0000000000
88545  50.104  1.776  46.096 0.0000000000
89603  50.613  2.304  45.863 0.0000000000
89591  51.015  2.841  45.960 0.0000000000
88558  50.726  1.725  45.612 0.0000000000
86368  52.692  0.085  45.722 0.0000000000
87453  51.605  0.466  45.902 0.0000000000
87468  52.318  0.670  45.345 0.0000000000
88556  51.967  1.341  45.044 0.0000000000
88569  52.588  1.573  44.487 0.0000000000
79850  45.126  -6.724  51.434 0.0000000000
56990  33.003  -27.638  62.636 0.0000000000
54832  34.121  -29.108  63.318 0.0000000000
83133  43.591  -2.813  50.701 0.0000000000
80901  38.383  -5.558  57.426 0.0000000000
68908  35.814  -16.168  55.292 0.0000000000
67752  36.535  -16.871  55.315 0.0000000000
66652  37.881  -18.483  56.051 0.0000000000
66629  38.266  -19.027  56.675 0.0000000000
65570  37.971  -19.407  57.310 0.0000000000
46229  14.077  -38.073  68.452 0.0000000000
44006  13.780  -40.167  69.508 0.0000000000
44007  12.934  -40.122  69.320 0.0000000000
44008  12.057  -40.130  69.020 0.0000000000
40356  5.402  -41.151  73.981 0.0000000000
55873  27.454  -28.581  65.483 0.0000000000
51463  21.737  -33.148  67.857 0.0000000000
65457  29.019  -19.325  63.436 0.0000000000
62143  36.751  -22.769  64.244 0.0000000000
62133  37.097  -22.653  65.005 0.0000000000
71094  34.676  -14.080  58.110 0.0000000000
71095  34.100  -14.521  57.908 0.0000000000
71112  33.854  -14.867  57.495 0.0000000000
50393  18.911  -33.522  66.218 0.0000000000
50394  18.007  -33.493  66.095 0.0000000000
50395  17.226  -33.560  66.441 0.0000000000
50364  15.777  -32.328  68.380 0.0000000000
50352  15.016  -33.380  68.242 0.0000000000
49333  14.937  -34.155  67.932 0.0000000000
56894  21.576  -26.058  68.767 0.0000000000
54715  19.236  -28.374  68.615 0.0000000000
54738  18.979  -29.128  67.932 0.0000000000
52559  19.186  -31.183  66.520 0.0000000000
60017  30.481  -24.630  64.825 0.0000000000
60032  30.761  -25.130  63.628 0.0000000000
58045  35.164  -26.547  62.908 0.0000000000
59017  36.093  -25.388  62.604 0.0000000000
60029  36.679  -24.714  62.774 0.0000000000
58997  37.543  -25.464  63.767 0.0000000000
58978  37.974  -25.666  64.410 0.0000000000
86290  45.281  -0.215  52.152 0.0000000000
86295  46.587  0.379  52.401 0.0000000000
88533  47.419  1.899  48.944 0.0000000000
88534  47.015  1.492  49.440 0.0000000000
86323  46.767  0.527  48.804 0.0000000000
83144  46.470  -2.979  49.561 0.0000000000
84153  47.812  -3.224  49.657 0.0000000000
82032  41.067  -4.371  52.680 0.0000000000
77753  40.875  -9.628  53.975 0.0000000000
76670  41.317  -10.326  53.911 0.0000000000
76671  40.610  -10.107  54.092 0.0000000000
75529  40.915  -10.945  54.013 0.0000000000
74353  41.508  -11.881  54.517 0.0000000000
76647  35.627  -9.478  57.330 0.0000000000
75513  36.272  -10.094  56.116 0.0000000000
74358  36.597  -11.444  55.604 0.0000000000
72203  39.827  -13.588  54.527 0.0000000000
71156  41.104  -14.697  55.049 0.0000000000
51520  31.944  -32.817  63.866 0.0000000000
51519  32.837  -32.452  64.283 0.0000000000
51507  32.835  -33.285  64.331 0.0000000000
50405  33.244  -34.117  64.659 0.0000000000
81983  41.064  -4.153  56.396 0.0000000000
82001  41.756  -3.522  55.876 0.0000000000
83073  41.143  -3.887  53.120 0.0000000000
47246  19.100  -37.445  68.730 0.0000000000
41549  13.028  -42.980  70.989 0.0000000000
41531  13.313  -43.303  72.128 0.0000000000
46189  9.535  -37.245  70.716 0.0000000000
46211  9.549  -37.683  70.149 0.0000000000
45155  9.736  -38.949  69.396 0.0000000000
45132  9.339  -38.396  69.884 0.0000000000
44010  8.459  -39.133  70.067 0.0000000000
42799  6.237  -40.879  71.568 0.0000000000
38172  7.682  -44.955  72.164 0.0000000000
38182  6.321  -44.264  71.706 0.0000000000
39261  4.103  -42.324  73.652 0.0000000000
39263  3.771  -43.999  72.807 0.0000000000
39283  3.723  -44.268  72.528 0.0000000000
38160  3.301  -44.432  72.997 0.0000000000
37034  1.262  -45.238  75.916 0.0000000000
53692  30.507  -30.665  63.314 0.0000000000
53708  30.598  -30.599  63.094 0.0000000000
52612  30.745  -31.046  62.744 0.0000000000
52613  30.150  -31.102  63.099 0.0000000000
51537  27.618  -31.839  64.365 0.0000000000
51524  27.247  -31.695  64.744 0.0000000000
50410  27.855  -33.285  65.443 0.0000000000
50392  27.975  -33.681  66.220 0.0000000000
54757  23.568  -29.767  66.551 0.0000000000
52509  23.309  -32.222  68.475 0.0000000000
53589  23.765  -31.902  68.094 0.0000000000
52508  23.772  -32.241  68.781 0.0000000000
78799  43.183  -7.895  52.076 0.0000000000
68836  31.021  -16.767  60.373 0.0000000000
68844  31.812  -16.235  59.380 0.0000000000
67687  31.832  -17.516  58.603 0.0000000000
61135  29.498  -22.798  61.757 0.0000000000
62179  29.270  -22.280  62.062 0.0000000000
62193  29.578  -22.504  61.351 0.0000000000
62205  29.585  -22.017  60.995 0.0000000000
63301  30.721  -22.055  60.336 0.0000000000
64422  34.529  -21.252  61.193 0.0000000000
64423  33.725  -21.609  60.919 0.0000000000
65490  34.054  -21.350  60.343 0.0000000000
65510  34.216  -21.161  59.625 0.0000000000
65532  36.468  -20.663  59.047 0.0000000000
65507  37.063  -20.833  60.194 0.0000000000
52551  35.572  -31.562  65.635 0.0000000000
52550  36.269  -31.517  66.241 0.0000000000
53624  36.864  -31.099  66.321 0.0000000000
90638  52.999  3.377  43.858 0.0000000000
87456  49.805  1.186  46.514 0.0000000000
86350  52.966  -0.438  46.046 0.0000000000
87467  53.213  0.349  45.387 0.0000000000
87466  54.102  0.374  45.361 0.0000000000
53613  18.062  -30.075  67.839 0.0000000000
52527  17.389  -30.606  68.114 0.0000000000
54691  18.975  -27.957  69.717 0.0000000000
54716  18.493  -28.776  68.943 0.0000000000
82072  47.494  -4.898  50.696 0.0000000000
80982  46.345  -6.399  50.874 0.0000000000
79868  46.893  -6.634  51.316 0.0000000000
58980  32.343  -26.608  64.567 0.0000000000
56976  35.827  -27.236  63.656 0.0000000000
56961  36.035  -27.742  64.234 0.0000000000
85196  43.597  -1.771  51.866 0.0000000000
85204  44.687  -0.678  52.017 0.0000000000
86297  45.130  -0.423  51.274 0.0000000000
86305  45.334  -0.721  50.319 0.0000000000
86313  45.829  -0.697  49.938 0.0000000000
83145  45.816  -2.556  49.530 0.0000000000
36030  5.635  -46.903  73.399 0.0000000000
79814  37.688  -6.408  54.798 0.0000000000
77772  38.344  -9.115  54.417 0.0000000000
71160  36.980  -14.356  55.020 0.0000000000
70067  36.927  -15.196  54.923 0.0000000000
71170  37.251  -14.882  54.919 0.0000000000
70028  38.971  -16.376  55.242 0.0000000000
70027  39.563  -16.253  55.353 0.0000000000
68869  40.483  -17.475  56.458 0.0000000000
67699  40.520  -17.916  57.155 0.0000000000
67701  39.126  -18.406  56.218 0.0000000000
66627  40.020  -18.629  57.265 0.0000000000
66626  40.399  -18.274  57.861 0.0000000000
49377  31.524  -35.582  65.584 0.0000000000
49360  32.113  -35.850  66.098 0.0000000000
81984  40.105  -4.060  55.946 0.0000000000
46266  16.434  -37.624  67.582 0.0000000000
46227  16.963  -38.643  68.509 0.0000000000
46247  16.610  -38.015  68.018 0.0000000000
45148  16.377  -38.965  68.572 0.0000000000
45129  16.101  -39.682  69.571 0.0000000000
45149  15.028  -39.046  68.675 0.0000000000
45130  15.410  -39.845  69.359 0.0000000000
41569  13.441  -42.161  70.442 0.0000000000
42779  6.618  -39.852  72.387 0.0000000000
42780  6.283  -40.480  71.994 0.0000000000
40407  5.509  -42.827  71.441 0.0000000000
53678  28.600  -30.445  64.561 0.0000000000
53679  27.596  -30.493  64.412 0.0000000000
55906  27.157  -29.391  64.814 0.0000000000
52569  26.357  -30.926  65.548 0.0000000000
53656  21.765  -29.995  66.004 0.0000000000
53655  22.471  -29.996  66.203 0.0000000000
53635  22.274  -30.749  66.396 0.0000000000
52526  22.705  -31.849  67.568 0.0000000000
52510  22.851  -32.310  68.297 0.0000000000
66580  30.012  -18.341  60.661 0.0000000000
62177  33.451  -22.785  61.627 0.0000000000
62178  33.057  -22.565  61.456 0.0000000000
63273  33.711  -22.086  61.598 0.0000000000
62145  35.455  -21.997  63.612 0.0000000000
64405  34.993  -21.238  62.174 0.0000000000
64404  35.752  -20.921  62.309 0.0000000000
91671  51.903  3.964  45.857 0.0000000000
85253  49.902  -1.004  47.629 0.0000000000
86320  50.538  -0.885  47.497 0.0000000000
33970  1.608  -48.101  73.317 0.0000000000
77690  36.714  -8.829  59.438 0.0000000000
76630  35.854  -9.236  58.774 0.0000000000
75481  35.601  -10.346  58.623 0.0000000000
74323  35.577  -11.182  57.595 0.0000000000
73244  35.481  -11.763  57.837 0.0000000000
73245  35.283  -12.099  57.176 0.0000000000
70029  35.136  -15.309  55.944 0.0000000000
68890  35.215  -16.240  55.791 0.0000000000
66655  34.807  -18.036  56.357 0.0000000000
48305  19.648  -35.754  67.396 0.0000000000
47261  19.072  -36.387  66.903 0.0000000000
51480  17.122  -32.540  66.891 0.0000000000
49347  16.603  -34.113  66.726 0.0000000000
48323  17.140  -35.324  66.655 0.0000000000
47284  16.519  -37.145  67.344 0.0000000000
47285  15.594  -37.104  67.318 0.0000000000
46249  14.228  -37.517  68.143 0.0000000000
56910  25.891  -26.065  66.926 0.0000000000
57956  24.953  -26.170  66.566 0.0000000000
57970  24.236  -26.477  66.269 0.0000000000
57958  23.471  -25.974  67.350 0.0000000000
57971  23.452  -26.414  66.658 0.0000000000
56895  20.917  -26.613  68.155 0.0000000000
55834  19.822  -27.979  68.036 0.0000000000
55833  20.432  -27.376  67.623 0.0000000000
55854  20.739  -27.766  66.913 0.0000000000
55878  20.985  -28.314  66.541 0.0000000000
54780  21.297  -29.093  66.189 0.0000000000
51477  20.843  -32.664  66.998 0.0000000000
64361  28.845  -20.496  65.182 0.0000000000
62147  29.204  -22.412  63.949 0.0000000000
61097  29.439  -23.240  63.308 0.0000000000
61116  29.455  -23.079  62.301 0.0000000000
61133  30.971  -23.686  61.066 0.0000000000
60030  32.361  -25.670  62.675 0.0000000000
60045  32.837  -25.052  62.149 0.0000000000
60046  32.076  -24.875  62.063 0.0000000000
60066  32.848  -24.527  61.666 0.0000000000
61131  33.484  -23.786  61.489 0.0000000000
62189  33.029  -23.292  61.444 0.0000000000
61112  34.079  -23.149  61.864 0.0000000000
61094  36.058  -23.189  63.197 0.0000000000
61109  36.352  -23.881  62.601 0.0000000000
61093  37.017  -23.694  63.193 0.0000000000
61080  36.622  -23.004  63.758 0.0000000000
88531  48.682  2.537  48.806 0.0000000000
89582  48.688  2.435  48.329 0.0000000000
88538  47.843  1.801  48.283 0.0000000000
88537  48.404  1.994  47.907 0.0000000000
87446  48.452  1.188  47.551 0.0000000000
85239  47.404  -0.730  48.433 0.0000000000
82065  42.483  -4.280  51.696 0.0000000000
80985  43.067  -5.206  51.726 0.0000000000
79853  42.049  -6.471  52.471 0.0000000000
77785  42.894  -9.284  52.783 0.0000000000
78791  40.183  -7.735  53.526 0.0000000000
78790  40.697  -7.664  53.273 0.0000000000
75542  43.034  -10.521  54.444 0.0000000000
135420  43.371  -10.830  54.700 0.0000000000
75527  42.861  -11.142  54.866 0.0000000000
78739  36.799  -7.162  57.535 0.0000000000
79806  36.722  -7.307  56.681 0.0000000000
77740  36.185  -8.704  56.366 0.0000000000
78758  36.600  -8.174  56.137 0.0000000000
77755  37.154  -9.056  55.201 0.0000000000
77773  37.708  -9.397  54.810 0.0000000000
76686  38.227  -9.832  54.717 0.0000000000
73277  36.195  -12.071  55.673 0.0000000000
74370  37.130  -11.698  55.136 0.0000000000
73286  37.589  -12.004  54.887 0.0000000000
74369  37.708  -11.358  55.000 0.0000000000
74368  38.433  -11.217  54.770 0.0000000000
75545  38.713  -10.418  54.685 0.0000000000
74366  39.772  -10.820  54.471 0.0000000000
73271  41.599  -12.900  54.466 0.0000000000
73259  42.406  -13.056  54.837 0.0000000000
52567  33.887  -31.883  64.974 0.0000000000
51505  34.429  -32.459  65.011 0.0000000000
84111  42.433  -2.739  52.780 0.0000000000
47230  19.210  -37.371  69.897 0.0000000000
46226  17.673  -38.619  68.729 0.0000000000
47249  11.958  -36.674  68.780 0.0000000000
46208  11.171  -36.191  69.849 0.0000000000
47250  11.387  -36.919  68.869 0.0000000000
44028  11.579  -39.342  68.804 0.0000000000
42836  11.076  -39.952  69.300 0.0000000000
44030  10.153  -39.405  69.326 0.0000000000
42837  10.678  -39.999  69.405 0.0000000000
42797  11.158  -41.057  70.110 0.0000000000
43992  7.654  -38.712  71.092 0.0000000000
44011  7.718  -39.721  70.457 0.0000000000
42819  8.419  -40.447  70.091 0.0000000000
41591  9.176  -41.314  70.328 0.0000000000
41552  10.375  -43.075  71.358 0.0000000000
40371  10.249  -44.071  72.487 0.0000000000
39258  9.774  -44.340  72.672 0.0000000000
37071  5.638  -46.263  72.790 0.0000000000
39299  4.673  -44.113  71.841 0.0000000000
38184  5.122  -44.307  71.839 0.0000000000
38174  5.559  -44.865  72.116 0.0000000000
35009  3.404  -47.128  72.830 0.0000000000
36034  1.881  -47.247  73.478 0.0000000000
37045  2.517  -44.944  74.706 0.0000000000
37060  2.276  -45.580  74.051 0.0000000000
62123  30.009  -22.218  66.683 0.0000000000
56991  32.214  -27.860  62.773 0.0000000000
54835  31.858  -29.469  62.684 0.0000000000
52593  32.080  -31.559  63.065 0.0000000000
52594  31.129  -31.727  62.887 0.0000000000
51532  31.492  -32.205  63.265 0.0000000000
50420  31.399  -33.903  64.171 0.0000000000
51536  27.991  -31.958  64.076 0.0000000000
50435  29.201  -33.002  63.608 0.0000000000
50407  30.879  -35.099  64.998 0.0000000000
50389  30.440  -35.447  65.866 0.0000000000
55892  25.466  -28.179  65.404 0.0000000000
56950  24.706  -27.631  65.711 0.0000000000
54796  24.903  -28.410  65.793 0.0000000000
53653  25.885  -30.794  66.328 0.0000000000
53632  24.291  -30.927  66.986 0.0000000000
53609  23.716  -31.440  67.457 0.0000000000
53630  25.799  -31.246  66.925 0.0000000000
51491  26.349  -32.022  66.768 0.0000000000
51475  26.319  -32.417  67.228 0.0000000000
80965  43.836  -6.163  51.721 0.0000000000
79871  44.503  -6.299  51.627 0.0000000000
69979  33.438  -15.111  59.345 0.0000000000
68870  33.028  -16.074  57.549 0.0000000000
68854  32.496  -16.107  58.449 0.0000000000
67727  33.899  -17.196  56.834 0.0000000000
64385  28.798  -20.022  64.240 0.0000000000
65473  29.151  -19.903  62.441 0.0000000000
65492  29.492  -19.144  61.148 0.0000000000
64442  31.448  -21.469  59.992 0.0000000000
64440  33.235  -21.574  60.276 0.0000000000
64441  32.529  -21.501  60.034 0.0000000000
65513  30.819  -20.440  59.578 0.0000000000
65538  30.659  -19.636  59.609 0.0000000000
66596  31.754  -18.909  58.780 0.0000000000
66613  32.803  -18.958  58.262 0.0000000000
65555  33.786  -20.005  58.398 0.0000000000
66612  33.969  -19.572  57.629 0.0000000000
66632  34.816  -19.323  56.942 0.0000000000
66631  36.280  -19.249  56.621 0.0000000000
65530  38.582  -19.995  58.933 0.0000000000
54820  33.887  -29.689  63.519 0.0000000000
54819  34.406  -29.341  64.053 0.0000000000
53663  35.113  -30.514  65.367 0.0000000000
54802  34.868  -29.665  64.831 0.0000000000
54818  34.985  -28.999  64.498 0.0000000000
55902  35.507  -28.461  64.586 0.0000000000
55901  35.840  -28.180  64.669 0.0000000000
56944  36.942  -27.633  65.070 0.0000000000
53623  37.606  -30.806  66.787 0.0000000000
54749  37.745  -29.892  66.084 0.0000000000
55849  37.461  -29.245  65.861 0.0000000000
55869  37.060  -28.620  65.702 0.0000000000
56943  37.779  -27.239  65.407 0.0000000000
57985  38.013  -26.436  65.028 0.0000000000
89593  49.448  2.428  47.070 0.0000000000
90615  50.490  3.179  46.979 0.0000000000
90632  51.761  2.916  45.058 0.0000000000
86353  50.553  0.420  46.504 0.0000000000
87454  51.040  0.690  46.023 0.0000000000
87470  51.019  1.203  45.670 0.0000000000
88557  51.433  1.691  45.200 0.0000000000
89612  51.781  2.448  44.833 0.0000000000
89611  52.263  2.407  44.364 0.0000000000
89620  52.812  2.442  43.961 0.0000000000
88580  53.836  1.894  43.816 0.0000000000
87484  53.757  0.898  44.826 0.0000000000
88567  54.152  1.365  44.253 0.0000000000
34999  4.584  -47.405  73.395 0.0000000000
41568  13.936  -42.070  70.549 0.0000000000
41589  10.752  -41.191  70.225 0.0000000000
44009  11.392  -39.879  69.140 0.0000000000
46190  9.185  -37.702  70.538 0.0000000000
47233  11.367  -36.416  69.320 0.0000000000
47263  17.527  -37.337  67.579 0.0000000000
47281  18.554  -35.911  66.592 0.0000000000
48322  18.078  -35.473  66.593 0.0000000000
48337  18.351  -34.751  66.320 0.0000000000
50366  15.176  -33.681  67.883 0.0000000000
50436  28.759  -33.097  63.892 0.0000000000
51522  28.099  -32.468  64.142 0.0000000000
52524  25.275  -31.996  67.886 0.0000000000
52543  18.726  -30.768  66.877 0.0000000000
53590  23.385  -31.847  67.844 0.0000000000
53674  33.761  -30.729  64.250 0.0000000000
53705  32.928  -30.102  62.825 0.0000000000
54782  19.896  -29.518  66.726 0.0000000000
54787  36.358  -29.123  65.580 0.0000000000
54788  35.752  -29.256  65.386 0.0000000000
54789  35.321  -29.714  65.273 0.0000000000
54822  30.433  -30.655  63.553 0.0000000000
55855  20.256  -28.188  67.168 0.0000000000
55868  37.591  -28.236  65.980 0.0000000000
55890  27.251  -29.094  64.988 0.0000000000
55893  24.872  -27.914  65.646 0.0000000000
57972  22.964  -26.288  66.972 0.0000000000
57986  37.488  -26.938  64.819 0.0000000000
60033  30.401  -24.412  63.726 0.0000000000
60044  35.190  -24.412  61.985 0.0000000000
61083  29.516  -23.169  64.224 0.0000000000
61150  30.391  -23.220  60.963 0.0000000000
62135  30.301  -23.239  66.305 0.0000000000
62192  29.844  -22.816  61.143 0.0000000000
62204  30.113  -22.674  60.791 0.0000000000
63274  33.239  -22.394  61.499 0.0000000000
63303  29.470  -21.509  60.938 0.0000000000
64407  29.107  -20.478  62.658 0.0000000000
65458  29.121  -20.046  62.993 0.0000000000
66610  39.525  -19.033  57.642 0.0000000000
67704  32.691  -17.393  57.594 0.0000000000
70031  33.879  -15.565  56.824 0.0000000000
70066  37.108  -15.117  54.920 0.0000000000
71171  36.933  -14.956  54.913 0.0000000000
72211  40.287  -13.159  54.314 0.0000000000
72212  40.045  -13.031  54.346 0.0000000000
73275  37.364  -12.615  55.045 0.0000000000
73284  40.143  -12.849  54.334 0.0000000000
74306  35.789  -11.198  58.773 0.0000000000
74307  35.624  -10.779  58.163 0.0000000000
74365  44.091  -10.628  54.372 0.0000000000
75463  36.303  -10.326  59.678 0.0000000000
75530  37.229  -10.430  55.304 0.0000000000
76614  36.211  -9.393  59.325 0.0000000000
76615  35.691  -9.704  58.904 0.0000000000
76631  35.603  -9.543  58.249 0.0000000000
76660  35.894  -9.347  56.630 0.0000000000
77691  36.395  -8.941  59.210 0.0000000000
77707  36.198  -8.593  58.802 0.0000000000
77708  35.823  -9.019  58.454 0.0000000000
77726  36.038  -8.347  58.213 0.0000000000
77741  35.848  -8.675  57.090 0.0000000000
78741  36.009  -8.275  57.957 0.0000000000
78748  36.729  -7.241  56.949 0.0000000000
79870  44.745  -6.149  51.548 0.0000000000
80963  46.061  -6.712  50.932 0.0000000000
80986  42.388  -4.861  51.898 0.0000000000
83082  41.519  -3.819  52.670 0.0000000000
84131  42.499  -2.957  52.376 0.0000000000
84156  43.692  -2.394  50.808 0.0000000000
86338  47.891  0.818  47.802 0.0000000000
86367  52.979  -0.026  45.695 0.0000000000
87452  53.226  -0.029  45.725 0.0000000000
88523  48.753  2.566  49.154 0.0000000000
88526  47.001  1.358  49.775 0.0000000000
88581  53.209  1.942  43.941 0.0000000000
89578  48.664  2.501  48.592 0.0000000000
90624  51.735  3.391  45.443 0.0000000000
91683  51.982  3.784  45.488 0.0000000000
91691  52.549  3.815  44.745 0.0000000000
91705  53.928  4.067  43.115 0.0000000000
135421  43.202  -10.614  54.630 0.0000000000
135422  43.394  -10.591  54.492 0.0000000000
