#!ascii label  , from subject 3359 vox2ras=TkReg
749
27605  -16.644  -45.946  35.391 0.0000000000
43607  -43.817  -33.871  35.255 0.0000000000
49888  -48.289  -27.569  31.094 0.0000000000
55406  -53.893  -22.463  24.920 0.0000000000
37765  -40.824  -39.357  35.015 0.0000000000
50954  -51.295  -26.068  26.808 0.0000000000
64798  -52.056  -13.463  23.893 0.0000000000
69791  -53.948  -8.555  25.144 0.0000000000
40127  -46.034  -35.804  31.757 0.0000000000
44743  -48.618  -32.186  30.548 0.0000000000
46792  -46.138  -29.901  34.750 0.0000000000
30188  -17.577  -45.580  39.637 0.0000000000
26259  -21.835  -47.712  38.748 0.0000000000
23569  -25.782  -49.123  37.041 0.0000000000
26302  -30.605  -48.098  36.632 0.0000000000
28877  -35.041  -45.285  36.668 0.0000000000
31468  -39.499  -42.755  36.287 0.0000000000
36537  -43.471  -39.687  34.043 0.0000000000
46882  -51.265  -29.592  26.928 0.0000000000
70817  -55.261  -6.626  24.471 0.0000000000
41305  -45.427  -35.181  34.714 0.0000000000
43642  -46.889  -33.346  33.870 0.0000000000
46748  -44.953  -31.446  36.263 0.0000000000
31424  -17.796  -44.129  38.112 0.0000000000
28829  -19.773  -46.029  39.146 0.0000000000
32684  -35.300  -43.173  37.767 0.0000000000
30239  -37.470  -44.195  36.427 0.0000000000
34001  -38.179  -41.918  37.005 0.0000000000
40079  -42.548  -36.727  35.370 0.0000000000
37726  -42.165  -38.738  36.193 0.0000000000
40091  -43.831  -37.109  35.612 0.0000000000
40113  -44.609  -37.191  33.535 0.0000000000
46851  -48.575  -29.971  31.118 0.0000000000
46870  -49.840  -30.617  28.893 0.0000000000
48931  -50.486  -28.341  30.087 0.0000000000
52013  -52.346  -24.953  25.244 0.0000000000
50957  -53.585  -26.457  26.552 0.0000000000
53163  -54.738  -24.815  24.939 0.0000000000
56578  -55.344  -22.345  23.639 0.0000000000
64785  -54.966  -13.409  26.760 0.0000000000
61847  -53.688  -16.461  26.230 0.0000000000
35241  -39.133  -40.899  35.000 0.0000000000
53171  -50.051  -24.094  23.591 0.0000000000
66736  -52.641  -11.072  25.304 0.0000000000
66738  -55.384  -11.554  25.823 0.0000000000
69830  -55.913  -8.615  21.979 0.0000000000
40181  -48.460  -36.916  29.695 0.0000000000
42504  -47.570  -34.025  30.955 0.0000000000
44720  -47.677  -31.497  32.692 0.0000000000
28836  -17.039  -45.796  38.195 0.0000000000
23578  -23.098  -49.016  36.263 0.0000000000
24931  -23.185  -48.277  37.786 0.0000000000
23596  -24.408  -49.834  35.906 0.0000000000
20963  -27.219  -51.076  35.881 0.0000000000
22271  -30.062  -50.387  35.831 0.0000000000
23600  -32.563  -49.460  35.232 0.0000000000
27598  -32.890  -46.585  36.333 0.0000000000
27634  -36.923  -46.251  34.082 0.0000000000
35211  -40.557  -40.497  37.071 0.0000000000
34039  -42.071  -41.175  35.367 0.0000000000
34101  -42.948  -41.746  32.386 0.0000000000
36568  -44.334  -39.705  31.817 0.0000000000
37842  -45.641  -38.306  30.538 0.0000000000
50937  -52.205  -26.973  28.488 0.0000000000
59811  -52.507  -18.754  25.301 0.0000000000
57685  -53.758  -20.518  25.086 0.0000000000
27568  -16.250  -46.033  37.492 0.0000000000
42441  -45.164  -34.494  35.897 0.0000000000
43620  -45.287  -33.744  35.756 0.0000000000
45701  -44.460  -32.833  35.671 0.0000000000
32722  -36.020  -42.803  36.678 0.0000000000
33986  -36.600  -42.806  37.300 0.0000000000
34035  -37.084  -42.191  36.001 0.0000000000
41297  -42.843  -35.743  34.928 0.0000000000
40080  -42.882  -36.734  35.723 0.0000000000
41292  -44.079  -35.543  35.973 0.0000000000
40093  -44.959  -35.805  34.948 0.0000000000
47884  -49.221  -29.096  30.658 0.0000000000
49890  -49.275  -27.916  31.073 0.0000000000
53161  -53.316  -24.430  25.198 0.0000000000
53148  -53.839  -24.703  25.490 0.0000000000
54274  -55.090  -23.588  24.805 0.0000000000
54293  -55.311  -23.901  24.084 0.0000000000
55407  -54.850  -22.663  24.892 0.0000000000
64793  -55.499  -13.480  25.569 0.0000000000
62805  -55.210  -15.161  26.157 0.0000000000
63759  -55.040  -14.738  24.695 0.0000000000
67784  -51.005  -10.134  25.011 0.0000000000
68801  -52.813  -9.531  25.137 0.0000000000
67775  -54.097  -10.919  26.127 0.0000000000
68803  -54.459  -9.435  25.526 0.0000000000
67796  -55.438  -10.544  25.100 0.0000000000
69792  -54.642  -8.460  25.031 0.0000000000
70825  -55.786  -7.498  23.305 0.0000000000
40155  -47.237  -36.380  30.326 0.0000000000
40156  -48.138  -36.192  30.112 0.0000000000
41336  -46.630  -34.933  31.457 0.0000000000
44712  -46.575  -31.937  34.637 0.0000000000
43643  -47.217  -32.683  33.513 0.0000000000
45739  -47.197  -30.496  33.523 0.0000000000
45751  -47.561  -30.258  32.967 0.0000000000
46811  -46.899  -29.556  33.901 0.0000000000
27551  -18.398  -46.490  38.101 0.0000000000
27539  -18.484  -46.370  38.833 0.0000000000
27542  -20.693  -47.146  38.691 0.0000000000
26279  -25.126  -47.734  37.343 0.0000000000
24932  -24.383  -48.386  37.489 0.0000000000
23567  -23.960  -48.841  37.126 0.0000000000
23581  -25.313  -49.720  36.739 0.0000000000
22281  -25.457  -51.013  35.758 0.0000000000
22256  -26.092  -49.896  36.931 0.0000000000
23587  -30.612  -49.266  36.247 0.0000000000
23598  -31.088  -49.666  35.848 0.0000000000
24962  -31.662  -49.032  35.808 0.0000000000
28844  -34.035  -44.950  37.168 0.0000000000
27562  -33.377  -45.774  36.643 0.0000000000
28875  -34.264  -45.833  36.339 0.0000000000
27617  -33.744  -47.127  35.633 0.0000000000
28895  -34.624  -46.517  35.509 0.0000000000
27632  -35.485  -46.910  34.608 0.0000000000
28896  -35.453  -45.777  35.374 0.0000000000
31467  -38.616  -43.514  36.131 0.0000000000
30268  -38.051  -44.563  34.741 0.0000000000
31499  -39.381  -43.752  34.501 0.0000000000
31500  -40.244  -43.418  34.732 0.0000000000
35226  -39.745  -40.421  36.314 0.0000000000
36485  -40.330  -39.833  36.460 0.0000000000
36489  -42.989  -39.168  35.949 0.0000000000
35228  -42.216  -40.502  35.824 0.0000000000
35243  -42.621  -40.552  35.040 0.0000000000
34057  -42.259  -41.504  34.385 0.0000000000
34079  -43.034  -41.054  33.301 0.0000000000
35275  -43.781  -39.707  33.088 0.0000000000
40126  -45.362  -36.475  32.352 0.0000000000
38961  -44.981  -37.569  32.150 0.0000000000
40137  -45.843  -36.577  31.158 0.0000000000
37854  -47.382  -38.077  29.713 0.0000000000
30194  -16.561  -44.458  39.565 0.0000000000
30186  -16.742  -45.014  39.832 0.0000000000
27530  -16.615  -45.830  39.532 0.0000000000
43694  -49.042  -33.925  29.480 0.0000000000
43695  -49.381  -33.608  28.819 0.0000000000
46871  -50.319  -30.186  28.261 0.0000000000
50935  -50.598  -26.440  28.504 0.0000000000
50930  -51.473  -27.016  29.250 0.0000000000
50944  -52.375  -26.208  27.873 0.0000000000
50987  -54.066  -26.500  24.848 0.0000000000
49980  -53.635  -27.100  25.868 0.0000000000
60869  -53.934  -17.610  25.870 0.0000000000
61846  -52.912  -16.927  25.464 0.0000000000
59799  -53.506  -18.609  25.733 0.0000000000
58720  -52.977  -19.438  25.530 0.0000000000
58722  -54.176  -19.407  24.994 0.0000000000
57699  -54.922  -20.542  23.968 0.0000000000
70815  -53.298  -7.455  24.346 0.0000000000
70805  -54.246  -7.491  24.736 0.0000000000
71831  -54.074  -6.653  24.306 0.0000000000
73851  -54.817  -5.156  23.972 0.0000000000
41314  -45.496  -35.584  33.816 0.0000000000
42485  -46.559  -34.085  33.455 0.0000000000
42465  -46.011  -34.050  34.705 0.0000000000
44705  -46.023  -32.365  35.381 0.0000000000
46771  -45.232  -30.720  35.998 0.0000000000
30196  -18.103  -45.363  39.348 0.0000000000
28828  -18.808  -46.060  39.265 0.0000000000
28839  -20.645  -46.582  38.500 0.0000000000
30209  -35.472  -44.125  37.912 0.0000000000
30237  -35.759  -44.780  36.523 0.0000000000
31430  -36.627  -43.446  37.514 0.0000000000
31448  -37.775  -43.456  37.198 0.0000000000
31449  -38.884  -42.833  36.940 0.0000000000
38918  -41.865  -38.106  35.042 0.0000000000
37725  -41.497  -39.054  36.133 0.0000000000
38908  -42.204  -37.882  35.752 0.0000000000
38910  -43.441  -37.709  35.837 0.0000000000
37747  -43.906  -38.242  34.952 0.0000000000
37787  -44.262  -38.540  33.366 0.0000000000
38921  -44.258  -37.596  34.682 0.0000000000
40104  -44.939  -36.038  34.410 0.0000000000
31423  -16.991  -43.710  38.125 0.0000000000
45771  -48.547  -31.087  30.860 0.0000000000
45781  -49.397  -31.383  29.247 0.0000000000
46852  -48.946  -30.134  30.325 0.0000000000
47896  -50.152  -29.171  29.601 0.0000000000
47907  -51.322  -28.987  28.260 0.0000000000
50970  -51.832  -25.788  26.376 0.0000000000
50956  -53.072  -26.065  27.052 0.0000000000
52000  -53.357  -25.157  25.832 0.0000000000
52002  -54.393  -25.593  25.287 0.0000000000
64792  -53.496  -13.457  25.713 0.0000000000
63749  -52.932  -14.903  25.527 0.0000000000
63740  -53.901  -14.748  26.831 0.0000000000
61849  -55.068  -16.002  26.005 0.0000000000
42463  -43.410  -34.693  34.668 0.0000000000
41304  -43.021  -35.807  34.652 0.0000000000
49899  -48.988  -27.205  30.500 0.0000000000
50968  -50.107  -26.231  25.448 0.0000000000
50985  -50.598  -25.812  24.946 0.0000000000
53159  -51.530  -24.520  24.413 0.0000000000
54291  -51.839  -23.683  24.148 0.0000000000
65784  -53.057  -11.974  25.160 0.0000000000
65778  -54.036  -12.098  26.339 0.0000000000
65780  -55.273  -12.477  26.400 0.0000000000
65799  -55.451  -12.930  25.038 0.0000000000
70807  -55.307  -7.844  24.381 0.0000000000
69817  -56.270  -8.825  22.910 0.0000000000
40182  -49.014  -36.795  29.197 0.0000000000
42505  -48.242  -34.384  30.410 0.0000000000
43680  -48.092  -33.547  30.807 0.0000000000
43666  -47.095  -33.261  32.305 0.0000000000
43667  -47.730  -33.060  31.652 0.0000000000
44732  -48.252  -32.041  31.503 0.0000000000
45761  -48.143  -30.893  31.643 0.0000000000
47871  -48.261  -28.953  32.158 0.0000000000
45727  -44.342  -32.070  35.000 0.0000000000
47827  -44.400  -30.657  35.079 0.0000000000
48847  -45.516  -29.126  33.867 0.0000000000
28868  -16.726  -45.825  37.280 0.0000000000
27569  -17.760  -46.078  37.676 0.0000000000
23594  -23.227  -49.253  35.466 0.0000000000
30218  -21.225  -45.637  37.044 0.0000000000
27571  -21.782  -46.808  38.074 0.0000000000
24915  -22.399  -48.156  38.469 0.0000000000
23595  -23.783  -49.490  35.652 0.0000000000
20990  -28.234  -51.354  34.843 0.0000000000
20992  -29.555  -51.282  35.027 0.0000000000
26265  -31.067  -46.765  37.596 0.0000000000
27580  -31.860  -46.420  36.607 0.0000000000
26303  -31.379  -47.853  36.519 0.0000000000
26315  -32.917  -48.272  35.589 0.0000000000
24965  -33.818  -48.814  34.912 0.0000000000
28898  -37.115  -44.790  35.106 0.0000000000
34018  -38.360  -41.593  36.298 0.0000000000
34002  -39.232  -41.473  37.164 0.0000000000
34020  -40.328  -41.502  36.837 0.0000000000
36487  -41.349  -39.761  36.579 0.0000000000
34021  -41.120  -41.264  36.466 0.0000000000
32744  -40.773  -42.262  35.690 0.0000000000
32765  -41.531  -42.422  34.234 0.0000000000
32785  -41.847  -42.663  33.310 0.0000000000
35330  -44.789  -40.226  30.299 0.0000000000
37810  -44.560  -38.600  32.414 0.0000000000
36584  -45.287  -39.411  30.442 0.0000000000
36606  -46.060  -39.706  29.647 0.0000000000
36607  -47.068  -39.339  29.314 0.0000000000
27549  -16.409  -45.908  38.366 0.0000000000
49913  -50.773  -27.461  30.061 0.0000000000
49914  -51.473  -27.600  29.349 0.0000000000
48964  -52.206  -28.361  27.589 0.0000000000
50945  -52.963  -26.786  27.489 0.0000000000
48976  -52.690  -28.316  26.675 0.0000000000
47931  -52.186  -29.071  26.113 0.0000000000
55417  -50.758  -22.216  24.132 0.0000000000
55405  -52.803  -22.212  24.499 0.0000000000
61854  -52.167  -16.589  24.777 0.0000000000
60880  -51.549  -17.480  24.199 0.0000000000
57683  -51.440  -20.186  24.675 0.0000000000
56566  -52.703  -20.956  25.021 0.0000000000
56567  -53.679  -21.311  24.972 0.0000000000
57687  -54.978  -21.242  24.365 0.0000000000
27604  -15.593  -46.515  36.078 0.0000000000
42440  -44.376  -34.727  35.760 0.0000000000
43609  -44.873  -34.072  35.999 0.0000000000
44697  -44.417  -33.469  35.516 0.0000000000
32741  -36.095  -42.702  35.730 0.0000000000
34034  -36.415  -42.541  36.472 0.0000000000
42449  -43.368  -35.146  35.315 0.0000000000
42438  -43.387  -35.432  35.510 0.0000000000
42439  -43.731  -34.866  35.665 0.0000000000
48897  -48.507  -28.220  31.592 0.0000000000
48898  -49.045  -28.056  31.334 0.0000000000
49889  -49.023  -27.686  31.155 0.0000000000
54272  -52.995  -23.410  24.582 0.0000000000
54273  -54.151  -23.472  25.045 0.0000000000
64802  -55.377  -13.525  25.113 0.0000000000
63760  -55.300  -14.090  25.233 0.0000000000
69790  -53.254  -8.735  24.955 0.0000000000
68802  -53.681  -9.486  25.457 0.0000000000
67787  -54.247  -10.301  25.885 0.0000000000
40138  -46.460  -35.950  30.924 0.0000000000
41346  -46.932  -35.554  30.731 0.0000000000
45729  -46.447  -30.762  34.851 0.0000000000
44718  -46.827  -31.228  34.014 0.0000000000
45738  -46.707  -30.214  34.276 0.0000000000
46810  -46.438  -29.530  34.342 0.0000000000
28820  -17.294  -45.707  39.761 0.0000000000
28827  -17.733  -45.788  39.354 0.0000000000
26258  -20.952  -47.521  38.651 0.0000000000
24933  -25.453  -48.462  37.382 0.0000000000
23568  -24.869  -49.053  37.191 0.0000000000
24938  -30.050  -47.943  37.082 0.0000000000
24951  -30.158  -48.771  36.650 0.0000000000
24952  -31.039  -48.727  36.212 0.0000000000
28861  -34.423  -45.156  36.957 0.0000000000
28876  -34.411  -45.895  36.064 0.0000000000
31484  -39.532  -43.371  35.440 0.0000000000
31483  -38.895  -43.733  35.069 0.0000000000
31485  -40.330  -42.745  35.652 0.0000000000
36504  -40.162  -39.873  35.880 0.0000000000
37723  -40.456  -39.574  36.053 0.0000000000
36520  -43.331  -39.481  34.751 0.0000000000
35244  -42.986  -40.027  34.874 0.0000000000
35260  -43.026  -40.377  34.204 0.0000000000
35274  -43.497  -40.168  33.356 0.0000000000
36538  -43.796  -39.269  33.593 0.0000000000
40154  -46.438  -36.707  30.525 0.0000000000
30187  -17.282  -45.261  39.803 0.0000000000
28826  -17.117  -45.892  39.662 0.0000000000
43681  -48.686  -33.410  30.164 0.0000000000
43682  -49.216  -33.183  29.488 0.0000000000
47918  -50.934  -29.492  27.985 0.0000000000
46881  -50.742  -30.017  27.263 0.0000000000
46895  -51.057  -29.792  26.484 0.0000000000
47930  -51.636  -29.410  26.582 0.0000000000
50942  -50.422  -26.334  27.492 0.0000000000
50943  -51.460  -26.155  27.770 0.0000000000
60870  -54.443  -17.490  25.389 0.0000000000
58721  -53.685  -19.350  25.420 0.0000000000
41315  -46.023  -34.679  34.069 0.0000000000
41306  -45.774  -34.598  34.587 0.0000000000
44704  -45.413  -32.735  35.843 0.0000000000
43621  -45.813  -33.350  35.275 0.0000000000
45717  -45.464  -31.756  35.967 0.0000000000
45718  -46.010  -31.259  35.494 0.0000000000
31413  -18.060  -44.542  38.938 0.0000000000
28852  -20.346  -46.164  38.321 0.0000000000
32700  -34.704  -43.289  37.403 0.0000000000
32683  -34.852  -43.197  37.935 0.0000000000
31428  -34.821  -43.616  38.057 0.0000000000
30210  -36.017  -43.803  37.727 0.0000000000
31429  -35.737  -43.491  37.879 0.0000000000
34000  -37.136  -42.495  37.105 0.0000000000
31431  -37.269  -43.103  37.528 0.0000000000
32703  -37.629  -42.658  37.387 0.0000000000
32704  -38.485  -42.386  37.220 0.0000000000
38919  -42.264  -37.436  35.326 0.0000000000
40081  -43.554  -36.620  35.736 0.0000000000
38909  -42.836  -37.667  36.074 0.0000000000
38920  -43.874  -37.631  35.331 0.0000000000
40092  -44.368  -36.478  35.217 0.0000000000
31412  -17.276  -43.976  39.082 0.0000000000
47885  -49.887  -28.861  30.231 0.0000000000
47895  -49.541  -29.461  30.079 0.0000000000
47906  -50.732  -29.201  28.777 0.0000000000
48947  -50.857  -28.624  29.477 0.0000000000
51999  -52.371  -25.441  25.947 0.0000000000
51984  -52.871  -25.496  26.335 0.0000000000
53150  -54.346  -25.243  25.439 0.0000000000
52015  -54.530  -25.655  24.751 0.0000000000
53175  -54.780  -25.193  23.979 0.0000000000
64784  -54.135  -13.438  26.441 0.0000000000
63750  -53.528  -14.333  26.069 0.0000000000
63741  -54.606  -14.407  26.792 0.0000000000
61855  -54.888  -16.497  25.324 0.0000000000
42474  -43.308  -35.215  34.383 0.0000000000
50969  -51.254  -25.875  25.738 0.0000000000
53172  -51.005  -24.386  24.125 0.0000000000
53173  -51.637  -24.237  24.281 0.0000000000
54290  -50.882  -23.363  23.931 0.0000000000
67785  -52.164  -10.228  25.233 0.0000000000
66735  -51.540  -10.825  25.034 0.0000000000
66749  -52.148  -11.580  24.723 0.0000000000
65785  -53.605  -12.562  25.807 0.0000000000
66737  -53.494  -11.554  25.769 0.0000000000
66728  -54.997  -11.500  26.515 0.0000000000
65786  -55.527  -12.613  25.690 0.0000000000
66751  -55.479  -11.808  24.742 0.0000000000
68813  -55.605  -9.514  24.471 0.0000000000
71823  -54.646  -7.011  24.681 0.0000000000
70806  -55.007  -7.378  24.740 0.0000000000
69804  -55.663  -8.432  23.931 0.0000000000
39039  -48.699  -37.608  28.620 0.0000000000
41347  -47.580  -35.169  30.635 0.0000000000
41348  -48.550  -35.417  30.117 0.0000000000
42496  -46.666  -34.048  32.483 0.0000000000
43653  -46.958  -33.286  33.085 0.0000000000
44719  -47.424  -31.764  33.267 0.0000000000
43654  -47.586  -32.685  32.742 0.0000000000
44725  -47.834  -32.041  32.688 0.0000000000
44731  -47.892  -32.317  32.203 0.0000000000
44726  -47.925  -31.635  32.205 0.0000000000
46827  -47.456  -29.451  33.302 0.0000000000
46828  -47.890  -29.655  32.627 0.0000000000
28851  -17.207  -45.790  37.409 0.0000000000
27540  -19.487  -46.608  38.884 0.0000000000
24961  -22.574  -48.725  35.740 0.0000000000
23610  -23.061  -49.153  34.937 0.0000000000
24916  -22.790  -48.013  38.336 0.0000000000
23579  -23.807  -49.211  36.460 0.0000000000
22279  -24.321  -50.113  35.131 0.0000000000
22298  -24.609  -50.830  34.591 0.0000000000
20962  -26.308  -51.131  35.922 0.0000000000
20973  -26.000  -51.413  35.136 0.0000000000
20974  -26.839  -51.445  35.225 0.0000000000
20989  -27.256  -51.392  34.555 0.0000000000
20975  -27.738  -51.463  35.325 0.0000000000
22270  -29.546  -50.486  35.975 0.0000000000
22269  -28.664  -50.721  36.187 0.0000000000
22283  -29.255  -51.083  35.777 0.0000000000
20976  -28.680  -51.335  35.496 0.0000000000
22284  -30.077  -50.906  35.474 0.0000000000
23599  -31.959  -49.516  35.597 0.0000000000
22286  -31.670  -50.024  35.449 0.0000000000
22287  -32.107  -49.772  35.369 0.0000000000
23617  -32.751  -49.727  34.576 0.0000000000
27581  -32.689  -46.140  36.503 0.0000000000
26286  -32.439  -46.787  36.535 0.0000000000
26285  -31.647  -46.987  37.027 0.0000000000
26304  -32.595  -47.545  36.130 0.0000000000
27618  -34.288  -47.249  35.412 0.0000000000
26316  -33.565  -47.919  35.449 0.0000000000
26317  -34.559  -47.995  34.808 0.0000000000
28917  -35.878  -46.367  34.581 0.0000000000
27633  -36.308  -46.889  34.060 0.0000000000
30238  -36.640  -44.463  36.551 0.0000000000
30252  -36.181  -44.738  35.790 0.0000000000
30253  -36.940  -44.621  35.758 0.0000000000
34036  -37.686  -41.919  35.728 0.0000000000
34037  -38.485  -41.439  35.403 0.0000000000
35210  -39.927  -40.385  37.068 0.0000000000
35209  -39.019  -41.020  36.768 0.0000000000
34003  -40.084  -41.066  37.224 0.0000000000
34019  -39.741  -41.639  37.071 0.0000000000
35227  -41.689  -40.452  36.422 0.0000000000
34022  -41.815  -41.047  36.055 0.0000000000
32725  -41.023  -41.849  35.887 0.0000000000
34038  -41.492  -41.531  35.687 0.0000000000
32745  -41.149  -42.142  35.234 0.0000000000
34056  -41.671  -41.707  34.964 0.0000000000
34078  -42.488  -41.898  33.272 0.0000000000
34100  -42.561  -42.147  32.580 0.0000000000
35304  -43.799  -40.817  31.784 0.0000000000
36583  -44.587  -39.799  30.889 0.0000000000
38933  -44.442  -37.763  33.890 0.0000000000
38944  -44.569  -37.840  33.132 0.0000000000
37831  -44.954  -38.443  31.491 0.0000000000
36585  -46.153  -39.033  30.017 0.0000000000
37843  -46.539  -38.271  30.042 0.0000000000
39024  -48.022  -37.569  29.625 0.0000000000
37855  -48.073  -38.468  29.055 0.0000000000
37856  -48.455  -38.067  28.788 0.0000000000
27538  -17.116  -45.937  38.969 0.0000000000
27537  -15.923  -46.068  38.964 0.0000000000
44754  -49.447  -32.445  28.992 0.0000000000
45794  -49.771  -31.401  28.385 0.0000000000
49911  -48.847  -26.865  29.401 0.0000000000
49912  -49.827  -27.176  29.807 0.0000000000
50931  -51.747  -27.271  28.986 0.0000000000
49926  -51.891  -27.636  28.742 0.0000000000
48949  -51.920  -28.099  28.300 0.0000000000
49927  -52.309  -27.634  28.118 0.0000000000
51986  -53.450  -25.933  26.513 0.0000000000
49979  -53.193  -27.788  26.130 0.0000000000
48986  -52.640  -28.482  25.657 0.0000000000
55418  -51.756  -22.700  24.131 0.0000000000
55404  -51.798  -21.722  24.503 0.0000000000
62803  -53.453  -15.357  26.260 0.0000000000
62811  -52.347  -15.421  24.791 0.0000000000
62802  -52.900  -15.957  25.572 0.0000000000
60881  -52.329  -17.705  25.041 0.0000000000
60879  -51.012  -18.167  24.073 0.0000000000
59810  -51.623  -18.542  24.560 0.0000000000
58732  -50.914  -19.426  24.298 0.0000000000
58733  -51.861  -19.431  24.931 0.0000000000
57673  -53.401  -20.086  25.285 0.0000000000
57672  -52.908  -20.204  25.260 0.0000000000
56560  -53.350  -20.637  25.086 0.0000000000
56568  -54.573  -21.710  24.755 0.0000000000
57686  -54.324  -20.548  24.684 0.0000000000
42452  -45.257  -34.617  35.399 0.0000000000
42464  -45.648  -34.512  34.941 0.0000000000
44699  -44.958  -33.092  36.217 0.0000000000
45702  -44.586  -32.556  36.089 0.0000000000
32701  -35.704  -42.944  37.166 0.0000000000
32685  -36.160  -43.100  37.411 0.0000000000
33998  -35.904  -42.926  37.082 0.0000000000
34016  -36.760  -42.439  36.710 0.0000000000
34017  -37.504  -42.083  36.557 0.0000000000
41289  -42.824  -36.131  35.205 0.0000000000
41290  -43.094  -35.956  35.371 0.0000000000
41291  -43.392  -35.827  35.629 0.0000000000
40082  -44.082  -36.053  35.745 0.0000000000
41298  -44.389  -35.515  35.639 0.0000000000
41299  -44.872  -35.419  35.289 0.0000000000
47883  -48.674  -28.920  31.399 0.0000000000
48915  -49.258  -28.311  31.036 0.0000000000
48916  -49.808  -28.342  30.504 0.0000000000
49901  -50.206  -27.933  30.320 0.0000000000
52014  -52.868  -24.942  25.627 0.0000000000
53162  -54.292  -24.320  25.230 0.0000000000
54275  -55.375  -23.216  24.467 0.0000000000
56579  -55.501  -22.298  23.941 0.0000000000
64786  -55.390  -13.427  26.206 0.0000000000
63742  -55.097  -14.290  26.475 0.0000000000
63751  -55.382  -14.245  25.897 0.0000000000
62813  -55.258  -14.945  25.436 0.0000000000
67786  -53.473  -10.574  25.649 0.0000000000
67774  -53.863  -10.923  25.995 0.0000000000
67788  -55.061  -10.424  26.032 0.0000000000
68804  -55.142  -9.440  25.254 0.0000000000
71833  -55.547  -5.870  24.104 0.0000000000
70818  -55.505  -7.105  24.120 0.0000000000
71841  -55.868  -6.298  23.487 0.0000000000
40180  -47.951  -36.925  30.050 0.0000000000
41337  -47.134  -34.451  31.091 0.0000000000
43632  -46.876  -32.667  34.093 0.0000000000
44713  -46.955  -32.099  33.843 0.0000000000
45740  -47.451  -30.986  32.928 0.0000000000
47848  -46.901  -28.862  33.612 0.0000000000
27550  -17.542  -46.014  38.390 0.0000000000
26243  -18.936  -46.901  38.013 0.0000000000
24948  -22.221  -48.576  36.956 0.0000000000
23580  -24.549  -49.469  36.600 0.0000000000
22265  -24.978  -50.285  36.222 0.0000000000
22266  -25.755  -50.512  36.459 0.0000000000
22267  -26.683  -50.381  36.525 0.0000000000
23586  -30.059  -49.763  36.204 0.0000000000
23597  -30.475  -50.256  35.743 0.0000000000
30207  -33.892  -44.576  37.191 0.0000000000
30206  -33.200  -44.805  36.681 0.0000000000
28860  -34.012  -45.386  36.834 0.0000000000
27582  -33.352  -46.012  36.414 0.0000000000
27599  -33.508  -46.557  36.005 0.0000000000
26305  -33.328  -47.276  35.768 0.0000000000
27619  -34.941  -47.028  35.089 0.0000000000
28918  -36.419  -45.951  34.548 0.0000000000
31466  -37.991  -43.836  36.504 0.0000000000
30240  -38.016  -44.050  36.002 0.0000000000
30255  -38.304  -44.075  35.308 0.0000000000
31498  -38.973  -43.836  34.644 0.0000000000
31515  -39.950  -43.723  33.836 0.0000000000
31516  -40.976  -43.548  33.792 0.0000000000
35242  -39.715  -40.409  35.492 0.0000000000
35225  -39.100  -40.974  35.931 0.0000000000
36470  -40.411  -39.901  36.861 0.0000000000
36488  -42.339  -39.610  36.096 0.0000000000
36505  -42.483  -40.063  35.604 0.0000000000
35259  -42.663  -40.906  34.388 0.0000000000
34058  -42.699  -41.151  33.911 0.0000000000
35286  -43.468  -40.904  32.611 0.0000000000
35287  -43.814  -40.102  32.585 0.0000000000
40125  -44.741  -37.167  32.863 0.0000000000
38981  -45.357  -37.425  31.308 0.0000000000
39004  -46.017  -37.404  30.488 0.0000000000
39005  -46.844  -37.350  30.120 0.0000000000
39023  -47.519  -37.286  29.988 0.0000000000
28818  -15.819  -45.530  39.743 0.0000000000
45795  -50.226  -30.878  27.691 0.0000000000
50928  -49.902  -26.684  29.124 0.0000000000
50929  -50.734  -26.762  29.347 0.0000000000
50936  -51.515  -26.509  28.627 0.0000000000
50971  -54.115  -26.299  25.496 0.0000000000
60868  -53.152  -17.849  25.713 0.0000000000
59798  -53.053  -18.690  25.683 0.0000000000
58734  -52.422  -19.457  25.277 0.0000000000
57674  -53.914  -19.996  25.177 0.0000000000
70804  -53.558  -7.938  24.730 0.0000000000
70816  -53.755  -7.343  24.558 0.0000000000
71822  -54.458  -6.849  24.587 0.0000000000
71832  -54.845  -6.375  24.491 0.0000000000
72844  -54.566  -5.768  24.101 0.0000000000
72845  -55.171  -5.335  24.117 0.0000000000
72846  -55.554  -5.168  23.946 0.0000000000
41326  -45.972  -35.146  32.838 0.0000000000
42476  -46.430  -33.878  34.151 0.0000000000
43631  -46.394  -33.100  34.577 0.0000000000
46772  -45.759  -30.287  35.333 0.0000000000
30198  -19.751  -45.996  39.075 0.0000000000
28838  -20.083  -46.405  38.670 0.0000000000
27552  -20.545  -46.850  38.683 0.0000000000
27553  -21.229  -47.046  38.617 0.0000000000
31427  -34.242  -43.995  37.688 0.0000000000
30208  -34.566  -44.548  37.659 0.0000000000
30224  -35.244  -44.717  37.337 0.0000000000
30225  -36.254  -44.197  37.352 0.0000000000
30226  -37.084  -44.126  37.110 0.0000000000
31447  -36.946  -43.806  37.357 0.0000000000
37745  -41.266  -39.069  35.361 0.0000000000
37724  -40.898  -39.304  36.056 0.0000000000
38907  -41.594  -38.717  35.733 0.0000000000
37727  -42.966  -38.599  36.227 0.0000000000
37746  -43.444  -38.671  35.490 0.0000000000
37767  -43.685  -38.791  34.771 0.0000000000
36521  -43.640  -39.119  34.280 0.0000000000
37768  -43.995  -38.460  34.230 0.0000000000
40103  -44.588  -36.904  34.221 0.0000000000
40114  -44.914  -36.401  33.483 0.0000000000
41325  -45.342  -35.843  33.136 0.0000000000
31411  -16.402  -43.967  38.883 0.0000000000
30195  -17.370  -44.723  39.589 0.0000000000
44744  -49.140  -32.337  29.793 0.0000000000
45772  -48.913  -31.227  29.999 0.0000000000
46861  -49.488  -30.223  29.547 0.0000000000
46862  -50.093  -29.850  29.000 0.0000000000
50955  -52.352  -25.896  26.849 0.0000000000
51985  -53.219  -25.645  26.482 0.0000000000
52001  -53.881  -25.640  25.922 0.0000000000
50988  -54.370  -26.113  24.968 0.0000000000
64800  -53.161  -13.460  25.281 0.0000000000
63758  -52.572  -14.359  24.696 0.0000000000
64791  -53.140  -14.014  25.331 0.0000000000
62794  -53.882  -15.623  26.774 0.0000000000
62796  -54.957  -15.039  26.748 0.0000000000
62795  -54.425  -15.417  26.956 0.0000000000
61840  -54.336  -16.048  26.580 0.0000000000
61848  -54.447  -16.521  25.995 0.0000000000
43618  -43.525  -34.554  35.135 0.0000000000
43619  -43.887  -33.942  35.110 0.0000000000
43630  -43.644  -34.143  34.713 0.0000000000
37766  -41.278  -38.913  34.446 0.0000000000
40089  -42.084  -37.678  34.388 0.0000000000
40090  -42.322  -37.088  34.789 0.0000000000
41296  -42.648  -36.243  34.933 0.0000000000
42462  -43.252  -35.079  34.930 0.0000000000
49898  -48.038  -27.267  30.193 0.0000000000
50953  -50.330  -26.338  26.419 0.0000000000
51998  -51.841  -25.377  25.407 0.0000000000
52012  -51.328  -25.115  24.745 0.0000000000
53160  -52.204  -24.303  24.553 0.0000000000
54271  -52.364  -23.727  24.366 0.0000000000
65795  -51.716  -12.175  24.040 0.0000000000
65796  -52.599  -12.551  24.546 0.0000000000
65797  -53.166  -12.904  25.215 0.0000000000
66727  -54.393  -11.495  26.464 0.0000000000
65779  -54.659  -12.393  26.660 0.0000000000
69793  -55.186  -8.512  24.647 0.0000000000
40157  -48.750  -36.238  29.781 0.0000000000
41360  -49.140  -35.658  29.447 0.0000000000
42516  -48.859  -34.614  29.826 0.0000000000
43668  -48.335  -32.884  30.980 0.0000000000
42497  -46.998  -33.848  31.592 0.0000000000
46842  -48.230  -29.835  31.914 0.0000000000
45752  -47.757  -30.697  32.389 0.0000000000
48896  -47.693  -28.055  31.643 0.0000000000
44703  -44.344  -33.043  35.042 0.0000000000
46769  -44.302  -31.652  35.644 0.0000000000
46790  -44.315  -31.257  35.047 0.0000000000
46770  -44.585  -31.083  35.980 0.0000000000
47810  -44.647  -30.488  35.518 0.0000000000
47811  -45.051  -29.868  35.389 0.0000000000
47812  -45.572  -29.705  34.936 0.0000000000
47830  -45.891  -29.260  34.459 0.0000000000
48848  -45.977  -28.841  34.075 0.0000000000
49887  -47.380  -27.771  30.774 0.0000000000
27587  -16.451  -45.959  36.695 0.0000000000
28869  -16.967  -45.723  37.004 0.0000000000
27588  -17.529  -45.903  36.698 0.0000000000
28853  -21.083  -46.287  38.001 0.0000000000
23566  -23.089  -48.691  37.105 0.0000000000
23582  -26.769  -49.858  36.782 0.0000000000
22268  -27.667  -50.517  36.303 0.0000000000
20964  -28.092  -51.160  35.913 0.0000000000
22285  -30.937  -50.366  35.406 0.0000000000
22304  -31.404  -50.271  34.966 0.0000000000
26264  -30.409  -47.213  37.706 0.0000000000
26284  -30.680  -47.548  37.098 0.0000000000
28859  -32.687  -45.740  36.254 0.0000000000
24953  -31.843  -48.423  36.112 0.0000000000
24963  -32.391  -48.753  35.655 0.0000000000
24964  -33.125  -48.822  35.309 0.0000000000
23601  -33.278  -49.386  34.964 0.0000000000
28897  -36.550  -45.111  35.089 0.0000000000
30254  -37.619  -44.499  35.401 0.0000000000
28919  -37.471  -45.317  34.328 0.0000000000
32705  -39.279  -42.154  37.139 0.0000000000
32723  -39.812  -42.113  36.687 0.0000000000
31469  -40.062  -42.435  36.259 0.0000000000
36486  -40.825  -39.642  36.566 0.0000000000
36472  -40.926  -40.166  37.030 0.0000000000
35212  -41.073  -40.511  36.874 0.0000000000
34004  -40.670  -40.968  37.010 0.0000000000
32724  -40.510  -42.033  36.245 0.0000000000
31501  -40.993  -42.940  34.947 0.0000000000
32784  -41.477  -42.988  33.642 0.0000000000
32766  -42.051  -42.115  33.798 0.0000000000
36553  -44.136  -39.341  32.839 0.0000000000
37811  -44.810  -38.110  32.182 0.0000000000
37830  -44.641  -39.002  31.755 0.0000000000
36569  -44.690  -39.240  31.247 0.0000000000
36608  -47.928  -39.272  28.720 0.0000000000
49900  -49.672  -27.724  30.599 0.0000000000
48932  -51.157  -28.082  29.727 0.0000000000
48948  -51.441  -28.353  28.890 0.0000000000
48963  -51.697  -28.588  28.098 0.0000000000
47919  -51.543  -29.200  27.453 0.0000000000
50938  -52.615  -27.220  27.930 0.0000000000
49942  -53.243  -27.226  27.141 0.0000000000
49941  -52.794  -27.599  27.436 0.0000000000
47920  -52.134  -28.936  26.894 0.0000000000
62810  -51.751  -15.903  24.025 0.0000000000
61853  -51.582  -16.705  24.027 0.0000000000
57682  -50.770  -20.348  24.297 0.0000000000
57684  -52.273  -20.106  25.174 0.0000000000
56565  -51.693  -20.886  24.822 0.0000000000
56569  -55.201  -22.025  24.416 0.0000000000
57700  -55.349  -21.414  23.892 0.0000000000
57714  -55.327  -21.765  23.526 0.0000000000
20977  -29.437  -51.254  35.310 0.0000000000
20978  -29.780  -51.224  35.133 0.0000000000
20991  -29.086  -51.223  35.003 0.0000000000
22257  -26.527  -49.874  36.838 0.0000000000
22305  -32.064  -49.857  35.044 0.0000000000
24920  -30.199  -47.597  37.466 0.0000000000
27561  -32.816  -45.989  36.804 0.0000000000
28837  -17.301  -45.854  37.931 0.0000000000
28843  -33.574  -45.197  36.729 0.0000000000
28850  -16.816  -45.786  37.801 0.0000000000
28862  -34.867  -45.051  37.174 0.0000000000
30223  -34.757  -44.885  37.396 0.0000000000
31450  -39.357  -42.447  36.814 0.0000000000
31486  -40.818  -42.529  35.386 0.0000000000
32686  -36.919  -42.849  37.565 0.0000000000
32702  -36.139  -42.929  37.172 0.0000000000
33985  -36.370  -42.881  37.248 0.0000000000
33999  -36.365  -42.740  37.022 0.0000000000
34015  -36.304  -42.663  36.779 0.0000000000
36471  -40.654  -39.964  37.047 0.0000000000
36506  -42.855  -39.629  35.417 0.0000000000
37744  -40.610  -39.472  35.620 0.0000000000
38960  -44.734  -37.847  32.576 0.0000000000
39025  -48.508  -37.604  29.183 0.0000000000
42450  -43.688  -34.511  35.338 0.0000000000
42451  -44.868  -35.068  35.661 0.0000000000
42453  -45.657  -34.074  35.268 0.0000000000
43608  -44.327  -34.046  35.684 0.0000000000
43629  -43.444  -34.608  34.908 0.0000000000
44698  -44.587  -33.300  35.887 0.0000000000
45703  -44.999  -32.211  36.280 0.0000000000
46747  -44.553  -31.818  36.126 0.0000000000
47809  -44.392  -30.958  35.529 0.0000000000
47847  -46.409  -29.023  34.050 0.0000000000
48914  -48.880  -28.336  31.361 0.0000000000
49960  -53.135  -27.641  26.822 0.0000000000
50946  -53.411  -26.891  27.014 0.0000000000
50972  -54.423  -25.923  25.125 0.0000000000
53149  -54.126  -24.964  25.495 0.0000000000
54292  -52.398  -23.482  24.306 0.0000000000
54294  -55.354  -23.419  24.394 0.0000000000
55408  -55.332  -22.816  24.474 0.0000000000
55419  -52.396  -23.101  24.214 0.0000000000
55421  -55.462  -23.084  24.210 0.0000000000
56559  -53.100  -20.441  25.154 0.0000000000
56592  -55.355  -22.102  23.589 0.0000000000
60894  -51.160  -17.022  23.835 0.0000000000
61839  -54.102  -15.938  26.772 0.0000000000
64799  -52.820  -13.463  24.803 0.0000000000
66726  -53.925  -11.238  26.130 0.0000000000
67776  -54.577  -10.939  26.262 0.0000000000
72843  -54.344  -6.145  24.130 0.0000000000
