#!ascii label  , from subject 3359 vox2ras=TkReg
1494
28592  -45.242  -46.940  -41.457 0.1000000015
27291  -44.778  -47.306  -41.594 0.1000000015
24666  -44.060  -48.883  -43.121 0.1000000015
27290  -43.713  -47.441  -41.727 0.1000000015
25980  -43.206  -47.995  -42.296 0.1000000015
27266  -43.136  -47.063  -40.996 0.1000000015
25979  -42.191  -48.154  -41.881 0.1000000015
27288  -41.612  -47.376  -41.285 0.1000000015
28571  -41.682  -46.479  -40.863 0.1000000015
25978  -41.128  -48.182  -41.645 0.1000000015
27287  -40.545  -47.429  -41.459 0.1000000015
29976  -41.171  -45.695  -41.055 0.1000000015
28589  -39.981  -46.719  -41.715 0.1000000015
25977  -40.176  -48.095  -41.689 0.1000000015
29975  -40.506  -45.760  -41.855 0.1000000015
31213  -40.926  -45.277  -43.254 0.1000000015
27286  -39.769  -47.576  -41.779 0.1000000015
28607  -40.001  -46.309  -42.471 0.1000000015
28606  -39.630  -46.808  -42.259 0.1000000015
29939  -46.394  -45.191  -39.904 0.1000000015
28591  -44.909  -46.790  -41.301 0.1000000015
29958  -45.925  -45.908  -40.386 0.1000000015
27267  -44.017  -46.921  -41.187 0.1000000015
29938  -45.322  -45.194  -39.794 0.1000000015
29956  -43.855  -45.800  -40.246 0.1000000015
28573  -43.474  -46.464  -40.589 0.1000000015
29937  -44.263  -45.154  -39.784 0.1000000015
28572  -42.528  -46.437  -40.600 0.1000000015
31155  -42.975  -44.283  -39.927 0.1000000015
29954  -41.890  -45.667  -40.507 0.1000000015
31198  -41.245  -44.722  -41.637 0.1000000015
31269  -46.374  -43.978  -45.315 0.1000000015
31251  -45.315  -44.569  -44.976 0.1000000015
31250  -44.381  -44.699  -45.099 0.1000000015
32480  -43.591  -44.230  -44.280 0.1000000015
31233  -42.380  -44.746  -43.894 0.1000000015
31232  -41.487  -45.198  -43.688 0.1000000015
31214  -41.365  -44.747  -42.955 0.1000000015
31197  -40.767  -45.144  -42.490 0.1000000015
29991  -40.448  -45.715  -42.853 0.1000000015
29940  -47.386  -45.225  -39.968 0.1000000015
32377  -47.512  -43.363  -39.439 0.2000000030
31159  -46.924  -44.340  -39.558 0.2000000030
32376  -46.332  -43.276  -39.394 0.1000000015
31158  -45.778  -44.283  -39.493 0.1000000015
41122  -46.863  -36.282  -46.146 0.1000000015
41123  -47.339  -36.837  -46.303 0.1000000015
32375  -45.010  -43.152  -39.364 0.1000000015
31156  -43.707  -44.356  -39.704 0.1000000015
39928  -47.213  -37.198  -47.050 0.1000000015
39914  -47.591  -37.799  -45.809 0.1000000015
39915  -48.207  -38.038  -45.433 0.1000000015
37508  -48.312  -39.649  -44.978 0.1000000015
35040  -48.220  -41.546  -44.479 0.1000000015
32374  -43.986  -43.554  -39.707 0.1000000015
32403  -42.764  -43.745  -40.208 0.1000000015
31179  -41.466  -45.090  -40.766 0.1000000015
38725  -47.494  -38.859  -45.596 0.1000000015
35052  -47.509  -41.666  -45.247 0.1000000015
36256  -47.954  -40.912  -45.051 0.1000000015
33792  -47.255  -42.712  -44.592 0.1000000015
33769  -47.101  -42.482  -43.955 0.1000000015
33748  -46.001  -42.152  -43.091 0.1000000015
33766  -44.643  -42.721  -43.211 0.1000000015
32421  -42.672  -43.342  -41.081 0.1000000015
32484  -46.755  -43.439  -44.911 0.1000000015
32483  -46.193  -43.574  -44.503 0.1000000015
32461  -45.066  -43.496  -43.722 0.1000000015
32439  -43.180  -42.955  -42.979 0.1000000015
32459  -42.835  -43.669  -43.390 0.1000000015
32482  -45.560  -43.994  -44.331 0.1000000015
32481  -44.679  -44.152  -44.268 0.1000000015
31215  -42.029  -44.147  -42.621 0.1000000015
32378  -48.643  -43.425  -39.436 0.2000000030
31160  -48.017  -44.433  -39.548 0.1000000015
31161  -49.219  -44.604  -39.031 0.2000000030
31144  -49.481  -44.845  -38.401 0.2000000030
33686  -48.111  -42.354  -39.477 0.1000000015
33685  -46.956  -42.244  -39.391 0.1000000015
39926  -45.746  -36.463  -46.045 0.1000000015
33684  -45.804  -42.212  -39.585 0.1000000015
33683  -44.833  -42.040  -39.898 0.1000000015
34943  -44.972  -41.720  -40.166 0.1000000015
38726  -48.244  -38.487  -45.262 0.1000000015
32405  -44.167  -42.713  -40.023 0.1000000015
37488  -49.157  -39.679  -44.219 0.1000000015
36241  -48.719  -40.751  -44.243 0.1000000015
35022  -47.832  -41.984  -43.741 0.1000000015
35007  -46.964  -41.684  -42.845 0.1000000015
35005  -45.038  -41.804  -42.391 0.1000000015
33745  -43.338  -42.731  -42.172 0.1000000015
32422  -43.224  -42.762  -40.978 0.1000000015
32438  -42.655  -43.357  -42.228 0.1000000015
31199  -42.092  -43.974  -41.579 0.1000000015
36134  -50.658  -40.442  -38.715 0.1000000015
34925  -50.457  -41.401  -38.272 0.1000000015
34948  -49.694  -41.389  -39.400 0.1000000015
34949  -50.398  -41.424  -38.930 0.1000000015
33688  -49.944  -42.348  -39.097 0.1000000015
33689  -50.222  -42.386  -38.700 0.2000000030
32380  -50.188  -43.071  -38.816 0.2000000030
31162  -49.955  -43.849  -38.726 0.2000000030
34947  -48.716  -41.345  -39.555 0.1000000015
34946  -47.636  -41.343  -39.722 0.1000000015
34945  -46.456  -41.311  -40.075 0.1000000015
39912  -45.870  -36.509  -45.464 0.1000000015
39899  -46.147  -36.620  -44.754 0.1000000015
39900  -47.133  -36.748  -44.643 0.1000000015
39884  -47.749  -37.387  -43.745 0.1000000015
34944  -45.412  -41.622  -40.163 0.1000000015
41131  -45.082  -36.510  -46.489 0.1000000015
41119  -43.817  -36.713  -45.623 0.1000000015
41109  -47.241  -36.592  -45.472 0.1000000015
39901  -47.840  -37.227  -44.963 0.1000000015
38712  -48.815  -38.835  -44.469 0.1000000015
38694  -49.255  -39.209  -43.987 0.1000000015
36225  -49.354  -40.715  -43.310 0.1000000015
36206  -48.967  -40.913  -42.617 0.1000000015
34991  -47.029  -40.952  -42.008 0.1000000015
34971  -46.670  -40.887  -41.121 0.1000000015
34969  -44.867  -41.631  -40.623 0.1000000015
42252  -44.471  -36.267  -46.643 0.1000000015
35023  -48.490  -41.492  -43.975 0.1000000015
36205  -47.961  -41.128  -42.739 0.1000000015
35006  -45.707  -41.655  -42.532 0.1000000015
34990  -46.140  -41.159  -41.906 0.1000000015
33730  -44.287  -41.998  -41.227 0.1000000015
42266  -44.592  -36.060  -47.146 0.1000000015
42265  -43.960  -35.311  -47.416 0.1000000015
43429  -43.603  -34.642  -47.452 0.1000000015
38625  -50.577  -38.696  -38.791 0.1000000015
36149  -50.638  -40.512  -39.184 0.1000000015
39810  -50.537  -38.106  -38.993 0.1000000015
38632  -50.927  -38.639  -39.276 0.1000000015
36119  -50.576  -40.729  -38.106 0.1000000015
33662  -50.301  -42.213  -38.363 0.1000000015
32381  -50.409  -42.840  -38.467 0.2000000030
38647  -50.933  -38.458  -40.182 0.1000000015
37403  -50.727  -39.616  -39.568 0.1000000015
36148  -50.307  -40.554  -39.605 0.1000000015
32355  -50.506  -42.943  -38.016 0.2000000030
39849  -50.752  -37.574  -40.449 0.1000000015
37402  -50.222  -39.864  -40.233 0.1000000015
42241  -42.506  -35.853  -45.744 0.1000000015
41118  -42.932  -36.416  -45.664 0.1000000015
41106  -44.212  -36.892  -44.995 0.1000000015
39911  -45.424  -36.665  -45.208 0.1000000015
39898  -45.072  -37.049  -44.666 0.1000000015
39882  -45.980  -36.988  -43.964 0.1000000015
39848  -50.006  -37.182  -40.914 0.1000000015
38662  -50.576  -38.144  -41.407 0.1000000015
36147  -49.384  -40.260  -39.937 0.1000000015
36146  -48.338  -40.545  -40.099 0.1000000015
41120  -44.736  -36.750  -45.564 0.1000000015
39866  -48.515  -37.718  -42.510 0.1000000015
39886  -49.416  -38.156  -43.008 0.1000000015
37431  -48.995  -39.944  -41.570 0.1000000015
36167  -48.285  -40.069  -40.928 0.1000000015
36145  -47.419  -40.664  -40.493 0.1000000015
42240  -41.927  -35.333  -45.501 0.1000000015
39885  -48.796  -38.072  -43.707 0.1000000015
38696  -49.788  -38.709  -43.141 0.1000000015
37447  -49.924  -40.019  -42.579 0.1000000015
36187  -49.301  -40.389  -42.113 0.1000000015
36166  -47.537  -40.562  -41.425 0.1000000015
42250  -43.016  -35.417  -46.530 0.1000000015
42249  -42.423  -34.863  -46.292 0.1000000015
42264  -43.476  -34.931  -47.153 0.1000000015
43418  -43.362  -34.380  -47.088 0.1000000015
44560  -43.537  -33.668  -47.657 0.1000000015
44566  -43.481  -33.955  -48.089 0.1000000015
36133  -50.451  -40.046  -38.412 0.1000000015
39834  -50.775  -37.774  -39.614 0.1000000015
39809  -49.950  -37.571  -39.228 0.1000000015
38624  -50.071  -38.607  -38.682 0.1000000015
39833  -50.077  -37.176  -39.930 0.1000000015
41063  -48.327  -36.673  -39.519 0.1000000015
37379  -50.116  -39.844  -38.328 0.1000000015
33648  -50.221  -42.264  -37.906 0.1000000015
39847  -48.878  -37.335  -41.291 0.1000000015
39832  -49.084  -37.026  -40.184 0.1000000015
41117  -42.321  -36.141  -45.222 0.1000000015
39897  -44.048  -37.159  -44.302 0.1000000015
38661  -49.719  -37.509  -41.768 0.1000000015
34907  -49.504  -41.320  -37.577 0.1000000015
33647  -49.795  -42.422  -37.459 0.2000000030
41104  -42.592  -36.723  -44.800 0.1000000015
39883  -46.793  -37.125  -43.784 0.1000000015
39865  -47.295  -37.730  -42.875 0.1000000015
39867  -49.224  -37.840  -42.817 0.1000000015
38678  -49.855  -38.021  -42.457 0.1000000015
38679  -50.280  -38.724  -42.391 0.1000000015
43409  -42.232  -34.251  -46.164 0.1000000015
43417  -42.857  -34.345  -46.620 0.1000000015
44548  -42.777  -33.783  -46.512 0.1000000015
44538  -43.113  -32.720  -46.725 0.1000000015
44549  -43.312  -33.394  -47.008 0.1000000015
44559  -43.508  -33.211  -47.520 0.1000000015
41062  -47.872  -36.584  -39.543 0.1000000015
41052  -48.311  -36.775  -38.888 0.1000000015
39806  -47.012  -36.869  -39.551 0.1000000015
39808  -49.143  -37.061  -39.397 0.1000000015
39784  -48.980  -37.484  -38.746 0.1000000015
37390  -49.793  -38.955  -38.577 0.1000000015
39831  -47.890  -36.917  -40.215 0.1000000015
38622  -48.670  -37.911  -38.442 0.1000000015
36118  -50.043  -40.420  -37.917 0.1000000015
39846  -47.527  -37.702  -41.607 0.1000000015
37377  -48.593  -39.426  -37.974 0.1000000015
42232  -41.390  -35.742  -44.820 0.1000000015
41103  -41.646  -36.417  -44.536 0.1000000015
39895  -42.297  -37.068  -44.150 0.1000000015
39896  -43.102  -37.131  -44.180 0.1000000015
39881  -44.869  -37.511  -43.601 0.1000000015
38692  -46.075  -37.499  -43.267 0.1000000015
38675  -46.540  -37.813  -42.675 0.1000000015
38676  -47.092  -37.991  -42.291 0.1000000015
36117  -49.111  -40.308  -37.666 0.1000000015
42239  -41.360  -34.807  -45.317 0.1000000015
39864  -46.757  -37.471  -43.174 0.1000000015
38660  -49.145  -37.523  -41.958 0.1000000015
33646  -48.958  -42.191  -37.424 0.1000000015
43408  -41.653  -34.472  -45.649 0.1000000015
43399  -41.876  -33.816  -45.761 0.1000000015
44537  -42.644  -33.183  -46.202 0.1000000015
46605  -43.753  -30.537  -46.701 0.1000000015
45573  -43.418  -32.241  -47.002 0.1000000015
46609  -43.633  -30.576  -47.093 0.1000000015
41051  -47.426  -36.546  -39.079 0.1000000015
39805  -45.965  -37.078  -39.458 0.1000000015
41031  -47.409  -36.973  -38.498 0.1000000015
39830  -46.597  -37.491  -40.603 0.1000000015
39829  -45.447  -37.428  -40.264 0.1000000015
39783  -48.155  -37.515  -38.441 0.1000000015
38615  -48.906  -38.935  -38.280 0.1000000015
39845  -46.800  -37.802  -41.453 0.1000000015
38646  -45.696  -37.801  -41.022 0.1000000015
38614  -48.218  -38.393  -38.209 0.1000000015
42231  -40.916  -35.227  -44.719 0.1000000015
39880  -43.661  -37.408  -43.460 0.1000000015
38674  -45.644  -37.935  -42.598 0.1000000015
38658  -46.208  -37.989  -41.691 0.1000000015
43398  -41.216  -34.112  -45.182 0.1000000015
41102  -41.125  -35.944  -44.513 0.1000000015
41094  -41.311  -36.653  -43.820 0.1000000015
39879  -42.665  -37.348  -43.402 0.1000000015
38691  -45.189  -37.720  -43.214 0.1000000015
36116  -48.073  -40.269  -37.724 0.1000000015
44527  -41.814  -33.120  -45.420 0.1000000015
46603  -42.466  -31.478  -45.301 0.1000000015
46590  -42.808  -30.723  -45.256 0.1000000015
45564  -42.553  -32.221  -45.691 0.1000000015
46604  -43.328  -31.066  -46.000 0.1000000015
47655  -44.168  -29.910  -47.037 0.1000000015
47652  -44.003  -29.821  -46.424 0.1000000015
39827  -43.616  -37.458  -40.240 0.1000000015
39828  -44.504  -37.402  -40.225 0.1000000015
39804  -44.964  -36.931  -39.487 0.1000000015
41030  -46.327  -36.633  -38.502 0.1000000015
38643  -43.319  -37.847  -40.917 0.1000000015
39861  -42.083  -37.580  -42.618 0.1000000015
39862  -43.213  -37.687  -42.440 0.1000000015
38655  -43.592  -37.922  -41.605 0.1000000015
41017  -46.981  -37.181  -38.150 0.1000000015
43390  -40.444  -34.166  -44.302 0.1000000015
39878  -41.710  -37.121  -43.569 0.1000000015
39863  -44.118  -37.651  -42.878 0.1000000015
38672  -44.035  -37.839  -42.249 0.1000000015
38613  -47.039  -38.339  -38.152 0.1000000015
44526  -40.980  -33.191  -44.694 0.1000000015
34906  -48.553  -41.210  -37.471 0.1000000015
45553  -41.672  -32.195  -44.903 0.1000000015
47651  -43.570  -29.918  -45.590 0.1000000015
48671  -43.652  -29.110  -45.123 0.1000000015
48672  -44.497  -28.663  -45.996 0.1000000015
48676  -44.585  -28.966  -46.891 0.1000000015
41049  -45.327  -36.421  -38.885 0.1000000015
41050  -46.260  -36.582  -38.918 0.1000000015
41029  -45.388  -36.131  -38.391 0.1000000015
42223  -40.175  -35.139  -43.523 0.1000000015
39859  -40.640  -36.797  -43.001 0.1000000015
39843  -42.510  -37.750  -41.534 0.1000000015
45552  -40.995  -32.526  -44.170 0.1000000015
41093  -40.838  -36.164  -43.773 0.1000000015
39774  -47.408  -37.588  -38.216 0.1000000015
46589  -42.073  -31.157  -44.512 0.1000000015
47633  -42.485  -29.782  -43.791 0.1000000015
47644  -42.812  -30.038  -44.647 0.1000000015
48663  -43.209  -29.066  -44.253 0.1000000015
48654  -43.503  -28.343  -43.939 0.1000000015
48664  -44.323  -28.070  -44.854 0.1000000015
39826  -42.730  -37.667  -40.481 0.1000000015
39803  -44.046  -36.807  -39.608 0.1000000015
41048  -44.481  -36.241  -38.965 0.1000000015
41028  -44.799  -35.831  -38.507 0.1000000015
41027  -44.035  -35.457  -38.499 0.1000000015
39825  -41.656  -37.696  -40.696 0.1000000015
39842  -41.391  -37.516  -41.793 0.1000000015
45544  -41.371  -31.870  -44.082 0.1000000015
45543  -40.777  -32.211  -43.375 0.1000000015
47643  -42.111  -30.494  -43.881 0.1000000015
49710  -44.113  -27.432  -44.130 0.1000000015
39802  -43.057  -36.837  -39.555 0.1000000015
41047  -43.636  -36.234  -39.051 0.1000000015
44513  -40.438  -33.217  -43.702 0.1000000015
43389  -39.959  -34.111  -43.375 0.1000000015
46578  -41.463  -31.234  -43.436 0.1000000015
50733  -44.604  -26.894  -44.089 0.1000000015
39800  -40.920  -37.592  -39.790 0.1000000015
41074  -40.026  -36.661  -41.479 0.1000000015
39824  -40.476  -37.360  -40.960 0.1000000015
44502  -40.322  -32.906  -42.870 0.1000000015
42222  -39.753  -34.693  -42.910 0.1000000015
42214  -39.739  -35.298  -42.743 0.1000000015
41085  -39.644  -35.508  -42.206 0.1000000015
49709  -43.511  -28.273  -43.309 0.1000000015
49698  -44.084  -27.774  -43.000 0.1000000015
49699  -44.818  -27.107  -43.241 0.1000000015
41073  -39.627  -35.920  -41.613 0.1000000015
44501  -39.963  -33.310  -42.485 0.1000000015
43381  -39.678  -34.012  -42.504 0.1000000015
42213  -39.542  -34.864  -42.287 0.1000000015
46568  -41.403  -31.064  -42.423 0.1000000015
48653  -42.657  -29.102  -43.150 0.1000000015
50719  -45.417  -26.925  -42.983 0.1000000015
46577  -40.910  -31.651  -42.754 0.1000000015
47632  -41.951  -30.234  -42.993 0.1000000015
48652  -42.278  -29.837  -42.407 0.1000000015
49697  -43.209  -28.646  -42.459 0.1000000015
49684  -44.841  -27.813  -42.172 0.1000000015
49683  -43.863  -28.563  -41.862 0.1000000015
48642  -42.306  -29.923  -41.994 0.1000000015
49682  -43.173  -29.124  -41.701 0.1000000015
25981  -44.464  -48.323  -42.261 0.1000000015
25998  -43.584  -48.644  -42.940 0.1000000015
27289  -42.697  -47.531  -41.505 0.1000000015
27265  -42.316  -47.018  -40.983 0.1000000015
25996  -41.696  -48.763  -42.346 0.1000000015
29957  -44.890  -45.857  -40.356 0.1000000015
28574  -44.466  -46.514  -40.812 0.1000000015
31157  -44.662  -44.308  -39.551 0.1000000015
29955  -42.814  -45.706  -40.194 0.1000000015
32373  -43.282  -43.773  -39.840 0.1000000015
31180  -42.213  -44.555  -40.494 0.1000000015
31252  -46.069  -44.248  -44.859 0.1000000015
31249  -43.348  -44.957  -45.163 0.1000000015
30029  -42.423  -45.413  -44.954 0.1000000015
41107  -46.258  -36.465  -45.337 0.1000000015
39902  -48.499  -37.934  -45.031 0.1000000015
35039  -47.700  -42.048  -44.718 0.1000000015
33768  -46.521  -42.473  -43.623 0.1000000015
32462  -45.706  -43.380  -44.058 0.1000000015
35008  -47.737  -41.616  -43.121 0.1000000015
33747  -45.199  -42.173  -42.880 0.1000000015
32460  -43.958  -43.360  -43.601 0.1000000015
33746  -44.322  -42.162  -42.288 0.1000000015
33687  -49.134  -42.372  -39.303 0.1000000015
32379  -49.578  -43.303  -39.145 0.2000000030
33710  -43.783  -42.481  -40.729 0.1000000015
37489  -49.287  -40.376  -43.823 0.1000000015
36223  -48.059  -41.513  -43.247 0.1000000015
36204  -47.409  -41.169  -42.408 0.1000000015
33728  -43.117  -42.833  -41.487 0.1000000015
34970  -45.712  -41.207  -40.908 0.1000000015
41129  -43.535  -36.298  -46.231 0.1000000015
37467  -49.783  -39.738  -43.425 0.1000000015
36186  -48.414  -40.489  -41.847 0.1000000015
34989  -45.072  -41.502  -41.723 0.1000000015
42281  -44.708  -35.931  -47.913 0.1000000015
39785  -49.921  -38.035  -38.751 0.1000000015
37392  -50.751  -39.435  -38.826 0.1000000015
37418  -50.589  -39.158  -40.688 0.1000000015
32349  -50.232  -43.157  -37.395 0.2000000030
37401  -49.779  -39.892  -40.532 0.1000000015
37433  -50.328  -39.183  -41.659 0.1000000015
37417  -50.074  -39.665  -40.985 0.1000000015
36168  -48.743  -39.948  -40.350 0.1000000015
38697  -50.285  -38.994  -42.884 0.1000000015
45565  -43.093  -32.123  -46.448 0.1000000015
46608  -43.476  -31.302  -46.802 0.1000000015
38656  -44.441  -38.033  -41.666 0.1000000015
38644  -44.049  -37.978  -40.833 0.1000000015
49728  -45.264  -26.966  -45.937 0.1000000015
39841  -40.594  -36.999  -42.112 0.1000000015
31005  -42.472  -45.227  -27.472 0.5000000000
24442  -46.833  -49.765  -29.554 0.5000000000
24428  -46.265  -49.736  -28.974 0.5000000000
30993  -41.980  -45.063  -26.426 0.5000000000
29712  -42.950  -45.489  -27.843 0.5000000000
25716  -46.545  -49.297  -29.183 0.5000000000
32213  -40.286  -43.762  -26.394 0.5000000000
30992  -40.960  -44.317  -26.964 0.5000000000
25742  -46.384  -48.618  -29.370 0.5000000000
31004  -41.662  -44.427  -27.883 0.5000000000
31003  -41.011  -44.026  -27.591 0.4000000060
31012  -41.924  -44.160  -29.152 0.4000000060
25784  -47.834  -48.365  -30.725 0.5000000000
27105  -47.460  -47.642  -31.383 0.5000000000
27126  -47.571  -47.095  -32.122 0.5000000000
29820  -45.826  -45.636  -33.455 0.5000000000
29795  -46.515  -46.080  -32.959 0.5000000000
31085  -45.003  -45.156  -33.595 0.4000000060
31116  -44.097  -44.311  -34.418 0.4000000060
25712  -42.990  -49.421  -28.292 0.1000000015
23111  -45.663  -50.388  -29.250 0.5000000000
29699  -43.071  -45.628  -27.199 0.5000000000
29713  -43.606  -45.998  -28.074 0.4000000060
25715  -46.026  -49.104  -28.463 0.5000000000
30981  -40.866  -44.432  -25.843 0.5000000000
32200  -40.186  -43.429  -25.264 0.5000000000
33448  -40.632  -42.495  -24.439 0.5000000000
33463  -40.189  -42.595  -25.093 0.5000000000
32212  -39.870  -43.182  -26.009 0.3000000119
32226  -40.437  -43.540  -27.461 0.5000000000
32239  -41.320  -43.645  -28.712 0.4000000060
32225  -39.937  -43.198  -26.772 0.3000000119
31027  -43.277  -45.062  -29.564 0.6999999881
29726  -43.737  -45.783  -29.270 0.5000000000
33462  -39.889  -42.663  -25.624 0.3000000119
33470  -39.657  -42.613  -26.447 0.3000000119
32227  -41.031  -43.749  -28.005 0.4000000060
29744  -44.325  -46.340  -29.985 0.6000000238
28381  -44.883  -47.166  -29.373 0.6000000238
25766  -47.425  -48.760  -30.300 0.3000000119
33478  -40.236  -43.046  -27.900 0.3000000119
32252  -41.534  -43.415  -29.728 0.4000000060
31026  -42.545  -44.345  -29.986 0.5000000000
29743  -43.709  -45.461  -30.230 0.6000000238
28409  -44.925  -46.643  -30.750 0.6000000238
27086  -46.409  -47.919  -30.426 0.5000000000
27104  -46.486  -47.449  -31.192 0.5000000000
33491  -40.144  -42.735  -28.234 0.4000000060
32251  -40.980  -43.070  -29.100 0.4000000060
32253  -42.009  -43.796  -30.259 0.5000000000
31042  -42.820  -44.350  -30.919 0.5000000000
28424  -44.995  -46.448  -31.484 0.5000000000
28411  -46.412  -47.111  -31.655 0.5000000000
33490  -39.727  -42.268  -28.351 0.4000000060
33513  -40.915  -42.784  -29.671 0.4000000060
33535  -41.078  -42.899  -30.436 0.5000000000
31059  -42.756  -44.140  -31.398 0.5000000000
31060  -43.424  -44.600  -31.547 0.4000000060
29793  -44.702  -45.895  -32.155 0.5000000000
29794  -45.733  -46.088  -32.657 0.5000000000
32267  -41.662  -43.458  -30.726 0.5000000000
32286  -43.178  -44.143  -32.097 0.5000000000
31074  -43.524  -44.367  -32.301 0.4000000060
29819  -44.908  -45.461  -32.957 0.4000000060
33555  -41.822  -43.337  -31.986 0.5000000000
32300  -43.170  -44.019  -32.585 0.4000000060
31083  -43.760  -44.348  -32.897 0.4000000060
31098  -44.634  -44.643  -33.961 0.4000000060
33573  -41.971  -43.298  -32.700 0.3000000119
32299  -42.654  -43.661  -33.003 0.4000000060
32313  -43.284  -44.019  -33.359 0.3000000119
32312  -42.742  -43.721  -33.949 0.3000000119
32324  -42.965  -43.740  -34.757 0.3000000119
25692  -41.882  -49.464  -27.476 0.1000000015
25711  -42.243  -48.986  -28.238 0.1000000015
24412  -42.134  -50.176  -26.703 0.1000000015
25693  -42.687  -49.846  -27.624 0.1000000015
24414  -43.827  -50.493  -27.294 0.4000000060
23095  -44.116  -50.571  -27.502 0.4000000060
23103  -44.593  -50.524  -28.201 0.4000000060
23104  -45.360  -50.339  -28.439 0.5000000000
23097  -44.952  -50.399  -27.771 0.4000000060
24416  -45.389  -49.915  -27.803 0.5000000000
24427  -45.794  -49.811  -28.404 0.5000000000
29682  -42.424  -45.570  -25.934 0.5000000000
30994  -42.636  -45.420  -26.826 0.5000000000
29700  -43.479  -46.212  -26.842 0.4000000060
25694  -45.349  -49.023  -27.473 0.5000000000
32185  -41.040  -42.857  -23.802 0.5000000000
28369  -44.499  -47.203  -28.385 0.6000000238
34720  -40.770  -41.770  -24.570 0.4000000060
35944  -40.867  -41.150  -24.688 0.2000000030
34738  -40.259  -41.796  -25.169 0.3000000119
34750  -39.355  -41.912  -26.850 0.3000000119
35970  -40.421  -40.736  -25.438 0.3000000119
35988  -39.405  -40.973  -26.346 0.3000000119
34761  -39.272  -41.863  -27.757 0.4000000060
34749  -38.884  -41.268  -27.211 0.3000000119
34773  -39.218  -41.732  -28.580 0.4000000060
33534  -40.364  -42.354  -30.111 0.4000000060
34802  -40.076  -42.206  -30.695 0.4000000060
34760  -38.730  -41.294  -28.082 0.3000000119
34788  -39.247  -41.712  -29.392 0.3000000119
34818  -39.898  -42.075  -31.272 0.3000000119
33554  -41.196  -43.108  -31.435 0.4000000060
33571  -40.418  -42.400  -32.000 0.3000000119
33594  -42.012  -43.311  -33.695 0.3000000119
34834  -39.680  -41.807  -32.020 0.2000000030
34846  -39.835  -41.781  -32.829 0.2000000030
33592  -40.548  -42.428  -33.072 0.3000000119
36066  -38.419  -40.550  -32.643 0.1000000015
34855  -39.971  -41.723  -33.957 0.2000000030
33610  -40.739  -42.397  -33.905 0.4000000060
39726  -37.824  -37.420  -32.689 0.1000000015
24401  -42.689  -50.082  -26.396 0.1000000015
24413  -42.779  -50.176  -27.101 0.1000000015
24402  -43.363  -50.163  -26.594 0.2000000030
24403  -44.060  -49.959  -26.603 0.5000000000
24415  -44.756  -50.061  -27.151 0.4000000060
29669  -42.148  -45.483  -25.492 0.5000000000
29683  -42.942  -45.835  -26.258 0.4000000060
28326  -43.272  -46.380  -26.048 0.4000000060
27026  -44.146  -47.344  -26.463 0.4000000060
27027  -44.664  -47.959  -26.773 0.5000000000
30974  -40.830  -44.359  -24.784 0.5000000000
30982  -41.579  -44.902  -25.250 0.4000000060
27048  -44.932  -47.995  -27.849 0.4000000060
33429  -41.607  -42.356  -23.480 0.4000000060
32184  -40.730  -43.597  -24.119 0.5000000000
34703  -41.966  -41.688  -23.512 0.4000000060
33449  -41.141  -42.339  -23.920 0.5000000000
34721  -41.342  -41.696  -24.020 0.4000000060
35945  -41.643  -40.810  -24.426 0.3000000119
35946  -42.423  -40.562  -24.410 0.2000000030
35971  -41.221  -40.489  -25.033 0.2000000030
35973  -42.610  -40.235  -24.738 0.1000000015
37233  -41.640  -39.975  -25.415 0.3000000119
37232  -40.784  -40.185  -25.549 0.3000000119
37250  -40.051  -40.116  -25.978 0.3000000119
37251  -40.958  -39.577  -25.898 0.2000000030
38478  -39.568  -39.565  -26.647 0.2000000030
36006  -38.338  -40.666  -28.458 0.2000000030
34787  -38.629  -41.289  -29.857 0.2000000030
38489  -38.715  -39.390  -27.460 0.2000000030
36018  -38.152  -40.632  -29.312 0.2000000030
34800  -38.515  -41.284  -30.834 0.2000000030
37272  -38.248  -39.830  -28.086 0.2000000030
36030  -37.746  -40.096  -29.742 0.1000000015
34816  -38.442  -40.979  -31.747 0.2000000030
34833  -38.973  -41.190  -32.486 0.2000000030
38510  -37.598  -38.863  -29.327 0.1000000015
37320  -37.355  -39.311  -30.763 0.1000000015
36076  -38.700  -40.541  -33.250 0.1000000015
38553  -37.338  -38.488  -31.020 0.1000000015
36075  -38.195  -39.928  -32.965 0.1000000015
39709  -37.494  -37.645  -31.276 0.1000000015
38560  -37.796  -38.273  -32.480 0.1000000015
42087  -37.702  -36.425  -32.109 0.1000000015
42071  -37.963  -35.159  -31.144 0.1000000015
25683  -43.506  -49.245  -26.099 0.3000000119
27001  -41.847  -47.753  -25.186 0.3000000119
27002  -42.479  -47.838  -25.474 0.3000000119
25674  -43.354  -48.406  -25.853 0.3000000119
27014  -44.254  -48.586  -26.217 0.3000000119
25684  -44.560  -49.192  -26.557 0.4000000060
28310  -42.331  -47.226  -25.296 0.3000000119
27003  -43.178  -47.795  -25.702 0.3000000119
27013  -43.874  -47.910  -26.012 0.5000000000
29661  -41.910  -45.597  -24.670 0.4000000060
28298  -42.497  -46.287  -25.304 0.5000000000
28311  -42.958  -46.753  -25.529 0.4000000060
28327  -43.669  -46.817  -26.201 0.4000000060
32154  -42.027  -43.726  -22.620 0.4000000060
32172  -41.098  -44.007  -23.766 0.4000000060
30966  -41.049  -44.287  -24.112 0.5000000000
30975  -41.439  -44.796  -24.396 0.5000000000
33410  -43.485  -42.439  -22.383 0.4000000060
33409  -42.785  -42.500  -22.567 0.4000000060
32174  -42.085  -42.877  -22.745 0.4000000060
32173  -41.432  -43.550  -23.357 0.5000000000
33431  -43.234  -41.910  -22.800 0.4000000060
33430  -42.396  -42.072  -23.034 0.4000000060
33411  -44.384  -42.128  -22.527 0.3000000119
34704  -42.922  -41.381  -23.455 0.3000000119
34705  -44.138  -41.503  -23.122 0.3000000119
35924  -43.686  -40.757  -23.883 0.2000000030
35948  -44.252  -40.180  -24.628 0.1000000015
37210  -43.123  -39.953  -24.806 0.1000000015
37234  -42.755  -39.844  -25.137 0.1000000015
37252  -41.937  -39.331  -25.855 0.1000000015
38479  -40.210  -39.189  -26.445 0.2000000030
37253  -42.944  -39.185  -25.930 0.1000000015
38480  -41.147  -38.887  -26.424 0.2000000030
38490  -39.367  -38.879  -27.210 0.2000000030
38502  -38.450  -38.774  -28.039 0.1000000015
38503  -39.050  -38.178  -27.872 0.1000000015
39650  -37.891  -38.465  -28.733 0.1000000015
39651  -38.414  -37.702  -28.613 0.1000000015
39667  -37.606  -37.945  -29.353 0.1000000015
40902  -37.719  -37.213  -29.704 0.1000000015
40930  -37.635  -36.734  -30.525 0.1000000015
42057  -37.809  -35.869  -30.630 0.1000000015
42058  -38.307  -35.425  -30.076 0.1000000015
44360  -38.635  -33.533  -30.112 0.1000000015
45387  -39.273  -32.108  -29.954 0.1000000015
46424  -40.013  -31.026  -29.791 0.1000000015
25665  -41.345  -48.300  -25.082 0.3000000119
25672  -41.651  -48.808  -25.662 0.2000000030
26992  -41.260  -47.683  -24.628 0.3000000119
28297  -42.009  -46.670  -25.014 0.4000000060
28289  -41.310  -46.494  -23.942 0.3000000119
30956  -41.709  -44.485  -22.885 0.4000000060
29651  -41.571  -45.341  -23.963 0.4000000060
32156  -43.923  -42.955  -21.860 0.3000000119
32155  -42.873  -43.380  -22.167 0.3000000119
29640  -41.520  -45.412  -23.237 0.4000000060
28281  -41.423  -46.413  -22.652 0.3000000119
32157  -44.981  -42.787  -21.850 0.3000000119
32158  -46.110  -42.827  -21.936 0.3000000119
33412  -45.574  -41.974  -22.695 0.3000000119
34706  -45.259  -41.389  -23.450 0.3000000119
35925  -44.722  -40.840  -23.865 0.2000000030
35949  -45.511  -40.696  -24.539 0.1000000015
37211  -43.429  -39.908  -24.846 0.1000000015
37236  -44.605  -39.553  -25.675 0.1000000015
37235  -43.781  -39.625  -25.342 0.1000000015
37254  -43.891  -39.135  -26.163 0.1000000015
38481  -42.118  -38.724  -26.526 0.1000000015
38492  -41.280  -38.272  -27.080 0.2000000030
39641  -39.711  -38.135  -27.514 0.1000000015
39643  -41.355  -37.691  -27.794 0.1000000015
39652  -39.481  -37.556  -28.157 0.1000000015
40877  -38.902  -37.101  -28.615 0.1000000015
40878  -39.503  -36.763  -28.606 0.1000000015
40903  -38.438  -36.560  -29.321 0.1000000015
40904  -39.532  -36.135  -28.999 0.1000000015
42038  -39.025  -35.456  -29.221 0.1000000015
43222  -38.823  -34.494  -29.662 0.1000000015
44344  -39.297  -33.556  -29.401 0.1000000015
45370  -38.997  -32.770  -29.762 0.1000000015
45371  -39.816  -32.506  -29.461 0.1000000015
46405  -39.733  -31.656  -29.747 0.1000000015
47461  -40.627  -30.787  -29.692 0.1000000015
46406  -40.522  -31.562  -29.497 0.1000000015
47475  -41.445  -30.369  -29.883 0.1000000015
25664  -40.722  -48.893  -24.762 0.2000000030
25653  -40.506  -49.048  -23.746 0.2000000030
26991  -40.831  -48.115  -24.356 0.3000000119
25643  -40.596  -48.752  -23.033 0.2000000030
26981  -40.639  -48.292  -23.934 0.3000000119
26982  -40.859  -47.603  -24.034 0.3000000119
32133  -43.621  -43.817  -21.686 0.3000000119
30938  -42.995  -44.462  -21.629 0.3000000119
29641  -41.857  -45.330  -22.427 0.3000000119
32135  -45.494  -43.685  -21.399 0.3000000119
32134  -44.455  -43.724  -21.498 0.3000000119
29625  -42.382  -45.313  -21.728 0.3000000119
28282  -41.871  -45.995  -21.932 0.3000000119
32136  -46.580  -43.726  -21.426 0.2000000030
33433  -45.826  -41.581  -23.296 0.2000000030
35926  -45.308  -41.009  -23.962 0.1000000015
34708  -46.662  -41.542  -24.017 0.2000000030
34725  -46.259  -41.218  -24.356 0.1000000015
35950  -46.613  -40.815  -24.939 0.1000000015
35977  -47.301  -40.527  -25.832 0.1000000015
35978  -47.763  -41.024  -26.129 0.1000000015
34751  -48.751  -41.540  -27.027 0.1000000015
37238  -46.418  -39.648  -25.922 0.1000000015
37257  -46.913  -39.469  -26.635 0.1000000015
35998  -47.716  -39.955  -27.722 0.1000000015
35999  -48.455  -40.533  -27.858 0.1000000015
36008  -49.326  -40.870  -28.900 0.1000000015
37255  -44.831  -39.047  -26.340 0.1000000015
37256  -45.871  -39.039  -26.568 0.1000000015
37265  -46.442  -38.885  -27.223 0.1000000015
37266  -47.225  -39.212  -27.709 0.1000000015
37274  -48.292  -39.658  -28.810 0.1000000015
38483  -44.033  -38.574  -26.898 0.1000000015
38482  -43.080  -38.662  -26.717 0.1000000015
38493  -42.231  -38.191  -27.288 0.2000000030
39653  -40.436  -37.232  -28.261 0.1000000015
40879  -40.437  -36.413  -28.782 0.1000000015
40905  -40.024  -36.029  -29.067 0.1000000015
43223  -39.733  -34.667  -28.939 0.1000000015
44345  -40.280  -33.534  -29.109 0.1000000015
45372  -40.902  -32.538  -29.250 0.1000000015
46407  -41.629  -31.536  -29.500 0.1000000015
25629  -42.498  -48.427  -21.685 0.2000000030
25644  -41.132  -48.443  -22.460 0.2000000030
26974  -40.829  -47.686  -23.173 0.3000000119
25628  -41.754  -48.226  -22.028 0.2000000030
26960  -41.402  -47.478  -22.246 0.2000000030
30939  -43.903  -44.600  -21.369 0.3000000119
29626  -43.240  -45.455  -21.283 0.3000000119
30940  -44.903  -44.633  -21.204 0.3000000119
30942  -47.076  -44.718  -21.245 0.2000000030
30941  -45.989  -44.658  -21.057 0.3000000119
28267  -41.713  -46.725  -21.859 0.2000000030
32159  -47.199  -42.981  -22.045 0.2000000030
32137  -47.622  -43.751  -21.412 0.2000000030
33413  -46.779  -42.279  -22.774 0.3000000119
33434  -46.411  -41.723  -23.371 0.2000000030
33414  -47.873  -42.507  -22.912 0.2000000030
33435  -47.440  -41.996  -23.922 0.2000000030
34727  -47.789  -41.627  -25.102 0.1000000015
38485  -45.736  -38.603  -27.378 0.1000000015
38497  -46.198  -38.467  -28.080 0.1000000015
38498  -46.931  -38.581  -28.558 0.1000000015
38496  -45.129  -38.054  -27.982 0.1000000015
38505  -46.251  -38.042  -29.165 0.1000000015
38494  -43.187  -38.115  -27.493 0.1000000015
38495  -44.150  -37.999  -27.660 0.1000000015
39646  -44.221  -37.464  -28.456 0.1000000015
39647  -44.900  -37.646  -28.768 0.1000000015
39658  -45.254  -37.583  -29.457 0.1000000015
39645  -43.274  -37.489  -28.238 0.1000000015
39656  -43.369  -37.101  -29.129 0.1000000015
39669  -42.669  -37.004  -29.541 0.1000000015
39644  -42.309  -37.601  -28.038 0.1000000015
39654  -41.392  -37.155  -28.552 0.1000000015
40881  -42.163  -36.729  -29.459 0.1000000015
40906  -42.006  -36.184  -29.403 0.1000000015
40880  -41.508  -36.473  -29.084 0.1000000015
42017  -40.789  -35.773  -28.912 0.1000000015
43206  -40.025  -35.270  -28.783 0.1000000015
23047  -44.603  -50.385  -21.165 0.3000000119
25630  -43.525  -48.535  -21.305 0.3000000119
26961  -42.103  -47.463  -21.711 0.2000000030
26962  -43.055  -47.490  -21.416 0.3000000119
29628  -45.385  -45.638  -21.217 0.3000000119
28270  -44.767  -46.601  -21.283 0.3000000119
26963  -44.149  -47.571  -21.271 0.3000000119
29630  -47.744  -45.788  -21.115 0.2000000030
28271  -45.900  -46.683  -21.284 0.3000000119
30943  -48.074  -44.669  -21.073 0.2000000030
32160  -48.257  -43.037  -22.041 0.2000000030
39670  -43.113  -36.899  -29.794 0.1000000015
42018  -41.550  -35.653  -29.133 0.1000000015
43208  -41.068  -35.161  -28.818 0.1000000015
21752  -45.123  -50.969  -21.192 0.1000000015
24353  -44.036  -49.558  -21.217 0.3000000119
24354  -45.194  -49.578  -21.146 0.3000000119
25631  -44.660  -48.609  -21.158 0.3000000119
26964  -45.284  -47.651  -21.264 0.3000000119
28272  -47.039  -46.769  -21.174 0.3000000119
26965  -46.450  -47.733  -21.340 0.3000000119
29612  -48.238  -46.354  -21.108 0.2000000030
29631  -48.402  -45.303  -20.930 0.2000000030
30944  -49.123  -44.800  -20.758 0.1000000015
32138  -48.662  -43.769  -21.324 0.2000000030
30945  -50.308  -44.471  -20.876 0.1000000015
32139  -49.740  -43.735  -21.293 0.2000000030
32161  -49.314  -43.053  -22.008 0.2000000030
23048  -45.669  -50.380  -21.385 0.3000000119
24355  -46.266  -49.615  -21.503 0.3000000119
25632  -45.802  -48.676  -21.315 0.3000000119
26947  -48.240  -47.280  -21.244 0.3000000119
28255  -49.300  -46.964  -21.079 0.2000000030
28256  -50.202  -47.025  -20.701 0.1000000015
30924  -50.006  -45.359  -20.692 0.1000000015
30925  -51.008  -45.109  -20.534 0.1000000015
32140  -50.781  -43.672  -21.367 0.1000000015
23049  -46.689  -50.412  -21.662 0.3000000119
23050  -47.663  -50.413  -21.666 0.2000000030
24356  -47.305  -49.683  -21.684 0.3000000119
25633  -46.927  -48.757  -21.557 0.3000000119
26948  -48.737  -47.595  -21.319 0.2000000030
26967  -48.736  -48.436  -21.522 0.3000000119
26949  -49.794  -48.180  -21.297 0.2000000030
25622  -51.500  -48.120  -20.239 0.1000000015
26950  -50.849  -47.773  -20.607 0.1000000015
26951  -51.501  -47.450  -20.162 0.1000000015
28257  -51.113  -46.848  -20.261 0.1000000015
29615  -50.607  -46.059  -20.431 0.1000000015
28258  -51.917  -46.805  -19.946 0.1000000015
29616  -51.828  -45.866  -20.145 0.1000000015
30926  -52.114  -44.717  -20.400 0.1000000015
24357  -48.248  -49.786  -21.721 0.2000000030
24358  -49.038  -49.864  -21.675 0.2000000030
25636  -49.543  -49.230  -21.465 0.2000000030
25635  -48.813  -49.191  -21.660 0.2000000030
25621  -50.947  -48.914  -20.792 0.1000000015
25612  -51.339  -49.109  -20.192 0.1000000015
26939  -52.176  -47.601  -19.781 0.1000000015
28245  -52.611  -46.719  -19.567 0.1000000015
29600  -52.336  -46.301  -19.827 0.1000000015
29601  -52.984  -45.788  -19.612 0.1000000015
29617  -52.551  -45.259  -19.996 0.1000000015
25614  -52.515  -47.854  -19.119 0.1000000015
26940  -52.768  -47.231  -19.213 0.1000000015
28246  -53.410  -46.529  -18.913 0.1000000015
26916  -53.174  -47.614  -17.852 0.1000000015
28233  -53.464  -46.859  -18.100 0.1000000015
31014  -43.346  -45.444  -28.877 0.4000000060
31013  -42.709  -45.032  -28.618 0.5000000000
28347  -44.148  -46.832  -27.067 0.4000000060
25743  -47.031  -49.131  -29.664 0.5000000000
28368  -44.140  -46.794  -27.883 0.4000000060
25741  -45.730  -48.431  -28.842 0.5000000000
29727  -44.214  -46.474  -28.893 0.6000000238
27070  -45.630  -47.950  -29.479 0.5000000000
25765  -46.839  -48.632  -29.922 0.3000000119
25785  -48.522  -48.526  -31.029 0.5000000000
27069  -45.084  -47.958  -28.739 0.5000000000
23126  -46.031  -50.476  -30.116 0.5000000000
27087  -47.301  -48.189  -30.707 0.4000000060
28426  -46.805  -46.669  -32.278 0.5000000000
31084  -44.431  -44.736  -33.212 0.4000000060
32325  -43.436  -44.059  -34.252 0.3000000119
31097  -43.955  -44.314  -33.654 0.4000000060
24424  -43.201  -50.078  -27.692 0.2000000030
29714  -44.099  -46.603  -28.314 0.4000000060
34737  -39.662  -41.864  -25.983 0.3000000119
33477  -39.796  -42.678  -27.484 0.4000000060
32238  -40.638  -43.185  -28.364 0.4000000060
31025  -41.999  -43.920  -29.798 0.5000000000
31043  -43.252  -44.770  -30.519 0.6000000238
28395  -45.052  -46.895  -30.103 0.6000000238
28382  -45.494  -47.402  -29.977 0.5000000000
29768  -44.194  -45.719  -31.126 0.6000000238
29767  -43.618  -45.125  -30.868 0.5000000000
28410  -45.805  -46.975  -31.117 0.5000000000
28396  -45.532  -47.153  -30.480 0.5000000000
33512  -40.333  -42.508  -29.038 0.4000000060
31061  -44.109  -45.244  -31.819 0.4000000060
28425  -45.735  -46.532  -31.920 0.5000000000
33511  -39.700  -42.020  -28.982 0.4000000060
32268  -42.306  -43.911  -30.987 0.5000000000
32285  -42.639  -43.746  -31.953 0.5000000000
31075  -44.170  -44.868  -32.382 0.4000000060
32284  -41.932  -43.522  -31.444 0.5000000000
33572  -41.195  -42.990  -32.413 0.4000000060
29670  -42.596  -45.932  -25.584 0.5000000000
25714  -45.443  -48.505  -28.251 0.5000000000
28348  -44.476  -47.347  -27.575 0.5000000000
35969  -39.889  -41.208  -25.712 0.3000000119
35989  -39.904  -40.735  -25.823 0.3000000119
35987  -38.846  -40.555  -26.939 0.3000000119
35997  -38.554  -40.622  -27.638 0.3000000119
34772  -38.670  -41.258  -28.945 0.3000000119
34801  -39.463  -41.849  -30.408 0.3000000119
33553  -40.491  -42.553  -30.987 0.3000000119
34817  -39.143  -41.593  -31.483 0.2000000030
33593  -41.270  -42.936  -33.370 0.4000000060
34832  -38.423  -40.752  -32.269 0.2000000030
34845  -39.260  -41.185  -33.481 0.2000000030
38571  -38.040  -38.376  -33.010 0.1000000015
40943  -37.595  -36.915  -31.658 0.1000000015
29662  -42.341  -45.932  -25.131 0.4000000060
34722  -42.153  -41.055  -23.875 0.3000000119
34723  -42.879  -40.796  -24.035 0.2000000030
35972  -42.068  -40.340  -24.886 0.2000000030
35947  -43.152  -40.235  -24.524 0.1000000015
37263  -38.708  -40.036  -27.195 0.2000000030
37264  -39.070  -39.575  -26.997 0.2000000030
36005  -38.074  -40.201  -28.760 0.2000000030
36031  -38.023  -40.703  -30.240 0.2000000030
37271  -37.959  -39.764  -28.797 0.1000000015
38501  -37.918  -39.200  -28.681 0.1000000015
37300  -37.494  -39.426  -29.950 0.1000000015
36047  -37.578  -40.051  -30.524 0.2000000030
36048  -37.877  -40.616  -31.148 0.2000000030
38534  -37.392  -38.623  -30.113 0.1000000015
37333  -37.444  -39.258  -31.648 0.1000000015
36065  -37.853  -40.231  -32.116 0.1000000015
36080  -38.533  -39.850  -33.588 0.1000000015
39696  -37.457  -37.755  -30.324 0.1000000015
37334  -37.797  -39.094  -32.545 0.1000000015
37344  -38.269  -39.132  -33.329 0.1000000015
42070  -37.674  -36.100  -31.417 0.1000000015
43237  -38.362  -34.434  -30.543 0.1000000015
25682  -42.354  -49.595  -26.024 0.3000000119
25673  -42.754  -48.639  -25.801 0.3000000119
28312  -43.464  -47.289  -25.819 0.3000000119
30967  -41.372  -44.552  -23.653 0.4000000060
33432  -43.806  -41.958  -22.669 0.3000000119
34687  -44.760  -41.752  -22.928 0.3000000119
38491  -40.338  -38.453  -26.961 0.1000000015
39668  -37.979  -37.322  -29.206 0.1000000015
40931  -37.963  -36.116  -30.096 0.1000000015
25671  -40.738  -49.553  -25.673 0.2000000030
30957  -42.292  -44.439  -22.225 0.3000000119
35975  -45.086  -40.021  -25.196 0.1000000015
35976  -46.155  -40.078  -25.216 0.1000000015
35974  -44.453  -39.823  -25.193 0.1000000015
37237  -45.511  -39.558  -25.797 0.1000000015
39642  -40.431  -37.832  -27.585 0.1000000015
42039  -39.821  -35.592  -28.951 0.1000000015
26973  -40.614  -48.451  -23.466 0.2000000030
34724  -45.668  -41.167  -24.030 0.1000000015
34726  -47.149  -41.407  -24.684 0.1000000015
35951  -47.172  -40.980  -25.164 0.1000000015
35991  -47.944  -40.933  -26.656 0.1000000015
35990  -47.578  -40.128  -27.066 0.1000000015
37267  -47.813  -39.726  -28.171 0.1000000015
36007  -48.778  -40.239  -28.676 0.1000000015
37275  -48.898  -39.990  -29.230 0.1000000015
37273  -47.597  -39.041  -28.635 0.1000000015
37284  -48.555  -39.227  -29.776 0.1000000015
38484  -44.980  -38.509  -27.094 0.1000000015
42016  -40.259  -35.564  -28.865 0.1000000015
24352  -42.877  -49.478  -21.446 0.2000000030
29627  -44.293  -45.568  -21.191 0.3000000119
28268  -42.533  -46.413  -21.518 0.3000000119
28269  -43.656  -46.514  -21.277 0.3000000119
29629  -46.513  -45.709  -21.193 0.3000000119
33450  -47.703  -41.804  -24.670 0.2000000030
37283  -47.855  -38.930  -29.377 0.1000000015
38504  -45.568  -37.926  -28.664 0.1000000015
39655  -42.357  -37.181  -28.937 0.1000000015
33415  -48.947  -42.666  -22.924 0.2000000030
33436  -48.602  -42.475  -23.913 0.2000000030
21751  -44.159  -51.015  -21.179 0.1000000015
28273  -47.920  -46.819  -21.150 0.3000000119
29613  -48.786  -45.975  -20.945 0.2000000030
30923  -49.378  -45.571  -20.741 0.2000000030
26966  -47.759  -47.816  -21.349 0.3000000119
29614  -49.691  -46.168  -20.728 0.2000000030
25634  -47.978  -48.959  -21.653 0.3000000119
26968  -49.236  -48.780  -21.527 0.2000000030
26929  -53.061  -47.411  -18.622 0.1000000015
24488  -48.407  -49.473  -30.941 0.3000000119
25807  -47.313  -49.566  -32.678 0.3000000119
24509  -48.210  -49.723  -32.138 0.3000000119
28507  -45.466  -47.316  -35.884 0.2000000030
28528  -44.350  -47.125  -36.614 0.2000000030
27151  -46.306  -48.283  -33.636 0.3000000119
24510  -49.196  -49.272  -31.866 0.4000000060
25832  -46.876  -48.976  -33.175 0.3000000119
27172  -45.743  -47.760  -34.243 0.3000000119
25786  -49.178  -48.590  -31.582 0.4000000060
25833  -48.196  -49.100  -33.429 0.4000000060
27173  -46.783  -47.935  -34.386 0.3000000119
27203  -46.094  -47.808  -36.260 0.2000000030
25808  -49.543  -48.515  -32.205 0.4000000060
24524  -48.987  -49.386  -32.433 0.4000000060
27174  -47.842  -48.449  -34.444 0.4000000060
27106  -48.774  -47.935  -31.671 0.4000000060
27127  -48.279  -47.303  -32.132 0.4000000060
25858  -48.489  -48.663  -34.191 0.4000000060
27189  -47.188  -47.983  -35.332 0.3000000119
27128  -49.328  -47.693  -32.507 0.4000000060
25834  -49.461  -48.901  -32.976 0.4000000060
28427  -47.769  -46.696  -32.540 0.4000000060
25835  -50.038  -48.221  -33.212 0.4000000060
27190  -48.115  -48.553  -35.333 0.3000000119
27153  -49.741  -47.448  -33.178 0.4000000060
25859  -49.188  -48.555  -34.221 0.4000000060
28447  -47.224  -46.256  -32.895 0.4000000060
25860  -49.927  -48.243  -33.858 0.4000000060
27191  -49.012  -48.391  -35.249 0.3000000119
28449  -49.174  -46.905  -33.327 0.4000000060
27154  -49.958  -47.621  -33.628 0.4000000060
25881  -49.796  -48.139  -34.545 0.4000000060
28448  -48.002  -46.359  -33.354 0.4000000060
28469  -48.608  -46.387  -34.044 0.4000000060
28450  -49.688  -47.207  -33.581 0.4000000060
27176  -49.838  -47.524  -34.461 0.4000000060
27192  -49.616  -47.708  -35.225 0.3000000119
28470  -49.518  -46.767  -34.256 0.4000000060
27206  -49.075  -47.767  -36.141 0.2000000030
29821  -46.955  -45.798  -33.529 0.3000000119
28468  -48.024  -46.164  -33.972 0.4000000060
29822  -47.593  -45.919  -33.944 0.4000000060
29843  -47.977  -45.877  -34.508 0.4000000060
29845  -49.409  -46.049  -35.073 0.4000000060
28487  -49.641  -46.532  -35.371 0.4000000060
27207  -49.464  -47.010  -35.879 0.2000000030
27229  -48.390  -48.138  -37.021 0.3000000119
31099  -45.489  -45.053  -34.238 0.3000000119
29841  -46.313  -45.433  -34.050 0.3000000119
29842  -47.078  -45.427  -34.385 0.3000000119
28508  -49.226  -46.757  -36.497 0.2000000030
27230  -48.740  -47.181  -36.800 0.2000000030
31100  -46.259  -45.163  -34.639 0.3000000119
29844  -48.848  -46.043  -34.771 0.4000000060
28509  -49.600  -46.250  -36.312 0.1000000015
31117  -44.812  -44.423  -34.785 0.3000000119
31118  -45.760  -44.669  -35.081 0.3000000119
31120  -47.742  -44.901  -35.483 0.2000000030
31122  -49.132  -44.952  -35.875 0.2000000030
27241  -47.837  -47.626  -38.143 0.2000000030
32335  -46.775  -44.431  -35.860 0.2000000030
31132  -47.233  -44.546  -35.846 0.2000000030
29898  -49.673  -45.485  -36.306 0.1000000015
28529  -49.089  -46.256  -37.328 0.1000000015
27242  -48.428  -47.104  -37.469 0.1000000015
32334  -46.198  -44.221  -35.743 0.3000000119
33612  -42.275  -43.238  -34.818 0.2000000030
32332  -43.726  -43.855  -35.491 0.1000000015
31133  -47.892  -44.439  -36.077 0.1000000015
29911  -49.426  -45.594  -37.572 0.1000000015
28542  -48.449  -46.396  -38.305 0.1000000015
32331  -42.865  -43.460  -35.296 0.2000000030
32333  -45.148  -44.013  -35.613 0.2000000030
32340  -45.756  -43.500  -36.284 0.2000000030
32341  -46.962  -43.894  -36.363 0.1000000015
31134  -48.720  -44.424  -36.288 0.1000000015
31135  -49.489  -44.523  -36.473 0.1000000015
29912  -49.648  -45.534  -37.121 0.1000000015
29922  -49.258  -45.388  -38.166 0.1000000015
28556  -47.787  -46.549  -39.822 0.1000000015
32339  -44.585  -43.392  -36.327 0.1000000015
33630  -46.376  -42.870  -36.887 0.1000000015
32342  -48.117  -43.736  -36.584 0.1000000015
32344  -49.757  -43.485  -36.982 0.1000000015
31139  -49.814  -44.671  -37.034 0.1000000015
31145  -49.945  -44.581  -37.996 0.1000000015
28557  -48.297  -46.208  -39.219 0.1000000015
27271  -47.286  -47.149  -40.114 0.1000000015
33631  -47.498  -42.943  -36.924 0.1000000015
33634  -49.779  -42.945  -37.102 0.1000000015
32345  -50.064  -43.652  -37.129 0.1000000015
29941  -48.272  -45.521  -39.710 0.1000000015
31146  -50.378  -43.656  -37.798 0.1000000015
33416  -49.992  -42.741  -22.899 0.2000000030
33611  -41.354  -42.653  -34.497 0.2000000030
33623  -43.474  -43.152  -36.238 0.1000000015
33628  -43.823  -42.443  -36.864 0.1000000015
33632  -48.521  -42.895  -36.912 0.1000000015
29942  -48.645  -45.586  -38.886 0.1000000015
31140  -50.166  -43.966  -37.346 0.1000000015
33633  -49.364  -42.897  -36.988 0.1000000015
27188  -46.025  -47.503  -35.137 0.3000000119
27152  -47.233  -48.500  -33.776 0.3000000119
27175  -48.572  -48.568  -34.696 0.3000000119
28428  -48.568  -46.933  -32.724 0.4000000060
29871  -47.572  -45.331  -34.986 0.3000000119
29873  -49.038  -45.464  -35.354 0.2000000030
31119  -46.805  -44.888  -35.288 0.3000000119
29874  -49.544  -45.457  -35.677 0.2000000030
29872  -48.303  -45.450  -35.165 0.4000000060
31121  -48.521  -44.910  -35.673 0.2000000030
29923  -49.561  -45.234  -37.687 0.1000000015
33622  -42.735  -42.733  -35.993 0.1000000015
33629  -45.213  -42.679  -36.846 0.1000000015
32343  -49.030  -43.665  -36.697 0.1000000015
31136  -49.874  -44.041  -36.991 0.1000000015
28577  -47.203  -46.582  -40.495 0.1000000015
33644  -46.962  -42.027  -37.249 0.1000000015
24462  -44.277  -49.589  -30.288 0.3000000119
24484  -44.168  -49.476  -31.100 0.2000000030
25783  -44.152  -49.224  -31.487 0.3000000119
24485  -44.843  -49.819  -31.340 0.2000000030
23110  -45.032  -50.630  -28.973 0.4000000060
24441  -44.767  -50.246  -29.529 0.2000000030
23125  -45.360  -50.465  -29.647 0.4000000060
24463  -45.283  -50.335  -30.374 0.3000000119
25804  -44.456  -48.966  -32.082 0.2000000030
24506  -45.058  -49.589  -31.998 0.2000000030
27124  -43.417  -48.213  -32.253 0.1000000015
27125  -44.155  -48.280  -32.715 0.2000000030
27148  -43.620  -47.789  -33.116 0.1000000015
24486  -46.065  -50.524  -31.031 0.3000000119
27147  -42.742  -47.670  -33.085 0.1000000015
25830  -44.901  -48.597  -32.865 0.2000000030
27169  -43.170  -47.479  -33.614 0.1000000015
27170  -43.872  -47.497  -33.854 0.1000000015
28466  -44.261  -47.216  -34.592 0.1000000015
28483  -42.744  -46.405  -35.456 0.1000000015
28465  -43.058  -47.036  -34.325 0.1000000015
29897  -42.315  -46.068  -36.064 0.1000000015
23143  -46.707  -50.488  -30.547 0.3000000119
25805  -45.363  -49.288  -32.434 0.2000000030
25831  -45.837  -48.809  -33.022 0.2000000030
27149  -44.400  -48.040  -33.409 0.2000000030
27150  -45.295  -48.234  -33.595 0.2000000030
28505  -43.791  -46.752  -36.189 0.1000000015
28503  -42.084  -46.325  -36.639 0.1000000015
24487  -47.358  -50.371  -30.919 0.2000000030
27171  -44.766  -47.718  -34.207 0.2000000030
28484  -43.983  -46.870  -35.332 0.1000000015
28525  -41.763  -46.816  -37.238 0.1000000015
28504  -42.939  -46.418  -36.461 0.1000000015
24508  -46.868  -50.215  -32.002 0.3000000119
24465  -47.508  -49.643  -30.218 0.2000000030
27187  -45.271  -47.483  -34.718 0.2000000030
28485  -45.053  -47.234  -35.290 0.1000000015
28526  -42.794  -46.782  -37.229 0.1000000015
28527  -43.786  -46.919  -36.955 0.1000000015
28506  -44.904  -47.201  -36.187 0.1000000015
27225  -42.503  -47.534  -37.704 0.1000000015
27227  -44.895  -47.823  -37.015 0.1000000015
27202  -45.302  -47.588  -36.506 0.1000000015
25911  -43.253  -48.415  -37.974 0.1000000015
27226  -43.612  -47.603  -37.547 0.1000000015
24466  -47.925  -49.227  -30.487 0.2000000030
27228  -45.981  -48.781  -37.003 0.1000000015
25932  -41.933  -49.279  -38.178 0.1000000015
25912  -44.311  -48.593  -37.808 0.1000000015
27204  -47.447  -48.643  -36.072 0.3000000119
24601  -44.606  -49.984  -37.926 0.1000000015
23127  -46.898  -50.290  -30.144 0.3000000119
24464  -45.800  -50.505  -30.519 0.2000000030
25806  -46.320  -49.549  -32.589 0.3000000119
24507  -45.717  -49.973  -31.974 0.2000000030
28467  -44.822  -47.389  -34.703 0.1000000015
25910  -42.202  -48.385  -38.026 0.1000000015
25933  -42.959  -49.273  -38.196 0.1000000015
25935  -44.568  -49.328  -37.892 0.1000000015
25931  -40.936  -49.249  -38.375 0.1000000015
25934  -43.922  -49.291  -38.058 0.1000000015
24579  -45.892  -50.323  -37.535 0.1000000015
23220  -45.669  -50.860  -37.760 0.1000000015
23221  -46.040  -50.608  -37.755 0.2000000030
21930  -44.750  -51.589  -38.694 0.1000000015
25895  -46.849  -49.117  -36.671 0.2000000030
25915  -47.157  -49.757  -37.165 0.2000000030
23235  -46.008  -50.766  -38.202 0.2000000030
24580  -46.480  -50.203  -37.684 0.1000000015
23252  -45.269  -50.920  -39.164 0.1000000015
24581  -47.160  -49.886  -37.795 0.1000000015
23253  -45.928  -50.283  -38.936 0.1000000015
24602  -46.552  -49.959  -38.414 0.1000000015
25896  -47.700  -49.196  -36.704 0.2000000030
24603  -47.123  -49.405  -38.249 0.1000000015
25916  -47.664  -49.048  -37.556 0.1000000015
27205  -48.383  -48.692  -36.186 0.2000000030
25897  -48.115  -48.897  -36.851 0.1000000015
25937  -47.168  -48.457  -38.729 0.1000000015
25914  -46.329  -49.727  -37.184 0.1000000015
25782  -43.591  -49.001  -31.130 0.1000000015
25681  -41.509  -49.969  -26.260 0.1000000015
24375  -40.362  -49.939  -24.137 0.1000000015
23045  -42.181  -50.316  -21.257 0.2000000030
24351  -41.635  -49.326  -21.913 0.1000000015
23057  -40.017  -50.385  -22.595 0.1000000015
24368  -40.784  -49.216  -22.467 0.1000000015
24367  -40.348  -49.708  -23.098 0.1000000015
24426  -44.465  -50.353  -28.804 0.2000000030
24400  -42.132  -50.106  -26.305 0.1000000015
23046  -43.407  -50.603  -21.174 0.2000000030
23068  -40.089  -50.646  -24.454 0.1000000015
23063  -40.038  -50.489  -23.578 0.1000000015
23044  -41.100  -50.373  -21.371 0.1000000015
24440  -44.140  -49.869  -29.128 0.1000000015
23033  -47.939  -50.908  -21.481 0.1000000015
21754  -47.142  -51.082  -21.631 0.1000000015
21733  -46.640  -51.546  -21.072 0.1000000015
21699  -45.089  -51.709  -20.190 0.1000000015
21753  -46.113  -51.065  -21.486 0.1000000015
21702  -48.155  -51.848  -20.305 0.1000000015
21701  -47.167  -51.885  -20.371 0.1000000015
20420  -45.617  -52.125  -19.475 0.1000000015
23034  -48.518  -51.096  -21.318 0.1000000015
21734  -47.760  -51.466  -21.095 0.1000000015
21700  -46.129  -51.764  -20.278 0.1000000015
20419  -44.575  -52.029  -19.385 0.1000000015
20393  -46.193  -52.632  -18.745 0.1000000015
20422  -47.688  -52.207  -19.563 0.1000000015
20421  -46.672  -52.163  -19.526 0.1000000015
21735  -48.713  -51.462  -20.825 0.1000000015
23035  -49.500  -50.935  -21.122 0.1000000015
24343  -49.950  -50.274  -21.080 0.1000000015
20395  -48.267  -52.711  -18.855 0.1000000015
20394  -47.265  -52.640  -18.756 0.1000000015
20424  -49.375  -51.980  -19.448 0.1000000015
21703  -48.995  -51.738  -20.130 0.1000000015
24359  -49.650  -50.028  -21.401 0.1000000015
33437  -49.659  -42.727  -23.864 0.1000000015
33452  -49.349  -42.850  -24.793 0.1000000015
23013  -50.076  -50.912  -20.433 0.1000000015
24360  -50.003  -49.922  -21.121 0.1000000015
25637  -50.106  -49.499  -21.168 0.1000000015
32162  -50.359  -43.075  -22.016 0.1000000015
33417  -51.003  -42.764  -22.873 0.1000000015
33465  -49.436  -42.955  -25.929 0.1000000015
20423  -48.609  -52.205  -19.569 0.1000000015
33451  -48.369  -42.215  -25.010 0.1000000015
21731  -44.596  -51.379  -20.799 0.1000000015
23051  -48.605  -50.505  -21.599 0.1000000015
21732  -45.608  -51.419  -20.896 0.1000000015
21698  -44.077  -51.626  -20.096 0.1000000015
21736  -49.273  -51.422  -20.538 0.1000000015
21704  -49.811  -51.400  -19.831 0.1000000015
34856  -40.610  -42.017  -34.613 0.1000000015
27067  -41.944  -47.697  -29.954 0.1000000015
27085  -42.599  -48.174  -30.454 0.1000000015
28380  -41.234  -47.213  -29.546 0.1000000015
28394  -41.204  -47.194  -30.666 0.1000000015
28379  -40.588  -46.704  -29.207 0.1000000015
27068  -42.543  -48.277  -29.410 0.1000000015
28392  -39.913  -46.166  -29.679 0.1000000015
28378  -39.915  -46.368  -28.831 0.1000000015
28367  -41.044  -47.318  -28.757 0.1000000015
29711  -39.420  -46.155  -28.610 0.1000000015
28366  -40.488  -47.046  -28.309 0.1000000015
18001  -36.830  -54.324  -26.328 0.1000000015
23094  -36.261  -50.752  -27.986 0.1000000015
23101  -36.280  -50.496  -28.776 0.1000000015
23100  -35.988  -50.105  -28.122 0.1000000015
24422  -35.642  -49.619  -28.504 0.1000000015
25763  -43.095  -48.657  -29.900 0.1000000015
25738  -34.882  -49.013  -29.078 0.1000000015
25690  -35.298  -48.761  -27.662 0.1000000015
29725  -39.321  -45.926  -29.121 0.1000000015
29724  -38.544  -45.570  -29.258 0.1000000015
27103  -43.398  -48.525  -31.633 0.1000000015
25709  -34.688  -47.898  -28.769 0.1000000015
28361  -34.667  -46.759  -28.993 0.1000000015
29707  -36.050  -45.532  -28.893 0.1000000015
29723  -37.633  -45.301  -29.379 0.1000000015
29709  -37.893  -45.499  -28.549 0.1000000015
29698  -38.640  -45.934  -27.756 0.1000000015
28365  -39.600  -46.499  -28.102 0.1000000015
25737  -34.590  -48.622  -29.369 0.1000000015
28377  -35.036  -45.844  -29.374 0.1000000015
29696  -37.317  -45.660  -27.966 0.1000000015
28343  -37.472  -45.940  -27.252 0.1000000015
19285  -36.616  -53.468  -26.733 0.1000000015
20524  -36.549  -52.522  -27.284 0.1000000015
23084  -36.045  -50.915  -27.317 0.1000000015
27046  -41.683  -48.187  -28.535 0.1000000015
27047  -42.535  -48.680  -28.655 0.1000000015
24411  -35.680  -49.623  -27.781 0.1000000015
23093  -35.861  -50.219  -27.490 0.1000000015
25781  -43.142  -48.596  -30.689 0.1000000015
28341  -35.497  -46.823  -27.650 0.1000000015
28363  -36.096  -45.824  -28.453 0.1000000015
28364  -39.020  -46.210  -27.719 0.1000000015
28342  -36.354  -46.092  -27.735 0.1000000015
28344  -38.513  -46.187  -27.189 0.1000000015
17978  -36.634  -54.367  -25.335 0.1000000015
19270  -36.415  -53.632  -25.879 0.1000000015
17964  -36.500  -54.429  -24.168 0.1000000015
20510  -36.023  -52.599  -26.022 0.1000000015
27045  -40.977  -47.676  -28.314 0.1000000015
21780  -36.069  -51.579  -26.789 0.1000000015
25739  -43.111  -48.677  -29.036 0.1000000015
23083  -35.650  -50.515  -26.582 0.1000000015
24399  -35.551  -49.507  -27.017 0.1000000015
27044  -34.995  -47.588  -28.103 0.1000000015
27022  -35.407  -47.660  -27.119 0.1000000015
28322  -36.790  -46.348  -26.640 0.1000000015
28321  -35.880  -46.783  -26.816 0.1000000015
19242  -36.018  -53.522  -23.790 0.1000000015
19251  -36.041  -53.364  -24.920 0.1000000015
17958  -36.370  -54.155  -22.994 0.1000000015
16692  -36.750  -54.712  -22.580 0.1000000015
28346  -40.085  -47.163  -27.634 0.1000000015
20509  -35.599  -52.037  -25.340 0.1000000015
19250  -35.736  -52.738  -24.720 0.1000000015
25740  -43.589  -49.234  -29.368 0.1000000015
21779  -35.599  -51.435  -25.890 0.1000000015
28323  -37.843  -46.393  -26.449 0.1000000015
28345  -39.398  -46.808  -27.241 0.1000000015
27009  -36.313  -46.830  -26.018 0.1000000015
25678  -35.395  -48.572  -26.537 0.1000000015
27008  -35.668  -47.584  -25.970 0.1000000015
19233  -35.933  -53.426  -23.029 0.1000000015
19232  -35.689  -52.868  -23.404 0.1000000015
28325  -39.530  -47.304  -26.717 0.1000000015
25713  -43.645  -49.694  -28.738 0.1000000015
28307  -37.177  -46.665  -25.754 0.1000000015
28308  -38.180  -46.906  -25.734 0.1000000015
25669  -35.431  -48.577  -25.452 0.1000000015
23073  -35.339  -50.462  -25.472 0.1000000015
24390  -35.359  -49.505  -25.997 0.1000000015
27012  -40.325  -48.298  -26.785 0.1000000015
28309  -38.716  -47.215  -25.790 0.1000000015
20495  -35.526  -52.167  -24.610 0.1000000015
21768  -35.387  -51.338  -24.981 0.1000000015
26997  -36.484  -47.274  -25.108 0.1000000015
26996  -35.750  -47.935  -24.935 0.1000000015
27011  -39.732  -47.972  -26.272 0.1000000015
25679  -40.228  -48.692  -26.401 0.1000000015
26998  -37.663  -47.235  -25.048 0.1000000015
26999  -38.665  -47.524  -25.237 0.1000000015
20488  -35.461  -52.192  -23.762 0.1000000015
26987  -36.194  -47.974  -24.330 0.1000000015
26988  -37.246  -47.769  -24.290 0.1000000015
23066  -35.300  -50.486  -24.436 0.1000000015
25670  -39.983  -49.245  -25.816 0.1000000015
26990  -38.926  -48.297  -24.793 0.1000000015
25661  -37.955  -48.121  -24.028 0.1000000015
26989  -38.221  -47.871  -24.515 0.1000000015
19224  -35.701  -52.920  -22.654 0.1000000015
25659  -35.657  -48.564  -24.424 0.1000000015
25663  -39.328  -49.189  -24.963 0.1000000015
21764  -35.338  -51.409  -24.094 0.1000000015
16700  -36.867  -54.958  -23.232 0.1000000015
16676  -38.408  -55.657  -20.628 0.1000000015
16685  -37.562  -55.228  -21.229 0.1000000015
17954  -37.107  -54.881  -21.576 0.1000000015
16693  -37.314  -55.244  -22.251 0.1000000015
21792  -36.423  -51.547  -27.660 0.1000000015
25710  -34.942  -48.766  -28.625 0.1000000015
28362  -35.251  -46.252  -28.627 0.1000000015
29708  -36.836  -45.490  -28.605 0.1000000015
29741  -38.323  -45.404  -30.139 0.1000000015
20496  -35.741  -52.594  -25.133 0.1000000015
27023  -40.000  -47.582  -27.025 0.1000000015
28324  -38.920  -46.963  -26.365 0.1000000015
27010  -39.132  -47.536  -25.791 0.1000000015
25660  -36.031  -48.369  -23.933 0.1000000015
27000  -39.376  -48.276  -25.438 0.1000000015
16686  -38.218  -55.785  -21.662 0.1000000015
13303  -36.490  -58.607  -44.353 0.1000000015
13284  -36.490  -58.692  -43.388 0.1000000015
15755  -36.424  -56.717  -48.185 0.1000000015
15751  -36.523  -56.988  -47.047 0.1000000015
15749  -37.163  -56.800  -46.290 0.1000000015
13315  -35.967  -58.325  -45.225 0.1000000015
15756  -36.965  -56.184  -48.531 0.1000000015
17046  -37.240  -55.610  -49.957 0.1000000015
14456  -37.692  -57.765  -43.465 0.1000000015
13285  -37.275  -58.189  -43.126 0.1000000015
13271  -36.855  -58.242  -42.843 0.1000000015
14475  -37.521  -57.654  -44.332 0.1000000015
14490  -37.014  -57.538  -45.441 0.1000000015
14489  -36.475  -57.981  -45.158 0.1000000015
14474  -36.893  -57.953  -44.791 0.1000000015
15752  -37.062  -56.347  -47.552 0.1000000015
13324  -35.698  -58.331  -45.819 0.1000000015
14498  -36.126  -57.756  -46.282 0.1000000015
17030  -37.626  -55.542  -48.255 0.1000000015
17031  -38.389  -54.899  -48.590 0.1000000015
17048  -38.817  -54.650  -49.203 0.1000000015
17064  -38.766  -54.565  -49.907 0.1000000015
21963  -37.174  -52.315  -41.803 0.1000000015
19468  -36.532  -54.097  -42.870 0.1000000015
21949  -37.842  -52.024  -41.243 0.1000000015
14441  -37.732  -57.577  -42.856 0.1000000015
15688  -37.404  -56.982  -42.553 0.1000000015
18258  -37.427  -55.139  -42.436 0.1000000015
18257  -36.686  -55.255  -42.938 0.1000000015
19469  -37.607  -53.903  -42.231 0.1000000015
14457  -38.313  -57.332  -43.251 0.1000000015
16963  -37.044  -56.132  -42.695 0.1000000015
14476  -37.931  -57.369  -43.716 0.1000000015
14455  -36.520  -57.685  -42.702 0.1000000015
15741  -37.746  -56.901  -45.036 0.1000000015
15727  -37.820  -57.098  -44.437 0.1000000015
23270  -38.217  -51.288  -40.714 0.1000000015
20698  -37.453  -52.732  -41.929 0.1000000015
23247  -37.748  -50.499  -40.375 0.1000000015
16964  -37.823  -56.202  -42.280 0.1000000015
18259  -38.112  -55.524  -42.002 0.1000000015
18242  -38.003  -54.776  -42.014 0.1000000015
15689  -38.203  -56.939  -42.461 0.1000000015
17009  -37.789  -56.146  -45.770 0.1000000015
17018  -37.622  -55.795  -46.955 0.1000000015
17019  -38.309  -55.014  -47.608 0.1000000015
15728  -38.255  -56.774  -44.034 0.1000000015
20699  -37.948  -53.011  -41.693 0.1000000015
15742  -38.071  -56.501  -44.795 0.1000000015
19467  -36.020  -53.682  -42.944 0.1000000015
15690  -38.919  -56.921  -42.722 0.1000000015
15708  -38.744  -57.025  -43.327 0.1000000015
21976  -36.536  -52.381  -42.271 0.1000000015
18271  -39.988  -55.564  -43.167 0.1000000015
18272  -40.435  -55.153  -43.109 0.1000000015
18273  -41.141  -54.683  -42.698 0.1000000015
19455  -38.245  -54.158  -41.895 0.1000000015
18243  -38.667  -55.070  -41.773 0.1000000015
16965  -38.693  -56.206  -42.007 0.1000000015
15691  -39.492  -56.611  -42.822 0.1000000015
16947  -39.948  -55.554  -41.640 0.1000000015
16982  -39.755  -56.049  -43.021 0.1000000015
16967  -40.332  -55.667  -42.323 0.1000000015
18244  -39.426  -54.863  -41.503 0.1000000015
19456  -38.809  -54.058  -41.552 0.1000000015
18245  -40.171  -54.756  -41.226 0.1000000015
16966  -39.557  -56.195  -42.274 0.1000000015
16948  -40.548  -55.304  -41.607 0.1000000015
13272  -37.260  -57.995  -42.805 0.1000000015
13304  -37.173  -58.275  -43.705 0.1000000015
14439  -36.551  -58.011  -42.731 0.1000000015
14440  -36.996  -57.697  -42.667 0.1000000015
14442  -38.349  -57.251  -42.800 0.1000000015
14499  -36.764  -57.344  -46.105 0.1000000015
15748  -36.671  -57.243  -46.434 0.1000000015
16946  -39.287  -55.671  -41.733 0.1000000015
16983  -40.141  -55.642  -42.877 0.1000000015
17047  -38.007  -55.076  -49.373 0.1000000015
18260  -40.862  -55.258  -42.373 0.1000000015
19241  -35.729  -52.811  -24.203 0.1000000015
20481  -35.440  -52.290  -22.972 0.1000000015
20712  -37.170  -52.961  -42.320 0.1000000015
20713  -37.605  -53.270  -42.088 0.1000000015
21964  -37.661  -52.438  -41.550 0.1000000015
21977  -36.997  -52.508  -42.142 0.1000000015
23052  -49.224  -50.357  -21.548 0.2000000030
23096  -44.400  -50.503  -27.577 0.4000000060
23102  -44.145  -50.524  -27.743 0.4000000060
23105  -45.896  -50.125  -28.891 0.5000000000
23112  -46.313  -50.188  -29.455 0.4000000060
23144  -47.026  -50.442  -30.532 0.3000000119
23234  -45.275  -51.315  -38.120 0.1000000015
23271  -38.657  -51.413  -40.622 0.1000000015
24344  -50.421  -49.900  -20.736 0.1000000015
24489  -49.030  -49.023  -31.203 0.4000000060
24523  -48.777  -49.335  -32.743 0.4000000060
24683  -43.712  -49.108  -43.528 0.1000000015
25620  -50.122  -48.969  -21.269 0.1000000015
25695  -45.648  -49.476  -28.016 0.5000000000
25767  -48.099  -48.890  -30.634 0.3000000119
25803  -43.809  -48.749  -31.693 0.3000000119
25809  -49.829  -48.265  -32.721 0.4000000060
25880  -49.504  -48.248  -34.820 0.4000000060
25976  -39.768  -48.016  -41.780 0.1000000015
26979  -36.329  -48.243  -23.888 0.1000000015
26986  -35.814  -48.125  -24.545 0.1000000015
27043  -34.714  -47.147  -28.679 0.1000000015
27107  -49.281  -48.192  -31.952 0.4000000060
27129  -50.012  -47.828  -32.978 0.4000000060
27268  -44.540  -46.847  -41.275 0.1000000015
27306  -39.303  -47.354  -42.382 0.1000000015
28254  -48.535  -46.837  -21.152 0.2000000030
28486  -45.676  -47.406  -35.670 0.2000000030
28530  -49.470  -46.203  -36.811 0.1000000015
28588  -39.600  -47.092  -41.976 0.1000000015
28590  -40.856  -46.570  -41.279 0.1000000015
28623  -39.556  -46.737  -42.925 0.1000000015
29684  -43.356  -46.289  -26.326 0.4000000060
29697  -38.132  -45.704  -27.803 0.1000000015
29710  -38.850  -45.862  -28.355 0.1000000015
29936  -43.245  -45.007  -39.902 0.1000000015
29960  -47.642  -45.936  -40.322 0.1000000015
31253  -46.387  -43.851  -44.896 0.1000000015
31268  -45.788  -44.516  -45.608 0.1000000015
32199  -39.979  -43.096  -25.637 0.3000000119
32338  -43.861  -43.313  -36.331 0.1000000015
32348  -49.983  -42.988  -37.157 0.1000000015
32354  -50.377  -43.528  -38.342 0.2000000030
32404  -43.297  -43.086  -40.249 0.1000000015
33533  -39.840  -42.073  -29.584 0.3000000119
33711  -44.360  -42.152  -40.494 0.1000000015
33729  -43.627  -42.433  -41.483 0.1000000015
33744  -42.899  -43.030  -41.741 0.1000000015
33765  -43.839  -42.673  -42.918 0.1000000015
33767  -45.600  -42.766  -43.544 0.1000000015
33790  -46.073  -42.947  -44.129 0.1000000015
33791  -46.640  -42.909  -44.337 0.1000000015
33810  -47.154  -42.545  -45.363 0.1000000015
34686  -44.431  -41.787  -22.852 0.3000000119
34702  -41.629  -41.895  -23.653 0.4000000060
34707  -46.019  -41.423  -23.756 0.2000000030
34908  -50.205  -41.419  -37.808 0.1000000015
35021  -47.140  -42.222  -43.503 0.1000000015
35053  -47.880  -41.567  -44.873 0.1000000015
36017  -37.894  -40.058  -29.176 0.2000000030
36064  -37.531  -39.927  -31.265 0.1000000015
36185  -47.674  -40.873  -42.074 0.1000000015
36188  -49.728  -40.260  -42.300 0.1000000015
36202  -45.124  -37.934  -43.331 0.1000000015
36203  -45.131  -37.875  -43.016 0.1000000015
36207  -49.650  -40.473  -42.713 0.1000000015
36221  -45.215  -37.747  -43.194 0.1000000015
36222  -45.377  -38.005  -43.036 0.1000000015
36224  -48.620  -41.245  -43.420 0.1000000015
36242  -49.005  -40.782  -43.688 0.1000000015
37231  -40.424  -40.334  -25.647 0.3000000119
37248  -38.875  -40.236  -26.911 0.3000000119
37249  -39.188  -40.138  -26.685 0.3000000119
37282  -37.723  -39.568  -29.271 0.1000000015
37378  -49.540  -39.463  -38.242 0.1000000015
37391  -50.230  -39.299  -38.593 0.1000000015
37415  -48.726  -39.798  -41.183 0.1000000015
37416  -49.220  -39.675  -40.869 0.1000000015
37430  -48.581  -40.023  -41.376 0.1000000015
37432  -49.842  -39.945  -41.804 0.1000000015
37445  -44.934  -37.791  -43.096 0.1000000015
37446  -45.170  -37.872  -42.903 0.1000000015
37448  -50.183  -39.434  -42.575 0.1000000015
37463  -45.231  -37.963  -43.205 0.1000000015
37464  -45.350  -37.746  -43.033 0.1000000015
37465  -49.268  -39.336  -44.027 0.1000000015
37466  -49.354  -39.403  -43.950 0.1000000015
37468  -50.151  -39.225  -43.107 0.1000000015
37487  -49.203  -39.423  -44.152 0.1000000015
38559  -37.551  -38.398  -31.885 0.1000000015
38623  -49.280  -38.448  -38.492 0.1000000015
38642  -42.903  -37.805  -41.081 0.1000000015
38645  -44.912  -37.919  -40.896 0.1000000015
38654  -43.082  -37.830  -41.376 0.1000000015
38657  -45.289  -38.073  -41.747 0.1000000015
38659  -46.853  -38.073  -41.915 0.1000000015
38673  -44.834  -37.888  -42.676 0.1000000015
38677  -49.329  -37.657  -42.309 0.1000000015
38693  -46.432  -37.337  -43.375 0.1000000015
38695  -49.301  -39.001  -43.854 0.1000000015
38711  -49.128  -39.195  -44.189 0.1000000015
39718  -37.690  -37.643  -32.169 0.1000000015
39719  -37.878  -37.859  -32.726 0.1000000015
39786  -50.337  -38.342  -38.792 0.1000000015
39807  -47.605  -36.661  -39.536 0.1000000015
39844  -43.095  -37.812  -41.740 0.1000000015
39860  -41.188  -37.268  -42.787 0.1000000015
39877  -41.133  -36.810  -43.384 0.1000000015
39925  -45.369  -36.600  -45.740 0.1000000015
40953  -37.707  -36.990  -32.375 0.1000000015
41032  -48.216  -37.120  -38.631 0.1000000015
41046  -43.144  -36.313  -39.097 0.1000000015
41086  -40.002  -36.158  -42.624 0.1000000015
41105  -43.441  -36.837  -44.912 0.1000000015
41108  -46.683  -36.423  -45.345 0.1000000015
41121  -46.273  -36.374  -45.833 0.1000000015
41130  -44.246  -36.488  -46.235 0.1000000015
42040  -40.276  -35.885  -28.991 0.1000000015
42170  -44.928  -35.687  -38.318 0.1000000015
42204  -39.440  -35.228  -41.732 0.1000000015
42251  -43.991  -35.936  -46.673 0.1000000015
43207  -40.426  -35.161  -28.747 0.1000000015
43419  -43.570  -34.177  -47.501 0.1000000015
44512  -40.052  -33.511  -42.986 0.1000000015
44550  -43.494  -33.876  -47.326 0.1000000015
45577  -43.464  -33.219  -47.704 0.1000000015
46614  -43.460  -30.570  -47.271 0.1000000015
48643  -42.637  -29.457  -42.076 0.1000000015
