#!ascii label  , from subject 3211 vox2ras=TkReg
690
78215  21.093  -3.690  -35.938 0.1428571492
77023  20.136  -4.384  -35.677 0.1428571492
78253  20.249  -3.099  -37.465 0.1428571492
78214  22.062  -3.514  -35.532 0.1428571492
79389  21.202  -2.863  -36.980 0.2857142985
78239  20.489  -3.346  -36.936 0.1428571492
79388  21.876  -2.840  -36.473 0.1428571492
80516  21.509  -1.756  -37.890 0.5714285970
79408  22.438  -2.137  -36.923 0.1428571492
81784  24.242  -0.330  -37.415 0.2857142985
80514  23.485  -1.035  -37.149 0.2857142985
83042  24.927  0.411  -37.761 0.1428571492
85598  26.557  2.302  -38.892 0.2857142985
85599  25.691  2.064  -39.222 0.1428571492
84355  24.822  1.292  -38.798 0.2857142985
88209  27.225  4.422  -40.447 0.2857142985
85611  26.947  3.183  -39.132 0.2857142985
89439  27.349  5.187  -40.736 0.2857142985
88220  27.026  4.809  -40.913 0.2857142985
90812  27.113  7.051  -41.249 0.2857142985
94781  28.252  9.555  -42.252 0.8571428657
93535  27.972  8.566  -41.682 0.4285714328
90794  27.502  6.325  -40.660 0.2857142985
97110  28.941  11.202  -42.497 0.7142857313
95940  29.428  10.741  -42.134 0.7142857313
95941  28.891  10.279  -42.023 0.7142857313
93551  27.724  8.647  -42.276 0.7142857313
98300  30.344  12.994  -42.224 0.8571428657
98301  29.690  12.380  -42.379 0.5714285970
97111  27.954  11.188  -42.830 0.8571428657
95942  28.227  10.361  -42.622 0.7142857313
94782  27.660  9.596  -42.745 0.7142857313
100673  30.420  14.538  -42.077 0.4285714328
99466  29.999  13.540  -42.306 0.7142857313
103188  31.491  16.579  -43.738 0.2857142985
103179  30.884  16.458  -42.755 0.5714285970
101924  30.730  15.524  -42.080 0.7142857313
100674  29.441  14.396  -42.261 0.8571428657
103216  31.184  16.528  -45.600 0.1428571492
103201  31.432  16.616  -44.687 0.1428571492
101925  29.815  15.375  -41.650 0.8571428657
105670  30.917  18.601  -46.072 0.1428571492
104509  30.812  17.168  -45.957 0.1428571492
104497  31.212  17.480  -45.230 0.1428571492
104486  31.493  17.507  -44.244 0.4285714328
103180  30.280  15.812  -41.737 0.8571428657
105704  30.135  18.554  -48.756 0.1428571492
105696  29.988  17.947  -48.589 0.1428571492
105683  30.629  18.572  -47.035 0.1428571492
105657  31.182  18.242  -45.479 0.1428571492
105656  31.425  18.459  -44.735 0.4285714328
105626  30.864  18.196  -42.549 0.5714285970
104461  30.257  17.299  -42.265 0.7142857313
101926  28.660  15.292  -42.190 0.8571428657
106903  30.570  19.512  -47.498 0.1428571492
106887  31.085  19.503  -45.651 0.1428571492
106877  31.202  19.368  -44.899 0.5714285970
105616  30.047  18.407  -41.891 0.8571428657
103181  29.209  16.366  -41.906 0.8571428657
104463  28.781  17.321  -42.039 0.8571428657
106920  29.801  19.990  -48.982 0.1428571492
108227  30.268  20.479  -47.762 0.2857142985
106888  30.851  19.538  -46.511 0.1428571492
108208  30.792  20.490  -45.783 0.8571428657
106856  30.902  19.103  -43.119 0.8571428657
106844  30.747  18.568  -42.624 0.7142857313
106857  30.119  19.429  -42.872 0.8571428657
109560  29.678  21.449  -48.755 0.1428571492
109573  29.416  21.522  -49.797 0.1428571492
109557  30.345  21.392  -47.135 0.4285714328
109524  29.791  21.197  -44.411 0.8571428657
108199  30.506  20.619  -44.835 0.8571428657
106858  29.412  19.742  -42.848 0.8571428657
106847  28.817  19.545  -42.329 0.8571428657
108187  29.125  20.854  -43.780 0.8571428657
108179  29.295  20.204  -43.380 0.8571428657
108180  28.424  20.332  -43.419 0.8571428657
110772  30.074  22.271  -48.225 0.1428571492
111952  29.941  23.025  -48.336 0.2857142985
110767  30.297  22.240  -47.440 0.5714285970
110753  30.397  22.424  -45.776 0.8571428657
110761  30.458  22.258  -46.637 0.8571428657
109539  30.314  21.567  -45.199 0.8571428657
109540  29.619  21.911  -44.612 0.8571428657
113066  29.961  23.615  -48.306 0.2857142985
111948  30.097  23.568  -47.041 0.7142857313
111939  30.256  22.953  -46.918 0.5714285970
111940  30.035  23.498  -46.429 0.8571428657
110740  29.139  22.347  -44.520 0.8571428657
109526  27.705  21.719  -44.061 0.8571428657
108188  28.125  21.017  -43.610 0.8571428657
113039  29.768  23.953  -46.046 0.8571428657
110755  28.998  22.844  -44.672 0.8571428657
110742  27.252  22.508  -44.462 0.7142857313
110741  28.337  22.523  -44.439 0.7142857313
114185  29.750  24.576  -45.984 0.8571428657
111914  28.551  23.177  -44.645 0.8571428657
113041  28.432  24.354  -44.998 0.8571428657
114187  28.167  25.211  -45.249 0.8571428657
111915  27.824  23.322  -44.595 0.7142857313
115407  29.417  26.074  -47.072 0.7142857313
114202  29.317  25.628  -46.110 0.8571428657
115398  28.787  26.198  -46.014 0.8571428657
115384  27.854  25.799  -45.511 0.8571428657
116741  27.210  27.106  -46.721 0.7142857313
111931  28.413  23.669  -44.705 0.8571428657
115383  28.505  25.658  -45.508 0.8571428657
118093  29.033  28.572  -50.720 0.1428571492
115408  28.902  26.894  -46.809 0.8571428657
116755  28.314  27.747  -47.378 0.7142857313
116740  28.165  26.891  -46.566 0.8571428657
118110  28.004  29.076  -51.581 0.1428571492
116764  28.446  28.387  -48.509 0.5714285970
118079  27.746  28.780  -49.299 0.5714285970
118080  26.610  28.727  -49.221 0.5714285970
118094  27.973  28.954  -50.365 0.1428571492
119438  27.008  29.466  -52.553 0.1428571492
118081  25.379  28.401  -49.248 0.5714285970
119440  26.034  30.337  -52.192 0.1428571492
120718  26.106  30.808  -53.032 0.1428571492
118112  26.114  29.388  -50.968 0.1428571492
121904  26.013  31.322  -52.929 0.1428571492
118096  25.876  29.107  -50.166 0.5714285970
120704  25.585  30.848  -52.297 0.1428571492
121891  25.773  31.547  -52.244 0.1428571492
120691  25.521  30.762  -51.383 0.1428571492
78191  21.096  -4.122  -35.357 0.1428571492
76999  20.242  -4.787  -35.118 0.1428571492
79409  21.732  -2.307  -37.274 0.2857142985
79387  22.930  -2.217  -36.252 0.1428571492
80494  23.684  -1.566  -36.457 0.2857142985
80495  22.993  -1.665  -36.855 0.2857142985
84353  26.875  1.830  -38.295 0.2857142985
84354  26.051  1.484  -38.683 0.2857142985
84338  25.543  0.898  -38.230 0.1428571492
90813  26.607  6.505  -41.562 0.2857142985
90795  26.804  5.896  -41.135 0.2857142985
93550  28.199  9.011  -41.848 0.4285714328
92165  27.079  7.292  -41.760 0.5714285970
99465  30.937  13.599  -42.196 0.2857142985
93566  27.269  8.949  -42.896 0.7142857313
101923  31.268  15.620  -42.520 0.1428571492
99481  28.158  13.426  -42.945 0.8571428657
106919  30.217  19.496  -48.592 0.1428571492
108207  31.011  20.049  -45.120 0.8571428657
108185  30.699  19.739  -43.683 0.8571428657
106833  28.947  19.228  -41.653 0.8571428657
106859  28.612  19.843  -42.953 0.8571428657
113061  30.073  24.076  -47.585 0.8571428657
115397  29.369  25.810  -46.417 0.8571428657
116754  29.291  26.999  -47.566 0.8571428657
118095  26.920  29.217  -50.135 0.1428571492
119439  26.449  29.832  -52.386 0.1428571492
121914  27.026  31.659  -53.842 0.1428571492
77000  19.624  -4.881  -35.346 0.1428571492
80515  22.457  -1.388  -37.531 0.4285714328
83043  24.134  0.122  -38.057 0.2857142985
80530  21.960  -1.077  -38.142 0.2857142985
84339  24.945  0.855  -38.242 0.1428571492
86923  27.450  3.870  -39.592 0.2857142985
86925  25.877  3.396  -40.032 0.2857142985
85613  25.384  2.742  -39.647 0.2857142985
86924  26.649  3.687  -39.954 0.2857142985
92178  27.364  7.748  -42.225 0.7142857313
104522  30.527  17.668  -47.470 0.1428571492
106928  30.036  18.868  -49.109 0.1428571492
108240  29.579  20.536  -49.281 0.1428571492
109559  29.999  21.402  -47.939 0.2857142985
105618  29.082  18.569  -41.666 0.8571428657
110788  29.228  22.645  -49.568 0.1428571492
111953  29.620  23.248  -48.867 0.1428571492
113067  29.785  24.183  -48.630 0.2857142985
114210  29.891  25.152  -47.836 0.5714285970
115414  29.639  26.126  -48.424 0.5714285970
116763  29.371  27.576  -48.602 0.7142857313
118078  28.907  28.617  -49.488 0.4285714328
116777  29.650  27.673  -49.998 0.2857142985
118111  27.049  29.299  -51.111 0.1428571492
118113  25.484  29.329  -50.893 0.2857142985
119422  26.974  29.312  -51.930 0.1428571492
119424  25.220  29.837  -51.506 0.1428571492
119454  26.546  30.153  -53.158 0.1428571492
121890  26.526  31.840  -52.090 0.1428571492
114215  29.857  25.080  -48.791 0.4285714328
114224  29.887  25.463  -49.621 0.4285714328
115425  30.060  25.907  -49.801 0.4285714328
115426  29.769  26.474  -49.583 0.4285714328
79366  21.890  -3.257  -35.952 0.1428571492
78238  21.183  -3.222  -36.607 0.1428571492
77024  19.200  -4.582  -35.897 0.1428571492
79410  20.758  -2.583  -37.617 0.4285714328
78254  19.967  -3.294  -37.316 0.2857142985
81785  23.254  -0.487  -38.106 0.1428571492
85612  26.192  2.879  -39.488 0.2857142985
95953  27.528  10.396  -43.138 0.7142857313
99467  29.044  13.386  -42.601 0.8571428657
104474  31.287  17.479  -43.321 0.5714285970
105669  31.213  18.845  -45.383 0.2857142985
104510  30.687  17.639  -46.596 0.1428571492
105647  31.477  18.384  -43.699 0.1428571492
108218  30.581  20.483  -46.832 0.5714285970
106832  29.637  19.044  -41.678 0.8571428657
108198  30.925  19.986  -44.412 0.8571428657
109549  30.582  21.456  -46.234 0.8571428657
110754  29.730  22.608  -44.985 0.8571428657
109525  28.875  21.724  -44.102 0.8571428657
111929  29.879  23.336  -45.679 0.8571428657
114201  29.761  25.144  -46.601 0.8571428657
114186  29.076  25.168  -45.657 0.8571428657
118067  27.395  28.327  -48.336 0.5714285970
119423  26.278  29.668  -51.705 0.1428571492
121915  26.395  31.390  -53.781 0.1428571492
120729  26.410  30.754  -53.879 0.1428571492
84352  27.272  1.976  -38.118 0.1428571492
81786  22.464  -0.831  -38.151 0.4285714328
86938  26.245  3.864  -40.480 0.5714285970
119410  24.588  29.261  -51.336 0.1428571492
86940  24.693  3.393  -40.620 0.5714285970
85625  23.781  2.645  -40.953 0.5714285970
85627  22.324  1.707  -41.282 0.2857142985
86956  24.978  4.173  -40.872 0.5714285970
85638  23.695  3.191  -41.506 0.5714285970
84385  22.355  1.294  -40.896 0.4285714328
86957  24.272  3.761  -41.411 0.5714285970
85641  21.162  1.904  -41.906 0.2857142985
85659  22.461  2.783  -42.450 0.4285714328
89454  25.862  5.305  -41.851 0.4285714328
88238  25.136  4.800  -41.605 0.5714285970
86976  23.957  4.024  -42.035 0.5714285970
86994  23.086  4.017  -42.970 0.4285714328
89469  26.159  5.817  -42.039 0.5714285970
89471  24.776  5.593  -42.831 0.5714285970
88259  24.130  4.747  -42.593 0.4285714328
90828  25.164  6.448  -43.080 0.7142857313
90829  24.676  5.953  -43.275 0.4285714328
92180  25.779  7.414  -42.744 0.4285714328
85658  23.009  3.116  -42.474 0.4285714328
85660  21.558  2.561  -42.375 0.2857142985
88260  23.486  4.280  -42.874 0.4285714328
90827  26.039  6.490  -42.442 0.7142857313
93568  25.680  8.486  -43.119 0.7142857313
92193  24.224  7.500  -43.626 0.4285714328
94797  25.149  9.282  -43.522 0.7142857313
94811  24.598  9.507  -44.232 0.5714285970
94810  25.424  9.889  -44.029 0.7142857313
93552  27.131  8.145  -42.830 0.5714285970
93567  26.644  8.797  -43.157 0.5714285970
95954  26.987  10.405  -43.872 0.7142857313
95971  25.688  10.815  -44.378 0.7142857313
97135  25.844  11.362  -44.250 0.7142857313
97136  25.411  11.583  -44.564 0.7142857313
97147  25.038  11.181  -44.758 0.4285714328
97137  25.022  11.798  -44.832 0.4285714328
98303  27.593  11.725  -42.905 0.5714285970
98317  27.043  12.311  -43.084 0.5714285970
98318  25.931  12.323  -43.915 0.7142857313
99483  26.514  13.401  -43.585 0.7142857313
100688  26.956  14.353  -43.338 0.7142857313
98319  25.210  12.787  -44.211 0.7142857313
99485  25.021  13.332  -44.132 0.5714285970
100690  25.125  14.462  -44.254 0.5714285970
98316  27.720  12.888  -42.978 0.5714285970
100687  27.729  14.228  -42.927 0.7142857313
99482  27.372  13.439  -43.161 0.7142857313
101940  27.214  14.985  -42.661 0.8571428657
98330  24.629  12.538  -44.656 0.4285714328
101941  26.329  15.474  -43.114 0.7142857313
101942  25.563  15.280  -43.893 0.7142857313
103184  26.679  16.540  -42.597 0.7142857313
101959  25.552  16.048  -43.486 0.7142857313
100675  28.522  14.255  -42.608 0.5714285970
101928  27.024  15.808  -42.515 0.8571428657
103183  27.394  16.552  -42.335 0.8571428657
103189  26.005  16.710  -43.085 0.7142857313
103202  25.516  16.902  -43.765 0.5714285970
104488  25.639  17.785  -44.183 0.2857142985
103182  27.785  16.672  -42.287 0.7142857313
104465  27.162  17.246  -42.459 0.7142857313
105649  25.706  18.671  -44.654 0.7142857313
104464  27.907  17.582  -42.172 0.7142857313
104475  26.668  17.470  -42.902 0.8571428657
104487  26.169  17.663  -43.548 0.8571428657
108181  27.748  20.249  -43.717 0.8571428657
105640  26.921  18.490  -43.297 0.8571428657
105648  26.372  18.521  -44.062 0.5714285970
106861  27.094  19.079  -43.985 0.8571428657
106869  26.485  19.551  -44.377 0.8571428657
105639  27.554  18.811  -42.793 0.8571428657
106860  27.679  19.526  -43.339 0.8571428657
108189  27.129  20.634  -44.030 0.8571428657
108190  25.979  20.641  -44.392 0.7142857313
113023  27.406  24.140  -44.758 0.7142857313
111916  26.789  23.362  -44.640 0.7142857313
113042  27.645  24.763  -45.096 0.5714285970
111917  25.774  23.451  -44.892 0.7142857313
113024  26.332  24.206  -44.779 0.7142857313
114188  27.440  25.214  -45.383 0.7142857313
115373  25.896  25.546  -45.125 0.7142857313
113043  25.442  24.312  -45.213 0.7142857313
115386  25.597  25.899  -45.722 0.7142857313
115401  25.056  26.293  -46.615 0.7142857313
114203  24.789  25.590  -46.151 0.5714285970
116742  25.976  27.089  -46.983 0.7142857313
114190  24.143  25.175  -46.085 0.5714285970
116743  24.781  27.113  -47.278 0.5714285970
115402  24.094  26.302  -47.378 0.5714285970
113045  23.316  24.674  -46.116 0.5714285970
114211  23.487  25.818  -47.593 0.5714285970
114204  23.978  25.674  -46.825 0.5714285970
116758  24.628  27.382  -48.157 0.5714285970
113026  22.582  24.215  -45.313 0.4285714328
113047  21.777  24.057  -46.510 0.4285714328
114191  23.144  25.434  -46.378 0.5714285970
114175  23.188  25.459  -45.023 0.4285714328
94763  28.601  9.560  -41.667 0.2857142985
114192  22.689  25.732  -47.140 0.2857142985
113012  22.990  25.091  -44.291 0.2857142985
84383  23.905  1.854  -40.310 0.5714285970
84370  22.718  1.122  -40.251 0.5714285970
88221  26.306  4.548  -41.016 0.2857142985
88222  25.530  4.350  -41.005 0.4285714328
85626  22.807  2.036  -41.213 0.5714285970
89440  26.931  5.335  -41.038 0.2857142985
88237  25.942  5.019  -41.496 0.5714285970
84398  22.027  1.483  -41.289 0.2857142985
86978  22.760  3.437  -42.809 0.4285714328
88276  23.810  5.160  -43.238 0.4285714328
89483  24.232  5.565  -43.232 0.5714285970
86979  21.941  3.247  -42.927 0.2857142985
86995  22.495  3.989  -43.285 0.2857142985
92192  25.038  7.518  -43.197 0.5714285970
97109  29.812  11.311  -42.129 0.2857142985
93584  23.855  8.187  -44.422 0.2857142985
95964  25.126  10.182  -44.422 0.7142857313
105630  27.922  18.572  -42.211 0.8571428657
110743  26.185  22.549  -44.614 0.7142857313
111934  23.354  24.195  -46.885 0.5714285970
116756  26.809  27.809  -47.505 0.5714285970
116757  25.627  27.610  -47.901 0.5714285970
114212  23.072  25.486  -48.137 0.2857142985
89484  23.575  5.647  -43.674 0.4285714328
88210  26.637  4.099  -40.516 0.2857142985
98302  28.258  12.315  -42.727 0.7142857313
94795  27.068  9.617  -43.300 0.5714285970
101927  27.683  15.632  -42.310 0.7142857313
101939  27.936  14.812  -42.436 0.7142857313
115399  27.522  26.364  -46.079 0.8571428657
92179  26.610  7.398  -42.320 0.5714285970
93553  26.378  8.053  -42.824 0.5714285970
109527  26.630  21.618  -44.330 0.7142857313
97125  27.312  11.212  -43.343 0.5714285970
86939  25.565  3.873  -40.563 0.5714285970
85639  23.180  2.806  -41.890 0.4285714328
85640  22.122  2.051  -41.736 0.4285714328
88239  24.344  4.362  -41.885 0.5714285970
86977  23.424  3.721  -42.456 0.4285714328
83089  22.227  0.752  -40.365 0.5714285970
89470  25.498  5.602  -42.406 0.5714285970
88258  24.873  5.226  -42.337 0.5714285970
88277  23.262  4.690  -43.398 0.4285714328
90842  24.662  6.945  -43.338 0.4285714328
93569  24.758  8.402  -43.412 0.5714285970
93583  24.286  8.466  -44.009 0.4285714328
92207  23.518  7.420  -44.281 0.4285714328
92194  23.733  6.967  -43.683 0.4285714328
94796  26.163  9.612  -43.744 0.7142857313
94809  25.876  10.091  -44.121 0.7142857313
93599  24.021  8.829  -44.578 0.2857142985
95963  25.613  10.370  -44.301 0.7142857313
97126  26.579  11.342  -43.818 0.7142857313
99484  25.621  13.511  -44.135 0.7142857313
100689  26.133  14.442  -43.902 0.7142857313
103203  25.133  16.994  -44.415 0.2857142985
114173  26.816  24.839  -45.163 0.7142857313
115372  26.338  25.257  -45.145 0.7142857313
115400  26.353  26.404  -46.260 0.8571428657
116744  24.139  26.775  -47.919 0.7142857313
114205  23.149  25.500  -47.370 0.5714285970
113025  23.103  24.737  -44.837 0.4285714328
89485  22.932  5.300  -44.014 0.4285714328
89425  28.432  5.287  -39.703 0.1428571492
89426  27.814  5.221  -40.301 0.1428571492
92164  27.731  7.740  -41.407 0.1428571492
93534  28.399  8.769  -41.198 0.1428571492
90777  28.016  5.802  -40.015 0.1428571492
93533  29.073  8.974  -40.759 0.1428571492
92141  28.076  7.331  -40.625 0.1428571492
90793  28.274  6.895  -40.341 0.1428571492
94762  29.048  9.581  -41.171 0.1428571492
98287  30.131  11.922  -41.988 0.2857142985
120677  26.817  30.670  -49.927 0.1428571492
120657  26.390  30.315  -49.341 0.1428571492
109529  24.607  21.709  -45.475 0.4285714328
110756  24.489  22.781  -45.836 0.4285714328
119402  22.752  29.848  -49.295 0.2857142985
116778  23.326  28.238  -49.905 0.2857142985
116759  23.919  26.941  -48.630 0.2857142985
118083  23.672  28.312  -49.903 0.2857142985
109551  22.712  21.550  -46.909 0.1428571492
116769  22.719  27.859  -49.051 0.2857142985
116765  25.179  27.747  -48.581 0.4285714328
110762  23.364  22.732  -46.969 0.4285714328
111933  23.864  23.685  -46.319 0.5714285970
116768  22.988  27.487  -49.395 0.2857142985
110768  22.278  23.320  -48.828 0.4285714328
113068  22.396  24.185  -48.891 0.2857142985
115403  22.241  26.221  -47.422 0.1428571492
115410  22.932  25.799  -48.829 0.1428571492
115411  22.230  26.253  -48.479 0.1428571492
111944  21.275  23.846  -47.647 0.1428571492
113046  22.146  24.370  -46.701 0.4285714328
115388  22.549  26.259  -46.524 0.1428571492
116746  21.755  27.095  -47.552 0.1428571492
118055  22.061  27.677  -47.890 0.1428571492
111943  21.600  24.393  -47.325 0.2857142985
114165  22.819  25.464  -43.772 0.1428571492
116729  22.127  26.823  -46.800 0.1428571492
115387  22.886  26.301  -45.461 0.1428571492
116728  22.623  27.273  -45.874 0.1428571492
80517  20.855  -1.890  -38.235 0.4285714328
80543  20.137  -0.975  -39.200 0.2857142985
88208  28.018  4.502  -39.825 0.1428571492
92140  28.849  7.543  -40.265 0.1428571492
95923  29.038  10.010  -41.535 0.1428571492
109528  25.552  21.667  -44.701 0.2857142985
118082  24.220  28.375  -49.772 0.2857142985
118071  22.443  28.109  -48.281 0.2857142985
118099  23.123  28.381  -50.685 0.2857142985
118054  22.546  28.186  -47.184 0.2857142985
80533  19.645  -1.289  -38.811 0.2857142985
84337  26.455  1.125  -38.030 0.1428571492
83041  25.909  0.508  -37.588 0.1428571492
86910  27.674  3.403  -38.971 0.1428571492
86922  28.194  3.896  -39.254 0.1428571492
98286  30.611  12.541  -41.702 0.1428571492
110770  21.336  22.900  -48.195 0.1428571492
108191  25.127  20.781  -45.036 0.4285714328
109550  23.086  22.195  -46.968 0.2857142985
113044  24.476  24.436  -45.743 0.5714285970
118069  25.656  27.915  -48.560 0.4285714328
118085  22.663  28.860  -49.140 0.2857142985
118100  22.715  28.661  -50.281 0.2857142985
118098  23.831  28.552  -50.915 0.2857142985
118115  23.203  28.503  -51.523 0.2857142985
120681  23.016  30.219  -50.161 0.2857142985
120680  23.844  30.692  -50.469 0.1428571492
120659  24.530  30.575  -49.493 0.1428571492
120679  24.877  30.661  -50.452 0.1428571492
116745  22.324  27.516  -46.701 0.2857142985
120678  25.874  30.672  -50.262 0.1428571492
120692  24.308  30.219  -51.357 0.1428571492
99464  31.800  13.895  -41.819 0.2857142985
118097  24.828  29.034  -50.664 0.4285714328
119401  23.350  30.017  -48.606 0.2857142985
119425  24.102  29.265  -51.611 0.2857142985
120705  23.696  29.577  -51.663 0.1428571492
80531  21.292  -1.187  -38.463 0.4285714328
118068  26.276  28.121  -48.449 0.4285714328
110744  25.248  22.634  -45.168 0.4285714328
111932  24.988  23.568  -45.649 0.5714285970
114189  25.106  25.180  -45.423 0.5714285970
116766  24.442  27.743  -48.927 0.2857142985
114206  22.589  25.665  -47.862 0.2857142985
115415  23.352  26.468  -48.966 0.2857142985
92163  28.328  7.978  -40.779 0.1428571492
90776  28.660  6.385  -39.804 0.1428571492
94736  29.680  9.442  -40.781 0.1428571492
116780  22.808  28.393  -49.570 0.2857142985
116779  22.994  28.197  -49.798 0.2857142985
116767  23.525  27.516  -49.290 0.2857142985
110757  23.851  22.729  -46.346 0.4285714328
116760  22.103  27.296  -48.462 0.1428571492
111941  23.542  23.258  -46.771 0.4285714328
110763  22.711  22.800  -47.852 0.2857142985
111942  23.267  23.722  -47.518 0.5714285970
113056  21.826  24.720  -47.850 0.4285714328
79427  19.295  -1.648  -38.354 0.2857142985
95901  30.127  9.870  -40.750 0.1428571492
108200  24.977  20.270  -45.550 0.2857142985
119426  22.961  29.362  -51.546 0.2857142985
120693  23.380  29.944  -51.217 0.2857142985
99493  25.042  13.786  -44.285 0.4285714328
101960  25.169  16.054  -44.202 0.2857142985
119363  23.597  29.437  -46.011 0.1428571492
118084  22.821  29.543  -48.497 0.1428571492
118035  22.662  28.559  -44.909 0.1428571492
119374  23.178  29.071  -46.954 0.1428571492
119387  23.330  29.397  -47.779 0.1428571492
118045  23.097  28.231  -46.032 0.1428571492
119364  23.126  28.939  -46.093 0.1428571492
119352  22.406  29.643  -45.379 0.1428571492
119350  23.961  29.844  -45.043 0.1428571492
120615  21.563  30.515  -44.710 0.1428571492
119351  23.121  29.720  -45.381 0.1428571492
120604  22.623  30.492  -45.211 0.1428571492
119362  24.473  29.548  -45.885 0.1428571492
118070  22.774  28.914  -47.951 0.1428571492
119373  23.879  29.415  -46.844 0.1428571492
119386  24.119  29.398  -47.819 0.1428571492
119344  22.381  30.234  -45.392 0.1428571492
119353  21.536  29.501  -44.651 0.1428571492
83074  23.286  0.727  -39.261 0.4285714328
84356  23.852  1.148  -39.176 0.2857142985
84368  24.276  1.648  -39.638 0.2857142985
85614  24.595  2.501  -40.103 0.2857142985
83061  23.024  0.166  -39.104 0.2857142985
113055  22.767  24.426  -47.305 0.4285714328
86926  25.156  3.294  -40.056 0.2857142985
83075  22.575  0.516  -39.650 0.4285714328
85600  24.890  2.125  -39.363 0.1428571492
83060  23.714  0.464  -38.656 0.1428571492
84384  23.161  1.688  -40.585 0.4285714328
84369  23.362  1.289  -39.804 0.2857142985
109541  24.169  22.214  -45.976 0.2857142985
81804  20.987  -0.690  -39.069 0.2857142985
81805  20.449  -0.861  -39.190 0.2857142985
81817  21.992  0.100  -39.525 0.2857142985
81818  21.418  -0.157  -39.603 0.2857142985
83076  21.823  0.328  -40.046 0.2857142985
90843  24.236  6.417  -43.521 0.2857142985
90844  23.417  6.506  -43.908 0.2857142985
90859  23.055  6.621  -44.613 0.2857142985
95973  24.634  10.422  -44.883 0.1428571492
95974  23.874  10.459  -45.614 0.1428571492
97148  24.328  11.446  -45.072 0.2857142985
99494  24.614  13.504  -44.459 0.1428571492
101976  24.297  16.344  -44.877 0.1428571492
103217  24.603  17.014  -44.872 0.1428571492
104499  25.014  17.857  -44.705 0.1428571492
105658  25.010  18.680  -45.293 0.1428571492
109530  24.323  21.120  -45.803 0.1428571492
109543  23.357  20.948  -46.684 0.1428571492
109542  23.775  21.593  -46.366 0.1428571492
111918  21.593  23.276  -45.252 0.1428571492
79426  19.687  -2.031  -38.402 0.2857142985
81803  22.207  -0.386  -38.860 0.1428571492
106870  25.449  19.724  -45.004 0.2857142985
106878  24.815  19.551  -45.759 0.1428571492
79412  18.964  -1.976  -37.746 0.2857142985
89500  23.026  5.962  -44.255 0.2857142985
99506  24.021  13.349  -44.850 0.1428571492
100705  24.298  14.428  -44.909 0.1428571492
100691  24.738  14.930  -44.560 0.1428571492
103205  23.707  15.680  -45.532 0.1428571492
103218  24.020  16.759  -45.277 0.1428571492
104500  24.286  17.778  -45.230 0.1428571492
108209  22.945  20.359  -46.611 0.1428571492
113027  21.966  23.885  -45.836 0.1428571492
89501  22.373  5.618  -44.470 0.2857142985
111936  21.671  23.497  -46.436 0.1428571492
88278  22.250  4.723  -44.011 0.1428571492
108192  24.679  20.840  -45.561 0.1428571492
81819  20.422  -0.441  -39.849 0.2857142985
90872  23.174  6.533  -45.214 0.1428571492
103219  23.323  16.243  -45.886 0.1428571492
80519  17.922  -1.427  -37.446 0.1428571492
80534  18.889  -1.218  -38.393 0.1428571492
83077  21.185  0.082  -40.275 0.1428571492
100672  31.472  14.763  -42.308 0.1428571492
100686  32.060  14.843  -42.766 0.1428571492
113088  29.329  24.508  -50.380 0.1428571492
79391  19.027  -2.786  -37.153 0.1428571492
81806  19.339  -0.655  -38.954 0.1428571492
81832  19.928  -0.300  -40.253 0.1428571492
83090  21.588  0.683  -40.813 0.1428571492
81820  19.582  -0.218  -39.704 0.1428571492
84399  21.483  1.260  -41.398 0.1428571492
113078  29.598  24.464  -49.479 0.1428571492
114232  29.737  25.492  -50.455 0.1428571492
111965  29.347  23.590  -49.521 0.1428571492
79411  19.723  -2.847  -37.678 0.1428571492
83100  21.004  0.736  -41.203 0.1428571492
80532  20.421  -1.464  -38.775 0.1428571492
80518  18.415  -1.499  -37.883 0.1428571492
83091  20.614  0.361  -40.756 0.1428571492
77022  20.709  -4.291  -35.390 0.1428571492
79390  19.391  -3.064  -37.245 0.1428571492
79413  18.286  -1.853  -37.611 0.1428571492
79425  20.302  -2.274  -38.255 0.2857142985
80544  19.811  -0.765  -39.350 0.2857142985
83059  24.498  0.642  -38.293 0.1428571492
84386  21.867  1.155  -41.122 0.2857142985
86958  23.680  3.509  -41.848 0.5714285970
89453  26.407  5.449  -41.499 0.4285714328
89524  22.792  6.374  -45.167 0.1428571492
90885  22.800  6.586  -45.388 0.1428571492
92206  23.988  7.864  -44.109 0.4285714328
92233  23.252  6.795  -45.475 0.1428571492
93507  28.806  8.385  -40.596 0.1428571492
94798  24.588  8.990  -43.673 0.5714285970
95962  26.164  10.555  -44.176 0.7142857313
95972  25.265  10.688  -44.545 0.7142857313
97146  25.465  11.127  -44.526 0.7142857313
98320  24.762  12.991  -44.216 0.5714285970
98328  25.636  11.852  -44.330 0.7142857313
98329  25.362  12.164  -44.509 0.4285714328
100704  24.774  14.056  -44.474 0.2857142985
100721  23.734  13.883  -45.106 0.1428571492
101943  24.973  15.256  -44.267 0.1428571492
101975  24.715  16.397  -44.584 0.2857142985
103204  23.944  15.967  -45.245 0.1428571492
104450  29.972  18.027  -41.946 0.8571428657
104451  29.686  18.034  -41.981 0.8571428657
104452  28.608  18.091  -42.035 0.8571428657
104453  28.223  18.242  -42.049 0.7142857313
104460  30.816  17.667  -42.671 0.5714285970
104462  29.530  17.170  -42.159 0.8571428657
104498  30.873  17.832  -45.839 0.1428571492
104501  23.673  17.255  -45.567 0.1428571492
104534  30.333  17.384  -48.269 0.1428571492
105604  29.546  18.847  -41.553 0.8571428657
105605  29.327  18.838  -41.496 0.8571428657
105617  29.653  18.536  -41.730 0.8571428657
105619  28.461  18.660  -41.800 0.8571428657
105627  30.400  18.243  -42.240 0.8571428657
105628  29.451  18.118  -41.957 0.8571428657
105629  29.083  17.911  -42.058 0.8571428657
105631  27.297  18.056  -42.580 0.8571428657
105638  31.178  18.260  -42.913 0.5714285970
105695  30.405  18.450  -48.059 0.1428571492
106818  29.436  19.069  -41.525 0.8571428657
106819  29.199  19.046  -41.447 0.8571428657
106831  30.047  18.662  -41.883 0.8571428657
106834  28.385  19.131  -42.035 0.8571428657
106845  30.275  18.982  -42.305 0.8571428657
106846  29.548  19.387  -42.243 0.8571428657
106848  28.115  19.292  -42.584 0.8571428657
106867  31.284  19.255  -44.063 0.5714285970
106868  27.334  19.765  -44.041 0.8571428657
108177  30.475  19.537  -43.274 0.8571428657
108178  30.011  19.786  -43.397 0.8571428657
108186  30.056  20.333  -44.018 0.8571428657
108228  29.806  20.543  -48.507 0.1428571492
110769  21.943  22.807  -48.620 0.4285714328
110773  29.687  22.374  -48.943 0.1428571492
110774  22.114  23.518  -49.184 0.1428571492
110775  21.871  23.291  -49.163 0.1428571492
110776  21.430  23.146  -48.956 0.1428571492
111928  30.289  22.937  -46.279 0.8571428657
111930  29.119  23.494  -44.938 0.8571428657
111935  21.578  24.145  -46.948 0.2857142985
111947  30.162  23.100  -47.657 0.5714285970
111949  22.744  23.723  -48.572 0.4285714328
111950  21.179  23.672  -48.698 0.1428571492
111954  22.285  23.780  -49.088 0.2857142985
111955  21.945  23.717  -49.330 0.2857142985
111956  21.547  23.643  -49.211 0.1428571492
111966  29.038  23.082  -49.867 0.1428571492
111978  29.295  24.007  -49.926 0.1428571492
113022  28.028  23.902  -44.661 0.8571428657
113040  29.391  24.179  -45.495 0.8571428657
113054  29.894  24.143  -46.616 0.8571428657
113057  21.359  24.319  -48.481 0.1428571492
113060  30.134  23.472  -48.001 0.7142857313
113062  22.625  24.403  -48.274 0.2857142985
113063  21.945  24.509  -48.752 0.2857142985
113064  21.543  24.106  -49.041 0.1428571492
113069  22.007  24.128  -49.206 0.2857142985
113070  21.740  23.932  -49.288 0.2857142985
114174  25.930  24.961  -44.857 0.7142857313
114213  22.635  25.672  -48.386 0.2857142985
114223  30.012  25.677  -49.787 0.1428571492
114231  30.052  25.694  -50.007 0.1428571492
115385  26.722  25.604  -45.616 0.7142857313
115409  23.501  26.192  -48.219 0.5714285970
115416  22.848  26.569  -49.273 0.2857142985
115417  22.534  27.006  -48.983 0.1428571492
115435  30.073  26.036  -50.135 0.1428571492
118114  23.534  28.726  -51.880 0.2857142985
118116  22.865  28.628  -51.248 0.2857142985
118128  23.291  28.860  -52.168 0.1428571492
118129  23.081  28.660  -52.027 0.2857142985
118130  22.940  28.589  -51.733 0.2857142985
119343  22.647  30.207  -45.310 0.1428571492
119411  24.377  28.953  -51.264 0.2857142985
119412  22.652  29.423  -50.159 0.2857142985
119421  27.413  29.264  -52.115 0.1428571492
119427  22.664  29.091  -51.049 0.2857142985
119441  23.510  29.149  -52.035 0.1428571492
119442  23.063  29.089  -52.094 0.2857142985
119443  22.810  28.863  -51.733 0.2857142985
119455  26.250  30.316  -52.680 0.1428571492
120605  22.430  30.419  -45.331 0.1428571492
120613  23.144  30.625  -44.923 0.1428571492
120614  22.340  30.683  -45.111 0.1428571492
120694  22.856  29.660  -50.884 0.2857142985
120706  23.321  29.402  -51.772 0.1428571492
120717  26.312  30.628  -53.345 0.1428571492
120730  26.227  31.136  -53.476 0.1428571492
121916  26.148  31.269  -53.270 0.1428571492
