#!ascii label  , from subject 3366 vox2ras=TkReg
855
105220  -47.221  17.887  24.535 0.0000000000
120255  -39.949  37.656  21.892 0.0000000000
113011  -36.456  27.615  25.412 0.0000000000
113020  -43.626  28.052  24.592 0.0000000000
120277  -44.361  36.556  20.104 0.0000000000
117953  -41.895  33.762  26.195 0.0000000000
117987  -43.357  32.429  23.002 0.0000000000
113044  -40.758  27.485  21.966 0.0000000000
104247  -39.963  17.796  25.169 0.0000000000
104207  -43.481  17.374  29.452 0.0000000000
122435  -36.464  39.524  24.378 0.0000000000
119506  -39.349  36.216  19.172 0.0000000000
117299  -43.626  33.000  14.624 0.0000000000
107828  -42.503  21.701  27.269 0.0000000000
117215  -36.378  32.897  25.002 0.0000000000
113832  -40.932  28.439  26.557 0.0000000000
109662  -45.619  23.698  25.034 0.0000000000
108767  -41.947  22.759  22.403 0.0000000000
107883  -37.859  21.839  20.212 0.0000000000
107013  -46.788  20.325  21.943 0.0000000000
117261  -44.827  32.565  18.648 0.0000000000
118750  -45.286  33.904  22.182 0.0000000000
117246  -42.846  32.982  20.554 0.0000000000
116429  -40.208  31.916  21.892 0.0000000000
105180  -41.603  17.834  27.539 0.0000000000
104169  -39.326  17.293  30.198 0.0000000000
123879  -37.253  41.174  28.136 0.0000000000
118777  -42.061  34.540  17.385 0.0000000000
107825  -39.472  21.213  26.103 0.0000000000
110545  -38.994  24.766  25.536 0.0000000000
120245  -37.159  36.979  23.303 0.0000000000
118745  -38.059  34.738  22.420 0.0000000000
115518  -43.754  30.856  26.787 0.0000000000
115531  -41.447  31.229  26.714 0.0000000000
112999  -43.973  27.763  27.065 0.0000000000
111378  -43.951  25.700  26.727 0.0000000000
111407  -45.083  25.685  24.528 0.0000000000
109667  -44.775  23.614  23.320 0.0000000000
110572  -44.255  25.282  22.598 0.0000000000
109677  -39.379  23.723  21.268 0.0000000000
119495  -42.495  37.198  21.089 0.0000000000
118747  -40.458  34.918  22.497 0.0000000000
119466  -43.981  36.183  23.237 0.0000000000
117203  -44.609  33.018  25.013 0.0000000000
115539  -44.055  30.936  24.693 0.0000000000
113036  -42.278  27.270  22.866 0.0000000000
115543  -40.723  30.162  23.002 0.0000000000
114702  -38.694  29.090  21.945 0.0000000000
104264  -43.796  17.268  24.539 0.0000000000
104251  -45.506  17.080  26.252 0.0000000000
103229  -46.480  16.921  28.400 0.0000000000
121665  -36.006  38.850  28.240 0.0000000000
122413  -38.764  39.779  26.553 0.0000000000
122450  -39.352  39.880  23.696 0.0000000000
121786  -40.784  39.184  20.865 0.0000000000
121045  -42.377  37.319  18.824 0.0000000000
118788  -44.549  35.165  16.908 0.0000000000
116495  -44.264  31.079  16.038 0.0000000000
115642  -43.563  30.793  13.633 0.0000000000
106066  -39.395  19.757  29.103 0.0000000000
106070  -43.251  19.948  29.139 0.0000000000
106948  -45.019  20.459  28.379 0.0000000000
115527  -36.561  30.638  26.018 0.0000000000
117951  -39.563  33.295  25.774 0.0000000000
115529  -38.481  30.755  26.105 0.0000000000
113013  -38.527  27.811  25.507 0.0000000000
111376  -41.516  25.446  26.346 0.0000000000
108728  -44.998  22.842  27.299 0.0000000000
106993  -45.966  20.869  24.753 0.0000000000
106996  -45.511  21.286  23.104 0.0000000000
107010  -43.538  20.595  21.548 0.0000000000
107033  -41.601  20.757  19.900 0.0000000000
110581  -41.958  25.434  21.820 0.0000000000
107874  -40.384  21.822  21.363 0.0000000000
107947  -38.927  21.552  17.483 0.0000000000
105221  -47.643  17.460  24.049 0.0000000000
106127  -47.538  18.511  23.294 0.0000000000
106129  -47.337  19.454  23.005 0.0000000000
117268  -43.917  31.608  18.137 0.0000000000
118008  -44.191  32.811  20.074 0.0000000000
117258  -42.396  32.294  18.907 0.0000000000
117250  -40.977  32.417  20.079 0.0000000000
111393  -38.217  25.707  25.330 0.0000000000
120993  -38.825  37.841  23.028 0.0000000000
114685  -44.060  30.003  25.966 0.0000000000
114672  -43.803  29.894  27.027 0.0000000000
113016  -44.265  27.928  26.144 0.0000000000
112201  -44.436  26.808  26.114 0.0000000000
112207  -44.214  27.046  24.987 0.0000000000
111414  -44.878  25.435  23.341 0.0000000000
112217  -44.294  26.224  23.092 0.0000000000
120276  -44.096  37.155  20.741 0.0000000000
119479  -42.842  35.920  21.862 0.0000000000
119481  -44.328  35.990  22.353 0.0000000000
117995  -44.792  32.605  22.277 0.0000000000
117988  -45.309  33.210  23.285 0.0000000000
117227  -44.523  32.233  23.739 0.0000000000
116412  -44.294  31.634  24.594 0.0000000000
116411  -43.299  31.221  24.062 0.0000000000
115545  -42.332  30.303  23.851 0.0000000000
116416  -41.631  31.582  23.372 0.0000000000
116421  -39.426  31.180  22.287 0.0000000000
104220  -43.062  17.539  28.572 0.0000000000
105193  -43.966  17.590  27.419 0.0000000000
104221  -44.326  17.317  28.256 0.0000000000
103251  -46.264  16.538  27.762 0.0000000000
104208  -44.629  17.379  29.318 0.0000000000
123144  -37.297  40.597  26.537 0.0000000000
123134  -38.002  40.352  27.567 0.0000000000
123153  -37.985  40.432  25.383 0.0000000000
122426  -39.430  39.970  25.216 0.0000000000
123164  -38.543  40.256  23.807 0.0000000000
121031  -37.995  37.535  20.158 0.0000000000
121784  -38.758  39.294  20.820 0.0000000000
121033  -39.804  38.212  19.832 0.0000000000
121795  -41.531  38.443  19.547 0.0000000000
120288  -41.106  37.037  19.022 0.0000000000
118040  -43.179  33.553  15.822 0.0000000000
118778  -43.205  34.948  17.227 0.0000000000
118042  -44.351  33.542  15.803 0.0000000000
117279  -44.871  32.735  16.416 0.0000000000
117301  -44.763  32.072  15.068 0.0000000000
115625  -43.712  30.833  14.513 0.0000000000
116522  -43.695  31.519  13.307 0.0000000000
106980  -35.819  20.710  25.790 0.0000000000
106098  -35.354  19.592  26.769 0.0000000000
106099  -36.489  19.775  27.277 0.0000000000
106065  -38.469  19.711  29.081 0.0000000000
106940  -38.056  20.129  27.193 0.0000000000
107827  -41.430  21.582  26.553 0.0000000000
106944  -41.486  20.550  27.668 0.0000000000
106946  -43.073  20.837  28.147 0.0000000000
106072  -44.640  19.618  29.320 0.0000000000
107814  -44.183  21.118  28.495 0.0000000000
117214  -35.506  32.642  25.048 0.0000000000
117194  -34.516  32.073  25.755 0.0000000000
116398  -36.614  31.732  26.243 0.0000000000
118721  -41.335  34.678  24.974 0.0000000000
117984  -39.887  33.860  24.169 0.0000000000
117952  -40.515  33.889  26.173 0.0000000000
114669  -41.308  29.400  26.811 0.0000000000
116382  -40.335  30.893  26.318 0.0000000000
114668  -40.391  29.258  26.459 0.0000000000
114683  -38.565  29.792  26.099 0.0000000000
113015  -40.354  27.957  26.283 0.0000000000
111395  -40.509  25.772  26.073 0.0000000000
112182  -41.986  26.453  26.591 0.0000000000
110530  -45.265  24.379  26.266 0.0000000000
109632  -44.290  23.727  26.866 0.0000000000
108729  -45.363  22.852  26.330 0.0000000000
107831  -45.266  21.677  26.839 0.0000000000
107849  -45.507  21.926  25.475 0.0000000000
106997  -46.139  21.022  23.686 0.0000000000
108764  -45.550  22.572  24.000 0.0000000000
108761  -43.280  22.937  22.974 0.0000000000
107870  -43.651  21.405  22.571 0.0000000000
107869  -42.442  21.696  22.422 0.0000000000
107019  -42.066  20.786  20.647 0.0000000000
107008  -41.708  21.140  21.246 0.0000000000
113045  -41.342  27.207  22.176 0.0000000000
111427  -42.096  26.120  21.970 0.0000000000
111426  -41.329  25.908  21.729 0.0000000000
108771  -38.794  22.946  21.244 0.0000000000
108772  -39.673  22.679  21.476 0.0000000000
107884  -39.104  21.694  20.506 0.0000000000
107901  -39.299  21.108  19.413 0.0000000000
107900  -38.252  21.412  19.461 0.0000000000
107946  -37.963  21.627  17.614 0.0000000000
103301  -47.120  15.607  23.824 0.0000000000
107023  -46.333  20.461  20.926 0.0000000000
118760  -44.591  34.553  19.326 0.0000000000
118755  -45.139  34.197  21.311 0.0000000000
118005  -44.871  33.475  20.598 0.0000000000
118000  -44.891  32.813  21.427 0.0000000000
117998  -42.879  33.135  22.031 0.0000000000
117231  -41.694  32.383  22.813 0.0000000000
117239  -41.827  32.676  21.759 0.0000000000
105190  -41.132  18.175  26.559 0.0000000000
105179  -40.580  17.758  27.480 0.0000000000
104188  -41.310  17.576  30.199 0.0000000000
122422  -35.112  39.694  25.121 0.0000000000
119518  -39.808  35.421  18.833 0.0000000000
117298  -42.478  32.719  14.287 0.0000000000
117316  -43.125  32.658  13.537 0.0000000000
107824  -38.492  20.975  26.133 0.0000000000
108744  -39.321  22.893  25.444 0.0000000000
108746  -41.131  23.273  25.740 0.0000000000
117981  -36.582  33.432  23.745 0.0000000000
117184  -43.021  32.401  26.666 0.0000000000
117201  -41.418  33.074  26.591 0.0000000000
116384  -42.324  31.534  27.113 0.0000000000
114670  -42.328  29.586  27.451 0.0000000000
113833  -42.234  28.511  27.293 0.0000000000
112183  -43.047  26.622  26.876 0.0000000000
112184  -43.805  26.791  26.717 0.0000000000
111398  -45.093  25.690  25.753 0.0000000000
110560  -45.500  24.442  24.485 0.0000000000
109668  -45.474  23.493  24.006 0.0000000000
110567  -45.232  24.527  23.557 0.0000000000
110566  -44.426  24.490  22.886 0.0000000000
109672  -42.739  23.625  22.584 0.0000000000
111425  -40.341  25.696  21.428 0.0000000000
114679  -34.873  29.168  26.221 0.0000000000
120260  -41.698  37.573  21.243 0.0000000000
118754  -40.246  35.499  22.056 0.0000000000
119478  -41.861  35.649  21.691 0.0000000000
118738  -42.342  35.490  23.414 0.0000000000
118722  -42.456  35.325  24.703 0.0000000000
119468  -44.847  34.526  22.913 0.0000000000
118724  -44.372  34.649  24.344 0.0000000000
117954  -43.025  33.947  25.919 0.0000000000
117185  -43.754  32.514  26.237 0.0000000000
115533  -44.066  30.893  25.760 0.0000000000
113855  -43.683  29.225  25.013 0.0000000000
113029  -43.262  27.577  23.857 0.0000000000
114687  -42.972  29.551  24.333 0.0000000000
113863  -41.551  28.407  22.912 0.0000000000
113872  -40.665  28.286  22.415 0.0000000000
116415  -40.959  31.007  23.079 0.0000000000
115542  -40.165  29.632  22.816 0.0000000000
105209  -42.857  17.925  25.586 0.0000000000
104265  -44.531  17.322  24.984 0.0000000000
103300  -46.541  15.843  24.284 0.0000000000
103287  -47.255  15.733  24.962 0.0000000000
104253  -47.715  16.260  25.716 0.0000000000
105195  -46.682  17.665  26.548 0.0000000000
121690  -34.798  38.295  26.830 0.0000000000
122402  -37.214  39.322  27.670 0.0000000000
121704  -36.836  38.522  25.999 0.0000000000
121719  -37.961  38.567  25.118 0.0000000000
121738  -38.866  38.692  24.164 0.0000000000
121759  -39.800  38.958  23.019 0.0000000000
122460  -37.090  39.519  22.895 0.0000000000
122474  -38.320  39.887  21.912 0.0000000000
122476  -39.890  39.594  21.543 0.0000000000
121774  -40.787  39.069  21.941 0.0000000000
121021  -41.577  38.443  20.962 0.0000000000
121023  -42.865  38.120  20.063 0.0000000000
121047  -43.741  37.014  19.142 0.0000000000
119520  -41.950  35.404  18.220 0.0000000000
119522  -43.558  36.051  18.025 0.0000000000
119523  -44.261  35.927  18.132 0.0000000000
118022  -44.985  34.120  17.604 0.0000000000
117269  -44.686  31.732  17.972 0.0000000000
115610  -43.161  30.524  15.701 0.0000000000
115640  -42.185  30.431  14.086 0.0000000000
116532  -43.513  31.558  12.350 0.0000000000
105151  -39.749  18.658  30.153 0.0000000000
105153  -41.721  18.330  30.358 0.0000000000
106942  -39.724  20.284  27.853 0.0000000000
106068  -41.540  19.808  29.198 0.0000000000
105154  -42.994  18.286  30.252 0.0000000000
105156  -44.898  18.312  29.988 0.0000000000
105183  -46.140  18.501  27.694 0.0000000000
105211  -46.335  18.420  26.083 0.0000000000
113846  -36.529  28.629  25.706 0.0000000000
118746  -39.255  34.771  22.426 0.0000000000
117983  -38.782  33.866  23.982 0.0000000000
117969  -37.810  33.265  25.048 0.0000000000
117200  -40.515  32.942  26.395 0.0000000000
117198  -38.382  32.487  26.019 0.0000000000
117182  -37.717  32.289  26.122 0.0000000000
115528  -37.546  30.707  26.014 0.0000000000
113847  -37.543  28.722  25.718 0.0000000000
113012  -37.482  27.729  25.339 0.0000000000
111394  -39.268  25.768  25.605 0.0000000000
110547  -40.979  24.773  26.073 0.0000000000
109630  -42.281  23.657  26.416 0.0000000000
111377  -42.831  25.601  26.512 0.0000000000
109631  -43.254  23.689  26.764 0.0000000000
108727  -43.896  22.830  27.366 0.0000000000
107830  -44.960  21.963  27.621 0.0000000000
106982  -45.556  20.323  25.963 0.0000000000
106994  -46.073  19.784  25.047 0.0000000000
106998  -46.510  19.992  24.105 0.0000000000
107003  -46.115  20.779  22.698 0.0000000000
107012  -45.665  20.574  21.790 0.0000000000
107864  -44.587  21.752  23.037 0.0000000000
107871  -44.297  21.227  22.582 0.0000000000
107021  -44.075  20.433  20.738 0.0000000000
107035  -43.516  20.649  19.770 0.0000000000
107048  -41.959  20.781  19.271 0.0000000000
112215  -42.933  27.131  23.181 0.0000000000
111418  -42.696  25.556  22.140 0.0000000000
109671  -41.657  23.741  22.253 0.0000000000
110579  -39.938  24.701  21.346 0.0000000000
109670  -41.046  23.616  22.101 0.0000000000
107868  -41.265  22.093  22.137 0.0000000000
107017  -40.670  21.265  20.908 0.0000000000
107902  -40.297  21.004  19.224 0.0000000000
105224  -47.789  17.873  23.201 0.0000000000
105223  -47.479  18.154  23.721 0.0000000000
106130  -47.682  18.957  22.725 0.0000000000
106126  -47.198  19.039  23.619 0.0000000000
116466  -43.023  31.579  17.828 0.0000000000
117259  -43.375  32.008  18.704 0.0000000000
116465  -42.054  31.551  18.229 0.0000000000
111392  -37.202  25.626  25.248 0.0000000000
112197  -37.359  26.669  25.232 0.0000000000
120254  -39.311  36.895  22.185 0.0000000000
113851  -44.110  29.007  26.082 0.0000000000
112208  -44.513  26.298  24.083 0.0000000000
119490  -44.115  36.572  21.520 0.0000000000
120262  -44.395  36.454  20.890 0.0000000000
117232  -44.005  32.258  23.132 0.0000000000
117233  -44.693  32.358  23.022 0.0000000000
116418  -44.261  31.822  23.981 0.0000000000
117226  -43.553  32.007  23.490 0.0000000000
117217  -42.582  31.503  23.733 0.0000000000
117225  -42.531  31.980  23.464 0.0000000000
105217  -41.278  17.843  24.802 0.0000000000
104206  -42.304  17.401  29.453 0.0000000000
123152  -36.720  40.333  25.726 0.0000000000
123159  -38.901  40.381  24.697 0.0000000000
122436  -37.528  39.796  24.409 0.0000000000
119505  -38.254  36.117  19.242 0.0000000000
120285  -37.779  36.951  19.869 0.0000000000
120286  -39.000  37.001  19.701 0.0000000000
121032  -38.609  37.729  20.082 0.0000000000
120287  -40.079  37.160  19.327 0.0000000000
117287  -43.503  33.393  15.317 0.0000000000
118041  -43.833  33.742  15.719 0.0000000000
118049  -44.025  33.387  15.275 0.0000000000
118050  -44.418  32.993  15.220 0.0000000000
117300  -44.404  32.444  14.693 0.0000000000
116511  -44.232  31.586  14.393 0.0000000000
117317  -43.798  32.269  13.902 0.0000000000
107843  -35.190  21.514  25.572 0.0000000000
106958  -36.236  20.168  26.407 0.0000000000
106981  -36.654  20.805  26.034 0.0000000000
106959  -37.375  20.242  26.737 0.0000000000
106964  -41.808  21.008  27.134 0.0000000000
107817  -42.887  21.180  27.814 0.0000000000
107818  -43.548  21.432  28.170 0.0000000000
117968  -36.139  33.246  24.291 0.0000000000
117195  -35.506  32.209  25.766 0.0000000000
117196  -36.407  32.509  25.844 0.0000000000
118709  -41.144  34.485  25.847 0.0000000000
117972  -40.527  34.160  25.187 0.0000000000
113849  -39.833  28.807  26.266 0.0000000000
113850  -40.365  28.395  26.370 0.0000000000
112996  -41.154  27.270  26.446 0.0000000000
109651  -45.494  23.743  25.946 0.0000000000
108747  -45.526  23.018  25.509 0.0000000000
107860  -45.690  21.864  24.353 0.0000000000
108758  -45.590  22.782  24.709 0.0000000000
108768  -42.631  22.629  22.710 0.0000000000
107862  -42.935  22.300  22.811 0.0000000000
107876  -42.045  21.355  21.717 0.0000000000
107875  -41.471  21.569  21.703 0.0000000000
112230  -41.617  26.743  22.064 0.0000000000
112229  -40.548  26.616  21.522 0.0000000000
108788  -38.362  22.351  20.834 0.0000000000
107923  -37.576  21.400  18.533 0.0000000000
107899  -37.182  21.500  19.456 0.0000000000
103302  -47.639  16.250  23.265 0.0000000000
118010  -44.628  33.394  19.534 0.0000000000
118758  -44.695  34.382  20.377 0.0000000000
117252  -43.285  32.615  19.697 0.0000000000
118003  -43.998  33.067  20.627 0.0000000000
117999  -43.730  33.075  21.555 0.0000000000
117240  -42.575  33.007  21.320 0.0000000000
104216  -39.047  17.328  28.285 0.0000000000
104205  -41.238  17.256  29.359 0.0000000000
104170  -40.320  17.644  30.303 0.0000000000
123150  -34.846  39.868  25.691 0.0000000000
117278  -41.656  33.019  15.867 0.0000000000
117297  -41.375  32.437  14.027 0.0000000000
109648  -38.712  23.821  25.495 0.0000000000
109649  -39.717  23.830  25.519 0.0000000000
108745  -40.488  22.825  25.675 0.0000000000
120979  -36.737  37.296  24.010 0.0000000000
117990  -37.127  33.725  23.195 0.0000000000
117183  -42.240  32.318  26.858 0.0000000000
116385  -43.068  31.617  27.008 0.0000000000
113835  -43.949  28.835  27.153 0.0000000000
114671  -43.244  29.767  27.703 0.0000000000
113834  -43.257  28.667  27.571 0.0000000000
112998  -43.173  27.619  27.302 0.0000000000
112202  -44.765  26.335  25.123 0.0000000000
111399  -45.375  25.126  24.880 0.0000000000
111408  -45.331  25.075  24.015 0.0000000000
110565  -43.837  24.216  22.739 0.0000000000
110571  -43.455  24.708  22.452 0.0000000000
119487  -41.209  36.397  21.421 0.0000000000
119488  -42.311  36.609  21.174 0.0000000000
119480  -43.712  36.280  22.289 0.0000000000
119465  -43.170  35.927  22.927 0.0000000000
119453  -43.337  35.868  23.951 0.0000000000
119482  -44.669  34.895  22.201 0.0000000000
117974  -44.781  33.537  24.121 0.0000000000
117973  -44.331  34.030  24.785 0.0000000000
118712  -44.008  34.656  25.109 0.0000000000
117955  -44.112  33.812  25.485 0.0000000000
117944  -43.772  33.288  26.100 0.0000000000
117202  -44.286  32.629  25.460 0.0000000000
116404  -44.109  31.720  25.575 0.0000000000
114688  -43.918  30.121  24.828 0.0000000000
113854  -43.020  28.612  24.203 0.0000000000
115544  -41.896  30.525  23.585 0.0000000000
114695  -42.327  29.901  23.779 0.0000000000
114694  -41.617  29.521  23.237 0.0000000000
113862  -40.966  28.589  22.720 0.0000000000
117230  -40.975  32.112  22.519 0.0000000000
116423  -41.170  31.965  22.808 0.0000000000
116422  -40.498  31.676  22.481 0.0000000000
115549  -38.593  29.916  22.228 0.0000000000
115550  -39.580  30.290  22.688 0.0000000000
105191  -42.253  18.217  26.618 0.0000000000
104231  -44.523  17.478  26.885 0.0000000000
104230  -43.959  17.633  26.145 0.0000000000
104266  -45.279  17.190  25.335 0.0000000000
103285  -45.108  16.845  24.671 0.0000000000
103286  -46.280  16.586  25.247 0.0000000000
103252  -46.784  16.641  26.987 0.0000000000
104252  -47.283  16.792  26.109 0.0000000000
104233  -46.878  17.005  27.238 0.0000000000
122394  -34.623  39.406  28.890 0.0000000000
121663  -33.981  38.915  28.193 0.0000000000
121664  -35.052  38.748  28.319 0.0000000000
121677  -34.428  38.557  27.517 0.0000000000
121678  -35.449  38.461  27.616 0.0000000000
123862  -36.985  41.572  28.906 0.0000000000
123863  -37.501  41.162  28.725 0.0000000000
122404  -38.673  39.977  27.125 0.0000000000
122403  -38.040  39.715  27.425 0.0000000000
122412  -38.250  39.427  26.801 0.0000000000
121692  -36.734  38.645  26.799 0.0000000000
121693  -37.674  38.957  26.718 0.0000000000
121718  -37.247  38.441  25.366 0.0000000000
121706  -38.517  39.176  25.790 0.0000000000
122438  -39.479  39.829  24.643 0.0000000000
121721  -39.308  39.335  24.577 0.0000000000
121739  -39.453  39.283  23.961 0.0000000000
121758  -39.156  38.669  23.538 0.0000000000
122461  -37.933  39.822  22.580 0.0000000000
121771  -37.575  39.327  21.804 0.0000000000
121785  -39.771  39.312  20.538 0.0000000000
122489  -39.554  39.736  21.014 0.0000000000
122490  -40.187  39.535  21.055 0.0000000000
121007  -41.055  38.375  21.499 0.0000000000
121787  -41.499  38.683  20.299 0.0000000000
121035  -41.784  37.863  18.866 0.0000000000
121796  -42.206  38.227  19.497 0.0000000000
121036  -42.716  37.950  19.143 0.0000000000
121037  -43.516  37.737  19.466 0.0000000000
121046  -43.153  37.263  18.969 0.0000000000
118768  -41.209  34.898  18.040 0.0000000000
119519  -40.998  35.653  18.804 0.0000000000
118779  -43.785  35.393  16.901 0.0000000000
119529  -43.457  35.601  17.506 0.0000000000
119530  -44.085  35.817  17.137 0.0000000000
119531  -44.410  35.489  17.144 0.0000000000
118769  -44.765  34.888  18.297 0.0000000000
118780  -44.788  35.039  17.371 0.0000000000
116496  -44.881  31.985  16.210 0.0000000000
116483  -44.908  32.322  16.754 0.0000000000
116482  -44.734  31.740  16.949 0.0000000000
115624  -43.045  30.485  14.755 0.0000000000
115641  -43.070  30.307  13.895 0.0000000000
115659  -42.450  30.210  13.393 0.0000000000
115660  -43.000  30.126  12.944 0.0000000000
117332  -43.408  32.227  12.894 0.0000000000
106047  -37.112  19.005  29.756 0.0000000000
106049  -39.071  19.300  29.738 0.0000000000
106050  -40.052  19.254  29.708 0.0000000000
105152  -40.679  18.636  30.340 0.0000000000
106961  -39.164  20.474  26.742 0.0000000000
106962  -40.073  20.781  26.889 0.0000000000
106933  -41.968  20.264  28.468 0.0000000000
106932  -41.067  20.190  28.335 0.0000000000
106069  -42.526  19.808  29.233 0.0000000000
106052  -42.214  19.116  29.900 0.0000000000
106053  -43.354  19.148  29.784 0.0000000000
105155  -44.094  18.221  30.376 0.0000000000
106054  -44.328  19.000  29.843 0.0000000000
106937  -44.912  20.024  28.988 0.0000000000
106073  -45.255  19.239  29.086 0.0000000000
106088  -45.555  19.361  28.034 0.0000000000
106101  -45.669  19.319  26.965 0.0000000000
116397  -35.458  31.452  26.207 0.0000000000
114680  -35.526  29.528  26.120 0.0000000000
118753  -39.810  35.308  22.161 0.0000000000
118736  -40.182  34.235  23.279 0.0000000000
117971  -39.669  33.653  25.075 0.0000000000
117970  -38.643  33.486  25.005 0.0000000000
117950  -38.562  33.139  25.716 0.0000000000
116403  -41.493  32.271  26.751 0.0000000000
116402  -40.788  31.976  26.372 0.0000000000
115530  -39.439  30.858  26.238 0.0000000000
116401  -39.664  31.686  26.145 0.0000000000
116400  -38.380  31.656  26.078 0.0000000000
116399  -37.591  31.485  26.125 0.0000000000
113848  -38.590  28.796  25.888 0.0000000000
112198  -38.398  26.751  25.381 0.0000000000
112199  -39.440  26.825  25.723 0.0000000000
111375  -41.025  25.823  26.295 0.0000000000
109629  -41.489  23.794  25.925 0.0000000000
110526  -41.785  24.461  26.200 0.0000000000
108720  -44.500  22.272  27.711 0.0000000000
106983  -45.864  19.553  25.604 0.0000000000
107002  -44.950  20.910  22.519 0.0000000000
108763  -45.066  22.688  23.521 0.0000000000
107001  -44.010  20.906  22.214 0.0000000000
107011  -44.563  20.622  21.632 0.0000000000
107020  -43.010  20.515  20.691 0.0000000000
107034  -42.467  20.638  19.878 0.0000000000
107927  -41.865  21.142  18.441 0.0000000000
107903  -41.207  20.971  19.166 0.0000000000
113028  -42.674  27.778  23.373 0.0000000000
110570  -42.199  24.661  22.122 0.0000000000
110569  -41.541  24.394  22.070 0.0000000000
111424  -39.405  25.557  21.019 0.0000000000
109678  -40.448  23.660  21.768 0.0000000000
108773  -40.392  22.631  21.831 0.0000000000
108766  -41.011  22.940  22.194 0.0000000000
107867  -40.733  22.317  21.936 0.0000000000
107885  -40.220  21.174  20.304 0.0000000000
107925  -39.604  21.155  18.322 0.0000000000
104273  -47.792  16.841  23.789 0.0000000000
106132  -48.161  19.140  21.590 0.0000000000
117260  -44.424  31.904  18.852 0.0000000000
117254  -44.559  32.547  19.325 0.0000000000
117253  -44.145  32.332  19.505 0.0000000000
117251  -41.870  32.532  19.658 0.0000000000
110544  -38.005  24.698  25.281 0.0000000000
120992  -38.118  37.319  23.218 0.0000000000
120253  -37.939  36.691  22.727 0.0000000000
112223  -44.182  26.142  22.782 0.0000000000
119496  -42.929  37.131  21.085 0.0000000000
119489  -43.281  36.565  21.468 0.0000000000
117996  -45.503  32.993  22.321 0.0000000000
118739  -45.204  33.790  22.950 0.0000000000
117234  -45.275  32.622  22.905 0.0000000000
117228  -45.048  32.718  23.595 0.0000000000
117220  -44.796  32.849  24.351 0.0000000000
117219  -44.552  32.341  24.567 0.0000000000
115538  -42.802  30.486  24.174 0.0000000000
115537  -42.345  30.684  23.901 0.0000000000
116410  -42.372  31.032  23.914 0.0000000000
104263  -42.810  17.419  24.369 0.0000000000
104219  -41.982  17.496  28.517 0.0000000000
105181  -42.653  17.838  27.638 0.0000000000
105182  -43.511  17.677  27.749 0.0000000000
104232  -45.487  16.819  27.466 0.0000000000
104222  -45.523  16.926  28.462 0.0000000000
103240  -46.253  16.808  28.481 0.0000000000
122395  -35.769  39.558  28.722 0.0000000000
123132  -36.764  40.820  27.417 0.0000000000
123133  -37.588  40.722  27.431 0.0000000000
123145  -38.204  40.492  26.613 0.0000000000
122425  -39.133  39.721  25.576 0.0000000000
123154  -39.055  40.229  25.668 0.0000000000
123160  -39.335  40.175  24.698 0.0000000000
123165  -38.925  40.410  23.995 0.0000000000
120271  -37.091  37.411  20.208 0.0000000000
121783  -37.767  38.781  21.208 0.0000000000
121018  -37.998  38.046  20.545 0.0000000000
121019  -39.102  38.659  20.262 0.0000000000
121793  -40.192  39.105  20.070 0.0000000000
121794  -40.793  38.820  19.813 0.0000000000
121034  -40.799  38.099  19.125 0.0000000000
120289  -41.687  37.248  18.842 0.0000000000
118031  -42.322  33.667  16.388 0.0000000000
118785  -43.017  34.301  16.888 0.0000000000
118786  -43.694  34.768  16.597 0.0000000000
118033  -44.125  34.281  16.184 0.0000000000
118034  -44.754  34.026  16.617 0.0000000000
118043  -44.710  32.971  15.843 0.0000000000
117288  -44.829  32.339  15.722 0.0000000000
116504  -44.757  31.742  15.505 0.0000000000
116503  -44.333  31.274  15.099 0.0000000000
116512  -44.632  31.705  15.002 0.0000000000
108739  -34.506  22.499  25.540 0.0000000000
107842  -34.155  21.497  25.545 0.0000000000
106979  -34.815  20.332  25.739 0.0000000000
106064  -37.477  19.477  29.035 0.0000000000
106100  -37.161  19.848  27.529 0.0000000000
106085  -37.892  19.835  27.941 0.0000000000
106086  -38.959  19.963  28.351 0.0000000000
107826  -40.453  21.509  26.280 0.0000000000
106963  -41.007  20.868  26.900 0.0000000000
106945  -42.383  20.788  27.799 0.0000000000
106934  -42.810  20.344  28.545 0.0000000000
106071  -43.942  19.845  29.351 0.0000000000
106935  -43.594  20.556  28.662 0.0000000000
106936  -44.357  20.468  28.795 0.0000000000
106947  -44.514  20.908  28.431 0.0000000000
118737  -41.324  34.737  23.650 0.0000000000
117985  -40.692  34.205  24.257 0.0000000000
115515  -41.342  30.466  26.695 0.0000000000
116383  -40.775  31.262  26.316 0.0000000000
115514  -40.413  30.140  26.387 0.0000000000
114684  -39.502  29.940  26.266 0.0000000000
113014  -39.537  27.878  25.878 0.0000000000
112200  -40.332  26.985  26.153 0.0000000000
112181  -41.082  26.283  26.335 0.0000000000
110529  -44.665  24.681  26.614 0.0000000000
109633  -45.131  23.736  26.645 0.0000000000
107865  -45.515  21.899  23.595 0.0000000000
108762  -44.169  22.780  23.201 0.0000000000
107863  -43.494  22.110  22.877 0.0000000000
107000  -43.181  20.972  22.180 0.0000000000
107009  -42.529  20.918  21.543 0.0000000000
107018  -41.140  20.965  20.612 0.0000000000
113035  -41.640  27.510  22.548 0.0000000000
112220  -41.941  26.934  22.389 0.0000000000
109676  -38.452  23.751  21.110 0.0000000000
108789  -39.087  22.306  21.051 0.0000000000
107873  -39.544  22.070  21.123 0.0000000000
107924  -38.593  21.342  18.472 0.0000000000
102339  -46.524  15.663  23.344 0.0000000000
119498  -44.528  35.462  20.149 0.0000000000
119491  -44.557  35.516  21.206 0.0000000000
118001  -45.270  33.293  21.407 0.0000000000
118009  -44.477  32.965  19.952 0.0000000000
118004  -44.753  33.012  20.674 0.0000000000
117994  -43.772  32.641  22.529 0.0000000000
117986  -42.743  32.366  23.129 0.0000000000
117993  -42.681  32.750  22.613 0.0000000000
117238  -40.692  32.264  21.935 0.0000000000
117245  -41.772  32.668  20.700 0.0000000000
117244  -40.672  32.408  20.887 0.0000000000
105207  -40.570  18.054  25.503 0.0000000000
105189  -40.125  18.016  26.578 0.0000000000
104217  -39.978  17.433  28.349 0.0000000000
104218  -40.965  17.406  28.397 0.0000000000
123131  -35.623  40.739  27.422 0.0000000000
123143  -36.162  40.481  26.564 0.0000000000
123151  -35.624  40.100  25.766 0.0000000000
122423  -36.080  39.745  25.121 0.0000000000
118021  -41.342  33.772  16.956 0.0000000000
117286  -42.619  33.180  15.301 0.0000000000
117315  -42.252  32.641  13.237 0.0000000000
108743  -38.426  23.013  25.447 0.0000000000
107847  -39.806  22.083  25.821 0.0000000000
107848  -40.412  22.129  25.968 0.0000000000
108724  -40.913  22.108  26.074 0.0000000000
108725  -41.690  22.677  26.231 0.0000000000
117223  -36.694  33.140  24.534 0.0000000000
117942  -42.281  32.945  26.565 0.0000000000
115532  -41.702  31.566  26.900 0.0000000000
115517  -43.199  30.800  27.502 0.0000000000
115516  -42.274  30.720  27.312 0.0000000000
112997  -42.139  27.489  26.899 0.0000000000
111397  -44.444  26.078  26.429 0.0000000000
111379  -44.730  25.439  26.438 0.0000000000
110548  -45.148  24.994  26.216 0.0000000000
110549  -45.447  24.609  25.555 0.0000000000
111415  -45.225  25.034  23.582 0.0000000000
109666  -43.902  23.653  22.984 0.0000000000
109665  -43.349  23.537  22.819 0.0000000000
112228  -39.649  26.451  21.043 0.0000000000
110578  -38.858  24.669  20.894 0.0000000000
108770  -37.941  23.088  21.129 0.0000000000
108787  -37.452  22.518  20.609 0.0000000000
120259  -40.418  37.224  21.559 0.0000000000
120258  -39.822  36.357  21.882 0.0000000000
119486  -40.357  36.118  21.750 0.0000000000
119477  -40.902  35.510  21.878 0.0000000000
118748  -41.543  35.185  22.554 0.0000000000
118749  -42.360  35.526  22.439 0.0000000000
118710  -42.151  34.630  25.622 0.0000000000
119467  -44.438  35.468  23.115 0.0000000000
119456  -44.877  34.283  23.285 0.0000000000
119455  -44.566  34.797  23.574 0.0000000000
119454  -44.166  35.632  23.967 0.0000000000
118723  -43.691  35.413  24.793 0.0000000000
118711  -43.297  34.850  25.528 0.0000000000
117943  -42.964  33.161  26.338 0.0000000000
116386  -43.702  31.696  26.442 0.0000000000
113019  -43.082  28.144  24.065 0.0000000000
113864  -42.373  28.972  23.595 0.0000000000
113027  -41.931  27.867  22.973 0.0000000000
113034  -41.023  27.728  22.308 0.0000000000
113881  -40.467  27.938  22.020 0.0000000000
115551  -40.147  30.954  22.857 0.0000000000
105208  -41.718  18.260  25.587 0.0000000000
105219  -42.766  17.774  24.864 0.0000000000
104248  -43.205  17.655  24.899 0.0000000000
105192  -43.432  17.885  26.746 0.0000000000
104249  -43.763  17.556  25.400 0.0000000000
103299  -45.615  16.273  24.176 0.0000000000
102331  -46.066  15.791  23.645 0.0000000000
103288  -47.738  16.007  24.433 0.0000000000
103269  -46.378  16.524  26.713 0.0000000000
103270  -47.245  16.622  25.692 0.0000000000
103271  -47.761  15.947  25.344 0.0000000000
104268  -47.739  16.678  25.011 0.0000000000
104267  -47.335  17.255  25.326 0.0000000000
105212  -46.733  17.905  25.501 0.0000000000
122396  -37.013  39.601  28.392 0.0000000000
122397  -37.746  40.275  28.370 0.0000000000
121679  -36.525  38.795  27.594 0.0000000000
121691  -35.770  38.379  26.737 0.0000000000
120952  -35.705  38.053  25.681 0.0000000000
120953  -36.546  38.155  25.221 0.0000000000
120966  -37.156  37.993  24.647 0.0000000000
120967  -37.807  38.224  24.507 0.0000000000
121720  -38.858  39.083  24.988 0.0000000000
121737  -38.275  38.486  24.512 0.0000000000
120980  -37.962  37.749  23.862 0.0000000000
120994  -39.767  38.127  22.338 0.0000000000
122447  -36.866  39.486  23.622 0.0000000000
122448  -37.940  39.836  23.557 0.0000000000
122449  -38.651  40.075  23.368 0.0000000000
122462  -38.876  39.919  22.561 0.0000000000
121772  -38.285  39.540  21.416 0.0000000000
122475  -39.066  39.903  21.577 0.0000000000
122463  -39.677  39.462  22.377 0.0000000000
121760  -40.336  39.170  22.416 0.0000000000
121773  -40.383  38.791  22.416 0.0000000000
121006  -40.498  38.292  21.988 0.0000000000
120273  -42.051  38.142  21.049 0.0000000000
121022  -42.096  38.303  20.573 0.0000000000
120274  -42.485  37.725  20.893 0.0000000000
120275  -43.338  37.537  20.708 0.0000000000
121024  -43.820  37.693  20.164 0.0000000000
121038  -44.075  37.261  19.691 0.0000000000
119507  -40.361  36.293  19.097 0.0000000000
120296  -41.243  36.382  18.957 0.0000000000
120297  -41.882  36.533  18.748 0.0000000000
119528  -42.736  35.215  17.777 0.0000000000
119521  -42.800  35.798  18.290 0.0000000000
120298  -42.886  36.527  18.709 0.0000000000
120299  -43.573  36.494  18.704 0.0000000000
120290  -44.106  36.520  19.189 0.0000000000
119509  -44.418  35.680  19.187 0.0000000000
118013  -44.828  33.687  18.453 0.0000000000
117270  -44.978  32.832  17.436 0.0000000000
115611  -43.759  30.785  15.232 0.0000000000
115661  -43.476  30.793  12.670 0.0000000000
105133  -38.579  17.953  30.464 0.0000000000
106048  -38.115  19.224  29.774 0.0000000000
105150  -38.804  18.667  30.188 0.0000000000
105134  -39.535  18.041  30.449 0.0000000000
105135  -40.365  18.127  30.476 0.0000000000
105136  -40.994  18.058  30.550 0.0000000000
104189  -42.633  17.658  30.092 0.0000000000
106960  -38.287  20.396  26.714 0.0000000000
106941  -38.689  20.149  27.448 0.0000000000
106087  -39.594  20.002  28.568 0.0000000000
106943  -40.626  20.457  27.616 0.0000000000
106931  -40.433  20.227  28.180 0.0000000000
106067  -40.355  19.894  28.892 0.0000000000
106051  -41.101  19.233  29.889 0.0000000000
104190  -43.806  17.630  30.090 0.0000000000
104191  -44.766  17.677  29.949 0.0000000000
104209  -45.612  17.384  29.097 0.0000000000
106055  -44.875  18.965  29.616 0.0000000000
105167  -45.873  18.226  28.637 0.0000000000
105168  -46.393  17.764  28.111 0.0000000000
105184  -46.564  17.735  27.431 0.0000000000
114667  -34.663  29.809  26.474 0.0000000000
113845  -35.570  28.497  25.827 0.0000000000
119476  -39.380  35.779  22.059 0.0000000000
117992  -38.634  34.222  22.963 0.0000000000
118735  -39.309  34.145  23.321 0.0000000000
117991  -37.891  33.950  23.079 0.0000000000
117982  -37.746  33.356  24.002 0.0000000000
117224  -37.196  33.190  24.483 0.0000000000
117216  -37.153  33.098  25.133 0.0000000000
117199  -39.559  32.610  26.079 0.0000000000
117949  -37.780  33.048  25.656 0.0000000000
117197  -37.231  32.800  25.840 0.0000000000
117180  -36.749  32.236  26.202 0.0000000000
114682  -37.554  29.722  25.908 0.0000000000
114681  -36.556  29.630  25.899 0.0000000000
110546  -40.067  24.816  25.576 0.0000000000
109650  -40.674  23.890  25.635 0.0000000000
108726  -42.806  22.809  27.005 0.0000000000
110527  -42.567  24.580  26.435 0.0000000000
110528  -43.634  24.657  26.614 0.0000000000
107829  -43.339  22.205  27.602 0.0000000000
108719  -43.969  22.150  27.958 0.0000000000
107819  -44.529  21.522  28.160 0.0000000000
107820  -45.067  21.242  27.695 0.0000000000
106965  -45.299  20.406  27.311 0.0000000000
106115  -45.871  19.133  26.114 0.0000000000
106116  -46.170  18.933  25.455 0.0000000000
106124  -46.584  18.913  24.655 0.0000000000
107004  -47.006  20.093  23.016 0.0000000000
107036  -44.640  20.731  19.956 0.0000000000
107049  -42.712  20.881  19.104 0.0000000000
112216  -43.558  26.988  23.591 0.0000000000
112222  -43.847  26.306  22.768 0.0000000000
111419  -43.597  25.761  22.456 0.0000000000
112221  -42.565  26.648  22.638 0.0000000000
109679  -41.152  24.087  22.017 0.0000000000
107007  -41.044  21.296  21.213 0.0000000000
107886  -40.874  20.915  19.849 0.0000000000
102332  -46.599  15.651  23.780 0.0000000000
103228  -46.275  16.978  28.730 0.0000000000
103241  -46.596  16.772  27.886 0.0000000000
104171  -40.782  17.838  30.438 0.0000000000
104192  -45.194  17.811  29.738 0.0000000000
104210  -46.309  17.298  28.566 0.0000000000
104223  -46.656  17.155  28.011 0.0000000000
104250  -44.629  17.490  25.801 0.0000000000
105157  -45.368  18.236  29.450 0.0000000000
105194  -46.288  18.493  26.822 0.0000000000
105210  -43.492  17.751  25.954 0.0000000000
106056  -45.126  18.674  29.587 0.0000000000
106114  -34.602  19.725  26.321 0.0000000000
106957  -35.588  20.107  26.070 0.0000000000
107813  -43.925  20.982  28.622 0.0000000000
109673  -43.471  23.952  22.698 0.0000000000
111396  -40.981  25.316  26.224 0.0000000000
111420  -44.269  25.909  22.719 0.0000000000
112231  -42.090  26.462  22.179 0.0000000000
113831  -40.372  28.829  26.452 0.0000000000
113873  -41.290  28.043  22.650 0.0000000000
116379  -36.768  32.008  26.304 0.0000000000
116380  -37.061  32.014  26.367 0.0000000000
116381  -37.561  31.979  26.223 0.0000000000
116417  -43.754  31.568  23.892 0.0000000000
117181  -37.106  32.389  26.197 0.0000000000
117218  -43.147  31.638  23.721 0.0000000000
117956  -44.548  33.448  24.776 0.0000000000
118032  -43.424  34.007  16.310 0.0000000000
118051  -44.672  32.521  15.330 0.0000000000
118725  -44.866  34.030  23.613 0.0000000000
118787  -44.253  35.107  16.665 0.0000000000
119485  -39.889  35.803  22.009 0.0000000000
119497  -43.610  37.052  21.140 0.0000000000
119508  -40.918  36.334  19.032 0.0000000000
119535  -44.305  35.466  16.937 0.0000000000
119536  -44.451  35.368  16.969 0.0000000000
120246  -37.779  37.165  23.251 0.0000000000
120261  -42.238  37.280  21.083 0.0000000000
120263  -44.506  36.042  20.619 0.0000000000
120272  -37.689  37.478  20.188 0.0000000000
120300  -43.936  36.494  18.818 0.0000000000
120981  -38.645  38.296  23.596 0.0000000000
121020  -39.712  38.930  20.082 0.0000000000
121025  -44.169  37.268  20.196 0.0000000000
121044  -41.915  37.313  18.782 0.0000000000
121680  -37.269  39.063  27.263 0.0000000000
121694  -38.263  39.179  26.394 0.0000000000
121703  -36.225  38.459  26.297 0.0000000000
121705  -37.842  38.632  25.971 0.0000000000
121788  -42.079  38.461  20.002 0.0000000000
122411  -34.435  39.809  25.861 0.0000000000
122424  -37.008  39.880  25.051 0.0000000000
122437  -39.345  39.625  25.019 0.0000000000
122464  -40.307  39.358  21.974 0.0000000000
122477  -40.429  39.374  21.412 0.0000000000
122491  -40.477  39.398  21.096 0.0000000000
123119  -37.706  40.709  28.504 0.0000000000
123135  -38.504  40.092  27.286 0.0000000000
123146  -38.664  40.154  26.888 0.0000000000
123155  -39.406  40.103  25.038 0.0000000000
123158  -38.399  40.308  24.280 0.0000000000
123166  -39.205  40.296  24.284 0.0000000000
123880  -37.658  40.843  28.116 0.0000000000
