#!ascii label  , from subject 3366 vox2ras=TkReg
402
98143  -25.267  10.560  -34.078 0.0000000000
93401  -22.556  5.572  -33.307 0.0000000000
94358  -27.624  6.395  -32.683 0.0000000000
89293  -24.557  1.300  -33.478 0.0000000000
109296  -24.640  22.736  -31.787 0.0000000000
105735  -26.694  18.709  -29.851 0.0000000000
101969  -22.024  14.374  -33.445 0.0000000000
83221  -23.705  -4.384  -33.262 0.0000000000
91316  -23.635  3.372  -33.653 0.0000000000
88297  -21.865  0.314  -32.193 0.0000000000
107488  -25.134  20.824  -30.614 0.0000000000
105767  -23.279  18.527  -31.797 0.0000000000
97179  -21.405  9.551  -32.761 0.0000000000
99097  -20.064  11.486  -31.736 0.0000000000
100100  -23.743  12.381  -33.922 0.0000000000
101961  -26.268  14.549  -31.716 0.0000000000
100057  -27.148  12.708  -31.218 0.0000000000
98086  -28.593  10.401  -30.186 0.0000000000
94341  -20.400  6.714  -31.679 0.0000000000
95322  -23.045  7.498  -34.337 0.0000000000
95305  -26.709  8.072  -33.717 0.0000000000
93412  -25.099  5.755  -34.781 0.0000000000
91327  -26.477  3.346  -34.120 0.0000000000
89303  -27.493  1.070  -34.217 0.0000000000
103863  -20.268  16.400  -31.487 0.0000000000
104841  -24.682  16.959  -31.812 0.0000000000
103815  -29.037  16.797  -28.724 0.0000000000
86256  -21.888  -1.709  -31.794 0.0000000000
86279  -24.188  -1.723  -33.581 0.0000000000
89282  -21.563  1.412  -31.970 0.0000000000
88283  -21.137  0.457  -31.565 0.0000000000
106654  -22.603  19.114  -31.466 0.0000000000
105765  -21.595  18.129  -31.388 0.0000000000
98141  -24.096  10.181  -34.282 0.0000000000
99125  -22.787  11.327  -33.552 0.0000000000
99127  -24.178  11.421  -34.068 0.0000000000
100084  -25.234  12.473  -32.885 0.0000000000
99112  -25.769  11.499  -32.710 0.0000000000
99084  -27.409  11.549  -31.160 0.0000000000
98104  -26.866  10.436  -31.981 0.0000000000
93383  -21.028  5.713  -32.377 0.0000000000
95304  -21.787  7.125  -33.184 0.0000000000
94373  -22.783  6.521  -33.872 0.0000000000
94386  -24.019  6.634  -35.251 0.0000000000
93402  -23.173  5.610  -34.088 0.0000000000
90298  -24.211  2.316  -33.530 0.0000000000
91317  -24.736  3.425  -34.100 0.0000000000
90300  -25.656  1.916  -34.040 0.0000000000
90309  -27.121  2.553  -34.304 0.0000000000
89300  -25.712  1.196  -34.456 0.0000000000
108361  -22.325  21.672  -29.951 0.0000000000
109272  -21.839  22.231  -29.406 0.0000000000
109274  -23.277  22.904  -30.273 0.0000000000
111051  -23.345  24.749  -31.523 0.0000000000
110192  -25.791  23.368  -31.275 0.0000000000
106627  -26.689  19.799  -29.801 0.0000000000
100070  -20.324  12.474  -32.160 0.0000000000
101010  -19.418  13.448  -31.082 0.0000000000
102917  -20.702  15.429  -32.273 0.0000000000
104852  -23.174  16.889  -32.455 0.0000000000
102920  -23.191  15.540  -33.180 0.0000000000
101930  -27.988  14.614  -29.797 0.0000000000
102884  -27.553  15.486  -30.076 0.0000000000
102873  -29.509  15.590  -28.735 0.0000000000
95306  -27.179  7.485  -33.321 0.0000000000
96235  -27.703  8.517  -31.683 0.0000000000
83205  -22.210  -4.053  -32.011 0.0000000000
85184  -22.533  -2.734  -32.576 0.0000000000
86267  -22.807  -1.982  -32.996 0.0000000000
85196  -23.308  -2.720  -33.410 0.0000000000
91302  -21.692  3.474  -32.330 0.0000000000
92371  -22.869  4.625  -33.571 0.0000000000
90287  -22.074  2.402  -32.370 0.0000000000
90288  -22.834  2.274  -32.790 0.0000000000
88299  -23.418  0.409  -33.191 0.0000000000
107486  -23.416  20.926  -31.347 0.0000000000
108388  -25.089  21.947  -31.191 0.0000000000
107487  -24.368  21.027  -31.234 0.0000000000
106646  -24.876  19.826  -31.036 0.0000000000
105753  -25.333  18.676  -30.954 0.0000000000
97166  -19.993  9.517  -31.696 0.0000000000
98122  -20.974  10.497  -32.643 0.0000000000
100081  -21.930  12.404  -33.347 0.0000000000
101982  -22.392  13.766  -33.496 0.0000000000
101971  -23.590  14.539  -33.080 0.0000000000
101023  -24.819  13.457  -32.712 0.0000000000
101000  -26.797  13.623  -31.489 0.0000000000
100984  -28.486  13.756  -29.604 0.0000000000
100043  -29.787  12.624  -29.152 0.0000000000
82203  -25.056  -5.128  -34.023 0.0000000000
83223  -25.338  -4.217  -34.062 0.0000000000
96248  -21.026  8.558  -32.532 0.0000000000
96265  -22.645  8.521  -33.861 0.0000000000
97209  -24.693  8.992  -34.784 0.0000000000
97192  -25.717  9.566  -34.494 0.0000000000
96282  -24.924  8.352  -34.966 0.0000000000
95338  -25.959  7.595  -34.961 0.0000000000
93403  -26.705  6.133  -34.639 0.0000000000
92372  -23.628  4.645  -34.257 0.0000000000
92381  -25.447  4.786  -34.614 0.0000000000
92374  -27.446  4.440  -33.694 0.0000000000
91320  -27.911  3.478  -33.699 0.0000000000
90303  -28.290  2.593  -33.538 0.0000000000
109287  -26.096  22.340  -30.389 0.0000000000
104838  -22.108  17.660  -31.931 0.0000000000
104840  -23.932  17.361  -32.015 0.0000000000
104822  -25.814  17.618  -30.850 0.0000000000
102909  -25.118  15.608  -31.956 0.0000000000
103851  -26.500  16.554  -30.842 0.0000000000
105737  -27.943  18.048  -28.601 0.0000000000
96234  -27.073  8.874  -32.305 0.0000000000
97150  -28.969  9.479  -29.995 0.0000000000
87299  -20.877  -0.460  -31.004 0.0000000000
87300  -21.423  -0.656  -31.791 0.0000000000
87312  -23.240  -0.763  -33.243 0.0000000000
87324  -24.182  -0.647  -33.629 0.0000000000
84204  -25.573  -3.149  -33.967 0.0000000000
86281  -25.746  -1.371  -33.772 0.0000000000
87326  -26.010  -0.418  -34.122 0.0000000000
105748  -20.718  18.334  -30.732 0.0000000000
98142  -24.703  10.538  -34.281 0.0000000000
99128  -24.650  11.413  -33.813 0.0000000000
99111  -25.150  11.443  -33.366 0.0000000000
98125  -25.547  10.558  -33.276 0.0000000000
98126  -26.109  10.478  -32.521 0.0000000000
92354  -21.093  4.584  -32.179 0.0000000000
92353  -20.711  5.216  -31.964 0.0000000000
93384  -21.749  5.564  -32.775 0.0000000000
94357  -22.106  6.448  -33.266 0.0000000000
90299  -25.067  2.174  -33.672 0.0000000000
89294  -25.283  1.205  -33.790 0.0000000000
90307  -26.020  1.784  -34.417 0.0000000000
108375  -23.570  22.132  -31.122 0.0000000000
108362  -23.072  22.141  -30.202 0.0000000000
109295  -24.071  22.864  -31.584 0.0000000000
110198  -23.866  23.684  -31.505 0.0000000000
110200  -25.142  23.515  -32.037 0.0000000000
107458  -27.462  20.324  -29.001 0.0000000000
106628  -27.269  19.496  -29.238 0.0000000000
105723  -27.781  18.936  -28.547 0.0000000000
101019  -20.646  13.463  -32.543 0.0000000000
101011  -19.956  13.460  -31.861 0.0000000000
101968  -21.033  14.462  -32.871 0.0000000000
101958  -20.343  14.440  -32.096 0.0000000000
102918  -21.512  15.468  -32.983 0.0000000000
102919  -22.388  15.540  -33.325 0.0000000000
101931  -28.652  14.671  -29.232 0.0000000000
94342  -27.991  6.697  -31.913 0.0000000000
83206  -22.635  -4.303  -32.570 0.0000000000
83220  -23.032  -4.094  -33.024 0.0000000000
84186  -22.400  -3.434  -32.231 0.0000000000
84201  -23.189  -3.518  -33.257 0.0000000000
85185  -22.817  -2.892  -33.104 0.0000000000
84202  -23.877  -3.485  -33.551 0.0000000000
91283  -20.943  3.435  -31.713 0.0000000000
90268  -21.247  2.456  -31.858 0.0000000000
89283  -22.381  1.337  -32.427 0.0000000000
89284  -23.138  1.320  -32.858 0.0000000000
88298  -22.737  0.279  -32.687 0.0000000000
107485  -22.488  20.598  -30.708 0.0000000000
106655  -22.870  18.958  -31.656 0.0000000000
106645  -23.947  19.857  -31.233 0.0000000000
105751  -23.729  19.055  -31.597 0.0000000000
105752  -24.431  18.788  -31.416 0.0000000000
97178  -20.642  9.526  -32.309 0.0000000000
98123  -21.774  10.499  -32.957 0.0000000000
100082  -22.412  11.873  -33.471 0.0000000000
99110  -22.120  11.347  -33.280 0.0000000000
100099  -22.873  12.371  -33.553 0.0000000000
100098  -22.394  12.873  -33.452 0.0000000000
101034  -23.372  13.301  -33.493 0.0000000000
101021  -23.565  13.851  -33.240 0.0000000000
101035  -23.908  12.963  -33.841 0.0000000000
100085  -26.130  12.549  -32.404 0.0000000000
101012  -26.220  13.489  -31.966 0.0000000000
101001  -27.254  13.625  -30.778 0.0000000000
100058  -27.681  12.595  -30.381 0.0000000000
100042  -28.918  12.746  -29.631 0.0000000000
100059  -28.355  12.350  -29.953 0.0000000000
98085  -27.997  10.509  -30.825 0.0000000000
99086  -28.834  10.971  -29.906 0.0000000000
98087  -29.189  10.429  -29.687 0.0000000000
81123  -24.933  -5.990  -33.795 0.0000000000
81124  -25.536  -5.687  -33.753 0.0000000000
95286  -20.126  7.620  -31.466 0.0000000000
95302  -20.692  7.602  -32.113 0.0000000000
95321  -22.335  7.420  -33.619 0.0000000000
96264  -22.156  8.073  -33.496 0.0000000000
97208  -24.132  9.133  -34.638 0.0000000000
96266  -23.563  8.406  -34.556 0.0000000000
96281  -24.332  8.313  -34.857 0.0000000000
94387  -24.770  6.689  -35.005 0.0000000000
94388  -25.566  6.698  -34.917 0.0000000000
94389  -26.363  6.722  -34.751 0.0000000000
93413  -26.174  5.664  -34.714 0.0000000000
91315  -23.148  3.996  -33.710 0.0000000000
92373  -24.123  4.037  -34.204 0.0000000000
91326  -25.612  3.873  -34.220 0.0000000000
91325  -25.072  4.178  -34.498 0.0000000000
92382  -26.221  4.547  -34.402 0.0000000000
93414  -26.627  5.058  -34.455 0.0000000000
92383  -26.938  4.415  -34.307 0.0000000000
91328  -27.302  3.490  -34.096 0.0000000000
89302  -27.119  1.490  -34.488 0.0000000000
90302  -27.673  2.647  -34.036 0.0000000000
89296  -27.782  1.595  -33.882 0.0000000000
89285  -28.626  1.590  -33.255 0.0000000000
108376  -24.936  21.513  -31.039 0.0000000000
108377  -25.483  21.819  -30.719 0.0000000000
108378  -25.974  21.659  -30.196 0.0000000000
98102  -19.718  10.496  -31.393 0.0000000000
103862  -19.738  15.905  -31.105 0.0000000000
104837  -21.378  17.524  -31.610 0.0000000000
104849  -21.081  16.925  -31.716 0.0000000000
104853  -23.595  16.691  -32.395 0.0000000000
104821  -24.924  17.601  -31.454 0.0000000000
103850  -25.713  16.878  -31.249 0.0000000000
101960  -25.596  14.855  -32.068 0.0000000000
101959  -24.965  14.944  -32.215 0.0000000000
103834  -27.595  16.488  -29.700 0.0000000000
103852  -27.187  16.200  -30.365 0.0000000000
104806  -27.140  17.549  -29.696 0.0000000000
104807  -27.794  17.353  -29.091 0.0000000000
104788  -29.327  17.472  -28.430 0.0000000000
96268  -26.432  8.646  -34.122 0.0000000000
97167  -26.602  9.561  -32.484 0.0000000000
96251  -26.710  8.611  -33.128 0.0000000000
96221  -28.732  8.559  -30.594 0.0000000000
85170  -21.651  -2.533  -31.343 0.0000000000
86255  -21.168  -1.548  -31.198 0.0000000000
86278  -23.536  -1.845  -33.399 0.0000000000
87313  -23.686  -0.144  -33.434 0.0000000000
84203  -24.668  -3.375  -33.849 0.0000000000
89268  -20.793  1.511  -31.454 0.0000000000
106643  -22.161  19.480  -30.982 0.0000000000
105750  -22.281  18.977  -31.328 0.0000000000
105766  -22.462  18.483  -31.610 0.0000000000
97190  -22.714  9.596  -33.622 0.0000000000
98124  -22.493  10.478  -33.329 0.0000000000
98140  -23.203  10.409  -33.816 0.0000000000
99126  -23.520  11.379  -33.901 0.0000000000
100083  -24.622  12.807  -33.282 0.0000000000
100102  -24.762  12.146  -33.490 0.0000000000
99083  -26.968  12.130  -31.549 0.0000000000
99098  -26.723  11.565  -32.060 0.0000000000
99099  -27.148  11.011  -31.694 0.0000000000
98105  -27.458  10.456  -31.491 0.0000000000
93382  -20.609  5.828  -31.806 0.0000000000
94355  -20.948  6.648  -32.242 0.0000000000
95303  -21.387  7.539  -32.744 0.0000000000
94356  -21.479  6.501  -32.790 0.0000000000
95335  -23.830  7.494  -34.851 0.0000000000
94374  -23.428  6.576  -34.607 0.0000000000
93410  -23.734  5.725  -34.824 0.0000000000
93411  -24.321  5.776  -35.062 0.0000000000
91318  -25.711  2.835  -33.901 0.0000000000
90308  -26.491  2.194  -34.330 0.0000000000
89301  -26.310  1.306  -34.682 0.0000000000
108360  -21.536  21.601  -29.247 0.0000000000
109273  -22.377  22.766  -29.465 0.0000000000
111042  -26.101  23.877  -31.173 0.0000000000
107474  -26.405  20.487  -29.883 0.0000000000
108363  -26.529  21.410  -29.698 0.0000000000
107475  -27.009  20.560  -29.506 0.0000000000
100996  -18.771  13.435  -30.400 0.0000000000
101957  -19.676  14.419  -31.409 0.0000000000
102907  -19.978  15.350  -31.606 0.0000000000
103874  -21.219  16.295  -32.298 0.0000000000
103875  -21.959  16.401  -32.939 0.0000000000
103876  -22.779  16.351  -33.003 0.0000000000
103878  -23.984  16.315  -32.447 0.0000000000
101948  -26.895  14.578  -31.115 0.0000000000
102898  -27.056  15.503  -30.751 0.0000000000
102885  -28.166  15.539  -29.470 0.0000000000
103836  -29.110  16.176  -28.819 0.0000000000
96252  -27.272  8.187  -32.539 0.0000000000
95287  -27.703  7.461  -32.267 0.0000000000
95288  -28.379  7.433  -31.429 0.0000000000
84171  -21.967  -3.398  -31.662 0.0000000000
85171  -22.249  -2.623  -31.885 0.0000000000
86266  -22.387  -1.988  -32.310 0.0000000000
85197  -24.023  -2.601  -33.666 0.0000000000
92355  -22.146  4.550  -32.821 0.0000000000
91303  -22.645  3.423  -33.106 0.0000000000
91304  -23.150  2.838  -33.158 0.0000000000
90289  -23.464  2.251  -33.188 0.0000000000
89292  -23.779  1.341  -33.321 0.0000000000
88310  -24.033  0.435  -33.513 0.0000000000
107473  -21.813  20.886  -29.851 0.0000000000
108374  -23.008  21.474  -30.702 0.0000000000
108386  -24.176  22.158  -31.534 0.0000000000
107494  -23.919  21.586  -31.478 0.0000000000
106644  -23.047  19.612  -31.497 0.0000000000
106647  -25.891  19.723  -30.362 0.0000000000
105754  -26.055  18.471  -30.483 0.0000000000
98103  -20.321  10.498  -32.056 0.0000000000
99109  -21.398  11.452  -32.920 0.0000000000
99108  -20.660  11.479  -32.416 0.0000000000
100080  -21.054  12.458  -32.767 0.0000000000
101020  -21.424  13.433  -33.154 0.0000000000
101970  -22.889  14.714  -33.401 0.0000000000
101984  -23.253  14.099  -33.376 0.0000000000
101972  -24.420  14.527  -32.639 0.0000000000
101973  -25.227  14.229  -32.362 0.0000000000
101024  -25.585  13.391  -32.393 0.0000000000
101974  -25.781  14.109  -32.063 0.0000000000
100985  -29.361  13.839  -29.012 0.0000000000
100986  -30.403  13.609  -28.948 0.0000000000
99068  -28.733  12.035  -29.861 0.0000000000
93386  -27.893  5.357  -32.519 0.0000000000
82202  -24.394  -5.195  -33.489 0.0000000000
83222  -24.521  -4.301  -33.661 0.0000000000
96233  -20.384  8.563  -31.885 0.0000000000
96249  -21.830  8.594  -33.195 0.0000000000
96250  -22.301  9.098  -33.486 0.0000000000
97191  -23.395  9.393  -34.199 0.0000000000
98152  -24.480  9.488  -34.638 0.0000000000
98154  -25.172  9.960  -34.664 0.0000000000
97181  -25.761  10.152  -33.955 0.0000000000
97210  -25.150  9.150  -34.788 0.0000000000
96267  -26.100  8.910  -34.676 0.0000000000
96284  -26.186  8.277  -34.703 0.0000000000
95336  -24.531  7.522  -35.011 0.0000000000
95337  -25.194  7.585  -35.026 0.0000000000
95323  -26.606  7.560  -34.273 0.0000000000
94375  -26.911  6.568  -34.363 0.0000000000
94376  -27.281  6.417  -33.700 0.0000000000
92379  -24.040  5.215  -34.787 0.0000000000
92380  -24.540  4.718  -34.631 0.0000000000
93404  -27.060  5.529  -34.289 0.0000000000
93385  -27.461  5.461  -33.285 0.0000000000
92356  -27.779  4.730  -33.006 0.0000000000
92375  -28.024  4.118  -33.245 0.0000000000
109297  -25.262  22.529  -31.458 0.0000000000
110193  -26.043  22.908  -30.864 0.0000000000
108346  -26.740  21.832  -29.282 0.0000000000
105764  -21.023  17.920  -31.289 0.0000000000
104839  -22.917  17.655  -32.045 0.0000000000
104851  -22.449  17.010  -32.475 0.0000000000
105768  -23.939  18.385  -31.767 0.0000000000
104820  -24.291  18.050  -31.681 0.0000000000
102921  -23.871  15.496  -32.816 0.0000000000
102908  -24.497  15.564  -32.378 0.0000000000
103865  -25.282  16.454  -31.671 0.0000000000
102897  -26.488  15.512  -31.342 0.0000000000
103866  -26.024  16.207  -31.441 0.0000000000
104805  -26.506  17.614  -30.295 0.0000000000
105736  -27.387  18.331  -29.120 0.0000000000
105724  -28.676  18.445  -28.280 0.0000000000
97182  -26.131  9.610  -33.557 0.0000000000
97148  -27.829  9.590  -31.255 0.0000000000
96220  -28.172  8.892  -31.040 0.0000000000
97149  -28.352  9.561  -30.617 0.0000000000
87311  -22.290  -0.929  -32.470 0.0000000000
88311  -24.777  0.349  -33.720 0.0000000000
85198  -24.802  -2.442  -33.748 0.0000000000
85199  -25.494  -2.208  -33.784 0.0000000000
86280  -24.932  -1.503  -33.644 0.0000000000
87325  -25.184  -0.539  -33.796 0.0000000000
88312  -25.446  0.371  -34.176 0.0000000000
88318  -26.030  0.504  -34.575 0.0000000000
83207  -23.152  -4.731  -32.977 0.0000000000
84187  -22.728  -3.496  -32.824 0.0000000000
87323  -23.749  -1.249  -33.514 0.0000000000
88321  -27.724  0.752  -33.996 0.0000000000
89295  -27.427  2.081  -34.223 0.0000000000
90301  -26.023  2.286  -34.144 0.0000000000
91319  -26.205  2.671  -34.040 0.0000000000
95320  -21.869  7.750  -33.269 0.0000000000
95324  -27.011  7.009  -33.942 0.0000000000
96283  -25.586  8.516  -34.925 0.0000000000
97168  -27.244  9.569  -31.842 0.0000000000
97180  -22.108  9.638  -33.175 0.0000000000
97193  -26.168  9.245  -34.303 0.0000000000
98153  -24.754  9.722  -34.682 0.0000000000
99085  -28.351  11.491  -30.230 0.0000000000
100041  -28.161  12.990  -29.815 0.0000000000
100071  -26.703  12.693  -31.823 0.0000000000
100101  -24.298  12.443  -33.849 0.0000000000
100983  -27.767  13.679  -30.075 0.0000000000
101022  -24.028  13.433  -33.162 0.0000000000
101032  -22.118  13.370  -33.449 0.0000000000
101033  -22.662  13.291  -33.485 0.0000000000
101932  -29.264  14.816  -28.810 0.0000000000
101949  -27.405  14.582  -30.428 0.0000000000
101983  -22.774  13.952  -33.499 0.0000000000
102886  -28.830  15.536  -28.987 0.0000000000
102910  -25.866  15.558  -31.782 0.0000000000
103833  -27.010  16.885  -30.212 0.0000000000
103835  -28.448  16.472  -29.093 0.0000000000
103864  -24.576  16.381  -32.043 0.0000000000
103877  -23.439  16.256  -32.796 0.0000000000
104787  -28.526  17.409  -28.672 0.0000000000
104836  -20.550  17.463  -31.204 0.0000000000
104850  -21.713  17.011  -32.227 0.0000000000
106613  -27.725  19.773  -28.672 0.0000000000
107489  -25.843  20.989  -30.138 0.0000000000
107495  -24.248  21.685  -31.452 0.0000000000
108387  -24.642  21.959  -31.385 0.0000000000
109285  -23.699  23.065  -31.036 0.0000000000
109286  -25.769  22.586  -30.985 0.0000000000
110182  -26.130  23.551  -31.079 0.0000000000
