#!ascii label  , from subject 3366 vox2ras=TkReg
1068
87300  -21.423  -0.656  -31.791 0.5555555820
88298  -22.737  0.279  -32.687 0.6666666865
89284  -23.138  1.320  -32.858 0.7777777910
89292  -23.779  1.341  -33.321 0.7777777910
91316  -23.635  3.372  -33.653 0.8888888955
91326  -25.612  3.873  -34.220 0.8888888955
86255  -21.168  -1.548  -31.198 0.5555555820
88283  -21.137  0.457  -31.565 0.5555555820
89282  -21.563  1.412  -31.970 0.6666666865
90287  -22.074  2.402  -32.370 0.8888888955
90298  -24.211  2.316  -33.530 0.8888888955
92380  -24.540  4.718  -34.631 1.0000000000
92382  -26.221  4.547  -34.402 0.8888888955
93413  -26.174  5.664  -34.714 1.0000000000
89268  -20.793  1.511  -31.454 0.7777777910
91302  -21.692  3.474  -32.330 1.0000000000
92355  -22.146  4.550  -32.821 1.0000000000
92371  -22.869  4.625  -33.571 1.0000000000
93402  -23.173  5.610  -34.088 1.0000000000
93411  -24.321  5.776  -35.062 1.0000000000
93410  -23.734  5.725  -34.824 1.0000000000
94387  -24.770  6.689  -35.005 1.0000000000
94389  -26.363  6.722  -34.751 1.0000000000
94386  -24.019  6.634  -35.251 1.0000000000
95323  -26.606  7.560  -34.273 1.0000000000
96284  -26.186  8.277  -34.703 1.0000000000
95305  -26.709  8.072  -33.717 0.7777777910
92353  -20.711  5.216  -31.964 0.8888888955
93401  -22.556  5.572  -33.307 1.0000000000
94374  -23.428  6.576  -34.607 1.0000000000
94357  -22.106  6.448  -33.266 1.0000000000
95322  -23.045  7.498  -34.337 1.0000000000
96281  -24.332  8.313  -34.857 1.0000000000
96282  -24.924  8.352  -34.966 1.0000000000
96267  -26.100  8.910  -34.676 1.0000000000
96268  -26.432  8.646  -34.122 1.0000000000
96251  -26.710  8.611  -33.128 0.8888888955
97167  -26.602  9.561  -32.484 1.0000000000
96234  -27.073  8.874  -32.305 0.7777777910
96220  -28.172  8.892  -31.040 0.7777777910
94341  -20.400  6.714  -31.679 0.5555555820
96248  -21.026  8.558  -32.532 0.7777777910
95303  -21.387  7.539  -32.744 0.8888888955
96265  -22.645  8.521  -33.861 1.0000000000
97208  -24.132  9.133  -34.638 1.0000000000
97209  -24.693  8.992  -34.784 1.0000000000
97181  -25.761  10.152  -33.955 1.0000000000
97182  -26.131  9.610  -33.557 0.8888888955
98125  -25.547  10.558  -33.276 1.0000000000
98104  -26.866  10.436  -31.981 0.8888888955
98085  -27.997  10.509  -30.825 0.7777777910
98087  -29.189  10.429  -29.687 0.6666666865
96232  -19.765  8.561  -31.265 0.4444444478
96233  -20.384  8.563  -31.885 0.7777777910
97178  -20.642  9.526  -32.309 0.6666666865
98124  -22.493  10.478  -33.329 0.7777777910
97190  -22.714  9.596  -33.622 0.8888888955
98141  -24.096  10.181  -34.282 0.8888888955
98154  -25.172  9.960  -34.664 1.0000000000
99127  -24.178  11.421  -34.068 1.0000000000
99128  -24.650  11.413  -33.813 1.0000000000
99112  -25.769  11.499  -32.710 0.8888888955
99098  -26.723  11.565  -32.060 0.7777777910
99084  -27.409  11.549  -31.160 0.7777777910
98071  -29.913  10.597  -29.243 0.5555555820
99068  -28.733  12.035  -29.861 0.7777777910
99069  -29.234  11.556  -29.566 0.6666666865
98103  -20.321  10.498  -32.056 0.6666666865
98123  -21.774  10.499  -32.957 0.7777777910
99109  -21.398  11.452  -32.920 0.7777777910
99125  -22.787  11.327  -33.552 0.8888888955
99126  -23.520  11.379  -33.901 0.8888888955
100082  -22.412  11.873  -33.471 1.0000000000
100100  -23.743  12.381  -33.922 1.0000000000
100102  -24.762  12.146  -33.490 1.0000000000
99111  -25.150  11.443  -33.366 0.8888888955
100085  -26.130  12.549  -32.404 0.8888888955
100057  -27.148  12.708  -31.218 0.8888888955
101012  -26.220  13.489  -31.966 0.8888888955
100058  -27.681  12.595  -30.381 0.7777777910
100043  -29.787  12.624  -29.152 0.7777777910
100044  -30.726  12.560  -29.278 0.6666666865
99097  -20.064  11.486  -31.736 0.6666666865
98102  -19.718  10.496  -31.393 0.5555555820
99108  -20.660  11.479  -32.416 0.7777777910
100081  -21.930  12.404  -33.347 0.8888888955
100099  -22.873  12.371  -33.553 0.8888888955
101034  -23.372  13.301  -33.493 1.0000000000
101023  -24.819  13.457  -32.712 1.0000000000
100084  -25.234  12.473  -32.885 0.8888888955
101001  -27.254  13.625  -30.778 0.7777777910
100984  -28.486  13.756  -29.604 0.7777777910
100986  -30.403  13.609  -28.948 0.6666666865
100987  -31.220  13.445  -29.335 0.5555555820
101002  -31.909  13.374  -29.682 0.5555555820
100070  -20.324  12.474  -32.160 0.7777777910
100069  -19.706  12.472  -31.470 0.6666666865
100080  -21.054  12.458  -32.767 0.8888888955
101982  -22.392  13.766  -33.496 1.0000000000
101021  -23.565  13.851  -33.240 1.0000000000
101973  -25.227  14.229  -32.362 0.8888888955
101024  -25.585  13.391  -32.393 0.8888888955
101961  -26.268  14.549  -31.716 0.8888888955
101000  -26.797  13.623  -31.489 0.8888888955
101930  -27.988  14.614  -29.797 0.7777777910
101931  -28.652  14.671  -29.232 0.7777777910
101933  -30.987  14.074  -29.181 0.5555555820
102884  -27.553  15.486  -30.076 0.7777777910
101915  -29.894  14.909  -28.712 0.5555555820
101934  -31.660  14.539  -29.413 0.5555555820
102873  -29.509  15.590  -28.735 0.6666666865
100995  -18.181  13.382  -29.658 0.4444444478
101010  -19.418  13.448  -31.082 0.5555555820
101968  -21.033  14.462  -32.871 0.7777777910
101969  -22.024  14.374  -33.445 1.0000000000
101019  -20.646  13.463  -32.543 0.8888888955
101970  -22.889  14.714  -33.401 1.0000000000
101971  -23.590  14.539  -33.080 0.8888888955
101959  -24.965  14.944  -32.215 0.8888888955
101960  -25.596  14.855  -32.068 0.8888888955
102898  -27.056  15.503  -30.751 0.8888888955
102885  -28.166  15.539  -29.470 0.6666666865
102875  -31.026  15.646  -28.595 0.5555555820
103863  -20.268  16.400  -31.487 0.6666666865
102907  -19.978  15.350  -31.606 0.6666666865
103875  -21.959  16.401  -32.939 0.7777777910
102920  -23.191  15.540  -33.180 0.8888888955
103876  -22.779  16.351  -33.003 0.7777777910
103878  -23.984  16.315  -32.447 0.7777777910
102908  -24.497  15.564  -32.378 0.8888888955
104841  -24.682  16.959  -31.812 0.7777777910
102909  -25.118  15.608  -31.956 0.8888888955
103850  -25.713  16.878  -31.249 0.7777777910
103866  -26.024  16.207  -31.441 0.7777777910
103852  -27.187  16.200  -30.365 0.6666666865
104822  -25.814  17.618  -30.850 0.6666666865
104806  -27.140  17.549  -29.696 0.6666666865
103834  -27.595  16.488  -29.700 0.6666666865
105736  -27.387  18.331  -29.120 0.6666666865
105737  -27.943  18.048  -28.601 0.5555555820
104788  -29.327  17.472  -28.430 0.5555555820
103817  -30.639  16.500  -28.457 0.4444444478
104801  -19.290  17.975  -29.567 0.3333333433
104819  -19.737  17.662  -30.361 0.3333333433
104837  -21.378  17.524  -31.610 0.5555555820
104849  -21.081  16.925  -31.716 0.6666666865
104838  -22.108  17.660  -31.931 0.5555555820
104851  -22.449  17.010  -32.475 0.7777777910
104852  -23.174  16.889  -32.455 0.7777777910
105768  -23.939  18.385  -31.767 0.6666666865
104840  -23.932  17.361  -32.015 0.6666666865
104821  -24.924  17.601  -31.454 0.6666666865
105754  -26.055  18.471  -30.483 0.6666666865
105735  -26.694  18.709  -29.851 0.6666666865
105724  -28.676  18.445  -28.280 0.5555555820
106615  -29.313  19.461  -28.009 0.5555555820
105723  -27.781  18.936  -28.547 0.6666666865
105748  -20.718  18.334  -30.732 0.4444444478
105734  -19.885  18.288  -29.662 0.4444444478
106642  -21.206  19.098  -30.246 0.5555555820
105765  -21.595  18.129  -31.388 0.5555555820
105766  -22.462  18.483  -31.610 0.6666666865
104839  -22.917  17.655  -32.045 0.6666666865
105767  -23.279  18.527  -31.797 0.6666666865
104820  -24.291  18.050  -31.681 0.6666666865
105753  -25.333  18.676  -30.954 0.6666666865
106647  -25.891  19.723  -30.362 0.6666666865
107458  -27.462  20.324  -29.001 0.6666666865
107459  -27.931  20.489  -28.496 0.5555555820
106614  -28.358  19.612  -28.335 0.6666666865
106654  -22.603  19.114  -31.466 0.6666666865
106655  -22.870  18.958  -31.656 0.6666666865
106645  -23.947  19.857  -31.233 0.6666666865
105752  -24.431  18.788  -31.416 0.6666666865
105751  -23.729  19.055  -31.597 0.6666666865
106627  -26.689  19.799  -29.801 0.6666666865
91304  -23.150  2.838  -33.158 0.8888888955
91303  -22.645  3.423  -33.106 1.0000000000
92372  -23.628  4.645  -34.257 1.0000000000
93412  -25.099  5.755  -34.781 1.0000000000
97166  -19.993  9.517  -31.696 0.5555555820
99096  -19.459  11.484  -31.064 0.5555555820
101943  -18.407  14.390  -29.999 0.5555555820
101984  -23.253  14.099  -33.376 1.0000000000
101948  -26.895  14.578  -31.115 0.8888888955
101922  -17.448  13.599  -28.687 0.2222222239
103836  -29.110  16.176  -28.819 0.6666666865
104853  -23.595  16.691  -32.395 0.7777777910
103816  -29.745  16.504  -28.590 0.4444444478
105750  -22.281  18.977  -31.328 0.6666666865
106643  -22.161  19.480  -30.982 0.6666666865
97165  -19.409  9.521  -31.020 0.4444444478
106604  -29.878  19.847  -27.629 0.5555555820
105712  -30.186  19.101  -27.670 0.5555555820
106625  -20.513  18.831  -29.506 0.2222222239
106641  -20.534  18.682  -30.059 0.3333333433
107460  -28.787  20.544  -28.180 0.5555555820
86266  -22.387  -1.988  -32.310 0.5555555820
86267  -22.807  -1.982  -32.996 0.5555555820
87311  -22.290  -0.929  -32.470 0.6666666865
88299  -23.418  0.409  -33.191 0.5555555820
88310  -24.033  0.435  -33.513 0.5555555820
90300  -25.656  1.916  -34.040 0.7777777910
91318  -25.711  2.835  -33.901 0.8888888955
85170  -21.651  -2.533  -31.343 0.5555555820
89293  -24.557  1.300  -33.478 0.6666666865
90299  -25.067  2.174  -33.672 0.8888888955
91327  -26.477  3.346  -34.120 0.7777777910
92383  -26.938  4.415  -34.307 0.7777777910
93404  -27.060  5.529  -34.289 0.8888888955
86241  -20.575  -1.441  -30.418 0.4444444478
88282  -20.605  0.632  -30.872 0.5555555820
93403  -26.705  6.133  -34.639 1.0000000000
89267  -20.238  1.674  -30.754 0.2222222239
90267  -20.515  2.520  -31.346 0.6666666865
95306  -27.179  7.485  -33.321 0.8888888955
95287  -27.703  7.461  -32.267 0.6666666865
96235  -27.703  8.517  -31.683 0.7777777910
96221  -28.732  8.559  -30.594 0.6666666865
92337  -20.621  4.061  -31.638 0.5555555820
97150  -28.969  9.479  -29.995 0.6666666865
93368  -20.191  5.930  -31.312 0.4444444478
97130  -29.766  9.650  -29.630 0.5555555820
98073  -31.556  10.719  -29.620 0.5555555820
95285  -19.658  7.622  -30.794 0.2222222239
99071  -31.151  11.608  -29.468 0.5555555820
100045  -31.601  12.504  -29.485 0.5555555820
98064  -18.119  10.629  -29.442 0.3333333433
101003  -32.312  13.358  -30.278 0.5555555820
100051  -18.546  12.445  -30.073 0.4444444478
101951  -32.310  14.510  -30.421 0.4444444478
100977  -17.597  13.218  -29.082 0.3333333433
102888  -31.862  15.669  -29.600 0.5555555820
103818  -31.244  16.513  -28.670 0.4444444478
104818  -19.154  17.464  -29.736 0.3333333433
103848  -19.303  16.450  -30.363 0.4444444478
104789  -30.205  17.421  -28.332 0.4444444478
105713  -30.974  19.060  -27.602 0.4444444478
106605  -30.518  19.823  -27.561 0.2222222239
106644  -23.047  19.612  -31.497 0.6666666865
106646  -24.876  19.826  -31.036 0.6666666865
107488  -25.134  20.824  -30.614 0.6666666865
108363  -26.529  21.410  -29.698 0.6666666865
107475  -27.009  20.560  -29.506 0.6666666865
108349  -28.717  21.071  -27.994 0.4444444478
107447  -29.999  20.565  -27.580 0.3333333433
88297  -21.865  0.314  -32.193 0.6666666865
87312  -23.240  -0.763  -33.243 0.6666666865
89283  -22.381  1.337  -32.427 0.7777777910
90288  -22.834  2.274  -32.790 0.8888888955
90289  -23.464  2.251  -33.188 0.8888888955
92373  -24.123  4.037  -34.204 1.0000000000
91315  -23.148  3.996  -33.710 1.0000000000
91325  -25.072  4.178  -34.498 1.0000000000
91317  -24.736  3.425  -34.100 0.8888888955
86256  -21.888  -1.709  -31.794 0.5555555820
87299  -20.877  -0.460  -31.004 0.5555555820
92381  -25.447  4.786  -34.614 1.0000000000
92379  -24.040  5.215  -34.787 1.0000000000
93414  -26.627  5.058  -34.455 1.0000000000
90268  -21.247  2.456  -31.858 0.8888888955
91283  -20.943  3.435  -31.713 0.8888888955
92354  -21.093  4.584  -32.179 0.8888888955
94373  -22.783  6.521  -33.872 1.0000000000
94388  -25.566  6.698  -34.917 1.0000000000
94375  -26.911  6.568  -34.363 0.8888888955
95338  -25.959  7.595  -34.961 1.0000000000
95336  -24.531  7.522  -35.011 1.0000000000
95335  -23.830  7.494  -34.851 1.0000000000
95337  -25.194  7.585  -35.026 1.0000000000
96252  -27.272  8.187  -32.539 0.7777777910
93383  -21.028  5.713  -32.377 1.0000000000
93382  -20.609  5.828  -31.806 0.5555555820
93384  -21.749  5.564  -32.775 1.0000000000
95304  -21.787  7.125  -33.184 1.0000000000
94356  -21.479  6.501  -32.790 0.8888888955
95321  -22.335  7.420  -33.619 1.0000000000
96266  -23.563  8.406  -34.556 1.0000000000
97210  -25.150  9.150  -34.788 1.0000000000
97192  -25.717  9.566  -34.494 1.0000000000
97148  -27.829  9.590  -31.255 0.7777777910
97149  -28.352  9.561  -30.617 0.6666666865
94340  -19.854  6.684  -31.107 0.5555555820
95286  -20.126  7.620  -31.466 0.6666666865
95302  -20.692  7.602  -32.113 0.6666666865
94355  -20.948  6.648  -32.242 0.7777777910
97179  -21.405  9.551  -32.761 0.8888888955
96249  -21.830  8.594  -33.195 0.8888888955
96250  -22.301  9.098  -33.486 0.8888888955
96264  -22.156  8.073  -33.496 1.0000000000
97191  -23.395  9.393  -34.199 0.8888888955
98152  -24.480  9.488  -34.638 1.0000000000
98143  -25.267  10.560  -34.078 1.0000000000
98126  -26.109  10.478  -32.521 0.8888888955
99099  -27.148  11.011  -31.694 0.8888888955
98105  -27.458  10.456  -31.491 0.7777777910
98086  -28.593  10.401  -30.186 0.7777777910
99086  -28.834  10.971  -29.906 0.6666666865
97131  -30.527  9.852  -29.424 0.5555555820
99070  -30.249  11.593  -29.226 0.6666666865
96219  -19.366  8.609  -30.537 0.3333333433
98122  -20.974  10.497  -32.643 0.6666666865
98140  -23.203  10.409  -33.816 0.8888888955
98142  -24.703  10.538  -34.281 1.0000000000
99083  -26.968  12.130  -31.549 0.7777777910
100059  -28.355  12.350  -29.953 0.7777777910
99110  -22.120  11.347  -33.280 0.8888888955
100083  -24.622  12.807  -33.282 1.0000000000
100042  -28.918  12.746  -29.631 0.7777777910
98081  -19.126  10.505  -30.719 0.4444444478
100098  -22.394  12.873  -33.452 0.8888888955
101035  -23.908  12.963  -33.841 1.0000000000
100985  -29.361  13.839  -29.012 0.6666666865
101950  -32.087  13.940  -29.915 0.5555555820
100052  -19.143  12.464  -30.746 0.5555555820
101011  -19.956  13.460  -31.861 0.6666666865
101020  -21.424  13.433  -33.154 0.8888888955
101972  -24.420  14.527  -32.639 1.0000000000
101974  -25.781  14.109  -32.063 0.8888888955
101916  -30.712  14.700  -28.835 0.6666666865
102897  -26.488  15.512  -31.342 0.8888888955
101917  -31.259  15.119  -28.919 0.5555555820
100996  -18.771  13.435  -30.400 0.5555555820
102918  -21.512  15.468  -32.983 0.7777777910
101958  -20.343  14.440  -32.096 0.7777777910
102921  -23.871  15.496  -32.816 0.8888888955
102919  -22.388  15.540  -33.325 0.7777777910
102887  -31.474  15.654  -29.019 0.5555555820
103862  -19.738  15.905  -31.105 0.5555555820
102906  -19.436  15.326  -30.913 0.5555555820
103874  -21.219  16.295  -32.298 0.6666666865
102917  -20.702  15.429  -32.273 0.7777777910
101957  -19.676  14.419  -31.409 0.7777777910
101944  -19.103  14.402  -30.671 0.6666666865
103865  -25.282  16.454  -31.671 0.7777777910
103851  -26.500  16.554  -30.842 0.6666666865
104805  -26.506  17.614  -30.295 0.6666666865
104807  -27.794  17.353  -29.091 0.5555555820
103815  -29.037  16.797  -28.724 0.5555555820
105726  -30.628  18.286  -27.962 0.4444444478
104808  -31.470  17.453  -28.783 0.4444444478
105725  -29.727  18.337  -28.050 0.5555555820
103849  -20.001  17.007  -30.809 0.4444444478
105764  -21.023  17.920  -31.289 0.5555555820
106628  -27.269  19.496  -29.238 0.6666666865
105749  -21.761  18.762  -31.073 0.5555555820
107474  -26.405  20.487  -29.883 0.6666666865
99079  -18.839  11.486  -30.432 0.4444444478
97147  -18.855  9.569  -30.277 0.4444444478
98080  -18.560  10.574  -30.096 0.4444444478
106616  -31.740  19.603  -28.256 0.3333333433
108333  -29.156  21.320  -27.761 0.3333333433
90308  -26.491  2.194  -34.330 0.6666666865
85154  -21.050  -2.507  -30.755 0.4444444478
94376  -27.281  6.417  -33.700 0.7777777910
85132  -20.671  -2.545  -30.217 0.3333333433
87288  -20.538  -0.241  -30.336 0.4444444478
94324  -19.551  6.640  -30.338 0.1111111119
95270  -19.408  7.702  -30.068 0.1111111119
97146  -18.444  9.956  -29.741 0.4444444478
99078  -18.314  11.493  -29.755 0.3333333433
103847  -18.794  15.817  -29.921 0.3333333433
108347  -27.219  21.281  -28.974 0.6666666865
108348  -28.222  21.404  -28.136 0.4444444478
85208  -25.982  -2.046  -33.866 0.4444444478
85186  -28.176  -2.513  -33.178 0.2222222239
85185  -22.817  -2.892  -33.104 0.4444444478
85196  -23.308  -2.720  -33.410 0.4444444478
86278  -23.536  -1.845  -33.399 0.4444444478
86279  -24.188  -1.723  -33.581 0.4444444478
86281  -25.746  -1.371  -33.772 0.4444444478
87327  -26.428  -0.832  -34.045 0.4444444478
86283  -27.882  -1.317  -33.770 0.2222222239
87324  -24.182  -0.647  -33.629 0.4444444478
87325  -25.184  -0.539  -33.796 0.4444444478
87326  -26.010  -0.418  -34.122 0.4444444478
87329  -28.727  -0.368  -33.202 0.1111111119
87314  -29.380  -0.343  -32.708 0.1111111119
88318  -26.030  0.504  -34.575 0.4444444478
88320  -27.325  0.441  -34.279 0.3333333433
88311  -24.777  0.349  -33.720 0.4444444478
88312  -25.446  0.371  -34.176 0.4444444478
88319  -26.653  0.566  -34.551 0.3333333433
89303  -27.493  1.070  -34.217 0.3333333433
88314  -28.277  0.540  -33.603 0.2222222239
89300  -25.712  1.196  -34.456 0.4444444478
89302  -27.119  1.490  -34.488 0.3333333433
89294  -25.283  1.205  -33.790 0.4444444478
90303  -28.290  2.593  -33.538 0.2222222239
90290  -28.992  2.668  -32.797 0.1111111119
90291  -29.908  2.441  -32.222 0.1111111119
90302  -27.673  2.647  -34.036 0.3333333433
91320  -27.911  3.478  -33.699 0.3333333433
91328  -27.302  3.490  -34.096 0.4444444478
92374  -27.446  4.440  -33.694 0.5555555820
92356  -27.779  4.730  -33.006 0.6666666865
92338  -29.091  4.748  -32.102 0.4444444478
93385  -27.461  5.461  -33.285 0.6666666865
93352  -29.797  5.870  -31.063 0.3333333433
94358  -27.624  6.395  -32.683 0.6666666865
94343  -28.634  6.299  -31.577 0.5555555820
95289  -28.936  6.915  -31.291 0.5555555820
94344  -29.345  6.400  -31.166 0.4444444478
95273  -30.358  7.479  -30.400 0.3333333433
94342  -27.991  6.697  -31.913 0.5555555820
96223  -30.777  8.433  -30.001 0.4444444478
96203  -30.373  9.129  -29.724 0.5555555820
95271  -28.648  7.908  -30.953 0.4444444478
97132  -31.241  9.946  -29.513 0.4444444478
107487  -24.368  21.027  -31.234 0.5555555820
108376  -24.936  21.513  -31.039 0.5555555820
108378  -25.974  21.659  -30.196 0.5555555820
109287  -26.096  22.340  -30.389 0.5555555820
84204  -25.573  -3.149  -33.967 0.4444444478
85201  -27.427  -2.242  -33.723 0.2222222239
89285  -28.626  1.590  -33.255 0.2222222239
89286  -29.443  1.555  -32.745 0.1111111119
91321  -28.473  3.503  -33.134 0.4444444478
91305  -28.921  3.639  -32.640 0.3333333433
93386  -27.893  5.357  -32.519 0.6666666865
93369  -28.587  5.369  -32.052 0.4444444478
96204  -31.055  9.237  -29.679 0.4444444478
99088  -32.539  11.529  -30.259 0.4444444478
107494  -23.919  21.586  -31.478 0.5555555820
108386  -24.176  22.158  -31.534 0.5555555820
87313  -23.686  -0.144  -33.434 0.4444444478
93371  -29.830  4.736  -31.213 0.2222222239
108346  -26.740  21.832  -29.282 0.5555555820
83221  -23.705  -4.384  -33.262 0.4444444478
83223  -25.338  -4.217  -34.062 0.4444444478
83225  -26.921  -3.511  -33.362 0.2222222239
84188  -27.644  -3.229  -32.729 0.2222222239
84173  -28.550  -3.064  -31.991 0.1111111119
84186  -22.400  -3.434  -32.231 0.4444444478
86284  -28.604  -1.303  -33.434 0.1111111119
86268  -29.121  -1.158  -32.960 0.1111111119
84189  -28.341  -2.740  -32.699 0.1111111119
90292  -30.779  2.127  -32.220 0.1111111119
90269  -30.539  2.737  -31.765 0.1111111119
91284  -30.015  3.350  -31.629 0.1111111119
92327  -30.793  4.135  -30.765 0.2222222239
94326  -30.960  6.419  -30.415 0.1111111119
93353  -30.410  5.217  -30.786 0.2222222239
95274  -31.386  7.510  -30.175 0.2222222239
96224  -31.790  8.799  -30.130 0.2222222239
98088  -32.203  10.659  -30.037 0.4444444478
99100  -32.966  11.468  -31.057 0.3333333433
100060  -32.276  12.466  -29.908 0.4444444478
100061  -32.731  12.449  -30.668 0.3333333433
102896  -18.884  15.304  -30.247 0.4444444478
101935  -32.090  15.085  -29.873 0.4444444478
107484  -21.717  19.979  -29.999 0.4444444478
109260  -26.857  22.170  -28.971 0.5555555820
107485  -22.488  20.598  -30.708 0.5555555820
107486  -23.416  20.926  -31.347 0.5555555820
108388  -25.089  21.947  -31.191 0.5555555820
109297  -25.262  22.529  -31.458 0.5555555820
110193  -26.043  22.908  -30.864 0.5555555820
108374  -23.008  21.474  -30.702 0.5555555820
85184  -22.533  -2.734  -32.576 0.4444444478
90307  -26.020  1.784  -34.417 0.5555555820
95288  -28.379  7.433  -31.429 0.5555555820
96222  -29.726  8.574  -30.115 0.4444444478
105727  -31.410  18.506  -28.206 0.3333333433
90309  -27.121  2.553  -34.304 0.3333333433
89301  -26.310  1.306  -34.682 0.3333333433
85199  -25.494  -2.208  -33.784 0.4444444478
85209  -26.601  -2.162  -33.969 0.4444444478
84205  -26.370  -2.921  -33.709 0.3333333433
86288  -26.259  -1.648  -33.939 0.4444444478
84217  -25.917  -2.579  -33.873 0.4444444478
84206  -26.974  -2.871  -33.235 0.3333333433
85202  -28.327  -2.014  -33.566 0.1111111119
84201  -23.189  -3.518  -33.257 0.4444444478
84202  -23.877  -3.485  -33.551 0.4444444478
85197  -24.023  -2.601  -33.666 0.4444444478
84203  -24.668  -3.375  -33.849 0.4444444478
85198  -24.802  -2.442  -33.748 0.4444444478
86280  -24.932  -1.503  -33.644 0.4444444478
85210  -27.012  -1.835  -34.185 0.4444444478
86290  -27.240  -1.307  -34.094 0.4444444478
87334  -26.780  -0.420  -34.217 0.4444444478
87335  -27.559  -0.496  -34.056 0.4444444478
87328  -28.166  -0.479  -33.716 0.2222222239
88300  -28.997  0.591  -32.963 0.1111111119
89296  -27.782  1.595  -33.882 0.3333333433
91306  -29.449  3.425  -32.245 0.1111111119
92375  -28.024  4.118  -33.245 0.4444444478
92357  -28.481  4.446  -32.621 0.4444444478
93370  -29.383  5.358  -31.436 0.3333333433
92358  -29.162  4.136  -32.337 0.3333333433
93354  -31.635  5.427  -30.430 0.1111111119
94359  -28.008  5.971  -32.002 0.5555555820
95272  -29.260  7.454  -30.814 0.5555555820
94325  -30.017  6.471  -30.765 0.3333333433
97151  -31.771  9.881  -29.939 0.4444444478
108377  -25.483  21.819  -30.719 0.5555555820
108375  -23.570  22.132  -31.122 0.5555555820
92340  -30.172  4.148  -31.135 0.2222222239
82203  -25.056  -5.128  -34.023 0.4444444478
83222  -24.521  -4.301  -33.661 0.4444444478
83224  -26.383  -4.154  -33.832 0.4444444478
83209  -27.205  -4.384  -33.090 0.2222222239
83220  -23.032  -4.094  -33.024 0.4444444478
83205  -22.210  -4.053  -32.011 0.4444444478
85187  -29.034  -2.240  -32.891 0.1111111119
88301  -29.806  0.589  -32.599 0.1111111119
75712  -26.040  -11.163  -30.097 0.1111111119
77875  -23.660  -9.348  -32.018 0.3333333433
76789  -25.099  -10.243  -30.835 0.2222222239
76790  -26.159  -10.453  -30.200 0.2222222239
76791  -26.772  -10.229  -30.056 0.1111111119
80026  -21.524  -7.339  -31.495 0.3333333433
78925  -21.917  -8.617  -31.916 0.3333333433
77874  -22.712  -9.589  -31.922 0.3333333433
78926  -24.442  -8.751  -32.146 0.3333333433
80028  -24.872  -8.325  -32.047 0.3333333433
77860  -25.262  -9.419  -31.201 0.2222222239
80007  -25.847  -8.386  -31.076 0.2222222239
77861  -25.775  -9.512  -30.602 0.2222222239
77862  -26.690  -9.528  -30.095 0.1111111119
78912  -26.110  -8.762  -30.596 0.2222222239
81084  -21.019  -6.415  -30.991 0.2222222239
81085  -21.589  -6.323  -31.431 0.2222222239
80047  -22.046  -7.636  -31.933 0.3333333433
78941  -23.032  -8.259  -32.577 0.3333333433
78942  -23.744  -8.439  -32.520 0.3333333433
80008  -26.247  -8.071  -30.938 0.1111111119
82167  -20.957  -5.436  -31.200 0.2222222239
82168  -21.716  -5.341  -31.659 0.3333333433
81086  -22.249  -6.381  -31.856 0.3333333433
82185  -22.265  -4.850  -32.094 0.3333333433
82169  -22.435  -5.696  -32.083 0.3333333433
81105  -23.762  -6.500  -32.948 0.3333333433
81106  -24.748  -6.798  -33.347 0.3333333433
80051  -25.308  -7.334  -32.770 0.3333333433
81107  -25.728  -6.514  -33.221 0.3333333433
81087  -25.916  -7.239  -32.365 0.3333333433
80030  -26.329  -7.397  -31.537 0.1111111119
81088  -26.467  -6.647  -32.200 0.2222222239
84151  -20.908  -3.564  -30.528 0.2222222239
83191  -21.085  -4.442  -31.239 0.2222222239
84170  -21.384  -3.462  -31.166 0.3333333433
83206  -22.635  -4.303  -32.570 0.3333333433
82186  -22.938  -5.431  -32.635 0.3333333433
82202  -24.394  -5.195  -33.489 0.3333333433
81123  -24.933  -5.990  -33.795 0.3333333433
82170  -26.799  -5.943  -32.278 0.1111111119
84133  -20.662  -3.265  -30.023 0.3333333433
85171  -22.249  -2.623  -31.885 0.3333333433
81124  -25.536  -5.687  -33.753 0.3333333433
82204  -25.850  -5.021  -33.952 0.3333333433
83208  -26.772  -4.754  -33.446 0.3333333433
97152  -32.437  9.709  -30.362 0.2222222239
98089  -32.726  10.594  -30.632 0.2222222239
97169  -33.045  9.707  -30.893 0.2222222239
101962  -32.513  14.508  -31.627 0.3333333433
101013  -32.642  13.450  -31.132 0.2222222239
77876  -24.647  -9.606  -31.601 0.3333333433
78913  -26.822  -8.520  -30.302 0.1111111119
80027  -22.021  -7.031  -31.749 0.3333333433
80049  -23.400  -7.494  -32.695 0.3333333433
80050  -24.493  -7.758  -32.627 0.3333333433
80029  -25.478  -7.978  -31.744 0.3333333433
82205  -26.441  -5.015  -33.599 0.3333333433
75689  -25.800  -11.773  -30.027 0.1111111119
77873  -21.813  -9.389  -31.788 0.3333333433
76805  -23.248  -10.441  -31.455 0.3333333433
76787  -23.860  -10.613  -31.234 0.3333333433
76788  -24.339  -10.599  -31.063 0.3333333433
75690  -26.708  -11.330  -29.891 0.1111111119
76770  -26.770  -10.582  -30.006 0.1111111119
78939  -21.801  -8.059  -31.873 0.3333333433
76771  -27.373  -10.309  -29.845 0.1111111119
77863  -27.286  -8.995  -29.834 0.1111111119
82144  -20.651  -5.518  -30.514 0.2222222239
80009  -27.082  -7.643  -30.737 0.1111111119
81089  -27.131  -6.345  -31.650 0.1111111119
83167  -20.694  -4.596  -30.642 0.2222222239
85131  -20.569  -2.570  -29.801 0.1111111119
99101  -33.303  11.335  -31.864 0.2222222239
101975  -32.354  14.492  -32.720 0.2222222239
86240  -20.362  -0.850  -30.121 0.3333333433
84171  -21.967  -3.398  -31.662 0.4444444478
100072  -33.064  12.350  -31.781 0.2222222239
75711  -25.454  -11.103  -30.317 0.1111111119
77888  -23.343  -8.759  -32.409 0.3333333433
77887  -22.903  -8.905  -32.300 0.3333333433
76806  -24.083  -10.153  -31.480 0.3333333433
76807  -24.573  -10.172  -31.284 0.3333333433
78940  -22.348  -8.276  -32.204 0.3333333433
80025  -20.962  -7.426  -30.895 0.2222222239
78924  -21.364  -8.373  -31.511 0.2222222239
78927  -25.063  -8.827  -31.669 0.3333333433
78911  -25.579  -8.804  -31.128 0.2222222239
80048  -22.559  -7.382  -32.256 0.3333333433
83192  -21.720  -4.260  -31.664 0.3333333433
81104  -22.885  -6.484  -32.421 0.3333333433
81122  -24.307  -6.009  -33.405 0.3333333433
80031  -26.897  -6.963  -31.393 0.1111111119
84150  -20.592  -3.959  -30.167 0.2222222239
82187  -23.706  -5.380  -33.121 0.3333333433
81108  -26.335  -5.973  -32.763 0.3333333433
82189  -26.839  -5.298  -32.922 0.1111111119
75688  -24.930  -11.843  -30.121 0.1111111119
75710  -24.622  -11.138  -30.583 0.2222222239
76804  -22.265  -10.371  -31.704 0.3333333433
76803  -21.367  -10.362  -31.367 0.2222222239
75722  -23.099  -11.107  -31.135 0.3333333433
75709  -23.688  -11.198  -30.850 0.3333333433
78923  -20.804  -8.431  -30.778 0.2222222239
98106  -33.176  10.534  -31.342 0.1111111119
98107  -33.376  10.446  -32.216 0.1111111119
98144  -32.877  10.120  -34.292 0.1111111119
98127  -33.208  10.292  -33.233 0.1111111119
99129  -32.706  11.826  -33.461 0.1111111119
99137  -32.356  11.642  -34.543 0.1111111119
101025  -32.618  13.469  -32.225 0.1111111119
100103  -32.336  12.546  -33.941 0.1111111119
100086  -32.725  12.516  -32.854 0.1111111119
103853  -32.262  16.576  -30.720 0.2222222239
101050  -31.862  13.375  -34.308 0.1111111119
104823  -32.088  17.497  -30.268 0.1111111119
104809  -31.822  17.455  -29.473 0.2222222239
105739  -32.158  18.382  -29.681 0.1111111119
104842  -32.188  17.530  -31.143 0.1111111119
105769  -32.123  18.533  -31.535 0.1111111119
106629  -31.865  18.897  -28.541 0.1111111119
107473  -21.813  20.886  -29.851 0.4444444478
106617  -32.159  19.967  -28.658 0.1111111119
108332  -28.564  21.857  -27.768 0.3333333433
108335  -31.079  21.516  -27.519 0.1111111119
107462  -32.030  20.615  -28.379 0.1111111119
108351  -32.252  21.562  -28.631 0.1111111119
109296  -24.640  22.736  -31.787 0.4444444478
109295  -24.071  22.864  -31.584 0.4444444478
110198  -23.866  23.684  -31.505 0.4444444478
110200  -25.142  23.515  -32.037 0.4444444478
110192  -25.791  23.368  -31.275 0.4444444478
110183  -26.295  23.356  -30.642 0.4444444478
110184  -26.797  23.705  -29.595 0.4444444478
110168  -27.319  23.367  -28.801 0.2222222239
110169  -27.904  23.439  -28.266 0.2222222239
109245  -28.791  22.370  -27.571 0.2222222239
110155  -29.811  23.281  -27.325 0.2222222239
109247  -30.495  22.406  -27.382 0.2222222239
113475  -29.145  27.591  -27.458 0.1111111119
112649  -30.089  26.434  -27.218 0.1111111119
110171  -32.102  23.483  -28.353 0.1111111119
108360  -21.536  21.601  -29.247 0.4444444478
109272  -21.839  22.231  -29.406 0.4444444478
109273  -22.377  22.766  -29.465 0.3333333433
109274  -23.277  22.904  -30.273 0.4444444478
111060  -24.176  24.187  -31.910 0.4444444478
111053  -25.353  24.559  -31.660 0.4444444478
111042  -26.101  23.877  -31.173 0.4444444478
111873  -24.315  26.115  -31.951 0.3333333433
111044  -26.658  24.879  -29.654 0.3333333433
111837  -27.641  25.073  -28.425 0.1111111119
111015  -27.845  24.560  -28.342 0.1111111119
111001  -28.587  24.527  -27.227 0.1111111119
110154  -28.949  23.230  -27.348 0.2222222239
111017  -29.050  24.107  -27.045 0.1111111119
111840  -30.001  25.185  -27.228 0.1111111119
108345  -20.987  21.479  -28.237 0.2222222239
110191  -23.273  23.787  -30.687 0.3333333433
111052  -24.250  24.928  -32.066 0.3333333433
111054  -25.863  25.330  -30.903 0.4444444478
111874  -25.285  26.034  -30.938 0.2222222239
111875  -25.762  25.680  -30.677 0.2222222239
111864  -26.479  25.411  -29.635 0.2222222239
111838  -27.945  25.358  -27.739 0.1111111119
112672  -24.779  27.453  -30.817 0.1111111119
111862  -25.523  26.238  -30.443 0.1111111119
112660  -26.024  26.631  -29.268 0.1111111119
112633  -28.767  25.736  -26.929 0.1111111119
112659  -25.486  27.063  -29.666 0.1111111119
112646  -26.939  26.267  -28.406 0.1111111119
112647  -27.990  26.322  -27.508 0.1111111119
110181  -22.662  23.698  -29.745 0.3333333433
110167  -21.685  23.692  -28.047 0.3333333433
111040  -22.308  24.351  -29.127 0.3333333433
111051  -23.345  24.749  -31.523 0.3333333433
111872  -23.348  26.006  -32.239 0.2222222239
111884  -24.020  27.257  -32.117 0.2222222239
113496  -24.706  28.151  -30.882 0.1111111119
113472  -26.238  27.318  -28.559 0.1111111119
113474  -27.986  27.526  -27.584 0.1111111119
115198  -28.247  29.808  -27.544 0.1111111119
110991  -20.762  24.732  -25.379 0.1111111119
110997  -21.321  24.376  -25.990 0.1111111119
111027  -21.933  24.515  -28.246 0.2222222239
111028  -22.378  25.153  -28.642 0.2222222239
111041  -22.536  24.793  -30.065 0.3333333433
111849  -22.753  25.972  -29.147 0.2222222239
111861  -22.582  26.256  -30.964 0.3333333433
112671  -22.631  27.868  -30.776 0.2222222239
113495  -22.865  29.462  -30.760 0.1111111119
113509  -23.360  29.332  -31.729 0.1111111119
114346  -24.372  29.508  -30.728 0.1111111119
113486  -25.390  27.715  -29.638 0.1111111119
113487  -25.534  28.021  -28.985 0.1111111119
114320  -26.807  28.674  -27.646 0.1111111119
113473  -26.878  27.461  -27.865 0.1111111119
114322  -29.300  28.711  -27.619 0.1111111119
114323  -30.331  28.801  -27.910 0.1111111119
110998  -22.051  24.681  -25.991 0.1111111119
110999  -22.648  25.095  -26.241 0.1111111119
111014  -22.433  25.192  -27.399 0.1111111119
111820  -23.225  25.719  -26.457 0.1111111119
113462  -23.583  27.161  -27.257 0.1111111119
112644  -23.046  26.772  -28.060 0.1111111119
112658  -22.727  27.252  -29.392 0.2222222239
113470  -23.372  27.952  -28.180 0.1111111119
113485  -23.015  28.670  -29.561 0.1111111119
114317  -24.077  29.824  -28.280 0.1111111119
114332  -24.108  30.221  -29.613 0.1111111119
114318  -24.606  29.936  -28.655 0.1111111119
114333  -24.909  29.036  -29.472 0.1111111119
111809  -23.400  25.355  -25.554 0.1111111119
111810  -24.092  25.745  -25.378 0.1111111119
111821  -23.811  26.263  -26.099 0.1111111119
113463  -24.188  27.826  -26.889 0.1111111119
113471  -23.905  28.789  -27.741 0.1111111119
112617  -24.426  26.494  -25.507 0.1111111119
112618  -25.078  26.836  -24.947 0.1111111119
113451  -24.612  27.277  -25.774 0.1111111119
99114  -33.108  11.330  -32.764 0.1111111119
99130  -32.895  11.030  -33.889 0.1111111119
99138  -32.730  10.878  -35.006 0.1111111119
101986  -31.881  14.434  -33.753 0.1111111119
102928  -32.072  15.456  -33.149 0.1111111119
105755  -32.281  18.471  -30.598 0.1111111119
109261  -27.474  22.416  -28.510 0.3333333433
109246  -29.576  22.335  -27.411 0.2222222239
108334  -30.204  21.462  -27.508 0.1111111119
109248  -31.323  22.471  -27.626 0.1111111119
107476  -32.346  20.428  -29.180 0.1111111119
110199  -24.459  23.493  -31.968 0.4444444478
111018  -29.967  24.190  -27.338 0.2222222239
111824  -29.255  25.281  -26.714 0.1111111119
111841  -30.967  25.401  -27.642 0.1111111119
114298  -24.753  28.069  -25.911 0.1111111119
98168  -32.340  10.230  -36.817 0.1111111119
98156  -32.532  10.039  -35.322 0.1111111119
102911  -32.470  15.572  -31.126 0.2222222239
103838  -31.964  16.569  -29.927 0.2222222239
106648  -32.334  19.422  -29.945 0.1111111119
108361  -22.325  21.672  -29.951 0.4444444478
111061  -24.798  24.100  -32.112 0.4444444478
111043  -26.340  24.530  -30.674 0.4444444478
110993  -23.027  24.862  -25.043 0.1111111119
110994  -24.178  24.956  -24.999 0.1111111119
110995  -24.874  25.226  -24.865 0.1111111119
112631  -24.038  26.879  -26.409 0.1111111119
98155  -32.401  9.826  -36.091 0.1111111119
97183  -33.453  9.472  -32.578 0.1111111119
98177  -32.924  10.224  -37.839 0.1111111119
97224  -32.366  9.332  -36.623 0.1111111119
99165  -32.119  11.280  -37.173 0.1111111119
100128  -31.452  12.094  -35.982 0.1111111119
100127  -30.951  12.359  -36.468 0.1111111119
101049  -31.268  13.341  -35.173 0.1111111119
102927  -31.466  15.407  -33.830 0.1111111119
101985  -31.300  14.716  -34.360 0.1111111119
101995  -31.437  14.042  -34.558 0.1111111119
103888  -31.616  16.130  -33.403 0.1111111119
103879  -31.431  16.839  -33.354 0.1111111119
105781  -31.732  18.537  -32.423 0.1111111119
106656  -32.357  19.508  -30.960 0.1111111119
108365  -32.378  21.694  -29.639 0.1111111119
107496  -32.342  20.520  -31.284 0.1111111119
110201  -32.424  23.317  -30.752 0.1111111119
111032  -32.183  24.366  -28.643 0.1111111119
108331  -20.541  21.750  -27.583 0.2222222239
109258  -21.594  22.604  -28.506 0.3333333433
109244  -20.846  22.577  -27.412 0.2222222239
110166  -21.414  23.238  -27.549 0.2222222239
112662  -31.489  26.500  -28.646 0.1111111119
110140  -19.253  23.746  -26.265 0.1111111119
110152  -21.581  23.830  -27.171 0.2222222239
113488  -30.850  28.020  -28.184 0.1111111119
114335  -30.810  28.679  -28.759 0.1111111119
110135  -19.642  24.514  -25.502 0.1111111119
110117  -19.578  24.141  -24.325 0.1111111119
110980  -23.316  24.254  -24.175 0.1111111119
115199  -29.404  29.725  -28.116 0.1111111119
110981  -24.220  24.247  -24.402 0.1111111119
110982  -25.302  24.476  -24.408 0.1111111119
115195  -24.843  30.452  -28.203 0.1111111119
115196  -25.795  29.912  -28.052 0.1111111119
115197  -26.936  29.790  -27.531 0.1111111119
116053  -28.430  30.855  -28.231 0.1111111119
111811  -25.164  25.909  -24.822 0.1111111119
114308  -24.589  28.928  -26.817 0.1111111119
116042  -24.965  30.961  -27.231 0.1111111119
107461  -31.464  20.617  -27.872 0.1111111119
109275  -26.583  22.524  -29.647 0.4444444478
100087  -33.049  11.993  -32.483 0.1111111119
108362  -23.072  22.141  -30.202 0.4444444478
99152  -32.190  11.405  -36.061 0.1111111119
100117  -31.692  12.366  -35.057 0.1111111119
103867  -32.231  16.559  -31.656 0.1111111119
104855  -31.893  17.543  -32.048 0.1111111119
107490  -32.338  20.514  -30.295 0.1111111119
108350  -31.750  21.549  -27.975 0.1111111119
111029  -27.563  24.337  -28.771 0.2222222239
111030  -27.979  24.029  -28.331 0.2222222239
111016  -28.256  24.266  -27.823 0.1111111119
110156  -30.715  23.368  -27.429 0.2222222239
110170  -31.515  23.447  -27.770 0.1111111119
113476  -30.385  27.661  -27.614 0.1111111119
112650  -31.046  26.473  -27.851 0.1111111119
112648  -28.907  26.591  -27.180 0.1111111119
111045  -32.427  24.281  -29.429 0.1111111119
110185  -32.441  23.495  -29.083 0.1111111119
111031  -31.659  24.430  -27.966 0.2222222239
111019  -30.862  24.352  -27.527 0.2222222239
111863  -26.068  25.813  -30.125 0.2222222239
112661  -26.541  26.126  -28.894 0.1111111119
112645  -26.406  26.715  -28.700 0.1111111119
109259  -21.979  23.183  -28.709 0.3333333433
110180  -22.139  23.693  -28.894 0.3333333433
111871  -22.806  26.695  -31.744 0.2222222239
112692  -23.696  27.814  -32.128 0.1111111119
113510  -24.105  28.915  -31.641 0.1111111119
113497  -24.913  28.463  -30.198 0.1111111119
114321  -28.066  28.670  -27.487 0.1111111119
110141  -20.437  23.868  -26.206 0.1111111119
110978  -20.405  24.653  -24.739 0.1111111119
111012  -21.603  24.210  -26.578 0.1111111119
111013  -21.863  24.543  -27.098 0.1111111119
112670  -22.576  26.963  -31.374 0.2222222239
113508  -23.171  28.406  -31.895 0.1111111119
114331  -23.354  29.911  -29.625 0.1111111119
114345  -23.508  30.357  -30.830 0.1111111119
114319  -25.601  28.860  -28.417 0.1111111119
110992  -21.811  24.813  -25.082 0.1111111119
110136  -21.860  24.471  -24.339 0.1111111119
111836  -22.860  25.868  -27.750 0.1111111119
112630  -23.448  26.411  -26.987 0.1111111119
114316  -23.521  29.095  -28.675 0.1111111119
115194  -24.637  30.159  -27.949 0.1111111119
115186  -24.682  29.776  -27.314 0.1111111119
97194  -33.118  9.328  -33.654 0.1111111119
98169  -32.476  10.459  -36.017 0.1111111119
102922  -32.330  15.533  -32.176 0.1111111119
109264  -32.393  22.583  -28.843 0.1111111119
111852  -31.716  25.421  -28.385 0.1111111119
111865  -32.063  25.712  -29.212 0.1111111119
103880  -31.966  16.542  -32.713 0.1111111119
104854  -31.651  17.613  -32.992 0.1111111119
109277  -32.499  22.749  -29.545 0.1111111119
111866  -32.304  24.979  -29.719 0.1111111119
110151  -21.216  23.536  -26.714 0.1111111119
110133  -18.288  23.027  -24.639 0.1111111119
113477  -31.094  27.267  -28.145 0.1111111119
110979  -21.175  24.737  -24.656 0.1111111119
116051  -25.923  30.827  -28.116 0.1111111119
115187  -25.024  30.255  -27.003 0.1111111119
75721  -22.562  -11.169  -31.368 0.2222222239
92335  -19.491  4.603  -30.325 0.2222222239
93367  -19.761  5.688  -30.714 0.2222222239
88270  -20.306  0.852  -30.194 0.3333333433
91282  -20.266  3.487  -31.290 0.3333333433
92336  -20.215  4.765  -31.360 0.4444444478
106626  -20.933  19.531  -29.382 0.2222222239
107457  -20.631  20.250  -28.100 0.1111111119
108344  -20.476  21.088  -27.747 0.1111111119
103826  -18.771  16.084  -29.434 0.2222222239
102895  -18.441  15.250  -29.575 0.1111111119
90266  -19.990  2.650  -30.754 0.2222222239
102878  -18.310  15.379  -28.785 0.1111111119
105717  -19.308  18.179  -28.995 0.1111111119
105718  -20.190  18.188  -28.930 0.1111111119
106612  -20.710  19.598  -28.633 0.1111111119
107456  -20.316  20.508  -27.475 0.1111111119
108330  -20.145  21.404  -27.156 0.1111111119
87287  -20.410  -0.212  -29.881 0.2222222239
89266  -19.788  2.009  -30.403 0.2222222239
96196  -19.124  8.749  -29.869 0.2222222239
106611  -20.500  19.030  -28.848 0.1111111119
97124  -18.688  9.423  -29.668 0.3333333433
107472  -21.155  20.483  -29.081 0.3333333433
91281  -19.693  3.592  -30.666 0.2222222239
105705  -20.644  18.690  -28.419 0.1111111119
106599  -20.609  19.117  -28.449 0.1111111119
106600  -20.696  19.205  -28.057 0.1111111119
74626  -22.490  -11.755  -31.210 0.1111111119
74618  -24.154  -11.825  -30.321 0.1111111119
75706  -20.834  -11.525  -30.948 0.1111111119
76786  -21.073  -10.941  -31.075 0.1111111119
77872  -21.092  -9.312  -31.274 0.1111111119
92326  -19.187  4.534  -29.387 0.1111111119
99061  -17.711  11.498  -29.159 0.2222222239
100033  -17.974  12.401  -29.427 0.2222222239
99060  -17.215  11.608  -28.487 0.2222222239
100019  -16.807  12.459  -27.853 0.2222222239
93351  -19.400  5.596  -29.846 0.1111111119
74614  -20.418  -12.445  -30.865 0.1111111119
74616  -22.430  -12.384  -30.973 0.1111111119
74617  -23.338  -12.416  -30.481 0.1111111119
75705  -20.055  -11.497  -30.581 0.1111111119
76785  -20.547  -10.479  -30.764 0.1111111119
76802  -20.875  -9.892  -31.078 0.1111111119
77871  -20.589  -9.386  -30.704 0.1111111119
80006  -20.507  -7.499  -30.185 0.1111111119
81065  -20.637  -6.484  -30.324 0.1111111119
86197  -20.644  -1.321  -29.280 0.1111111119
88269  -20.400  0.733  -29.727 0.1111111119
90258  -19.521  2.637  -30.212 0.1111111119
98062  -17.081  11.024  -28.216 0.2222222239
100956  -16.783  13.139  -27.303 0.2222222239
101900  -17.186  13.722  -27.492 0.1111111119
73492  -22.697  -12.994  -30.621 0.1111111119
101908  -17.214  13.686  -28.150 0.2222222239
101923  -17.765  14.275  -29.030 0.1111111119
89257  -20.024  1.574  -30.272 0.1111111119
98063  -17.564  10.655  -28.751 0.2222222239
82143  -20.459  -5.562  -29.815 0.1111111119
83166  -20.496  -4.654  -30.025 0.1111111119
86217  -20.411  -1.413  -29.768 0.1111111119
75720  -21.931  -11.048  -31.568 0.1111111119
75708  -22.940  -11.679  -31.012 0.1111111119
91273  -19.266  3.544  -29.866 0.1111111119
90245  -19.529  2.573  -29.531 0.1111111119
74625  -22.052  -11.726  -31.363 0.1111111119
74615  -21.440  -12.384  -31.073 0.1111111119
87270  -20.564  -0.346  -29.524 0.1111111119
98048  -16.875  11.154  -27.663 0.1111111119
101883  -17.222  13.595  -27.101 0.1111111119
101901  -17.805  14.413  -27.463 0.1111111119
103827  -18.931  16.993  -29.342 0.1111111119
97122  -17.939  10.001  -28.548 0.1111111119
102867  -18.355  15.403  -28.182 0.1111111119
103808  -18.919  17.229  -28.926 0.1111111119
105733  -19.158  18.251  -29.274 0.1111111119
75707  -21.464  -11.354  -31.265 0.1111111119
77886  -22.339  -8.964  -32.049 0.3333333433
82188  -26.124  -5.606  -33.389 0.3333333433
83207  -23.152  -4.731  -32.977 0.3333333433
84187  -22.728  -3.496  -32.824 0.4444444478
84218  -26.205  -2.439  -33.823 0.4444444478
85200  -26.805  -2.544  -33.683 0.3333333433
86282  -26.243  -1.129  -33.907 0.4444444478
86289  -26.666  -1.360  -34.083 0.4444444478
87323  -23.749  -1.249  -33.514 0.4444444478
87333  -26.361  0.081  -34.354 0.4444444478
88313  -27.870  0.142  -34.044 0.2222222239
88321  -27.724  0.752  -33.996 0.3333333433
89295  -27.427  2.081  -34.223 0.3333333433
90301  -26.023  2.286  -34.144 0.6666666865
91319  -26.205  2.671  -34.040 0.8888888955
92339  -29.577  4.270  -31.723 0.3333333433
95320  -21.869  7.750  -33.269 0.8888888955
95324  -27.011  7.009  -33.942 1.0000000000
96205  -31.460  9.459  -29.823 0.4444444478
96236  -28.322  8.259  -31.133 0.5555555820
96283  -25.586  8.516  -34.925 1.0000000000
97168  -27.244  9.569  -31.842 0.8888888955
97170  -33.405  9.651  -31.605 0.1111111119
97180  -22.108  9.638  -33.175 0.8888888955
97193  -26.168  9.245  -34.303 1.0000000000
97227  -32.629  9.502  -37.488 0.1111111119
98032  -16.843  11.189  -27.081 0.1111111119
98072  -30.773  10.716  -29.404 0.5555555820
98153  -24.754  9.722  -34.682 1.0000000000
99030  -16.656  11.723  -27.199 0.1111111119
99045  -16.705  11.858  -27.692 0.1111111119
99046  -16.877  11.956  -28.096 0.2222222239
99059  -16.884  11.487  -28.037 0.1111111119
99085  -28.351  11.491  -30.230 0.7777777910
99087  -32.040  11.560  -29.573 0.4444444478
99113  -32.897  11.919  -32.873 0.1111111119
99153  -32.570  10.714  -35.632 0.1111111119
99994  -16.817  12.587  -26.537 0.2222222239
100006  -16.628  12.476  -27.326 0.2222222239
100007  -16.626  12.789  -26.959 0.2222222239
100020  -17.099  12.417  -28.308 0.2222222239
100032  -17.462  12.371  -28.846 0.2222222239
100041  -28.161  12.990  -29.815 0.7777777910
100071  -26.703  12.693  -31.823 0.8888888955
100073  -33.211  11.769  -32.209 0.1111111119
100101  -24.298  12.443  -33.849 1.0000000000
100944  -17.006  13.163  -26.874 0.2222222239
100945  -17.325  13.190  -26.920 0.1111111119
100957  -16.680  13.229  -26.807 0.2222222239
100958  -17.982  13.459  -27.121 0.1111111119
100964  -16.831  12.993  -27.652 0.2222222239
100965  -17.033  13.011  -28.034 0.2222222239
100970  -29.606  14.445  -28.744 0.6666666865
100971  -29.986  14.253  -28.629 0.6666666865
100976  -17.284  13.075  -28.524 0.3333333433
100983  -27.767  13.679  -30.075 0.7777777910
101022  -24.028  13.433  -33.162 1.0000000000
101032  -22.118  13.370  -33.449 1.0000000000
101033  -22.662  13.291  -33.485 1.0000000000
101036  -32.338  13.482  -33.309 0.1111111119
101884  -17.523  13.684  -27.135 0.1111111119
101899  -16.952  13.405  -27.658 0.2222222239
101907  -16.974  13.355  -28.154 0.2222222239
101932  -29.264  14.816  -28.810 0.7777777910
101949  -27.405  14.582  -30.428 0.8888888955
101983  -22.774  13.952  -33.499 1.0000000000
102874  -30.270  15.625  -28.613 0.5555555820
102886  -28.830  15.536  -28.987 0.6666666865
102899  -32.222  15.666  -30.255 0.5555555820
102910  -25.866  15.558  -31.782 0.8888888955
103833  -27.010  16.885  -30.212 0.6666666865
103835  -28.448  16.472  -29.093 0.5555555820
103837  -31.629  16.542  -29.227 0.4444444478
103864  -24.576  16.381  -32.043 0.7777777910
103877  -23.439  16.256  -32.796 0.7777777910
104787  -28.526  17.409  -28.672 0.5555555820
104790  -30.984  17.426  -28.337 0.4444444478
104800  -18.903  17.824  -29.127 0.1111111119
104836  -20.550  17.463  -31.204 0.5555555820
104850  -21.713  17.011  -32.227 0.6666666865
105714  -31.371  19.219  -27.870 0.3333333433
105738  -31.876  18.301  -28.900 0.1111111119
106606  -31.188  19.809  -27.716 0.3333333433
106613  -27.725  19.773  -28.672 0.6666666865
106630  -32.207  19.259  -28.970 0.1111111119
107446  -29.453  20.351  -27.857 0.5555555820
107448  -30.775  20.628  -27.567 0.3333333433
107489  -25.843  20.989  -30.138 0.6666666865
107495  -24.248  21.685  -31.452 0.5555555820
108364  -26.930  21.069  -29.412 0.6666666865
108387  -24.642  21.959  -31.385 0.5555555820
109262  -28.199  22.432  -27.938 0.3333333433
109263  -31.957  22.519  -28.151 0.1111111119
109276  -26.930  22.852  -29.034 0.2222222239
109285  -23.699  23.065  -31.036 0.4444444478
109286  -25.769  22.586  -30.985 0.5555555820
110134  -18.690  23.615  -25.297 0.1111111119
110137  -22.536  24.477  -24.447 0.1111111119
110153  -28.430  23.148  -27.768 0.2222222239
110182  -26.130  23.551  -31.079 0.4444444478
110194  -32.554  23.457  -29.904 0.1111111119
111000  -28.436  24.546  -27.425 0.1111111119
111062  -25.135  24.032  -32.069 0.4444444478
111822  -28.432  24.845  -27.332 0.1111111119
111823  -28.752  24.918  -26.820 0.1111111119
111839  -29.380  24.714  -26.902 0.1111111119
111850  -26.291  25.995  -29.517 0.2222222239
111851  -26.687  25.583  -29.158 0.2222222239
111853  -32.251  24.984  -29.021 0.1111111119
111860  -22.591  26.607  -31.395 0.2222222239
111882  -23.214  26.927  -32.181 0.2222222239
111883  -23.648  26.950  -32.325 0.2222222239
112632  -28.404  25.435  -27.230 0.1111111119
112634  -29.440  25.880  -26.845 0.1111111119
112673  -25.141  26.927  -30.242 0.1111111119
112674  -25.767  26.437  -29.870 0.1111111119
112681  -22.887  27.589  -31.731 0.1111111119
112682  -22.908  28.642  -31.469 0.1111111119
112683  -24.553  27.295  -31.333 0.1111111119
112684  -24.924  26.700  -30.819 0.1111111119
112691  -23.358  27.660  -32.095 0.1111111119
112693  -24.038  28.121  -31.993 0.1111111119
113489  -31.267  27.550  -28.918 0.1111111119
113518  -23.432  28.393  -31.989 0.1111111119
113519  -23.781  28.566  -31.994 0.1111111119
113520  -24.012  28.571  -31.952 0.1111111119
114334  -25.315  28.660  -28.916 0.1111111119
114347  -24.732  29.077  -30.148 0.1111111119
114356  -23.937  29.825  -31.456 0.1111111119
114357  -24.132  29.569  -31.376 0.1111111119
