#!ascii label  , from subject 3366 vox2ras=TkReg
1209
39656  10.468  -44.416  46.109 0.0000000000
45093  6.003  -41.695  27.953 0.0000000000
35601  2.180  -47.331  40.314 0.0000000000
46070  5.473  -39.367  42.218 0.0000000000
53024  4.297  -32.420  36.491 0.0000000000
36966  5.883  -46.702  44.546 0.0000000000
43678  4.467  -41.716  45.693 0.0000000000
39701  12.205  -44.332  43.111 0.0000000000
35596  7.969  -46.252  41.620 0.0000000000
32683  5.088  -49.160  38.281 0.0000000000
52938  4.331  -33.340  44.835 0.0000000000
50667  5.605  -34.574  39.714 0.0000000000
58748  4.103  -28.392  42.754 0.0000000000
37029  1.729  -46.614  35.222 0.0000000000
44972  2.490  -41.975  35.752 0.0000000000
43734  2.142  -42.169  40.900 0.0000000000
48411  3.984  -37.976  46.157 0.0000000000
47328  7.251  -40.071  35.004 0.0000000000
49676  9.732  -35.851  33.643 0.0000000000
50842  6.876  -33.936  29.009 0.0000000000
56605  3.470  -30.084  30.938 0.0000000000
38307  8.338  -45.099  46.146 0.0000000000
41050  7.044  -43.269  46.474 0.0000000000
38316  12.212  -45.025  45.257 0.0000000000
38331  10.344  -45.039  42.920 0.0000000000
36964  8.997  -46.409  44.457 0.0000000000
34143  7.653  -47.134  43.309 0.0000000000
55235  4.385  -31.188  43.236 0.0000000000
37007  2.131  -46.643  38.322 0.0000000000
39782  2.261  -44.415  38.275 0.0000000000
39751  1.737  -44.541  40.642 0.0000000000
46025  5.680  -39.161  48.178 0.0000000000
46033  4.127  -39.515  46.627 0.0000000000
34167  4.008  -48.107  39.446 0.0000000000
31296  3.726  -49.685  36.714 0.0000000000
32697  2.087  -49.005  37.241 0.0000000000
32757  1.810  -49.289  34.930 0.0000000000
46131  4.748  -41.486  38.154 0.0000000000
46160  4.161  -40.818  34.608 0.0000000000
46139  7.055  -40.333  38.101 0.0000000000
50702  5.077  -33.597  38.024 0.0000000000
50714  7.772  -34.566  36.425 0.0000000000
50750  6.709  -33.451  34.574 0.0000000000
51968  9.273  -34.411  30.841 0.0000000000
50794  5.076  -33.786  32.249 0.0000000000
35586  4.186  -46.672  43.006 0.0000000000
39682  3.401  -44.417  43.589 0.0000000000
39666  5.169  -44.518  44.987 0.0000000000
43664  6.485  -41.085  47.588 0.0000000000
41124  13.219  -43.237  40.676 0.0000000000
41171  11.381  -42.417  38.178 0.0000000000
39766  10.973  -43.697  40.428 0.0000000000
38378  8.741  -44.839  39.900 0.0000000000
34158  6.545  -47.934  40.440 0.0000000000
34148  5.244  -47.863  41.865 0.0000000000
50619  4.464  -35.296  44.271 0.0000000000
48475  6.207  -36.928  41.275 0.0000000000
51813  3.756  -34.086  42.852 0.0000000000
54085  3.584  -32.219  41.186 0.0000000000
56508  3.841  -30.088  39.466 0.0000000000
42407  12.211  -42.673  45.971 0.0000000000
41133  17.081  -43.184  39.341 0.0000000000
38328  18.327  -44.041  41.187 0.0000000000
39677  14.308  -44.173  43.270 0.0000000000
41062  13.448  -43.268  44.741 0.0000000000
35685  2.170  -47.257  31.660 0.0000000000
39875  2.281  -44.875  32.080 0.0000000000
41207  2.347  -43.974  35.602 0.0000000000
43748  3.042  -42.529  38.599 0.0000000000
44934  4.073  -41.454  41.127 0.0000000000
42439  2.901  -42.070  43.743 0.0000000000
134894  3.801  -40.359  44.166 0.0000000000
47211  4.386  -38.206  44.645 0.0000000000
51787  4.535  -35.295  45.375 0.0000000000
43800  2.286  -42.817  32.149 0.0000000000
46201  4.526  -41.741  31.468 0.0000000000
45032  6.209  -41.331  31.235 0.0000000000
48509  8.578  -37.349  38.109 0.0000000000
47326  8.708  -38.473  34.437 0.0000000000
46216  8.393  -39.536  30.724 0.0000000000
48586  10.218  -37.602  29.931 0.0000000000
49718  10.880  -35.990  27.108 0.0000000000
59918  5.882  -27.157  39.527 0.0000000000
57704  4.489  -29.023  36.189 0.0000000000
58812  6.514  -28.346  34.115 0.0000000000
55378  4.189  -31.506  33.288 0.0000000000
51985  2.654  -34.099  29.638 0.0000000000
39657  9.442  -44.417  46.052 0.0000000000
41048  9.027  -43.587  46.805 0.0000000000
41047  9.958  -43.389  46.189 0.0000000000
38304  11.232  -44.783  46.079 0.0000000000
38318  10.717  -45.531  44.588 0.0000000000
39662  10.116  -44.820  45.655 0.0000000000
36958  9.039  -46.610  45.286 0.0000000000
43914  6.055  -42.052  26.594 0.0000000000
45092  6.956  -40.948  27.871 0.0000000000
36997  2.205  -46.752  39.271 0.0000000000
38381  1.920  -45.634  38.975 0.0000000000
38368  2.072  -45.731  40.578 0.0000000000
41185  13.578  -42.006  37.073 0.0000000000
34169  2.864  -47.641  39.598 0.0000000000
34175  3.071  -48.041  38.639 0.0000000000
34176  2.453  -47.582  39.060 0.0000000000
34182  1.860  -48.431  37.116 0.0000000000
46098  5.693  -40.855  40.633 0.0000000000
46129  6.065  -41.354  38.683 0.0000000000
44931  6.925  -40.327  40.354 0.0000000000
51869  4.450  -33.049  37.139 0.0000000000
50717  5.460  -33.732  36.392 0.0000000000
50734  4.954  -33.727  35.163 0.0000000000
50775  5.630  -33.654  33.262 0.0000000000
50754  4.078  -33.443  33.756 0.0000000000
36972  5.036  -46.549  43.629 0.0000000000
38324  4.401  -45.343  43.877 0.0000000000
38319  5.308  -45.384  44.634 0.0000000000
42413  6.478  -42.521  46.699 0.0000000000
44860  6.987  -40.230  48.229 0.0000000000
39724  12.640  -43.470  41.992 0.0000000000
41125  12.375  -43.401  41.042 0.0000000000
39725  11.902  -43.891  42.143 0.0000000000
35587  9.361  -45.986  42.413 0.0000000000
38347  9.767  -45.061  41.614 0.0000000000
35599  8.445  -45.630  40.962 0.0000000000
34157  7.291  -47.027  40.539 0.0000000000
35577  6.423  -47.122  44.454 0.0000000000
35591  6.620  -47.578  42.654 0.0000000000
35584  5.569  -47.013  43.591 0.0000000000
35593  5.091  -47.222  42.483 0.0000000000
51798  4.052  -34.831  44.054 0.0000000000
50629  4.488  -34.736  43.297 0.0000000000
52951  3.516  -33.621  43.256 0.0000000000
56471  4.815  -29.932  42.862 0.0000000000
55254  4.189  -31.570  41.909 0.0000000000
56490  4.678  -30.154  41.541 0.0000000000
55287  2.863  -31.508  39.696 0.0000000000
57676  4.739  -29.397  40.458 0.0000000000
39698  15.503  -44.247  42.116 0.0000000000
37036  2.214  -46.824  33.351 0.0000000000
38438  2.470  -45.990  33.244 0.0000000000
38428  1.794  -45.765  34.701 0.0000000000
41126  1.867  -43.625  39.939 0.0000000000
42477  2.502  -42.949  38.251 0.0000000000
42473  3.027  -42.825  39.607 0.0000000000
44949  3.765  -41.922  40.260 0.0000000000
44935  3.471  -41.869  41.370 0.0000000000
41075  4.225  -43.068  43.989 0.0000000000
39683  2.875  -43.711  43.447 0.0000000000
43697  4.344  -42.116  44.313 0.0000000000
47187  3.944  -38.775  46.424 0.0000000000
44868  2.984  -39.757  45.616 0.0000000000
46038  2.957  -39.026  45.326 0.0000000000
47199  3.763  -38.798  44.959 0.0000000000
48425  4.080  -37.994  45.202 0.0000000000
49551  4.427  -37.014  45.085 0.0000000000
50592  4.487  -36.513  46.370 0.0000000000
41172  10.508  -42.766  38.095 0.0000000000
41187  11.361  -42.309  37.202 0.0000000000
32682  5.370  -48.751  37.876 0.0000000000
32708  5.571  -48.583  36.194 0.0000000000
31278  5.070  -48.931  37.116 0.0000000000
29962  3.199  -50.106  36.112 0.0000000000
29974  3.914  -49.792  34.812 0.0000000000
35617  1.764  -47.558  35.720 0.0000000000
35636  1.747  -47.686  33.664 0.0000000000
42531  2.228  -43.639  33.432 0.0000000000
42546  1.961  -43.355  32.469 0.0000000000
44984  3.128  -42.815  34.099 0.0000000000
47336  5.547  -40.472  34.720 0.0000000000
46168  4.218  -40.855  33.529 0.0000000000
47347  5.581  -40.432  33.928 0.0000000000
46200  5.047  -41.346  31.782 0.0000000000
47345  6.758  -40.290  33.187 0.0000000000
49587  5.828  -35.566  41.170 0.0000000000
48493  7.483  -37.214  40.275 0.0000000000
49604  6.862  -35.692  39.834 0.0000000000
51885  9.333  -34.894  35.057 0.0000000000
49638  9.002  -36.587  36.200 0.0000000000
48557  9.531  -36.740  34.333 0.0000000000
47343  8.946  -38.768  32.487 0.0000000000
48572  9.792  -37.515  32.082 0.0000000000
47366  9.575  -38.341  30.494 0.0000000000
48580  9.974  -37.413  30.889 0.0000000000
51982  7.484  -34.011  29.933 0.0000000000
51992  10.224  -34.784  28.901 0.0000000000
52004  9.370  -34.274  27.537 0.0000000000
61214  6.767  -26.965  38.226 0.0000000000
59930  5.261  -27.957  37.669 0.0000000000
59943  5.875  -27.866  37.165 0.0000000000
60045  4.971  -28.310  30.855 0.0000000000
58834  4.940  -29.090  32.019 0.0000000000
57718  4.624  -29.608  33.892 0.0000000000
56590  3.725  -30.684  31.769 0.0000000000
53091  3.463  -32.568  31.642 0.0000000000
55424  2.890  -31.494  30.717 0.0000000000
36960  7.104  -46.403  45.333 0.0000000000
39664  7.129  -44.651  45.715 0.0000000000
39659  7.854  -44.610  46.295 0.0000000000
39679  12.460  -44.872  43.962 0.0000000000
38345  11.071  -44.507  42.409 0.0000000000
38323  10.625  -45.407  43.679 0.0000000000
36969  9.914  -46.077  43.113 0.0000000000
35580  9.086  -46.341  42.872 0.0000000000
34144  7.900  -46.831  42.845 0.0000000000
35575  8.181  -46.742  44.056 0.0000000000
36959  8.036  -46.561  45.413 0.0000000000
55217  5.782  -31.284  45.368 0.0000000000
54054  4.410  -32.210  43.826 0.0000000000
55224  5.538  -30.679  44.697 0.0000000000
57628  6.003  -29.806  44.196 0.0000000000
58733  5.371  -28.395  43.037 0.0000000000
37026  1.677  -46.557  36.264 0.0000000000
38400  1.895  -45.527  36.796 0.0000000000
38390  2.183  -45.580  37.845 0.0000000000
39769  1.763  -44.508  39.428 0.0000000000
41113  1.637  -43.496  40.855 0.0000000000
43666  4.972  -40.807  47.251 0.0000000000
44863  4.557  -40.368  46.942 0.0000000000
46030  4.902  -39.374  47.583 0.0000000000
47182  5.035  -38.473  47.692 0.0000000000
49530  5.041  -36.710  47.763 0.0000000000
50591  4.574  -35.860  46.975 0.0000000000
32664  4.889  -48.709  39.688 0.0000000000
31280  4.380  -49.370  37.422 0.0000000000
31269  3.791  -49.159  37.985 0.0000000000
31297  3.314  -49.468  37.369 0.0000000000
31318  2.208  -49.628  36.383 0.0000000000
31345  2.008  -49.810  34.601 0.0000000000
32710  1.890  -49.227  36.495 0.0000000000
35614  1.732  -47.556  36.744 0.0000000000
46144  4.283  -42.037  37.016 0.0000000000
46155  3.710  -41.479  35.224 0.0000000000
46149  4.599  -41.280  36.406 0.0000000000
47313  6.093  -40.501  36.814 0.0000000000
47312  6.840  -39.913  36.773 0.0000000000
50685  5.020  -34.118  38.970 0.0000000000
50682  7.023  -35.087  38.099 0.0000000000
50700  5.954  -34.082  37.465 0.0000000000
50731  7.401  -33.805  35.528 0.0000000000
51924  8.394  -34.141  33.620 0.0000000000
50802  9.998  -35.146  31.756 0.0000000000
51943  7.436  -33.626  32.263 0.0000000000
50817  6.561  -33.619  31.118 0.0000000000
50818  5.940  -33.683  30.757 0.0000000000
58871  3.646  -28.587  29.385 0.0000000000
56631  2.763  -30.538  28.880 0.0000000000
57798  2.783  -29.651  28.113 0.0000000000
35597  3.688  -46.800  41.225 0.0000000000
38348  3.201  -45.341  41.794 0.0000000000
38325  3.869  -45.443  43.439 0.0000000000
39673  4.213  -44.533  44.366 0.0000000000
42420  4.989  -43.170  45.749 0.0000000000
41055  6.630  -43.856  45.866 0.0000000000
42414  5.333  -42.632  46.303 0.0000000000
43672  5.894  -41.807  47.073 0.0000000000
44861  6.045  -40.375  47.940 0.0000000000
41123  14.233  -43.035  40.460 0.0000000000
41152  13.397  -42.900  38.843 0.0000000000
41137  13.266  -42.996  39.798 0.0000000000
38364  10.740  -44.391  41.861 0.0000000000
39749  9.501  -44.337  40.197 0.0000000000
39768  9.378  -44.211  39.356 0.0000000000
34166  6.402  -47.611  39.433 0.0000000000
32662  5.869  -48.259  39.563 0.0000000000
34145  7.403  -47.340  42.486 0.0000000000
34152  6.355  -48.109  41.256 0.0000000000
34160  5.295  -48.557  40.252 0.0000000000
34154  4.525  -48.144  41.103 0.0000000000
34155  3.855  -47.607  41.175 0.0000000000
48449  5.331  -37.343  43.044 0.0000000000
48447  6.207  -37.781  42.009 0.0000000000
49567  5.202  -36.310  42.613 0.0000000000
49576  5.325  -35.350  41.586 0.0000000000
50650  5.013  -34.809  40.910 0.0000000000
54055  3.766  -32.389  43.004 0.0000000000
52975  4.218  -32.784  41.795 0.0000000000
51854  4.541  -33.303  39.982 0.0000000000
52996  3.362  -32.890  39.625 0.0000000000
53006  3.655  -32.458  38.646 0.0000000000
55328  3.638  -31.397  37.602 0.0000000000
41046  11.024  -43.395  46.328 0.0000000000
41150  15.529  -42.965  38.736 0.0000000000
38361  19.508  -43.913  40.635 0.0000000000
38326  19.111  -44.357  41.171 0.0000000000
38362  18.621  -43.843  40.514 0.0000000000
39742  17.526  -43.527  40.409 0.0000000000
39762  16.119  -43.966  40.143 0.0000000000
39763  15.571  -43.725  40.093 0.0000000000
41093  13.950  -43.389  41.848 0.0000000000
39700  13.265  -43.803  42.469 0.0000000000
39669  14.041  -43.949  44.111 0.0000000000
39670  13.179  -44.302  44.348 0.0000000000
41063  12.819  -44.016  44.889 0.0000000000
39654  12.286  -43.824  45.968 0.0000000000
41249  2.260  -44.366  33.472 0.0000000000
42502  2.350  -42.885  35.409 0.0000000000
41174  2.367  -43.655  37.061 0.0000000000
42483  2.437  -42.909  37.218 0.0000000000
43762  2.452  -42.414  36.392 0.0000000000
44960  4.084  -42.068  38.780 0.0000000000
44948  4.371  -41.447  39.982 0.0000000000
46083  5.223  -40.314  41.772 0.0000000000
39728  2.354  -44.470  41.806 0.0000000000
41094  2.171  -43.360  42.450 0.0000000000
42448  2.329  -42.440  42.835 0.0000000000
44867  4.124  -40.461  45.188 0.0000000000
134891  2.943  -41.131  44.310 0.0000000000
44908  3.113  -41.273  42.719 0.0000000000
44907  4.156  -41.364  43.003 0.0000000000
46071  4.730  -39.707  43.048 0.0000000000
47209  4.977  -38.346  43.589 0.0000000000
48435  4.685  -37.311  44.400 0.0000000000
50610  4.238  -35.982  44.995 0.0000000000
51796  4.682  -34.105  45.312 0.0000000000
51778  5.260  -34.752  46.881 0.0000000000
52913  5.224  -34.106  46.367 0.0000000000
54026  5.596  -32.304  46.013 0.0000000000
31343  5.015  -49.139  33.786 0.0000000000
31315  4.440  -49.511  36.240 0.0000000000
44983  3.499  -42.266  33.554 0.0000000000
44994  3.511  -42.186  32.441 0.0000000000
46239  6.064  -41.485  29.907 0.0000000000
47256  7.364  -38.420  40.708 0.0000000000
47284  8.193  -38.999  39.132 0.0000000000
47296  8.217  -38.768  37.165 0.0000000000
50680  8.601  -36.074  37.659 0.0000000000
48535  8.768  -37.573  36.301 0.0000000000
47327  8.035  -39.346  34.747 0.0000000000
46166  7.891  -39.618  33.188 0.0000000000
46217  7.568  -40.288  30.671 0.0000000000
46260  6.991  -40.661  29.090 0.0000000000
46258  8.346  -39.846  28.751 0.0000000000
49697  10.349  -36.287  30.089 0.0000000000
49710  10.685  -37.144  28.630 0.0000000000
59880  5.465  -27.399  42.233 0.0000000000
61159  6.612  -26.983  41.274 0.0000000000
59909  5.244  -27.721  41.449 0.0000000000
57683  4.631  -29.138  39.395 0.0000000000
57699  4.250  -29.759  37.833 0.0000000000
56533  4.217  -30.462  36.664 0.0000000000
58805  5.111  -28.657  35.492 0.0000000000
57719  4.308  -30.038  34.729 0.0000000000
55364  3.788  -31.858  34.834 0.0000000000
51929  3.949  -33.016  32.957 0.0000000000
51957  4.048  -34.182  30.718 0.0000000000
50831  5.176  -34.034  29.197 0.0000000000
50859  3.967  -34.176  27.683 0.0000000000
38310  10.697  -45.218  45.520 0.0000000000
39663  9.860  -44.642  45.737 0.0000000000
38311  9.524  -45.247  45.591 0.0000000000
45118  5.672  -42.094  27.379 0.0000000000
45117  6.568  -41.701  27.160 0.0000000000
35604  1.928  -47.158  40.102 0.0000000000
36996  2.003  -46.889  39.880 0.0000000000
36987  2.064  -46.660  40.288 0.0000000000
41168  14.648  -42.516  37.914 0.0000000000
41151  14.451  -42.817  38.802 0.0000000000
34163  2.690  -47.574  40.284 0.0000000000
34170  2.318  -47.644  39.862 0.0000000000
35602  1.956  -47.810  40.036 0.0000000000
35608  2.157  -47.485  38.732 0.0000000000
46082  6.056  -39.774  41.518 0.0000000000
46097  6.567  -40.329  40.676 0.0000000000
51877  4.307  -33.037  35.726 0.0000000000
50735  4.365  -33.510  34.928 0.0000000000
50753  4.667  -33.717  34.036 0.0000000000
51889  3.730  -33.214  34.585 0.0000000000
36967  5.292  -46.256  44.299 0.0000000000
36962  5.654  -45.853  44.747 0.0000000000
41111  12.374  -43.493  41.633 0.0000000000
35588  8.938  -46.099  42.185 0.0000000000
35595  8.545  -45.789  41.400 0.0000000000
35600  7.883  -45.896  40.695 0.0000000000
35578  5.749  -46.866  44.304 0.0000000000
52939  4.091  -33.976  44.028 0.0000000000
52940  3.551  -34.308  43.716 0.0000000000
52950  4.111  -33.125  43.782 0.0000000000
57660  4.927  -28.855  42.395 0.0000000000
56484  4.835  -29.770  42.098 0.0000000000
57670  4.744  -29.874  41.012 0.0000000000
57669  4.843  -29.229  41.534 0.0000000000
37032  1.920  -46.769  34.295 0.0000000000
38414  1.728  -45.554  35.712 0.0000000000
42470  1.944  -42.822  40.375 0.0000000000
42474  2.553  -43.001  39.397 0.0000000000
42469  2.817  -42.812  40.185 0.0000000000
43733  3.136  -42.334  40.736 0.0000000000
42427  4.222  -42.637  44.675 0.0000000000
42437  4.406  -42.551  44.016 0.0000000000
134893  4.175  -41.876  44.978 0.0000000000
47188  3.517  -38.772  45.897 0.0000000000
48412  3.696  -38.436  45.755 0.0000000000
47192  3.263  -38.456  45.156 0.0000000000
48415  4.006  -38.028  45.573 0.0000000000
49539  4.260  -37.006  45.737 0.0000000000
49533  4.256  -37.021  46.123 0.0000000000
29976  2.986  -50.133  35.639 0.0000000000
29975  3.548  -49.855  35.192 0.0000000000
35620  1.854  -47.635  34.692 0.0000000000
43777  2.684  -42.780  34.768 0.0000000000
43786  2.503  -42.997  33.418 0.0000000000
44976  2.734  -42.328  35.103 0.0000000000
47329  6.375  -40.454  35.302 0.0000000000
47335  6.393  -40.443  34.379 0.0000000000
47346  6.261  -40.531  33.524 0.0000000000
49605  6.126  -35.197  40.365 0.0000000000
50749  9.522  -35.140  34.393 0.0000000000
49662  9.611  -35.950  34.500 0.0000000000
48563  9.635  -37.013  33.244 0.0000000000
49685  9.962  -36.156  32.496 0.0000000000
51995  7.816  -34.006  29.202 0.0000000000
51994  8.599  -34.132  28.903 0.0000000000
52006  7.726  -33.909  28.283 0.0000000000
61202  7.401  -26.538  38.683 0.0000000000
61213  7.263  -26.872  38.051 0.0000000000
59942  6.725  -27.344  37.582 0.0000000000
59957  6.513  -27.716  36.404 0.0000000000
58850  4.238  -29.009  30.806 0.0000000000
58848  5.064  -28.566  31.449 0.0000000000
57743  4.493  -29.439  31.794 0.0000000000
57744  4.348  -30.097  32.585 0.0000000000
57760  4.012  -29.689  31.356 0.0000000000
56606  3.306  -30.960  31.320 0.0000000000
38313  7.689  -45.551  45.775 0.0000000000
38321  12.159  -45.148  44.639 0.0000000000
38322  11.611  -45.260  44.119 0.0000000000
36957  9.858  -45.940  44.971 0.0000000000
36963  9.749  -45.745  44.054 0.0000000000
36970  9.064  -46.154  43.612 0.0000000000
36971  8.554  -46.337  43.942 0.0000000000
38312  8.618  -45.740  45.767 0.0000000000
35571  8.195  -47.079  44.817 0.0000000000
35572  7.361  -47.114  44.955 0.0000000000
57644  6.227  -29.336  43.424 0.0000000000
57645  5.676  -29.285  43.434 0.0000000000
57659  6.332  -28.652  43.072 0.0000000000
37017  1.794  -46.589  37.322 0.0000000000
38369  2.021  -45.298  39.897 0.0000000000
44858  5.705  -39.846  48.073 0.0000000000
44862  5.266  -40.219  47.644 0.0000000000
47181  5.586  -38.284  48.025 0.0000000000
48408  4.902  -37.841  47.302 0.0000000000
49527  5.448  -37.030  48.269 0.0000000000
49529  5.323  -36.159  48.117 0.0000000000
32673  4.278  -48.620  38.850 0.0000000000
32684  3.893  -48.384  38.877 0.0000000000
34178  2.741  -48.671  38.079 0.0000000000
32686  3.270  -48.919  38.020 0.0000000000
32696  2.617  -49.185  37.483 0.0000000000
31317  2.800  -49.847  36.465 0.0000000000
32709  2.280  -49.421  36.821 0.0000000000
35611  1.889  -47.576  37.760 0.0000000000
46132  4.362  -41.749  37.803 0.0000000000
46143  4.765  -41.426  37.258 0.0000000000
46128  6.848  -40.786  38.810 0.0000000000
47299  5.946  -40.840  37.307 0.0000000000
47298  6.659  -40.334  37.392 0.0000000000
50686  4.752  -33.875  38.965 0.0000000000
50684  5.735  -34.358  38.578 0.0000000000
50701  5.398  -33.776  37.665 0.0000000000
50733  5.606  -33.675  35.287 0.0000000000
50732  6.406  -33.611  35.459 0.0000000000
51888  7.403  -33.637  34.652 0.0000000000
51887  8.106  -33.953  34.996 0.0000000000
51904  7.801  -33.856  34.156 0.0000000000
51926  6.878  -33.411  33.440 0.0000000000
50793  5.504  -33.712  32.383 0.0000000000
50792  6.052  -33.638  32.564 0.0000000000
50804  5.957  -33.650  31.729 0.0000000000
50805  5.386  -33.671  31.441 0.0000000000
58870  4.153  -28.430  29.670 0.0000000000
60071  4.195  -28.252  29.149 0.0000000000
58872  3.126  -28.888  29.293 0.0000000000
58882  3.120  -28.575  28.449 0.0000000000
36977  3.988  -45.883  41.806 0.0000000000
36974  3.810  -46.258  42.883 0.0000000000
39672  4.909  -44.932  44.535 0.0000000000
39667  4.578  -44.028  44.840 0.0000000000
41064  4.186  -43.515  44.784 0.0000000000
41057  4.793  -43.592  45.272 0.0000000000
41054  7.375  -43.984  46.179 0.0000000000
39665  6.170  -44.609  45.462 0.0000000000
43665  5.546  -41.011  47.452 0.0000000000
39765  11.622  -43.460  40.900 0.0000000000
41138  12.018  -43.373  40.013 0.0000000000
38346  10.136  -44.831  42.131 0.0000000000
38366  9.473  -44.993  40.886 0.0000000000
36994  8.066  -45.044  39.145 0.0000000000
37006  7.732  -45.880  38.812 0.0000000000
32670  5.719  -48.063  38.608 0.0000000000
34147  6.070  -48.100  42.034 0.0000000000
34159  5.867  -48.388  40.364 0.0000000000
34153  5.457  -48.212  41.035 0.0000000000
32660  4.828  -48.413  40.446 0.0000000000
35594  4.474  -46.696  42.060 0.0000000000
34149  4.612  -47.551  41.724 0.0000000000
49558  4.958  -36.465  43.425 0.0000000000
50618  4.732  -35.524  43.537 0.0000000000
50628  4.856  -35.088  42.756 0.0000000000
50638  4.597  -34.417  42.438 0.0000000000
49588  5.370  -35.232  41.325 0.0000000000
50651  4.847  -34.412  41.487 0.0000000000
55255  3.787  -31.831  41.379 0.0000000000
54072  4.046  -32.442  42.161 0.0000000000
51841  4.435  -33.183  40.863 0.0000000000
52988  3.943  -32.624  40.696 0.0000000000
54095  2.929  -32.267  40.263 0.0000000000
56500  3.785  -30.968  39.848 0.0000000000
55300  2.870  -31.436  38.767 0.0000000000
54113  3.219  -31.815  38.204 0.0000000000
56518  3.189  -30.945  38.590 0.0000000000
42408  11.453  -42.665  46.141 0.0000000000
42419  11.180  -42.205  45.972 0.0000000000
42418  11.639  -42.239  45.660 0.0000000000
41148  17.437  -42.983  38.619 0.0000000000
41166  17.078  -42.636  38.139 0.0000000000
41149  16.551  -43.024  38.694 0.0000000000
41134  16.194  -43.511  39.570 0.0000000000
39695  18.534  -43.958  41.578 0.0000000000
41106  18.735  -43.776  41.885 0.0000000000
38342  18.746  -44.225  40.869 0.0000000000
38343  17.978  -43.854  40.857 0.0000000000
38363  18.073  -43.715  40.492 0.0000000000
39744  15.888  -44.049  40.593 0.0000000000
39699  14.576  -43.748  42.288 0.0000000000
42406  12.861  -42.693  45.861 0.0000000000
41044  12.765  -43.083  46.150 0.0000000000
41045  11.927  -43.303  46.213 0.0000000000
37051  2.269  -46.703  32.545 0.0000000000
39853  2.320  -45.138  33.984 0.0000000000
41230  2.319  -44.117  34.269 0.0000000000
41208  2.445  -43.795  35.285 0.0000000000
39797  2.336  -44.561  37.366 0.0000000000
41173  2.395  -44.083  37.530 0.0000000000
43754  2.786  -42.578  37.411 0.0000000000
44966  3.471  -42.216  37.652 0.0000000000
44961  3.494  -42.278  38.473 0.0000000000
44933  4.786  -41.026  40.919 0.0000000000
39727  3.148  -44.820  42.165 0.0000000000
39703  2.918  -44.644  42.678 0.0000000000
41077  2.624  -43.126  43.204 0.0000000000
42460  2.062  -42.725  41.948 0.0000000000
134892  2.957  -39.663  45.010 0.0000000000
43711  2.789  -41.494  43.301 0.0000000000
134897  4.372  -38.947  44.187 0.0000000000
47210  4.611  -38.039  44.144 0.0000000000
50601  4.378  -36.561  45.459 0.0000000000
50609  4.392  -35.545  45.213 0.0000000000
51797  4.412  -34.784  44.881 0.0000000000
41170  12.448  -42.489  38.033 0.0000000000
31313  5.034  -49.043  35.680 0.0000000000
32732  5.200  -48.528  35.411 0.0000000000
31295  4.321  -49.535  36.555 0.0000000000
29946  4.209  -49.633  36.096 0.0000000000
35660  1.757  -47.627  32.583 0.0000000000
35661  1.734  -47.959  31.776 0.0000000000
41296  1.921  -43.968  30.729 0.0000000000
42562  1.882  -43.252  31.397 0.0000000000
43818  2.388  -42.876  31.036 0.0000000000
46154  4.322  -40.992  35.541 0.0000000000
46161  3.724  -41.740  34.307 0.0000000000
46180  4.459  -41.289  32.463 0.0000000000
46169  3.869  -41.612  33.033 0.0000000000
46181  4.135  -41.961  32.009 0.0000000000
45015  3.655  -42.305  31.369 0.0000000000
46222  4.171  -42.060  30.535 0.0000000000
46199  5.781  -41.093  31.903 0.0000000000
46220  4.891  -41.749  30.838 0.0000000000
46219  5.712  -41.552  31.023 0.0000000000
45052  5.666  -41.620  29.260 0.0000000000
48460  6.405  -37.606  41.561 0.0000000000
47240  6.728  -38.544  41.339 0.0000000000
48474  6.988  -37.356  40.975 0.0000000000
49602  8.064  -37.274  39.114 0.0000000000
48492  8.056  -37.839  39.751 0.0000000000
48510  8.477  -38.028  38.510 0.0000000000
48522  8.353  -38.557  37.721 0.0000000000
50698  7.407  -34.776  37.271 0.0000000000
50681  7.981  -35.436  38.059 0.0000000000
50697  8.128  -35.355  37.091 0.0000000000
48547  9.219  -37.254  35.156 0.0000000000
47319  8.455  -38.391  35.478 0.0000000000
47333  8.261  -39.313  33.804 0.0000000000
46196  8.605  -39.318  31.234 0.0000000000
46197  8.047  -39.734  31.656 0.0000000000
46237  7.248  -40.501  29.746 0.0000000000
46236  8.116  -39.780  29.730 0.0000000000
46259  7.607  -40.289  29.004 0.0000000000
47379  9.771  -38.573  29.595 0.0000000000
47396  9.939  -38.791  28.538 0.0000000000
51954  9.208  -34.437  32.157 0.0000000000
50816  10.264  -35.218  30.721 0.0000000000
50840  10.399  -35.111  28.443 0.0000000000
49703  10.520  -35.905  29.127 0.0000000000
49709  10.829  -36.268  28.209 0.0000000000
48604  10.978  -36.724  27.588 0.0000000000
61176  6.616  -26.644  40.303 0.0000000000
61177  5.961  -26.705  40.120 0.0000000000
61160  5.898  -26.805  41.012 0.0000000000
59908  5.477  -27.380  40.751 0.0000000000
58775  5.124  -28.537  39.865 0.0000000000
58782  5.442  -27.882  39.325 0.0000000000
58790  4.798  -28.382  37.498 0.0000000000
57691  4.460  -29.118  38.336 0.0000000000
57698  4.502  -29.011  37.175 0.0000000000
56525  4.058  -30.371  37.498 0.0000000000
57705  4.384  -29.729  36.837 0.0000000000
58823  6.432  -28.455  33.340 0.0000000000
58811  6.904  -28.267  33.843 0.0000000000
59991  6.142  -28.116  34.886 0.0000000000
59974  5.565  -28.051  35.594 0.0000000000
58813  5.852  -28.534  34.514 0.0000000000
56561  4.308  -30.808  33.575 0.0000000000
56547  4.380  -30.977  34.188 0.0000000000
55363  4.216  -31.519  34.427 0.0000000000
54165  4.090  -32.028  33.906 0.0000000000
53051  3.619  -32.760  34.052 0.0000000000
54178  4.024  -32.291  33.270 0.0000000000
53099  3.005  -32.905  30.799 0.0000000000
51959  3.435  -33.309  31.255 0.0000000000
51972  3.466  -34.339  30.176 0.0000000000
50820  4.582  -34.087  29.797 0.0000000000
51983  3.997  -34.260  29.253 0.0000000000
55445  2.710  -31.605  28.464 0.0000000000
38306  8.955  -44.970  45.999 0.0000000000
39658  8.588  -44.418  46.438 0.0000000000
42410  9.491  -42.523  46.735 0.0000000000
38309  11.774  -44.875  45.778 0.0000000000
38317  11.594  -45.359  45.029 0.0000000000
38305  9.295  -44.866  45.877 0.0000000000
43913  6.812  -41.831  26.347 0.0000000000
45116  7.700  -41.382  26.559 0.0000000000
38380  2.120  -46.169  39.829 0.0000000000
39750  1.997  -45.145  41.145 0.0000000000
34168  3.519  -47.775  39.517 0.0000000000
34174  3.683  -48.124  39.015 0.0000000000
34179  2.202  -48.373  38.107 0.0000000000
44958  5.039  -41.015  39.172 0.0000000000
46130  5.261  -41.266  38.524 0.0000000000
46113  5.520  -41.148  39.437 0.0000000000
46112  6.455  -40.890  39.783 0.0000000000
46111  7.237  -40.346  39.718 0.0000000000
50718  4.839  -33.539  36.411 0.0000000000
50751  5.886  -33.462  34.333 0.0000000000
50774  6.388  -33.434  33.477 0.0000000000
50752  5.163  -33.683  33.997 0.0000000000
51927  5.011  -33.840  33.317 0.0000000000
51928  4.941  -33.828  32.964 0.0000000000
36973  4.510  -46.146  43.539 0.0000000000
36968  4.764  -45.790  44.015 0.0000000000
38320  4.831  -45.371  44.283 0.0000000000
43670  7.383  -41.779  47.107 0.0000000000
43663  7.429  -41.242  47.435 0.0000000000
44859  7.820  -40.354  47.633 0.0000000000
41110  13.144  -43.311  41.564 0.0000000000
39746  11.852  -43.579  41.441 0.0000000000
39747  11.048  -43.901  41.406 0.0000000000
36975  9.645  -45.569  42.422 0.0000000000
36978  9.613  -45.183  42.012 0.0000000000
36979  9.263  -45.538  41.732 0.0000000000
36985  8.867  -45.507  41.023 0.0000000000
38367  8.751  -45.210  40.610 0.0000000000
35576  7.496  -47.361  44.054 0.0000000000
35582  7.176  -47.368  43.099 0.0000000000
35583  6.553  -47.355  43.447 0.0000000000
35592  5.871  -47.486  42.659 0.0000000000
35585  4.748  -46.778  43.088 0.0000000000
51804  3.864  -34.239  43.904 0.0000000000
55236  4.129  -31.598  42.586 0.0000000000
55253  4.455  -30.712  42.258 0.0000000000
55272  4.350  -30.821  41.542 0.0000000000
55273  4.017  -31.206  41.150 0.0000000000
55274  3.332  -31.532  40.676 0.0000000000
56492  4.123  -30.961  40.486 0.0000000000
56499  4.352  -30.235  40.122 0.0000000000
55286  4.316  -29.975  40.032 0.0000000000
39696  17.532  -43.918  41.591 0.0000000000
39722  15.714  -44.189  41.280 0.0000000000
39676  15.370  -44.106  43.101 0.0000000000
41052  13.134  -42.912  45.757 0.0000000000
37035  2.367  -46.495  32.976 0.0000000000
38434  2.258  -46.116  33.969 0.0000000000
39834  2.053  -44.678  35.103 0.0000000000
41141  2.286  -43.662  38.912 0.0000000000
41157  2.385  -43.523  37.945 0.0000000000
43743  3.004  -42.670  39.268 0.0000000000
43747  3.495  -42.337  38.860 0.0000000000
43742  3.359  -42.480  39.550 0.0000000000
41065  3.665  -43.863  44.241 0.0000000000
41076  3.383  -43.192  43.682 0.0000000000
42438  4.046  -42.230  43.640 0.0000000000
42428  3.419  -41.725  44.003 0.0000000000
46034  3.444  -39.444  46.029 0.0000000000
44869  2.888  -39.411  45.460 0.0000000000
134896  3.391  -39.442  44.861 0.0000000000
134895  3.174  -39.020  44.982 0.0000000000
48436  4.412  -37.746  44.963 0.0000000000
49540  4.364  -37.148  45.335 0.0000000000
50600  4.468  -36.004  45.818 0.0000000000
42490  11.182  -42.272  37.735 0.0000000000
42491  10.897  -42.329  37.705 0.0000000000
32681  5.794  -48.098  37.671 0.0000000000
32695  5.535  -48.559  37.043 0.0000000000
31293  5.144  -49.040  36.466 0.0000000000
29947  4.005  -49.730  36.182 0.0000000000
34206  1.782  -48.496  35.231 0.0000000000
32776  1.711  -49.550  34.135 0.0000000000
34233  1.647  -48.700  34.132 0.0000000000
34251  1.541  -48.573  33.034 0.0000000000
41265  2.039  -44.145  32.703 0.0000000000
41282  1.821  -43.989  31.746 0.0000000000
44995  2.879  -42.502  32.896 0.0000000000
46159  4.805  -40.452  35.095 0.0000000000
46167  4.802  -40.329  34.106 0.0000000000
46179  5.221  -40.669  32.966 0.0000000000
46178  6.325  -40.604  32.674 0.0000000000
49586  6.429  -36.191  40.841 0.0000000000
49585  7.089  -36.579  40.364 0.0000000000
49603  7.633  -36.656  39.600 0.0000000000
49618  8.306  -36.613  38.578 0.0000000000
50713  8.525  -35.169  36.358 0.0000000000
50712  8.964  -35.774  36.165 0.0000000000
49649  9.353  -36.128  35.612 0.0000000000
48546  9.425  -36.819  34.820 0.0000000000
48558  9.311  -37.742  33.941 0.0000000000
47332  8.807  -38.637  33.373 0.0000000000
48564  9.389  -38.018  32.936 0.0000000000
48573  9.415  -38.199  32.373 0.0000000000
47367  8.969  -38.917  30.926 0.0000000000
47380  9.015  -39.131  30.133 0.0000000000
47353  9.403  -38.253  31.319 0.0000000000
51981  8.421  -34.189  29.874 0.0000000000
51967  10.002  -34.639  30.121 0.0000000000
51980  9.350  -34.399  29.617 0.0000000000
51993  9.624  -34.438  28.554 0.0000000000
50841  9.964  -34.591  27.791 0.0000000000
59917  6.252  -26.960  39.196 0.0000000000
59929  5.719  -27.552  38.351 0.0000000000
59944  5.248  -28.077  36.822 0.0000000000
58833  5.564  -28.762  32.157 0.0000000000
58824  5.865  -28.943  33.332 0.0000000000
58814  5.185  -29.185  34.359 0.0000000000
57730  4.711  -29.684  32.806 0.0000000000
55390  3.973  -31.188  32.335 0.0000000000
54190  3.895  -32.135  32.364 0.0000000000
55404  3.677  -31.502  31.983 0.0000000000
54212  2.878  -32.177  31.247 0.0000000000
53105  2.666  -33.208  29.860 0.0000000000
36961  6.185  -46.309  44.908 0.0000000000
38314  6.684  -45.505  45.395 0.0000000000
41049  7.960  -43.660  46.866 0.0000000000
38344  11.662  -44.357  42.773 0.0000000000
38330  11.437  -44.728  43.276 0.0000000000
35589  8.321  -46.458  42.477 0.0000000000
35581  8.419  -46.477  43.321 0.0000000000
34142  7.968  -46.792  43.514 0.0000000000
34141  7.855  -47.025  43.749 0.0000000000
35570  8.631  -46.810  44.654 0.0000000000
35573  6.758  -46.868  44.997 0.0000000000
54027  5.046  -32.365  45.297 0.0000000000
52949  4.320  -32.760  44.251 0.0000000000
55218  5.057  -31.744  44.934 0.0000000000
55225  4.997  -31.224  44.317 0.0000000000
56431  5.904  -30.296  44.801 0.0000000000
56451  5.475  -30.167  44.100 0.0000000000
56452  4.956  -30.437  43.593 0.0000000000
56470  5.191  -29.735  43.410 0.0000000000
57646  5.127  -29.032  42.995 0.0000000000
58734  4.649  -28.314  42.914 0.0000000000
42461  1.791  -42.733  41.198 0.0000000000
43673  4.855  -41.421  46.590 0.0000000000
46026  5.244  -38.847  47.955 0.0000000000
47185  4.409  -38.693  47.166 0.0000000000
48410  4.408  -38.144  46.707 0.0000000000
49532  4.616  -37.166  46.711 0.0000000000
32672  4.942  -49.153  38.871 0.0000000000
31266  4.803  -49.263  38.078 0.0000000000
31267  4.458  -49.186  38.144 0.0000000000
31281  3.934  -49.394  37.584 0.0000000000
29977  2.533  -50.049  35.623 0.0000000000
31337  2.124  -49.794  35.726 0.0000000000
32733  1.729  -49.152  35.745 0.0000000000
34188  1.745  -48.456  36.189 0.0000000000
46145  3.577  -42.095  36.577 0.0000000000
46156  3.173  -42.015  35.176 0.0000000000
46150  3.943  -41.621  36.068 0.0000000000
46142  5.245  -41.202  37.504 0.0000000000
46148  5.065  -40.863  36.776 0.0000000000
46153  4.967  -40.745  35.962 0.0000000000
47330  5.559  -40.557  35.601 0.0000000000
47322  6.262  -40.432  36.143 0.0000000000
47321  7.031  -39.920  35.942 0.0000000000
50666  6.283  -34.852  39.343 0.0000000000
50683  6.380  -34.638  38.305 0.0000000000
50699  6.699  -34.233  37.421 0.0000000000
50716  6.154  -33.824  36.429 0.0000000000
50715  7.009  -33.949  36.498 0.0000000000
50730  8.365  -34.384  35.772 0.0000000000
51902  9.161  -34.564  34.653 0.0000000000
50772  9.553  -34.936  33.617 0.0000000000
50790  9.733  -35.085  32.816 0.0000000000
51941  9.153  -34.425  33.158 0.0000000000
51955  8.287  -34.006  31.671 0.0000000000
50791  6.720  -33.502  32.749 0.0000000000
51969  8.012  -34.000  30.717 0.0000000000
51970  7.196  -33.725  30.647 0.0000000000
50829  6.649  -33.803  30.174 0.0000000000
58860  4.359  -28.539  30.229 0.0000000000
57773  3.527  -29.277  30.437 0.0000000000
56619  3.293  -29.696  30.394 0.0000000000
57785  3.164  -29.276  29.886 0.0000000000
58898  2.933  -28.915  27.163 0.0000000000
45094  5.124  -42.084  28.035 0.0000000000
35598  2.917  -47.001  40.734 0.0000000000
36981  2.466  -46.457  40.738 0.0000000000
36980  3.181  -46.192  41.223 0.0000000000
38332  3.441  -45.300  42.648 0.0000000000
39681  3.964  -44.935  43.831 0.0000000000
39674  3.681  -44.291  44.136 0.0000000000
42421  4.491  -42.696  45.524 0.0000000000
38315  5.859  -45.379  45.040 0.0000000000
41056  5.611  -43.641  45.671 0.0000000000
41051  6.183  -43.239  46.292 0.0000000000
42415  4.688  -42.162  46.116 0.0000000000
44857  6.279  -39.718  48.262 0.0000000000
41136  14.310  -42.899  39.680 0.0000000000
41153  12.330  -43.026  38.910 0.0000000000
41154  11.283  -43.168  38.905 0.0000000000
39794  9.865  -43.582  38.269 0.0000000000
39726  11.201  -44.176  41.943 0.0000000000
38365  10.229  -44.561  41.441 0.0000000000
39748  10.059  -43.998  40.845 0.0000000000
39767  9.998  -43.650  39.906 0.0000000000
39780  9.491  -44.105  38.575 0.0000000000
39795  9.369  -44.156  37.791 0.0000000000
34172  6.400  -47.496  38.258 0.0000000000
32671  5.335  -48.720  38.834 0.0000000000
34150  7.754  -47.012  41.907 0.0000000000
34151  7.110  -47.632  41.470 0.0000000000
35590  7.060  -47.526  42.597 0.0000000000
34146  6.827  -47.824  42.119 0.0000000000
32663  5.381  -48.683  39.611 0.0000000000
32665  4.462  -48.275  39.876 0.0000000000
34161  4.087  -47.821  40.260 0.0000000000
34162  3.364  -47.600  40.272 0.0000000000
34156  3.317  -47.323  40.683 0.0000000000
47226  5.450  -38.523  42.783 0.0000000000
47225  6.135  -38.624  42.039 0.0000000000
48448  5.812  -37.674  42.405 0.0000000000
48462  5.484  -36.870  42.307 0.0000000000
48461  5.796  -37.061  41.758 0.0000000000
50617  4.937  -35.749  42.923 0.0000000000
50627  5.148  -35.543  42.277 0.0000000000
49575  5.345  -36.003  41.730 0.0000000000
49606  5.488  -34.886  40.669 0.0000000000
52961  3.667  -33.267  42.523 0.0000000000
54071  4.005  -32.020  42.453 0.0000000000
51825  4.255  -33.630  42.062 0.0000000000
51840  4.317  -33.341  41.786 0.0000000000
50669  4.738  -34.021  40.732 0.0000000000
50668  5.019  -34.203  40.109 0.0000000000
51853  4.791  -33.839  39.589 0.0000000000
51861  4.621  -33.721  39.284 0.0000000000
51862  4.231  -33.288  39.021 0.0000000000
54103  2.789  -32.185  39.153 0.0000000000
53015  4.121  -31.888  38.022 0.0000000000
53014  4.373  -32.225  37.825 0.0000000000
42409  10.586  -42.355  46.338 0.0000000000
38341  19.417  -44.273  41.107 0.0000000000
41120  17.618  -43.375  39.789 0.0000000000
41121  16.948  -43.365  40.021 0.0000000000
39720  17.162  -43.568  40.890 0.0000000000
41135  15.259  -43.010  39.614 0.0000000000
39764  15.028  -43.043  40.256 0.0000000000
39723  14.932  -43.839  41.509 0.0000000000
41092  14.432  -43.544  41.673 0.0000000000
39678  13.298  -44.321  43.564 0.0000000000
41074  15.693  -43.963  43.817 0.0000000000
39668  15.023  -43.909  43.953 0.0000000000
41061  14.663  -43.321  44.454 0.0000000000
39671  12.603  -44.724  44.771 0.0000000000
41053  12.702  -43.487  45.440 0.0000000000
39660  12.377  -44.413  45.466 0.0000000000
39661  12.063  -44.378  45.942 0.0000000000
39655  11.583  -44.253  46.239 0.0000000000
38437  2.430  -46.297  32.841 0.0000000000
39865  2.480  -45.025  32.996 0.0000000000
42515  2.551  -43.310  34.412 0.0000000000
43770  2.186  -42.291  35.599 0.0000000000
39812  2.205  -44.401  36.170 0.0000000000
39811  2.251  -44.105  35.850 0.0000000000
41190  2.392  -43.503  36.025 0.0000000000
42492  2.323  -42.787  36.275 0.0000000000
44969  2.893  -42.211  36.560 0.0000000000
44965  4.009  -41.974  37.814 0.0000000000
44959  4.717  -41.317  39.065 0.0000000000
44947  4.937  -40.971  39.818 0.0000000000
38349  2.507  -45.587  41.232 0.0000000000
39704  2.583  -43.995  42.950 0.0000000000
39729  1.659  -44.009  41.288 0.0000000000
41112  1.802  -43.450  41.631 0.0000000000
43724  2.050  -42.326  41.494 0.0000000000
43698  4.120  -41.542  44.216 0.0000000000
42429  3.128  -41.450  44.551 0.0000000000
43723  2.779  -42.182  41.952 0.0000000000
44922  3.297  -41.804  42.063 0.0000000000
44921  3.814  -41.631  42.160 0.0000000000
44920  4.509  -40.999  42.228 0.0000000000
44906  4.367  -40.800  43.290 0.0000000000
48434  4.918  -37.338  43.806 0.0000000000
49559  4.695  -36.412  44.072 0.0000000000
49560  4.476  -36.603  44.727 0.0000000000
50599  4.877  -35.389  46.331 0.0000000000
51786  4.887  -34.771  45.796 0.0000000000
52925  5.144  -33.420  45.853 0.0000000000
41169  13.527  -42.488  37.951 0.0000000000
41186  12.623  -42.176  36.888 0.0000000000
31279  4.844  -49.224  37.453 0.0000000000
31294  4.741  -49.282  36.644 0.0000000000
31314  4.606  -49.425  35.912 0.0000000000
31335  4.484  -49.304  35.061 0.0000000000
39883  2.007  -44.798  31.107 0.0000000000
46162  3.306  -42.237  34.848 0.0000000000
44975  3.377  -42.390  34.445 0.0000000000
45016  2.957  -42.546  31.749 0.0000000000
45035  3.185  -42.743  30.659 0.0000000000
43838  2.736  -43.149  30.050 0.0000000000
45072  6.193  -41.404  28.589 0.0000000000
47241  6.430  -39.125  41.583 0.0000000000
46096  7.216  -39.623  40.547 0.0000000000
46110  7.706  -39.453  39.754 0.0000000000
48473  7.560  -37.807  40.447 0.0000000000
47270  7.948  -38.708  39.876 0.0000000000
46127  7.502  -39.913  38.857 0.0000000000
47297  7.750  -39.410  37.773 0.0000000000
47311  7.609  -39.252  36.617 0.0000000000
49620  6.756  -35.216  38.890 0.0000000000
49619  7.449  -35.726  38.893 0.0000000000
49617  8.657  -36.918  37.801 0.0000000000
50696  8.733  -35.938  36.798 0.0000000000
49629  8.824  -36.808  37.061 0.0000000000
48521  8.631  -37.843  37.402 0.0000000000
47310  8.255  -38.504  36.437 0.0000000000
47320  7.748  -39.216  35.717 0.0000000000
47334  7.223  -39.913  33.806 0.0000000000
46177  7.223  -39.933  32.657 0.0000000000
46176  8.227  -39.499  32.546 0.0000000000
46198  6.711  -40.679  31.625 0.0000000000
46218  6.648  -41.098  30.535 0.0000000000
45050  6.653  -40.906  29.108 0.0000000000
45071  6.697  -40.908  28.708 0.0000000000
46276  7.176  -40.577  28.560 0.0000000000
46275  7.790  -40.367  28.268 0.0000000000
45091  8.179  -40.685  27.528 0.0000000000
49691  10.166  -36.298  31.347 0.0000000000
50815  10.390  -35.225  29.878 0.0000000000
49704  10.502  -36.841  29.182 0.0000000000
48592  10.406  -37.811  29.019 0.0000000000
48605  10.811  -37.604  28.017 0.0000000000
58747  6.545  -28.083  42.721 0.0000000000
59866  5.769  -27.707  42.937 0.0000000000
59868  4.397  -27.590  43.172 0.0000000000
61138  6.057  -26.940  42.004 0.0000000000
59899  4.795  -27.722  42.128 0.0000000000
58761  4.301  -28.358  42.114 0.0000000000
58768  5.079  -28.277  41.076 0.0000000000
56498  4.432  -29.755  39.917 0.0000000000
57684  4.191  -29.565  39.126 0.0000000000
58783  5.058  -28.359  38.625 0.0000000000
57692  3.998  -29.749  38.656 0.0000000000
55313  3.654  -30.716  37.811 0.0000000000
55342  3.674  -31.371  37.391 0.0000000000
54135  4.149  -31.696  37.067 0.0000000000
59959  5.166  -27.948  36.170 0.0000000000
57711  4.610  -29.123  35.644 0.0000000000
58806  4.758  -29.236  35.210 0.0000000000
57712  4.399  -29.704  35.712 0.0000000000
56539  4.307  -30.630  35.721 0.0000000000
55350  4.179  -31.362  35.727 0.0000000000
53035  3.753  -32.605  35.218 0.0000000000
50777  4.634  -33.615  33.210 0.0000000000
50795  4.665  -33.631  32.183 0.0000000000
53079  3.833  -32.462  32.316 0.0000000000
50796  3.994  -33.527  31.643 0.0000000000
50806  4.605  -33.852  30.998 0.0000000000
50819  5.273  -33.788  30.308 0.0000000000
50830  5.957  -33.921  29.632 0.0000000000
50843  5.844  -34.260  28.375 0.0000000000
55435  2.768  -31.488  29.602 0.0000000000
54231  2.566  -32.488  29.172 0.0000000000
51997  3.660  -34.238  28.516 0.0000000000
50845  4.195  -34.267  28.238 0.0000000000
50855  6.781  -34.271  27.632 0.0000000000
31268  3.999  -49.127  38.073 0.0000000000
31282  3.644  -49.252  37.792 0.0000000000
31316  3.343  -49.925  36.292 0.0000000000
31336  2.552  -50.099  35.893 0.0000000000
32661  4.445  -48.199  40.470 0.0000000000
32674  3.774  -48.893  38.196 0.0000000000
32675  3.561  -49.075  37.962 0.0000000000
32685  3.662  -48.472  38.580 0.0000000000
34140  7.976  -46.832  43.785 0.0000000000
34164  2.243  -47.727  40.187 0.0000000000
34173  3.960  -48.312  39.098 0.0000000000
35574  8.567  -46.661  44.399 0.0000000000
35579  9.430  -46.114  42.623 0.0000000000
35605  1.985  -47.506  39.700 0.0000000000
35686  2.068  -47.926  31.241 0.0000000000
36965  8.534  -46.508  44.202 0.0000000000
36976  9.298  -45.834  42.219 0.0000000000
37050  2.315  -46.594  32.778 0.0000000000
38303  11.553  -44.670  46.079 0.0000000000
38308  12.157  -44.810  45.524 0.0000000000
38327  18.843  -44.277  41.183 0.0000000000
38329  11.740  -44.416  43.048 0.0000000000
38379  8.481  -45.309  40.252 0.0000000000
38441  2.382  -46.418  32.623 0.0000000000
39680  11.886  -44.897  43.752 0.0000000000
39694  19.070  -44.154  41.333 0.0000000000
39702  11.987  -44.674  43.553 0.0000000000
39781  2.387  -44.175  38.064 0.0000000000
39796  2.391  -44.234  37.825 0.0000000000
39833  2.268  -44.165  35.613 0.0000000000
41122  16.525  -43.675  40.226 0.0000000000
41156  2.403  -43.974  37.808 0.0000000000
41189  2.337  -43.877  35.819 0.0000000000
42446  4.475  -42.078  44.043 0.0000000000
42447  4.388  -42.260  43.884 0.0000000000
42481  11.140  -42.251  37.981 0.0000000000
42482  10.919  -42.334  38.032 0.0000000000
42501  13.008  -42.000  36.438 0.0000000000
43709  4.423  -42.287  44.155 0.0000000000
43710  4.344  -41.956  43.892 0.0000000000
44932  6.701  -40.580  40.212 0.0000000000
44945  7.136  -40.283  40.188 0.0000000000
44946  6.909  -40.561  40.050 0.0000000000
45013  6.036  -41.252  31.548 0.0000000000
45014  5.734  -41.339  31.509 0.0000000000
45033  5.875  -41.417  31.322 0.0000000000
45051  6.314  -41.219  29.166 0.0000000000
46029  5.375  -39.659  47.913 0.0000000000
46035  2.937  -39.166  45.753 0.0000000000
46081  6.641  -39.504  41.190 0.0000000000
46095  7.694  -38.920  40.298 0.0000000000
46140  6.448  -41.060  37.912 0.0000000000
46141  5.751  -41.348  37.779 0.0000000000
46151  3.231  -41.898  35.844 0.0000000000
46164  8.762  -39.001  32.918 0.0000000000
46165  8.476  -39.275  33.098 0.0000000000
46175  8.627  -39.178  32.690 0.0000000000
46221  4.428  -41.939  30.672 0.0000000000
46238  6.638  -40.957  29.564 0.0000000000
47189  3.307  -38.667  45.533 0.0000000000
47224  6.403  -38.130  41.782 0.0000000000
47255  7.767  -38.325  40.265 0.0000000000
47300  5.552  -40.999  37.345 0.0000000000
47314  5.482  -40.693  37.035 0.0000000000
47323  5.528  -40.597  36.406 0.0000000000
47342  9.352  -38.385  31.971 0.0000000000
47344  8.615  -39.205  32.442 0.0000000000
47354  8.887  -38.987  31.657 0.0000000000
47355  8.563  -39.265  32.134 0.0000000000
48414  4.059  -37.553  46.002 0.0000000000
48423  4.822  -37.069  43.995 0.0000000000
48424  4.777  -36.909  44.093 0.0000000000
48620  11.024  -37.056  27.013 0.0000000000
49549  4.861  -36.810  43.822 0.0000000000
49550  4.771  -36.696  43.966 0.0000000000
49574  5.891  -36.330  41.387 0.0000000000
49648  9.508  -36.429  34.944 0.0000000000
49696  10.437  -35.674  29.583 0.0000000000
50636  5.272  -35.426  41.832 0.0000000000
50637  5.194  -34.938  41.868 0.0000000000
50728  9.509  -35.588  35.084 0.0000000000
50729  9.150  -35.096  35.719 0.0000000000
50773  6.797  -33.433  33.199 0.0000000000
50776  5.171  -33.833  33.000 0.0000000000
50778  4.274  -33.319  32.663 0.0000000000
50803  6.606  -33.596  31.959 0.0000000000
50807  3.949  -34.046  31.095 0.0000000000
50808  3.422  -33.908  30.882 0.0000000000
50821  3.417  -34.215  30.508 0.0000000000
50822  2.991  -34.232  30.301 0.0000000000
50828  10.440  -35.197  29.228 0.0000000000
50832  4.482  -34.177  28.897 0.0000000000
50833  3.168  -34.366  30.112 0.0000000000
50834  2.951  -34.360  29.915 0.0000000000
50844  4.912  -34.273  28.293 0.0000000000
50846  3.870  -34.226  28.110 0.0000000000
50853  10.311  -35.064  27.337 0.0000000000
50860  3.818  -33.990  27.477 0.0000000000
51823  4.508  -33.696  41.945 0.0000000000
51824  4.312  -33.584  41.848 0.0000000000
51839  4.556  -33.451  41.778 0.0000000000
51886  8.887  -34.387  35.176 0.0000000000
51903  8.588  -34.234  34.459 0.0000000000
51905  7.082  -33.428  33.921 0.0000000000
51906  4.908  -33.757  33.702 0.0000000000
51907  4.866  -33.763  33.472 0.0000000000
51908  3.705  -33.111  33.712 0.0000000000
51923  9.140  -34.498  34.001 0.0000000000
51925  7.422  -33.572  33.238 0.0000000000
51942  8.338  -34.009  32.683 0.0000000000
51944  5.069  -33.862  32.839 0.0000000000
51945  5.009  -33.834  32.621 0.0000000000
51946  3.826  -33.046  32.089 0.0000000000
51956  7.328  -33.659  31.385 0.0000000000
51958  3.737  -34.233  30.538 0.0000000000
51971  3.954  -34.266  30.147 0.0000000000
51973  2.937  -33.695  30.491 0.0000000000
51979  10.092  -34.684  29.396 0.0000000000
51984  3.272  -34.375  29.531 0.0000000000
51996  4.068  -34.251  28.704 0.0000000000
51998  2.920  -34.099  28.641 0.0000000000
52005  8.665  -33.965  27.884 0.0000000000
52007  3.702  -34.140  28.011 0.0000000000
52973  4.411  -33.617  42.169 0.0000000000
52974  4.442  -33.222  41.911 0.0000000000
52986  4.518  -33.284  41.576 0.0000000000
52987  4.330  -32.879  41.372 0.0000000000
53004  4.282  -32.876  38.076 0.0000000000
53005  4.230  -32.579  37.951 0.0000000000
53013  4.389  -32.549  37.739 0.0000000000
53022  4.414  -32.121  37.540 0.0000000000
53023  4.363  -32.017  36.971 0.0000000000
53034  4.100  -32.189  35.958 0.0000000000
53065  3.947  -32.676  33.103 0.0000000000
53078  3.769  -32.062  32.242 0.0000000000
53090  3.660  -32.149  32.011 0.0000000000
54040  4.626  -32.265  44.594 0.0000000000
54056  3.406  -32.942  42.724 0.0000000000
54111  4.406  -32.613  38.187 0.0000000000
54112  4.273  -32.329  38.039 0.0000000000
54121  4.491  -32.188  37.871 0.0000000000
54122  4.326  -31.847  37.856 0.0000000000
54123  3.867  -31.516  37.739 0.0000000000
54134  4.346  -31.886  37.539 0.0000000000
54136  3.844  -31.440  37.286 0.0000000000
54149  4.080  -31.846  36.051 0.0000000000
54150  3.744  -32.074  35.288 0.0000000000
54166  3.839  -32.179  34.333 0.0000000000
54177  4.138  -32.056  33.553 0.0000000000
54189  3.740  -32.323  32.294 0.0000000000
54202  3.625  -31.927  32.091 0.0000000000
54203  3.488  -31.998  31.839 0.0000000000
54220  2.747  -32.319  30.241 0.0000000000
55285  4.200  -29.772  39.885 0.0000000000
55298  4.177  -29.909  39.830 0.0000000000
55299  4.181  -30.150  39.866 0.0000000000
55314  3.375  -31.157  38.085 0.0000000000
55327  3.701  -30.889  37.358 0.0000000000
55341  3.932  -31.214  36.842 0.0000000000
55351  3.925  -31.754  35.266 0.0000000000
55362  4.378  -31.213  34.110 0.0000000000
55377  4.361  -31.209  33.871 0.0000000000
55379  4.146  -32.035  33.061 0.0000000000
55391  4.058  -31.804  32.657 0.0000000000
55403  3.775  -31.088  32.016 0.0000000000
55413  3.145  -31.617  31.500 0.0000000000
56491  4.401  -30.450  40.922 0.0000000000
56507  4.252  -29.726  39.644 0.0000000000
56509  3.235  -30.837  39.151 0.0000000000
56517  3.719  -30.472  38.408 0.0000000000
56548  4.305  -30.793  34.593 0.0000000000
56560  4.379  -30.886  33.971 0.0000000000
56574  4.082  -30.680  32.461 0.0000000000
56591  3.590  -31.075  31.831 0.0000000000
56620  3.102  -30.373  30.125 0.0000000000
57612  6.242  -30.163  44.631 0.0000000000
57677  4.638  -30.030  40.622 0.0000000000
57731  4.333  -30.146  33.688 0.0000000000
57759  4.331  -29.229  31.209 0.0000000000
57786  2.959  -29.491  29.166 0.0000000000
58732  5.997  -28.435  43.285 0.0000000000
58735  3.972  -28.048  43.215 0.0000000000
58749  3.774  -27.943  42.702 0.0000000000
58762  3.862  -27.715  42.110 0.0000000000
58767  5.321  -27.832  40.719 0.0000000000
58774  5.391  -27.849  40.233 0.0000000000
58797  4.824  -28.353  36.442 0.0000000000
58804  5.605  -28.354  35.218 0.0000000000
58815  4.577  -29.527  34.779 0.0000000000
58822  6.789  -28.250  33.514 0.0000000000
58825  5.244  -29.345  33.063 0.0000000000
58832  6.150  -28.584  32.562 0.0000000000
58849  4.606  -28.781  31.061 0.0000000000
58861  3.911  -28.831  30.352 0.0000000000
58881  3.648  -28.176  28.576 0.0000000000
59867  5.007  -27.976  42.540 0.0000000000
59869  3.885  -27.452  43.152 0.0000000000
59881  4.729  -27.519  42.527 0.0000000000
59882  3.822  -27.281  42.548 0.0000000000
59898  5.406  -27.312  41.587 0.0000000000
59900  4.056  -27.194  42.008 0.0000000000
59928  6.368  -27.044  38.692 0.0000000000
59958  5.673  -27.804  36.238 0.0000000000
59973  6.292  -27.916  35.522 0.0000000000
59975  5.066  -28.116  35.926 0.0000000000
59990  7.076  -28.244  34.453 0.0000000000
59992  5.814  -28.224  35.092 0.0000000000
61125  4.131  -27.110  43.257 0.0000000000
61126  3.910  -26.827  43.019 0.0000000000
61139  5.846  -26.944  41.713 0.0000000000
61140  4.448  -26.922  42.954 0.0000000000
61141  4.146  -26.842  42.419 0.0000000000
61161  4.539  -27.129  42.420 0.0000000000
61162  4.364  -27.137  42.168 0.0000000000
61175  7.543  -26.599  40.411 0.0000000000
61190  6.092  -26.791  39.689 0.0000000000
61203  6.833  -26.782  38.596 0.0000000000
