#!ascii label  , from subject 3366 vox2ras=TkReg
295
101232  27.406  9.299  -32.965 0.0000000000
92390  24.816  1.258  -36.541 0.0000000000
105728  26.070  14.982  -31.850 0.0000000000
115948  25.478  26.188  -32.542 0.0000000000
90501  23.880  -1.155  -35.848 0.0000000000
108436  30.221  17.474  -31.548 0.0000000000
111097  29.002  20.306  -31.507 0.0000000000
99371  23.502  7.914  -35.461 0.0000000000
98391  25.456  5.765  -35.275 0.0000000000
99366  27.620  7.612  -34.829 0.0000000000
103887  29.712  12.709  -34.796 0.0000000000
102129  29.881  10.383  -35.775 0.0000000000
103860  25.940  12.615  -32.418 0.0000000000
105740  30.196  14.770  -32.719 0.0000000000
113611  26.289  23.648  -32.788 0.0000000000
113601  29.523  23.535  -30.753 0.0000000000
95334  27.045  3.498  -36.205 0.0000000000
110292  28.287  19.315  -31.703 0.0000000000
111098  28.113  20.431  -31.757 0.0000000000
100344  25.238  8.929  -33.778 0.0000000000
99368  26.132  7.101  -34.184 0.0000000000
100341  27.792  8.683  -33.715 0.0000000000
92375  24.581  0.349  -36.489 0.0000000000
104790  26.133  13.448  -32.137 0.0000000000
104773  28.798  13.752  -32.130 0.0000000000
105726  27.630  14.619  -31.383 0.0000000000
109385  32.117  18.602  -32.448 0.0000000000
108464  31.915  17.114  -32.915 0.0000000000
115118  24.240  25.772  -33.619 0.0000000000
113620  24.767  23.631  -34.127 0.0000000000
115116  25.799  24.954  -32.318 0.0000000000
116758  29.605  28.031  -30.655 0.0000000000
115932  30.148  27.131  -31.043 0.0000000000
115104  28.803  25.554  -30.451 0.0000000000
114369  30.884  24.706  -31.324 0.0000000000
113608  30.865  23.587  -31.129 0.0000000000
97401  28.051  5.398  -36.513 0.0000000000
96385  26.590  4.280  -36.018 0.0000000000
90502  22.904  -1.435  -35.851 0.0000000000
107567  28.705  16.640  -31.439 0.0000000000
109368  28.108  17.906  -31.475 0.0000000000
110290  30.241  19.241  -31.464 0.0000000000
111958  31.486  20.656  -31.576 0.0000000000
98393  23.682  6.074  -35.826 0.0000000000
98376  24.883  6.441  -34.839 0.0000000000
98374  26.774  6.496  -34.743 0.0000000000
98388  28.448  6.434  -35.856 0.0000000000
102077  28.670  11.025  -32.970 0.0000000000
102111  28.966  9.947  -34.567 0.0000000000
103007  29.827  11.810  -35.111 0.0000000000
101235  24.648  9.713  -33.860 0.0000000000
102998  24.518  11.582  -34.011 0.0000000000
102080  26.327  11.058  -32.478 0.0000000000
103857  28.639  12.448  -32.414 0.0000000000
104804  29.878  13.501  -33.451 0.0000000000
105769  30.339  14.336  -34.612 0.0000000000
107582  30.090  16.113  -31.995 0.0000000000
106745  31.339  16.021  -34.533 0.0000000000
112792  26.833  22.222  -32.779 0.0000000000
115935  26.819  26.737  -30.633 0.0000000000
114364  27.220  24.583  -31.405 0.0000000000
113603  27.802  23.904  -31.293 0.0000000000
112783  28.354  22.431  -31.318 0.0000000000
112782  29.357  22.197  -31.119 0.0000000000
112780  31.543  21.735  -31.378 0.0000000000
94285  24.420  2.743  -35.864 0.0000000000
96387  24.690  4.509  -36.059 0.0000000000
101265  29.569  9.360  -35.624 0.0000000000
100375  30.089  8.507  -35.955 0.0000000000
111105  27.423  20.491  -32.333 0.0000000000
100343  25.986  8.650  -33.338 0.0000000000
100342  26.949  8.551  -33.318 0.0000000000
88377  22.795  -3.425  -35.472 0.0000000000
92374  25.139  0.699  -36.289 0.0000000000
105744  25.767  14.461  -32.215 0.0000000000
105727  26.617  14.532  -31.686 0.0000000000
110297  32.331  19.072  -32.680 0.0000000000
109397  32.364  18.488  -33.020 0.0000000000
115949  25.063  26.587  -33.058 0.0000000000
114372  24.561  24.871  -33.530 0.0000000000
114371  25.577  24.504  -33.041 0.0000000000
115107  25.689  25.960  -32.219 0.0000000000
115103  30.236  25.634  -30.763 0.0000000000
97400  28.699  5.629  -36.005 0.0000000000
97415  27.993  4.925  -36.938 0.0000000000
92392  23.488  1.063  -36.446 0.0000000000
108439  27.276  17.477  -31.869 0.0000000000
109379  27.804  18.242  -31.661 0.0000000000
110291  29.321  19.263  -31.588 0.0000000000
111096  29.959  20.197  -31.410 0.0000000000
111095  30.816  20.013  -31.419 0.0000000000
116771  24.660  27.567  -32.752 0.0000000000
99386  23.865  6.633  -35.580 0.0000000000
99370  24.069  7.294  -35.059 0.0000000000
99367  27.115  7.159  -34.405 0.0000000000
99385  27.503  7.057  -35.096 0.0000000000
98389  27.535  6.262  -35.475 0.0000000000
99384  28.076  7.367  -35.468 0.0000000000
89494  24.206  -1.896  -35.456 0.0000000000
102995  29.365  11.477  -33.747 0.0000000000
103008  29.501  11.302  -34.671 0.0000000000
101252  24.167  9.896  -34.442 0.0000000000
103877  25.242  12.582  -33.032 0.0000000000
102981  25.673  11.695  -32.557 0.0000000000
102997  24.958  11.581  -33.142 0.0000000000
102980  26.510  11.807  -32.311 0.0000000000
102979  27.495  11.826  -32.185 0.0000000000
104788  29.243  14.107  -32.320 0.0000000000
104787  29.403  13.576  -32.718 0.0000000000
105758  29.962  14.109  -32.899 0.0000000000
105757  30.341  14.385  -33.527 0.0000000000
107566  29.787  16.401  -31.705 0.0000000000
107565  30.351  16.827  -31.712 0.0000000000
107580  31.383  16.335  -32.872 0.0000000000
106758  30.895  15.938  -35.309 0.0000000000
113619  25.493  23.632  -33.503 0.0000000000
112794  25.276  23.026  -33.817 0.0000000000
112793  26.066  22.656  -33.291 0.0000000000
112785  26.770  22.921  -32.564 0.0000000000
116759  28.577  27.522  -30.049 0.0000000000
115934  28.128  26.497  -30.120 0.0000000000
115105  27.523  25.520  -30.718 0.0000000000
114362  29.261  24.488  -30.576 0.0000000000
114363  28.176  24.574  -30.797 0.0000000000
113602  28.559  23.562  -30.940 0.0000000000
113609  27.829  23.184  -31.441 0.0000000000
112774  29.104  22.903  -30.923 0.0000000000
113607  31.504  22.873  -31.562 0.0000000000
112791  32.111  22.169  -32.085 0.0000000000
94286  23.505  2.787  -36.009 0.0000000000
98392  24.418  6.032  -35.449 0.0000000000
97405  24.204  5.268  -35.911 0.0000000000
97404  25.086  5.158  -35.768 0.0000000000
95335  26.058  3.503  -35.855 0.0000000000
94268  26.451  2.576  -35.957 0.0000000000
101250  29.131  9.557  -34.986 0.0000000000
110293  27.550  19.028  -32.034 0.0000000000
110299  27.658  19.741  -32.056 0.0000000000
100362  24.433  8.640  -34.324 0.0000000000
99369  25.021  7.166  -34.235 0.0000000000
100361  25.505  7.960  -33.750 0.0000000000
100360  26.542  7.791  -33.688 0.0000000000
100358  28.108  8.398  -34.781 0.0000000000
91455  23.942  -0.269  -36.298 0.0000000000
90500  24.771  -1.342  -35.438 0.0000000000
91453  25.524  -0.458  -35.598 0.0000000000
91439  25.982  -0.966  -35.059 0.0000000000
103903  30.316  12.454  -35.614 0.0000000000
104805  25.536  13.533  -32.805 0.0000000000
103859  26.743  12.623  -31.822 0.0000000000
104775  27.197  13.682  -31.376 0.0000000000
104774  28.007  13.721  -31.632 0.0000000000
105742  29.079  14.649  -32.128 0.0000000000
108435  30.986  17.851  -31.676 0.0000000000
108449  31.369  17.269  -32.233 0.0000000000
108448  32.048  17.879  -32.606 0.0000000000
108463  32.273  17.654  -33.473 0.0000000000
114370  26.391  24.461  -32.180 0.0000000000
115933  29.348  26.729  -30.359 0.0000000000
114361  30.207  24.202  -30.801 0.0000000000
113600  30.192  23.243  -30.866 0.0000000000
114368  31.447  23.992  -31.857 0.0000000000
97402  27.184  5.099  -36.028 0.0000000000
97403  26.093  5.010  -35.582 0.0000000000
96384  27.488  4.316  -36.518 0.0000000000
89496  22.491  -2.467  -35.635 0.0000000000
91456  23.214  -0.304  -36.131 0.0000000000
91471  23.738  0.338  -36.467 0.0000000000
92391  24.330  0.924  -36.655 0.0000000000
107570  26.044  16.094  -32.100 0.0000000000
106704  27.198  15.560  -31.595 0.0000000000
107568  27.724  16.631  -31.479 0.0000000000
107553  28.229  17.105  -31.464 0.0000000000
108437  29.313  17.394  -31.530 0.0000000000
109378  28.704  18.173  -31.609 0.0000000000
109377  29.731  18.331  -31.543 0.0000000000
110289  31.007  19.163  -31.379 0.0000000000
111094  31.471  19.728  -31.697 0.0000000000
111104  32.041  20.211  -32.085 0.0000000000
115960  24.198  26.522  -33.508 0.0000000000
115937  25.270  27.135  -32.564 0.0000000000
98375  25.794  6.432  -34.740 0.0000000000
98390  26.509  5.759  -35.217 0.0000000000
98387  29.262  6.582  -35.906 0.0000000000
102095  27.851  10.168  -32.865 0.0000000000
101231  28.206  9.422  -33.566 0.0000000000
102094  28.709  10.506  -33.773 0.0000000000
103024  29.710  11.048  -35.351 0.0000000000
103023  30.249  11.291  -35.642 0.0000000000
103022  31.137  11.550  -35.985 0.0000000000
101234  25.454  9.647  -33.368 0.0000000000
102098  24.846  10.615  -33.499 0.0000000000
102097  25.680  10.572  -32.798 0.0000000000
102096  26.795  10.209  -32.588 0.0000000000
102078  28.166  10.943  -32.679 0.0000000000
102978  28.494  11.649  -32.571 0.0000000000
103876  29.139  11.983  -32.916 0.0000000000
103840  28.329  12.970  -31.917 0.0000000000
103856  29.051  12.823  -32.746 0.0000000000
103874  29.887  12.855  -34.004 0.0000000000
104803  30.013  13.540  -34.261 0.0000000000
105779  30.187  14.417  -35.604 0.0000000000
106703  28.176  15.598  -31.342 0.0000000000
106702  29.158  15.551  -31.714 0.0000000000
106716  29.932  15.556  -32.147 0.0000000000
106714  31.223  15.861  -33.067 0.0000000000
106733  30.902  15.146  -34.014 0.0000000000
106746  30.771  15.162  -35.041 0.0000000000
111970  26.552  21.615  -33.298 0.0000000000
116761  25.810  27.625  -31.076 0.0000000000
115936  25.685  26.649  -31.950 0.0000000000
115106  26.262  25.515  -31.698 0.0000000000
113610  27.154  23.611  -31.980 0.0000000000
112784  27.394  22.454  -32.011 0.0000000000
111969  27.197  21.459  -32.622 0.0000000000
111962  27.784  21.415  -31.798 0.0000000000
111961  28.707  21.346  -31.457 0.0000000000
111960  29.702  21.262  -31.304 0.0000000000
112772  30.170  22.841  -30.890 0.0000000000
112781  30.477  22.401  -30.996 0.0000000000
111959  30.687  21.047  -31.266 0.0000000000
111968  32.150  21.171  -31.980 0.0000000000
93327  23.903  1.831  -36.194 0.0000000000
93325  25.109  1.704  -36.308 0.0000000000
96402  24.161  4.318  -36.259 0.0000000000
96386  25.602  4.349  -35.716 0.0000000000
95355  24.519  3.765  -35.997 0.0000000000
94270  24.844  3.254  -35.748 0.0000000000
94269  25.344  2.675  -35.926 0.0000000000
100340  28.251  8.919  -34.105 0.0000000000
100377  28.600  8.116  -35.596 0.0000000000
101264  30.332  9.530  -35.755 0.0000000000
100376  29.275  8.317  -35.832 0.0000000000
99383  28.880  7.423  -35.864 0.0000000000
91454  24.605  -0.321  -36.170 0.0000000000
91470  24.243  0.183  -36.503 0.0000000000
93326  24.601  1.748  -36.317 0.0000000000
94284  24.888  2.214  -36.150 0.0000000000
96400  27.981  4.709  -36.881 0.0000000000
96401  28.004  4.545  -36.921 0.0000000000
97416  27.832  4.848  -36.719 0.0000000000
98373  27.246  6.739  -34.949 0.0000000000
100359  27.433  7.941  -34.033 0.0000000000
101233  26.368  9.446  -32.974 0.0000000000
101251  28.631  9.360  -34.456 0.0000000000
101266  28.879  8.863  -35.293 0.0000000000
102079  27.187  11.029  -32.573 0.0000000000
102093  29.208  10.927  -34.329 0.0000000000
102110  29.333  10.380  -34.949 0.0000000000
102962  28.041  12.278  -32.003 0.0000000000
102963  27.581  12.289  -31.883 0.0000000000
102994  29.770  12.081  -34.255 0.0000000000
102996  28.968  11.271  -33.142 0.0000000000
103038  31.791  11.697  -36.177 0.0000000000
103839  28.754  13.047  -32.338 0.0000000000
103841  27.517  12.817  -31.598 0.0000000000
103842  26.955  13.093  -31.425 0.0000000000
103858  27.307  12.346  -31.825 0.0000000000
103875  29.534  12.594  -33.401 0.0000000000
104772  28.991  13.294  -32.492 0.0000000000
104789  26.612  13.531  -31.653 0.0000000000
104816  29.896  13.500  -35.203 0.0000000000
105725  28.546  14.773  -31.723 0.0000000000
105741  29.624  14.533  -32.416 0.0000000000
105743  26.249  13.982  -31.892 0.0000000000
106701  29.616  15.834  -31.839 0.0000000000
106705  26.402  15.518  -31.878 0.0000000000
106715  30.834  15.461  -32.911 0.0000000000
106717  29.411  15.084  -32.135 0.0000000000
106718  25.788  15.437  -32.122 0.0000000000
106732  31.329  15.877  -33.510 0.0000000000
106759  30.380  15.515  -35.911 0.0000000000
107552  28.495  17.168  -31.480 0.0000000000
107569  26.715  16.517  -31.942 0.0000000000
107581  30.588  16.364  -32.124 0.0000000000
107592  32.243  17.289  -33.973 0.0000000000
108426  28.353  17.548  -31.505 0.0000000000
108427  27.884  17.552  -31.516 0.0000000000
108438  28.711  17.383  -31.523 0.0000000000
108450  30.722  17.147  -31.803 0.0000000000
108478  32.343  17.742  -34.370 0.0000000000
109369  27.871  17.912  -31.515 0.0000000000
109375  31.169  18.554  -31.560 0.0000000000
109376  30.571  18.436  -31.481 0.0000000000
109380  27.109  18.368  -32.270 0.0000000000
109386  31.630  18.339  -32.000 0.0000000000
109409  32.490  18.518  -33.815 0.0000000000
110288  31.475  19.011  -31.698 0.0000000000
110298  31.973  19.251  -32.136 0.0000000000
110308  32.518  19.241  -33.272 0.0000000000
111103  32.414  19.769  -32.681 0.0000000000
112773  29.808  22.852  -30.876 0.0000000000
115127  24.042  25.998  -33.746 0.0000000000
115973  24.025  26.259  -33.745 0.0000000000
116782  24.496  27.032  -33.210 0.0000000000
